397	334	89	60
396	332	88	63
396	332	88	59
394	328	89	61
393	324	90	59
393	318	91	62
393	317	92	63
395	322	92	61
394	321	93	64
393	324	95	62
394	322	95	61
388	314	99	65
389	312	97	64
384	296	101	68
384	297	103	66
386	295	104	71
387	295	108	74
391	295	111	72
393	295	109	71
397	286	107	71
400	287	109	70
402	289	117	70
407	285	118	73
409	265	110	78
409	263	114	80
413	267	119	77
416	273	115	70
418	269	115	72
418	267	116	73
416	263	118	67
415	261	120	71
414	264	119	74
413	266	121	75
411	263	123	77
408	259	126	83
408	263	126	82
407	266	127	82
407	265	127	82
405	258	129	91
403	265	129	87
403	271	129	85
402	276	131	84
401	278	135	90
398	270	138	89
395	270	140	89
396	269	141	89
393	269	144	90
394	271	145	92
391	273	149	92
562	273	114	78
554	278	108	76
426	278	114	91
382	278	159	102
385	273	154	107
370	272	162	109
369	275	161	107
355	272	172	110
357	272	167	110
341	278	174	117
343	279	172	114
331	279	178	123
325	271	185	119
320	264	190	131
318	266	191	126
311	269	197	129
310	268	199	128
305	269	203	131
302	265	203	123
297	259	211	132
297	261	210	134
292	281	217	128
289	274	219	144
284	269	222	149
280	271	226	146
276	279	230	146
277	273	230	147
265	249	243	171
264	253	239	167
258	255	244	168
253	252	247	162
244	251	254	164
238	242	259	164
238	239	258	169
235	242	260	168
232	245	262	168
231	245	262	168
227	250	266	166
227	251	266	168
224	256	271	162
226	254	269	166
227	252	271	169
228	255	268	164
228	247	269	168
231	248	267	166
233	260	267	159
236	265	265	160
241	262	261	165
244	269	263	159
242	270	265	164
246	275	264	163
249	275	263	162
255	275	260	166
263	282	255	159
266	284	255	162
272	287	248	155
274	285	252	158
281	283	241	152
282	283	246	154
288	281	242	156
291	285	242	156
300	288	241	149
302	291	237	152
306	295	236	152
312	307	232	148
315	307	232	158
322	305	225	174
326	318	223	159
327	324	224	151
331	329	223	154
339	342	218	149
341	331	218	144
344	328	215	147
346	318	216	140
348	315	214	139
351	313	214	138
352	311	212	138
353	312	212	137
355	312	212	137
357	313	210	137
360	315	208	136
361	315	207	135
364	314	204	137
367	316	203	134
371	316	200	132
372	317	199	131
375	318	198	129
374	318	199	129
376	318	197	128
376	317	198	131
378	316	196	132
380	317	195	129
381	319	195	132
383	320	193	129
385	320	193	129
387	321	191	127
387	320	193	125
389	319	193	125
391	319	191	124
391	318	191	126
393	317	190	125
394	316	191	129
396	316	190	129
397	318	190	126
399	318	190	124
401	316	189	128
402	321	188	125
405	320	189	128
405	320	190	125
407	318	188	129
409	319	188	125
409	318	188	127
411	320	188	124
413	319	188	125
415	318	188	123
415	319	189	122
418	326	187	122
419	326	187	121
420	325	187	126
420	325	188	126
420	324	188	123
421	323	187	122
423	322	186	124
425	321	187	126
425	322	188	128
427	324	188	124
428	322	188	127
429	325	189	124
429	324	190	126
430	325	190	124
431	324	191	126
432	323	191	128
432	324	192	126
433	323	193	127
433	327	193	126
432	321	194	125
432	318	195	130
432	315	196	128
432	312	197	132
431	312	198	132
431	311	199	134
428	310	201	136
427	310	203	136
424	311	204	133
422	309	205	132
419	307	207	137
418	308	209	135
414	306	211	135
413	304	209	135
410	304	211	138
409	304	212	142
407	307	215	142
407	310	215	140
405	307	216	139
404	303	217	148
403	303	219	147
402	302	221	144
401	301	222	150
399	303	224	146
395	302	227	151
394	304	227	148
390	302	230	147
388	298	233	151
384	297	235	151
382	296	236	151
378	291	237	151
373	288	243	152
372	290	243	154
369	287	242	159
367	288	246	157
366	291	247	158
362	290	250	158
362	288	249	163
358	292	252	162
357	291	253	162
352	288	256	168
351	285	258	175
347	281	261	170
343	279	264	175
342	280	265	173
339	280	266	171
338	279	267	163
333	277	270	168
331	275	270	171
329	277	272	172
327	276	271	174
323	276	272	174
323	283	271	167
319	281	272	170
320	276	270	173
315	278	271	169
314	274	268	172
307	276	272	164
307	275	271	165
304	284	271	170
304	289	272	172
300	285	269	173
299	283	269	173
297	283	268	173
297	285	268	173
295	290	267	173
295	290	266	172
293	287	263	172
292	285	264	171
292	291	263	170
293	302	260	159
292	305	261	163
292	312	261	165
290	308	258	167
291	308	257	166
290	306	257	166
289	308	256	158
289	304	255	165
290	301	255	165
290	298	254	164
289	300	254	160
290	301	253	162
290	307	253	155
290	305	254	159
293	307	252	153
295	302	246	158
297	302	247	158
298	301	243	148
300	299	243	152
304	298	241	154
310	304	240	155
311	305	236	146
313	303	238	149
318	300	234	151
318	300	234	151
319	300	233	151
322	302	233	147
326	300	230	141
327	298	231	144
329	298	228	147
333	310	227	140
338	300	222	143
338	297	224	148
339	298	223	146
343	309	221	135
345	312	219	139
348	322	217	140
349	304	214	140
350	299	216	139
351	302	213	132
355	300	213	135
356	301	210	132
358	301	209	134
359	300	208	134
361	309	208	126
361	307	207	130
364	306	206	131
365	302	205	132
366	299	202	132
367	298	203	131
370	309	201	125
372	308	199	127
374	315	198	127
376	319	198	127
377	322	195	127
379	322	194	127
381	324	193	114
381	322	193	119
385	321	190	122
385	319	189	122
387	319	189	122
387	317	189	122
387	315	189	126
390	316	186	124
390	317	186	122
391	320	185	121
391	314	186	120
392	317	186	120
392	317	186	120
394	317	186	120
393	320	186	120
395	322	184	120
397	321	183	119
399	321	182	118
398	321	183	118
399	321	183	118
401	321	180	118
401	323	181	117
402	319	179	117
402	320	180	116
402	320	180	116
402	320	180	116
404	323	180	116
404	327	180	116
405	320	178	110
404	316	180	119
403	317	182	117
404	318	181	117
404	318	181	117
405	318	181	117
405	320	181	117
405	322	181	117
405	322	181	117
405	322	181	117
405	321	181	117
405	321	181	117
404	319	183	117
404	319	183	117
404	319	184	118
403	318	185	118
403	320	185	118
402	323	186	119
402	322	186	119
401	322	187	120
401	322	188	120
399	321	190	120
400	319	188	121
399	317	190	126
398	316	192	124
397	316	193	124
396	316	194	124
396	317	193	124
395	314	195	124
395	313	195	125
394	311	196	125
393	308	198	130
391	309	200	129
390	309	200	129
391	310	200	129
390	308	201	134
389	307	202	135
388	303	203	137
387	305	204	134
386	305	205	132
387	305	205	132
386	303	206	132
384	301	209	135
384	299	209	135
383	297	211	138
382	298	212	137
382	298	212	137
382	298	213	136
381	295	214	141
380	294	216	144
380	292	216	142
379	287	217	145
378	285	218	147
378	287	221	144
377	287	222	143
377	287	221	143
376	286	223	146
377	290	224	145
376	290	225	144
377	294	226	145
379	294	224	145
377	289	226	145
378	287	227	148
376	286	229	147
376	286	228	147
377	289	228	147
375	292	230	147
376	290	231	153
374	294	233	151
374	292	233	150
373	292	232	150
372	294	234	150
372	292	233	154
369	293	235	152
370	293	235	152
369	293	234	151
369	290	234	151
370	290	234	151
369	293	234	151
369	289	234	151
368	289	234	151
368	289	233	151
369	287	233	151
368	285	233	154
369	286	233	152
369	286	234	151
369	282	233	151
370	284	234	151
370	286	233	151
370	281	233	156
371	281	231	153
370	285	231	151
371	288	232	150
371	292	229	150
371	296	230	149
371	296	230	149
372	296	230	148
372	294	229	151
373	292	228	150
372	293	229	148
372	293	227	148
373	291	225	152
372	291	226	152
373	292	225	149
373	291	224	147
373	290	223	149
373	290	222	146
374	294	220	144
373	300	222	143
373	299	222	146
373	300	220	144
374	298	222	148
372	297	222	146
374	294	221	151
374	291	219	152
375	292	216	151
376	300	217	145
377	299	218	147
377	299	217	144
376	297	217	147
378	296	216	148
379	296	216	148
381	296	214	149
382	296	212	150
384	296	212	151
383	297	212	151
387	308	210	143
385	309	212	144
388	314	212	143
391	316	211	143
391	314	214	142
390	314	214	143
388	312	218	144
389	313	220	142
394	308	213	142
394	303	214	144
398	310	210	141
397	311	212	148
399	309	212	145
399	308	213	148
400	305	213	147
401	303	212	147
403	303	212	147
402	305	212	148
403	308	214	147
401	315	217	142
404	316	214	147
404	318	217	151
404	314	218	146
403	309	219	150
404	304	219	146
404	298	222	150
404	299	223	151
406	298	225	160
404	279	222	152
400	271	226	153
403	276	225	152
406	289	225	160
406	284	224	155
405	282	226	161
408	283	224	158
408	290	226	155
411	289	227	155
414	299	226	160
418	288	226	153
416	280	228	158
420	281	228	153
422	284	230	150
423	287	230	152
427	296	229	150
429	299	231	158
435	321	227	153
437	314	224	150
435	305	227	147
435	305	227	147
440	311	229	147
440	300	230	152
441	287	230	157
442	285	230	161
446	281	228	175
445	283	229	172
443	292	232	159
444	295	231	160
444	313	233	150
444	315	232	157
443	313	232	159
441	313	235	157
439	314	235	160
439	313	235	161
438	314	236	159
438	314	235	159
437	313	236	160
435	310	238	162
435	310	238	162
434	306	238	161
428	299	244	165
428	296	243	161
428	296	245	164
427	294	245	164
424	293	247	167
423	291	248	163
422	289	249	167
422	290	251	164
421	292	252	163
421	291	251	166
419	287	253	169
419	287	253	168
419	289	252	166
417	293	254	164
417	293	253	164
416	294	255	163
416	295	253	164
416	301	253	159
411	296	254	165
407	292	254	174
402	292	258	175
402	291	257	176
396	292	260	175
393	294	258	171
385	293	263	169
385	288	259	173
381	290	260	170
375	290	261	168
373	287	260	168
371	287	259	168
370	282	259	173
370	281	257	176
367	287	258	170
364	293	259	168
365	295	257	167
362	300	257	171
359	305	260	169
356	311	261	174
353	305	260	171
350	297	259	173
347	286	257	170
343	280	259	176
343	289	259	172
339	294	262	173
340	295	260	171
340	299	262	169
339	296	261	175
339	295	263	171
339	289	261	176
338	288	262	172
338	287	262	177
337	292	263	172
337	296	262	171
336	299	263	170
336	294	262	174
334	290	261	175
333	290	262	172
333	286	261	174
334	285	261	175
334	285	261	171
334	282	263	176
336	282	263	176
337	283	263	176
338	281	263	179
340	281	263	180
342	287	262	175
344	288	261	175
345	288	262	176
349	288	260	176
352	294	261	172
353	294	261	170
356	290	262	175
356	289	261	172
357	288	261	174
356	289	264	171
373	280	261	170
378	280	258	169
381	281	257	168
384	281	258	167
384	281	257	166
385	279	259	170
400	278	258	168
404	278	256	167
406	280	255	166
405	279	256	169
406	280	255	167
407	278	254	169
413	288	253	162
417	293	252	163
418	298	249	162
421	303	249	163
420	302	250	165
419	303	250	163
422	293	247	168
422	293	249	169
422	291	247	162
423	290	246	161
424	291	247	160
424	291	246	159
425	287	246	162
426	284	245	168
430	281	240	160
429	278	241	155
433	281	240	155
433	285	242	158
433	284	241	157
434	286	241	156
435	286	239	156
435	286	240	155
436	284	237	155
437	283	238	157
438	286	237	155
438	286	236	154
441	289	233	153
440	295	235	152
441	292	232	155
440	290	233	152
439	291	234	151
440	291	232	151
440	289	232	155
442	291	232	152
442	285	228	151
441	280	228	152
441	281	231	150
442	284	231	149
442	285	229	156
444	298	228	152
442	297	231	156
442	300	230	156
443	295	231	157
443	283	230	158
443	282	231	156
443	282	231	156
443	283	232	156
443	285	232	156
443	286	232	158
443	292	232	157
443	290	234	157
441	280	234	159
441	277	236	160
444	274	238	161
443	272	238	161
441	269	237	160
442	269	238	160
445	279	239	157
444	283	240	155
445	282	240	162
446	282	241	163
444	274	243	159
444	269	242	161
447	272	243	158
447	274	244	157
449	279	246	157
450	282	246	158
452	282	249	158
454	283	249	159
456	279	249	160
457	277	250	164
459	277	253	162
461	280	254	163
464	276	252	167
466	275	255	168
468	278	255	166
470	277	255	171
472	277	255	171
473	275	256	174
473	280	258	169
476	279	259	173
475	283	259	170
476	281	261	174
475	285	262	171
476	284	263	176
474	283	265	178
473	283	265	178
473	283	266	178
471	284	268	179
472	284	268	182
471	288	270	181
470	285	270	186
469	282	272	188
468	282	272	187
465	284	274	185
465	283	273	187
461	284	276	187
459	284	279	186
456	283	279	189
452	284	281	190
451	282	283	194
451	279	281	195
449	279	284	194
448	282	284	192
450	286	284	188
449	284	284	191
448	280	285	193
447	279	287	195
446	277	286	198
445	277	287	198
444	280	289	198
443	279	290	198
445	284	289	192
445	279	290	197
444	277	290	196
443	271	291	203
443	267	290	205
441	264	292	206
439	264	292	201
437	264	294	201
437	274	297	195
438	275	299	200
438	277	301	202
437	279	303	202
438	275	305	206
438	275	306	206
439	264	309	214
438	268	311	206
440	267	312	208
440	273	313	204
441	263	314	210
442	262	314	206
442	261	316	208
443	265	319	206
443	269	319	206
445	271	319	205
443	277	321	198
444	275	323	202
445	270	320	205
442	270	325	206
443	269	324	207
442	268	325	208
435	268	329	209
431	269	332	210
429	268	331	212
428	267	332	212
425	270	333	208
423	277	330	201
422	274	330	207
421	287	333	196
418	282	332	198
417	284	333	197
414	279	333	199
413	275	335	206
414	272	333	208
410	267	335	211
413	267	326	203
408	270	324	198
410	270	333	198
410	281	336	190
408	277	331	198
405	274	325	207
409	274	324	208
406	274	326	208
404	275	330	206
404	282	334	199
400	281	331	202
398	277	326	202
399	277	333	206
394	278	334	203
396	278	330	193
395	278	328	193
394	281	330	186
396	278	325	184
394	274	328	191
391	284	328	186
389	277	331	198
389	287	326	187
386	287	315	186
389	285	315	185
384	286	317	189
382	284	321	192
377	284	319	184
375	283	313	181
374	284	319	182
371	288	323	182
369	286	320	185
370	286	320	186
366	280	322	186
361	277	321	187
362	277	317	188
360	282	314	184
357	281	315	186
359	284	311	187
356	283	310	188
354	289	310	185
354	287	308	189
353	295	303	187
351	293	305	191
350	295	303	186
348	293	304	185
343	293	302	186
342	293	302	185
336	287	302	185
336	287	301	185
328	288	303	185
329	286	297	190
319	293	303	188
318	297	298	191
310	300	306	192
308	304	303	192
303	303	307	193
301	303	305	193
292	298	311	194
294	297	305	197
283	293	315	197
279	289	310	200
269	286	317	199
265	285	312	202
258	287	314	196
254	287	315	196
248	286	319	191
249	284	317	195
245	279	319	200
240	278	322	202
233	281	327	205
230	284	324	208
227	283	329	208
224	287	328	205
222	282	331	208
217	281	332	210
213	280	335	212
207	279	337	214
205	282	340	212
201	285	340	210
198	285	341	209
192	285	342	209
191	282	343	214
188	280	340	214
186	283	342	213
182	284	342	213
183	284	342	217
183	285	341	219
179	280	342	216
179	278	341	215
179	279	344	217
179	280	342	219
182	280	341	220
182	279	343	220
185	281	341	217
188	277	338	218
193	276	338	214
196	277	335	213
198	277	338	214
206	283	331	211
210	284	331	212
215	288	329	212
219	291	329	212
232	296	320	207
232	288	323	211
243	281	316	217
245	281	320	210
254	278	314	208
255	281	320	205
260	283	319	206
261	287	325	202
276	293	315	196
274	291	324	199
299	295	306	196
307	299	304	192
317	302	300	191
324	305	297	192
334	310	294	189
342	314	289	189
351	310	286	192
356	309	284	188
367	311	282	185
373	308	277	185
379	310	277	182
384	307	274	180
396	304	269	178
400	305	268	178
407	305	267	178
412	306	263	179
417	310	263	178
424	312	257	177
428	315	255	171
437	314	251	173
442	309	247	171
445	307	246	171
450	313	243	169
456	321	241	166
460	324	238	166
464	336	236	160
468	335	232	156
469	334	231	156
472	326	227	156
472	324	227	151
469	328	227	154
471	333	222	153
468	336	224	153
466	347	220	143
462	341	220	145
461	340	217	143
455	328	219	145
455	326	214	143
452	329	215	140
449	338	212	139
445	330	211	138
441	326	210	137
439	327	208	136
435	330	209	135
432	331	209	135
431	332	206	138
427	329	206	135
425	327	204	139
419	327	206	135
417	329	205	134
414	328	206	136
410	331	205	134
407	328	204	136
404	325	204	137
401	327	206	134
395	328	204	133
386	331	212	132
376	337	206	131
372	330	211	138
359	327	212	144
354	322	214	140
349	317	215	144
350	316	213	144
350	316	214	144
347	315	214	144
344	314	215	146
338	307	218	145
334	303	219	142
332	302	219	142
328	309	219	138
324	308	220	139
319	310	222	141
317	308	222	147
314	309	222	146
315	309	222	148
311	309	223	148
311	309	223	151
312	309	222	150
310	309	224	147
306	308	225	149
308	308	224	147
307	309	225	145
308	309	223	145
307	308	223	147
307	310	225	152
314	367	222	149
315	368	222	146
316	321	220	142
317	321	220	132
323	326	222	137
326	327	223	145
332	331	219	137
334	340	220	130
340	338	219	136
344	336	216	138
349	331	217	139
352	327	216	139
357	324	217	137
361	322	214	135
365	326	216	136
373	333	211	133
375	320	212	134
380	316	210	134
383	295	210	142
385	293	211	138
390	287	210	137
394	286	208	136
395	287	211	135
402	292	208	135
404	291	208	138
408	290	207	141
410	292	209	137
414	295	207	136
415	294	206	139
417	291	205	141
419	293	206	141
419	298	205	137
422	298	205	137
425	302	204	135
427	303	203	133
429	303	202	132
430	302	203	134
433	303	201	132
434	300	203	131
436	298	200	131
438	295	199	130
436	293	201	129
435	291	200	129
435	290	200	129
433	286	200	132
434	284	198	130
434	285	198	132
435	291	198	129
438	294	197	129
443	303	196	128
444	303	197	132
449	307	195	129
451	306	194	132
452	306	196	131
455	303	194	128
456	299	194	130
456	296	192	130
454	295	193	130
452	292	194	127
450	289	193	129
448	289	194	129
443	292	195	127
442	293	194	126
438	293	194	125
436	294	195	125
432	294	196	125
431	292	195	129
427	289	197	130
428	290	196	128
423	288	197	130
421	288	197	128
417	285	197	127
417	283	197	131
414	284	198	132
414	284	198	133
408	278	201	130
407	278	203	133
406	278	204	131
405	278	205	131
404	278	206	132
403	278	206	128
399	274	211	127
398	273	212	128
394	277	215	129
395	290	215	125
397	289	217	127
400	291	216	128
401	291	223	133
407	295	220	128
411	281	221	134
411	280	221	136
412	281	223	133
414	284	221	129
415	284	222	129
416	285	222	128
419	284	221	125
419	283	223	127
420	283	222	125
421	284	223	125
422	285	224	125
422	286	224	128
426	286	222	129
430	288	219	129
433	288	216	125
439	288	214	124
441	287	214	126
447	285	208	130
451	284	205	122
452	285	203	121
452	285	201	120
454	284	201	118
452	278	201	124
450	276	199	124
445	277	204	124
443	279	198	122
437	280	200	124
433	293	195	117
432	293	194	121
431	306	191	112
430	306	191	112
431	306	190	112
427	305	191	111
428	302	190	113
427	304	191	112
425	313	190	107
422	312	191	107
420	309	192	112
418	305	192	110
415	300	187	111
413	299	189	113
411	306	187	108
408	308	187	109
405	314	185	109
406	315	184	107
407	308	182	105
407	304	183	104
403	301	182	100
405	298	182	102
400	299	182	99
398	302	180	98
394	308	178	100
394	318	179	97
392	323	177	96
392	329	175	95
392	327	173	95
392	326	172	98
388	325	174	100
388	322	170	101
384	317	164	105
382	317	164	105
377	320	167	105
376	324	162	103
368	319	162	97
367	318	159	99
361	324	162	100
359	331	155	97
354	318	155	98
352	314	152	102
349	315	154	100
347	316	150	100
343	325	153	98
340	334	147	94
339	335	147	95
338	341	145	95
339	339	144	92
338	338	146	92
339	324	144	90
339	322	144	87
338	304	142	90
338	302	142	85
335	305	143	84
334	310	142	84
331	307	147	88
329	307	144	85
330	306	142	81
329	303	141	82
329	306	141	82
329	308	141	82
326	305	145	87
325	306	143	86
321	295	145	89
321	292	142	85
318	290	144	88
317	291	143	86
311	287	149	89
310	285	145	87
309	285	145	90
307	286	145	89
306	287	145	91
304	289	145	92
302	287	147	88
301	285	146	91
297	285	148	93
295	284	147	94
292	280	149	95
289	279	149	95
286	278	151	91
286	277	151	94
283	273	151	96
283	274	151	93
282	277	152	95
282	277	155	97
283	280	155	98
284	277	156	99
283	273	158	100
284	272	158	101
286	275	158	101
284	276	161	102
285	279	160	102
285	279	161	103
285	283	161	103
283	280	164	104
281	271	165	104
282	271	164	109
280	275	167	107
280	277	168	107
280	281	167	108
278	284	169	110
275	282	171	112
273	281	172	114
272	282	173	112
271	282	173	112
265	274	176	112
264	275	176	110
259	272	179	112
259	272	177	110
255	276	180	112
253	280	180	111
248	280	181	108
248	277	182	112
244	279	183	109
244	277	182	110
243	279	183	110
243	276	184	114
245	283	183	109
245	285	185	113
245	286	186	111
246	286	184	110
245	284	187	109
245	283	187	107
247	277	186	108
245	274	186	110
246	276	186	109
249	277	186	111
246	274	186	111
245	273	189	113
242	276	189	112
242	284	188	109
232	286	196	110
231	284	192	110
221	283	200	109
222	281	193	106
213	276	201	107
211	273	197	109
204	269	200	110
203	266	195	111
204	266	194	111
202	264	197	110
203	267	198	113
205	277	196	111
204	281	198	113
208	297	194	111
205	299	197	110
204	302	194	110
197	301	200	112
196	300	197	113
190	293	200	112
189	289	196	111
188	285	198	111
186	284	198	110
187	284	198	109
188	285	197	107
189	287	197	106
195	288	194	107
198	289	193	107
201	290	192	107
201	284	193	108
202	281	193	108
203	279	194	110
203	278	196	108
204	279	198	109
213	282	193	109
213	283	194	111
222	290	192	110
223	293	192	106
228	294	191	109
228	293	194	110
231	296	192	107
235	299	192	110
237	302	195	116
240	305	193	118
244	312	194	114
245	315	193	108
246	310	194	111
246	307	194	110
241	303	196	112
242	300	193	108
242	285	194	113
240	283	195	110
243	280	200	112
250	280	195	114
257	285	200	117
267	292	193	115
267	294	200	120
277	298	191	122
276	302	191	119
275	307	193	116
269	293	196	120
270	290	192	117
269	290	193	119
269	288	193	118
271	287	194	121
273	287	192	121
274	291	196	122
282	300	189	122
283	303	189	122
285	309	189	122
285	306	189	126
285	305	190	124
286	291	190	130
286	290	191	126
287	292	193	124
290	292	193	124
293	286	196	124
298	284	196	129
301	285	198	128
306	285	198	128
308	281	201	130
312	281	201	130
316	284	203	130
321	291	201	130
324	292	204	133
330	295	203	135
331	295	205	136
337	297	204	134
339	292	205	139
344	292	205	135
346	286	207	138
353	282	208	140
356	279	210	137
361	276	211	138
363	277	212	137
368	277	211	140
370	277	213	141
372	283	215	139
373	285	215	139
373	288	216	138
372	289	217	139
368	288	220	142
364	288	222	142
361	289	223	142
353	290	229	143
339	294	232	145
335	293	233	147
329	292	235	149
325	291	234	150
320	291	239	153
317	289	238	154
310	291	242	153
310	290	242	155
302	287	246	160
301	286	247	163
296	293	251	161
293	293	252	166
287	290	256	168
286	291	257	166
282	289	259	169
280	288	260	172
274	284	265	176
273	285	268	173
272	285	270	173
271	284	271	173
267	281	276	180
266	277	276	187
262	262	282	197
261	261	284	199
258	264	288	193
255	263	293	189
255	264	292	194
252	266	296	198
251	268	298	201
249	271	304	200
248	260	307	210
246	259	310	213
248	260	319	211
248	261	322	208
249	260	324	210
250	258	325	214
249	261	328	211
246	263	334	216
247	265	334	220
245	271	340	222
242	271	345	221
241	271	345	221
241	269	346	224
237	266	353	234
237	259	357	237
234	257	361	236
238	261	359	237
236	275	366	234
238	268	367	243
235	265	371	248
236	262	370	243
236	259	373	243
236	260	375	242
236	259	378	244
237	260	377	247
237	261	379	250
235	264	382	247
237	272	382	241
235	270	384	243
237	266	383	245
235	259	384	253
234	253	386	255
236	256	380	253
236	259	382	249
237	261	382	247
236	261	382	247
239	263	380	246
242	271	379	239
244	272	377	238
247	273	376	240
246	272	376	241
249	271	374	242
248	271	374	242
247	270	374	247
248	271	374	244
249	270	371	245
249	267	370	242
245	254	371	251
246	252	370	250
248	266	368	238
250	271	364	237
253	276	362	236
254	280	362	237
254	288	363	231
255	287	360	232
255	279	358	232
255	279	358	231
256	278	354	231
257	278	354	229
258	277	350	223
259	278	347	221
262	284	343	219
264	286	341	220
264	285	340	220
265	286	339	216
266	284	335	214
267	283	332	215
269	281	331	214
269	282	330	210
271	280	326	216
274	286	322	213
276	287	320	212
278	292	316	206
280	288	313	205
280	289	311	203
281	287	309	202
282	288	305	200
284	289	303	198
287	289	300	197
289	290	297	195
290	289	296	195
292	287	294	193
294	288	291	191
297	287	288	193
301	289	283	193
304	289	278	188
305	288	279	190
309	288	274	185
311	292	273	181
314	291	272	178
320	291	267	176
322	289	265	174
326	288	263	172
330	291	262	171
335	295	258	167
336	293	259	167
342	293	254	167
344	293	256	165
353	299	251	161
353	297	249	157
355	296	248	155
357	299	246	153
359	307	243	149
360	307	244	150
362	308	244	154
362	309	243	153
362	313	244	152
362	312	244	152
364	310	242	152
366	308	240	154
366	300	239	159
365	304	240	156
366	315	238	145
368	314	236	145
369	323	235	139
370	323	235	139
369	324	237	138
368	324	237	138
374	323	232	139
375	324	231	138
379	326	229	134
378	327	231	134
383	329	231	138
384	329	230	137
387	328	228	137
388	325	227	138
391	324	226	140
393	323	225	143
396	331	225	135
399	334	224	140
398	338	226	136
399	339	226	135
399	334	227	137
400	334	226	138
401	332	226	137
403	332	225	137
403	332	228	136
404	330	228	136
405	332	229	139
406	334	229	137
406	324	229	136
408	323	227	137
409	328	223	136
408	331	226	140
403	330	230	142
402	330	228	141
402	337	224	137
400	344	222	134
395	334	221	132
393	332	220	131
393	329	217	132
392	329	218	133
393	310	218	141
395	305	216	146
397	308	215	142
400	318	215	138
397	322	215	138
397	330	214	146
390	330	219	146
385	331	217	148
378	321	221	144
375	319	218	150
372	315	219	148
370	315	218	148
368	318	221	144
368	329	218	139
364	330	221	140
363	330	221	141
362	331	221	146
361	331	223	156
359	318	219	144
356	310	221	142
358	314	226	153
364	355	224	149
364	345	224	147
363	338	225	145
364	333	225	145
360	330	227	145
363	322	228	153
364	321	228	155
367	311	228	151
369	308	228	149
373	310	230	148
381	318	229	148
382	321	231	148
385	321	234	151
387	319	236	154
388	315	239	153
389	315	240	154
393	315	243	154
396	307	242	155
396	303	249	150
399	300	248	155
400	299	252	161
403	297	252	165
403	296	256	167
402	292	259	170
402	287	263	172
403	288	264	171
405	290	266	174
402	287	270	178
403	289	272	181
402	289	273	182
396	291	277	185
395	290	279	186
390	298	283	183
386	302	285	188
381	295	290	197
378	295	294	192
368	282	301	200
368	282	300	201
361	277	305	204
356	275	307	207
346	271	313	202
342	266	312	210
331	259	321	210
328	256	318	215
320	261	324	210
316	270	324	209
306	260	330	216
301	259	327	219
298	262	327	215
293	264	330	213
294	267	330	213
292	273	332	212
291	277	333	218
290	284	334	224
280	283	339	219
277	281	336	224
272	280	337	220
268	285	339	219
264	285	339	218
260	282	341	223
258	282	343	221
256	282	345	221
256	275	344	224
254	275	348	223
254	267	346	223
252	265	348	225
253	267	349	225
254	279	351	225
257	278	348	225
259	275	348	225
264	266	347	224
266	265	346	221
272	262	344	224
273	261	345	225
274	264	345	224
273	272	345	218
276	274	341	220
275	285	343	214
276	288	343	217
278	286	342	224
281	279	341	219
281	276	340	210
283	273	341	214
283	266	339	214
285	263	337	221
285	261	336	219
286	258	331	214
289	256	331	214
290	257	331	213
293	267	330	208
291	269	331	210
292	268	330	211
294	267	331	212
299	272	326	207
300	275	326	204
304	275	323	204
306	278	321	203
309	282	320	198
308	282	321	197
308	287	318	198
308	286	318	198
307	284	319	198
306	284	319	197
302	282	319	201
297	285	321	195
298	290	318	192
295	292	316	189
295	286	315	188
293	283	317	193
295	280	313	186
292	278	317	185
293	265	315	189
291	261	314	196
292	260	314	199
292	260	314	198
290	265	319	190
291	274	316	186
293	280	316	182
297	283	314	189
301	284	314	188
302	281	311	185
305	276	311	181
305	272	312	186
304	272	312	184
304	272	314	187
305	273	311	185
306	273	308	184
309	272	309	182
309	266	307	186
311	266	308	184
312	264	309	184
310	266	309	184
309	266	313	184
309	266	312	184
309	268	314	184
310	270	312	184
308	274	314	183
310	278	311	184
308	292	313	183
312	292	314	185
314	290	316	184
316	285	317	182
318	280	317	184
315	277	317	183
314	276	318	184
311	279	319	186
307	284	320	187
306	282	321	183
303	277	324	185
300	276	323	181
300	274	325	187
294	270	330	188
291	269	334	190
292	272	327	193
289	281	332	190
286	279	336	193
283	287	337	191
286	285	335	190
286	283	338	193
288	284	335	193
289	285	340	192
292	278	351	193
288	275	344	199
290	273	343	196
295	276	337	199
294	276	337	198
296	276	336	197
297	277	338	198
301	275	333	202
303	278	333	200
304	279	329	197
302	278	331	198
300	274	328	200
302	276	327	197
299	288	327	188
298	295	328	190
295	288	329	202
292	286	327	207
288	285	329	204
286	285	328	203
282	284	327	204
279	284	327	204
274	289	329	202
270	294	329	199
263	289	335	202
259	289	330	199
250	279	339	206
246	279	334	205
234	281	340	201
232	285	336	201
217	286	348	203
216	288	341	203
194	282	357	211
190	278	350	210
174	276	363	212
170	271	356	209
157	271	366	214
150	267	367	221
140	268	370	218
134	267	369	214
128	269	372	211
119	270	375	210
117	270	371	208
111	270	372	208
104	274	377	208
102	283	376	214
97	282	380	201
89	279	377	188
81	285	383	191
76	294	384	201
72	284	386	206
65	279	385	209
59	275	387	217
56	274	388	221
52	277	388	220
49	284	391	215
43	287	393	215
38	290	394	212
35	289	391	214
29	287	392	211
24	280	395	213
20	278	393	215
14	273	397	212
11	270	392	211
5	271	395	213
2	277	394	211
2	277	391	210
3	276	384	212
0	277	387	211
2	285	383	205
5	283	376	208
8	295	375	202
7	298	373	201
11	306	367	202
13	307	365	202
16	308	356	203
19	307	353	205
23	307	346	206
23	309	345	200
31	326	337	189
32	331	334	184
40	340	325	181
43	341	321	180
47	316	316	192
51	311	312	193
52	305	308	184
54	303	305	180
62	302	297	177
65	303	294	175
74	303	284	175
77	302	284	176
86	303	277	169
89	301	274	169
97	294	270	166
106	290	263	166
118	289	257	162
126	288	253	163
136	290	250	155
144	288	245	158
151	291	244	152
159	291	239	152
164	298	239	143
177	300	230	145
187	302	226	141
194	303	222	140
200	316	226	131
215	324	213	124
221	314	211	136
226	311	208	142
232	303	205	138
234	300	206	140
238	304	203	136
242	312	199	128
245	313	198	132
247	321	196	130
245	318	195	133
244	320	195	129
246	322	190	127
244	326	190	125
243	319	188	124
244	318	187	122
245	317	186	121
248	318	185	120
249	319	182	120
252	321	179	118
252	317	177	117
251	316	176	119
252	306	174	116
253	303	173	117
254	306	175	114
260	310	171	113
261	314	173	109
264	317	171	110
265	314	170	110
267	312	169	110
268	302	170	109
268	294	170	109
270	294	173	109
275	296	171	105
276	298	174	108
289	308	170	105
291	309	171	107
298	312	168	100
297	311	174	104
308	318	165	103
310	319	165	104
311	319	166	105
313	315	166	106
311	314	166	101
308	318	170	98
304	323	169	94
300	323	172	92
296	323	169	92
296	323	167	93
298	326	162	91
298	326	163	91
303	322	156	89
306	322	153	89
311	326	149	87
317	324	144	92
321	324	141	88
321	322	139	89
326	322	137	90
328	320	136	89
333	318	135	88
336	318	134	88
339	322	133	87
340	325	134	86
337	329	136	86
335	332	135	87
328	334	139	87
328	338	137	84
328	337	134	86
326	340	135	86
327	339	134	86
327	341	134	86
326	340	134	86
326	340	133	83
324	335	132	81
323	335	133	79
325	334	130	78
328	334	128	77
328	333	128	76
329	331	125	79
327	332	126	75
325	330	122	78
316	329	130	78
315	330	119	76
310	326	122	76
307	325	117	78
304	323	117	73
302	322	116	74
304	320	116	75
307	319	114	75
308	319	115	74
311	317	114	74
312	318	114	74
315	318	114	74
318	318	114	74
320	322	114	74
323	320	113	74
325	320	114	73
327	319	113	70
327	319	114	71
324	320	117	72
322	324	115	70
314	322	121	72
309	319	116	73
302	317	123	74
298	317	117	70
293	313	121	73
293	312	116	68
290	309	117	71
290	308	116	70
288	309	117	69
289	309	117	69
289	301	116	72
287	298	117	69
287	298	118	69
290	305	116	68
288	305	119	71
289	310	117	69
285	311	120	72
284	313	118	68
280	312	120	69
275	310	119	66
273	309	119	68
266	313	121	68
267	314	119	66
263	317	119	66
261	317	119	67
258	314	119	67
259	313	117	68
260	308	116	72
260	308	116	70
263	304	114	72
263	303	114	69
267	302	113	68
269	301	113	70
271	304	114	71
275	311	111	66
275	317	115	64
275	321	115	62
273	316	114	62
272	314	112	61
268	302	111	66
265	301	115	63
265	293	114	68
264	294	113	64
264	295	115	68
267	303	111	68
267	305	112	70
265	311	113	66
264	313	113	65
262	316	115	62
261	317	114	62
260	316	112	63
261	308	113	63
260	305	113	61
263	308	112	62
266	312	112	64
267	304	109	65
265	301	109	63
269	301	105	61
269	299	104	64
270	300	105	61
276	300	101	61
277	294	100	57
276	287	102	61
278	294	106	57
289	300	98	62
288	295	99	63
288	292	99	63
288	290	99	59
286	290	103	59
288	289	101	58
287	287	103	58
290	289	104	62
297	299	102	58
298	298	104	56
304	297	99	57
305	297	101	55
310	294	97	56
311	299	99	59
322	311	92	57
323	310	93	58
331	314	87	55
332	314	86	56
338	318	84	56
341	317	83	55
347	320	81	54
350	319	80	53
359	318	81	52
361	318	81	52
373	318	78	52
375	317	77	55
405	318	79	58
408	316	78	54
425	317	75	52
423	317	75	56
445	332	65	52
442	334	78	52
449	336	74	51
450	336	74	53
450	339	72	50
449	338	73	54
451	345	72	50
450	348	72	53
451	351	71	50
454	349	69	51
454	347	72	48
455	346	71	50
460	348	69	51
464	356	68	48
468	361	69	51
470	370	72	48
471	371	78	47
478	370	70	49
479	368	71	47
481	370	69	46
485	364	65	45
484	362	66	44
485	353	65	48
486	351	64	50
487	351	65	49
489	350	65	50
489	352	65	49
489	352	65	49
491	352	65	49
490	355	65	45
489	355	65	46
489	358	63	44
487	356	64	47
486	356	63	47
485	352	60	44
481	350	62	46
481	345	61	47
480	346	62	43
480	348	60	42
481	348	57	45
479	349	58	45
478	356	59	41
479	354	57	44
479	358	58	40
480	357	55	43
473	359	66	44
471	341	62	54
468	339	66	46
469	338	64	44
470	338	61	43
472	338	59	41
474	339	57	39
473	337	57	42
468	337	66	44
469	337	62	43
466	338	62	41
470	336	59	45
456	255	69	39
466	249	47	42
400	180	180	180
474	403	50	37
467	368	65	52
467	369	64	47
467	372	63	40
464	357	67	50
468	357	59	43
464	349	67	50
465	343	64	42
468	344	60	42
468	316	60	45
467	314	63	46
476	322	62	39
475	323	66	40
480	331	69	41
486	330	61	43
488	332	69	41
493	332	61	43
500	335	59	41
498	339	66	40
503	340	69	41
506	338	61	43
507	338	69	41
512	337	61	39
514	332	66	39
519	331	59	41
518	332	66	44
524	336	62	43
529	336	59	41
528	337	67	40
531	337	62	41
533	338	62	41
532	336	67	40
535	335	63	42
537	335	62	41
536	337	68	41
539	332	71	42
541	331	66	40
540	326	69	41
543	323	65	43
543	315	71	42
546	312	66	44
546	299	62	43
546	298	70	42
549	299	65	43
550	303	66	43
552	303	64	43
554	304	70	42
557	302	66	44
559	301	65	43
558	305	67	42
560	311	71	43
564	312	67	44
570	317	66	44
571	315	72	43
581	312	67	45
582	302	68	55
586	289	67	41
597	327	61	42
592	326	68	41
593	315	66	53
591	302	68	47
592	307	69	46
595	319	68	41
597	315	71	42
602	314	68	40
603	314	70	42
608	315	67	39
608	307	69	41
610	303	64	43
610	305	65	42
610	320	65	38
608	317	67	40
608	316	65	38
606	313	67	40
607	309	65	41
606	309	64	42
606	311	64	38
607	314	66	40
609	322	64	41
610	319	64	41
609	318	64	41
608	315	64	41
610	313	62	41
610	311	63	41
610	307	63	41
610	306	63	41
614	323	61	41
614	325	62	40
611	302	63	40
611	302	62	40
611	301	62	40
611	303	62	37
608	301	64	38
608	301	62	36
604	300	64	38
602	301	66	36
598	296	65	39
599	296	61	37
594	297	64	38
595	298	60	36
590	298	62	37
590	298	60	39
585	298	65	39
587	297	58	40
587	297	55	39
521	223	188	188
584	425	62	94
582	318	56	40
584	309	54	38
586	313	52	36
582	295	59	44
583	295	56	41
583	298	55	48
582	313	57	34
582	314	56	51
582	325	56	39
582	325	56	37
583	325	55	37
583	326	54	36
583	326	53	35
579	323	54	35
579	321	52	35
576	320	54	34
576	320	53	34
574	319	52	34
574	320	51	34
572	322	52	34
567	327	48	34
562	328	51	36
555	327	58	34
552	323	51	36
542	327	58	34
542	330	49	36
534	333	56	34
530	334	50	35
524	335	56	34
522	333	50	35
521	335	51	34
518	339	50	33
517	331	49	41
515	327	50	36
508	331	57	34
509	337	48	35
509	336	48	33
495	321	48	36
494	322	48	37
487	335	48	34
485	333	49	32
478	325	50	36
479	327	49	38
476	339	49	34
475	339	50	33
473	338	49	33
474	335	49	36
476	322	48	33
477	321	49	32
479	317	49	32
479	315	50	35
485	328	49	34
485	325	49	36
486	325	49	34
487	325	49	33
489	332	51	32
490	330	50	36
491	325	52	34
492	325	51	34
500	332	51	37
500	334	50	35
502	326	51	34
504	324	50	33
504	317	55	37
507	317	52	36
509	317	52	35
511	318	52	34
512	304	57	38
515	303	53	37
516	302	54	36
518	301	55	35
518	303	59	35
523	304	55	37
522	307	60	36
528	311	54	37
528	296	60	49
531	296	55	36
533	300	54	49
535	310	57	38
537	305	53	37
536	302	55	36
536	305	60	45
539	316	57	38
539	292	56	62
536	288	59	36
539	289	56	37
538	287	61	46
539	286	58	39
540	285	55	38
537	287	62	37
539	288	58	38
542	293	63	63
624	328	69	51
621	325	95	47
633	318	84	54
631	309	116	77
645	308	104	76
646	305	147	102
658	308	134	92
659	307	179	99
680	304	186	124
681	303	184	121
717	292	291	184
721	296	288	186
795	286	480	296
782	285	497	339
1012	269	267	369
990	276	282	370
548	296	64	50
552	302	62	38
549	303	65	39
551	298	61	40
546	297	67	40
546	297	65	41
544	302	63	42
543	303	63	41
543	308	62	41
541	307	63	40
542	301	63	41
543	301	61	41
544	307	67	40
546	307	63	42
548	312	62	41
548	313	63	40
546	315	68	40
548	314	63	42
551	313	62	41
550	312	63	41
550	312	63	41
550	311	62	41
546	311	67	40
547	311	65	42
547	320	65	35
546	321	64	38
543	322	66	39
543	326	64	37
542	330	66	39
543	331	63	37
541	326	65	39
541	324	63	40
540	322	63	41
537	322	68	41
541	336	64	42
540	339	63	42
541	338	62	41
540	339	63	40
539	333	68	40
541	334	63	38
539	333	66	39
540	333	62	41
538	334	61	34
537	330	61	36
536	332	63	38
531	333	66	39
530	332	62	41
528	331	61	40
526	333	60	40
525	335	59	39
525	335	55	38
522	336	56	37
519	333	57	36
516	329	61	41
517	331	58	40
516	336	58	39
509	327	64	42
511	326	60	42
512	329	57	40
510	337	58	38
504	332	63	42
505	331	59	41
505	335	57	40
503	340	58	41
499	329	61	49
497	328	60	40
498	330	59	39
497	340	58	39
496	333	59	42
495	330	57	40
492	331	59	38
491	333	58	38
486	330	63	38
485	325	59	39
483	327	58	39
484	332	57	38
481	332	59	37
480	331	58	38
480	330	58	38
479	327	58	38
479	327	57	38
478	325	58	40
477	325	58	39
476	326	57	38
475	322	59	42
472	322	60	40
472	320	59	42
471	326	57	40
470	326	58	43
468	326	60	40
467	326	59	39
468	330	60	39
468	330	60	39
467	328	61	43
468	330	59	41
466	310	61	59
465	307	60	40
466	305	60	40
464	305	61	43
463	309	62	41
464	312	63	41
463	312	63	41
463	313	63	41
463	315	63	41
462	315	64	41
463	305	64	46
464	304	64	43
465	301	64	42
465	299	65	42
465	297	66	45
466	297	66	44
466	289	67	50
465	287	68	46
465	285	68	45
465	282	68	44
465	284	69	44
465	285	70	44
465	277	70	50
463	275	71	47
464	270	72	52
463	268	72	41
467	277	73	63
467	294	74	45
467	285	73	50
467	284	76	48
466	280	75	54
465	280	77	51
465	275	77	54
464	273	78	52
463	275	80	70
464	292	80	53
464	290	81	52
463	286	82	56
463	281	82	54
462	279	83	54
463	276	84	54
463	274	86	57
465	272	87	56
466	271	88	56
467	274	90	56
471	277	89	57
472	275	91	60
472	276	93	59
471	277	100	59
477	278	96	66
479	270	99	71
482	263	97	67
484	264	98	65
485	262	99	67
487	264	101	69
490	275	101	67
492	274	104	70
496	277	103	68
499	275	104	67
502	273	105	72
503	272	108	70
508	270	113	74
511	268	113	73
514	267	115	73
514	269	116	74
520	292	120	74
522	290	120	76
526	286	128	81
528	278	123	87
530	266	128	83
531	264	127	79
534	257	131	80
535	256	130	82
538	262	133	83
539	269	132	80
540	271	134	83
542	276	133	84
544	276	135	85
546	273	135	86
546	264	136	86
546	262	136	87
546	266	137	88
546	271	139	85
542	273	140	87
540	277	142	89
536	277	144	90
534	279	147	87
529	277	149	85
528	275	148	87
518	274	157	89
517	273	151	86
508	273	158	92
507	282	155	84
503	290	159	83
502	301	159	84
502	295	159	90
501	293	161	88
500	286	164	91
502	284	164	92
502	286	165	94
500	296	170	91
496	294	171	93
493	295	173	92
490	298	176	92
486	303	174	90
483	304	176	91
480	304	175	92
475	295	178	93
475	290	176	97
472	287	175	92
469	284	178	97
451	285	194	96
450	283	179	99
444	287	186	99
439	298	179	106
427	292	188	100
426	288	181	100
424	291	184	100
422	293	185	99
424	298	182	96
423	303	184	101
419	296	186	99
418	292	189	104
416	294	188	102
411	295	191	101
406	295	194	101
401	292	193	102
396	291	199	104
391	289	195	105
391	290	195	107
384	306	194	103
377	302	202	104
370	297	200	106
366	299	206	108
361	302	208	106
356	301	210	105
346	297	212	110
343	300	215	108
331	305	217	108
332	310	214	102
321	320	213	111
316	318	217	112
305	315	217	110
300	311	220	110
290	305	220	113
291	304	217	115
278	302	224	118
278	305	218	117
268	305	218	120
264	305	217	121
246	305	232	122
246	304	219	121
225	306	231	122
225	303	222	124
211	299	231	133
211	299	225	135
199	300	234	137
196	300	229	137
192	307	232	131
190	314	233	129
183	308	237	131
181	306	236	135
179	300	239	138
176	298	243	139
177	287	246	136
176	284	245	137
179	279	252	147
182	277	251	151
187	276	255	152
191	275	253	154
191	274	259	158
197	277	253	158
197	279	254	155
198	279	254	154
199	280	252	152
200	277	252	153
202	279	250	154
203	282	250	157
203	279	249	159
203	280	247	157
204	279	245	158
206	285	242	158
209	287	243	157
213	293	237	157
216	291	237	155
222	293	232	150
224	293	234	150
231	296	230	150
234	295	231	149
240	291	227	152
241	292	231	149
248	293	227	151
253	292	228	148
257	291	225	151
261	292	226	148
269	294	221	147
272	289	226	148
281	287	219	147
285	287	220	147
293	289	215	144
297	290	223	146
310	298	212	141
313	302	217	144
324	310	210	142
327	309	209	145
331	307	207	145
334	307	205	139
334	307	206	140
336	304	205	139
337	300	205	140
339	302	203	141
341	306	201	136
342	305	201	137
347	314	197	133
346	314	198	134
344	313	198	131
344	310	196	133
339	309	198	134
336	311	197	134
333	312	196	135
332	313	192	133
332	320	194	128
334	318	191	126
337	321	191	122
340	319	190	118
346	309	188	120
346	305	188	120
351	298	188	121
350	296	191	125
355	300	192	124
359	306	192	127
362	306	189	125
365	311	187	131
368	321	185	125
369	323	185	127
370	323	183	123
371	326	183	120
373	325	181	114
372	322	182	115
376	320	180	116
378	318	180	119
381	318	180	117
383	317	180	122
386	317	180	119
389	317	179	117
393	313	176	111
395	310	175	112
397	307	174	117
400	308	173	119
400	308	174	120
402	312	174	119
401	312	172	118
402	315	172	114
403	312	170	112
402	310	170	117
405	312	168	113
407	322	169	111
410	321	168	112
413	324	168	110
413	327	167	109
417	329	166	108
419	329	167	108
421	336	167	108
424	334	166	107
428	334	166	107
431	321	166	107
434	313	164	107
438	303	168	106
443	297	166	107
446	288	171	107
451	279	168	109
454	278	173	113
460	279	169	113
464	283	170	111
466	291	170	110
467	292	168	115
466	305	170	112
465	305	171	116
463	316	172	113
464	309	172	116
463	303	173	118
463	297	175	122
461	296	177	117
459	289	179	122
457	285	179	123
456	280	181	126
452	276	185	129
452	274	183	124
447	272	187	121
447	270	187	123
448	275	189	129
444	272	192	132
441	258	194	138
437	255	198	139
431	252	203	138
431	254	203	134
424	259	207	135
420	259	208	140
403	252	214	137
401	254	213	142
398	263	213	140
395	267	214	147
389	264	218	151
387	264	220	158
381	260	224	160
381	260	222	160
380	256	224	158
380	255	227	156
381	256	235	154
384	256	233	153
387	257	242	157
389	256	241	160
392	251	246	158
391	250	247	156
390	251	252	157
390	253	254	160
388	256	252	154
386	263	256	154
382	263	259	154
378	264	260	156
373	267	262	159
370	271	262	156
366	272	265	155
364	275	266	160
361	274	267	158
358	273	269	165
354	271	273	169
352	266	275	177
350	270	275	169
347	273	277	170
345	272	280	167
341	274	281	166
337	273	284	171
333	272	285	174
325	268	292	171
320	264	291	179
311	265	297	176
305	264	293	176
293	265	304	174
286	276	302	166
273	276	316	168
271	277	308	172
258	276	321	174
255	272	313	182
242	267	326	187
237	264	322	189
222	266	334	186
219	269	330	182
211	271	336	181
206	273	335	180
198	274	342	176
196	273	342	178
191	268	345	183
187	263	349	192
180	261	354	194
177	259	351	198
169	256	360	195
165	256	359	187
160	254	362	189
157	266	366	188
153	264	365	191
144	252	370	207
143	251	371	207
131	263	379	192
132	265	375	193
129	264	380	192
127	262	379	194
126	260	384	201
126	261	382	202
127	267	384	200
125	270	386	197
127	278	392	192
131	285	393	190
132	285	396	192
134	284	394	193
138	277	392	198
138	272	391	200
140	273	389	201
138	273	392	198
139	275	390	192
140	278	389	187
141	281	386	186
143	286	384	185
145	289	381	181
150	291	375	182
155	291	366	187
163	290	355	191
169	295	348	189
178	297	329	190
183	296	322	196
196	293	304	206
200	292	299	208
210	294	286	207
215	291	279	205
219	292	279	204
216	293	281	204
215	296	281	200
210	298	284	196
208	298	280	195
204	300	283	192
203	304	280	191
201	299	281	188
199	297	282	190
198	293	283	186
197	290	285	188
198	296	285	188
199	306	287	188
198	308	288	193
196	312	290	199
190	298	295	203
185	293	299	203
180	269	301	210
178	264	304	201
178	265	307	199
176	283	310	185
176	274	316	192
177	273	323	190
174	262	316	191
174	255	322	192
171	236	317	206
166	231	321	205
166	232	319	206
166	251	318	190
162	252	318	194
161	252	319	199
164	255	316	202
163	249	317	219
164	250	320	216
169	259	317	206
171	261	317	207
179	269	315	206
179	271	319	204
187	278	317	205
187	279	319	207
190	277	322	211
191	274	324	211
199	262	322	216
198	262	328	216
209	271	327	220
211	275	328	222
218	271	330	224
220	270	329	226
224	279	330	215
223	280	331	216
