667	67	163	255
666	64	163	259
665	62	164	258
666	60	163	260
666	62	164	258
668	63	162	258
667	66	163	259
666	67	163	257
665	68	165	257
661	68	165	256
658	68	165	257
657	69	162	258
653	71	164	257
653	72	163	257
646	75	163	257
640	77	163	257
639	78	164	256
640	78	163	257
639	79	164	257
642	84	163	257
643	87	163	257
643	88	163	257
646	94	163	256
646	98	162	256
646	98	162	256
647	99	163	255
647	100	162	253
646	98	163	254
646	98	163	255
646	97	164	256
643	95	165	256
642	95	165	255
642	91	165	257
643	92	164	256
644	89	164	257
643	90	165	257
642	90	165	258
642	90	165	258
643	92	164	257
642	92	165	257
641	93	165	258
643	96	164	259
642	100	164	258
642	105	165	258
642	109	164	257
643	114	163	257
640	120	163	257
635	128	163	255
630	129	164	254
627	130	163	253
624	131	163	253
622	129	163	253
621	128	163	252
619	126	161	252
614	126	162	252
612	124	161	251
612	121	161	250
612	116	161	252
612	110	161	252
609	104	162	251
606	97	162	252
603	92	161	253
600	89	162	253
600	85	162	253
600	84	161	252
599	81	162	253
600	82	161	251
599	81	161	252
598	81	160	251
597	80	161	251
597	78	160	252
598	76	160	252
597	74	161	251
595	72	160	250
593	70	160	251
591	66	159	251
591	66	159	251
588	64	159	251
586	62	160	250
584	60	159	251
579	56	159	251
575	54	160	250
572	54	159	251
569	54	159	251
569	56	159	253
569	60	158	251
568	63	158	252
569	67	158	251
570	68	158	249
570	68	158	249
569	69	159	248
571	68	157	249
571	65	157	250
567	67	158	248
567	66	157	248
567	65	156	250
567	67	157	247
567	66	157	247
566	65	157	247
566	64	156	247
565	61	156	249
565	59	157	247
565	57	155	249
564	55	155	249
565	56	156	249
566	57	155	247
566	58	156	248
569	59	155	247
571	59	155	248
573	60	155	246
574	59	155	247
576	59	156	245
579	57	154	248
580	59	155	247
581	62	156	246
581	63	156	245
580	63	155	245
579	59	157	245
579	56	157	245
580	52	156	246
579	51	156	248
582	51	155	247
581	50	157	248
580	50	157	247
580	50	156	247
579	48	156	249
581	48	155	247
582	46	156	248
581	46	156	247
580	44	158	246
577	40	157	249
575	41	156	248
572	40	158	249
573	41	156	248
571	43	158	249
575	45	156	248
577	48	155	249
578	50	155	247
577	50	157	248
577	50	157	247
577	50	156	247
576	48	158	246
576	45	157	247
572	46	156	247
569	45	158	249
567	46	156	248
566	48	155	247
565	48	155	248
565	50	155	246
563	51	155	247
561	53	154	248
559	56	154	248
554	63	154	248
551	66	154	247
548	72	154	244
549	71	153	245
552	67	154	245
556	64	156	244
556	60	155	244
553	56	156	247
549	55	155	248
545	54	156	248
545	53	156	247
546	50	153	246
547	45	156	246
548	46	154	245
543	45	154	247
540	44	155	247
538	47	154	248
536	48	156	248
536	49	155	249
533	54	155	246
530	55	154	247
528	58	155	247
527	59	155	245
527	58	155	247
527	59	154	246
524	58	155	247
524	59	154	245
524	58	154	246
523	56	155	247
523	56	154	245
524	53	153	247
525	52	155	248
527	52	156	248
531	53	155	246
534	54	154	247
537	54	154	247
538	55	154	247
537	56	155	248
537	60	154	246
534	61	153	247
532	63	153	244
530	61	155	246
527	59	154	245
523	58	154	247
520	58	154	248
517	59	154	247
517	58	154	248
517	62	155	248
517	63	155	246
517	66	156	247
521	67	155	246
523	68	155	245
524	68	154	244
524	66	154	245
523	65	155	246
522	63	155	245
522	59	156	247
522	57	155	246
524	55	154	248
522	54	155	249
522	54	155	246
521	53	157	248
520	52	157	247
522	51	155	247
523	49	155	248
522	48	156	248
524	48	155	247
523	45	157	249
526	46	156	248
529	46	156	249
530	48	156	247
531	46	156	249
532	47	155	247
533	45	156	250
535	45	155	250
534	44	155	247
534	41	157	249
534	41	156	248
534	40	156	249
533	38	156	250
534	38	157	250
537	40	156	248
538	40	156	249
539	40	156	250
541	43	155	247
543	43	156	248
545	45	155	249
545	47	155	249
547	48	155	248
546	50	154	246
547	49	155	247
547	50	154	248
546	49	154	247
545	49	155	247
545	48	154	245
544	48	155	246
545	47	154	247
545	47	154	247
543	46	156	247
541	46	155	246
538	45	154	244
536	44	154	247
534	45	154	244
533	44	155	245
530	44	154	245
529	44	153	243
525	45	153	244
522	45	154	242
519	43	154	242
515	41	155	242
514	36	155	242
512	33	154	243
511	31	154	245
512	30	153	246
512	31	153	246
513	31	153	246
513	32	153	245
514	35	154	245
515	39	153	243
519	43	152	244
520	49	153	244
520	56	152	242
520	64	151	243
520	74	151	241
520	81	150	239
517	87	149	238
512	88	149	237
511	85	151	235
515	82	149	236
517	78	150	235
520	74	149	236
522	69	149	235
522	64	149	237
522	63	150	236
524	61	149	236
525	58	149	235
525	58	149	237
526	56	150	236
526	58	149	236
526	60	149	238
524	66	148	236
524	65	149	238
523	66	148	236
523	65	149	237
522	64	150	236
523	62	148	238
526	61	148	236
527	60	149	237
531	58	149	238
534	58	149	237
539	55	151	238
543	53	149	237
545	50	150	239
544	48	150	237
542	44	150	240
541	40	151	241
541	40	150	241
541	38	150	241
540	36	151	241
540	36	150	242
537	35	151	242
537	37	150	239
536	36	151	242
536	37	151	242
536	38	150	242
535	39	150	241
534	39	151	243
532	43	151	240
532	44	150	239
530	43	151	242
531	45	150	242
531	47	152	241
534	48	151	242
535	49	151	242
536	53	150	242
535	53	150	241
535	54	150	241
534	55	150	241
533	57	151	242
533	59	151	240
532	62	150	241
532	62	151	241
532	65	150	241
531	66	150	241
530	67	151	238
529	67	150	241
526	67	152	240
526	67	151	240
526	68	151	238
526	68	151	241
528	69	152	239
529	69	151	239
531	69	151	238
532	66	151	241
533	66	150	239
532	63	152	240
533	63	151	240
533	62	150	241
532	59	145	242
531	58	144	243
531	58	144	243
531	58	145	242
530	59	146	242
527	58	151	243
527	58	151	242
524	57	150	242
523	57	150	241
522	56	151	242
520	56	152	242
520	57	151	241
520	56	150	242
520	56	152	241
520	58	151	240
520	58	151	241
521	58	151	240
522	56	151	242
522	58	151	240
523	55	151	242
525	57	151	240
526	57	151	241
526	57	151	240
525	60	151	241
524	57	152	242
524	59	151	240
523	58	152	241
521	59	152	240
521	59	151	240
521	60	150	238
521	59	152	241
521	60	151	240
521	59	150	241
521	61	150	239
522	60	152	240
522	61	152	240
523	60	152	239
523	59	150	241
524	58	151	241
524	58	152	242
524	58	151	241
525	57	150	242
525	56	152	241
526	54	151	242
526	55	151	242
526	52	150	243
526	53	151	242
524	57	151	244
520	63	151	243
517	67	151	242
517	73	151	242
517	77	150	242
517	81	150	239
517	80	149	240
517	80	149	240
521	82	152	237
521	80	152	238
516	78	151	241
511	79	150	239
509	81	151	241
509	82	150	239
510	82	149	240
509	84	151	240
508	85	151	238
507	84	152	241
504	84	151	238
502	84	152	238
503	84	150	238
503	84	152	237
505	85	151	238
506	86	151	237
509	83	150	237
509	82	150	237
509	82	150	237
510	82	151	236
512	78	152	237
514	79	149	235
514	76	150	237
513	75	150	237
515	74	150	237
517	72	150	239
519	73	152	237
524	73	151	238
527	71	151	237
529	71	150	237
529	69	150	237
531	69	150	239
534	70	149	237
537	69	150	239
537	71	149	237
536	72	151	238
538	73	149	238
538	75	149	237
537	73	151	239
539	74	150	236
538	71	150	238
538	71	150	237
540	72	149	237
540	72	151	238
541	73	149	237
541	73	148	236
541	72	149	237
541	73	149	236
540	73	149	235
541	73	149	235
542	74	149	235
545	74	149	237
544	73	149	238
545	73	148	236
544	74	149	235
545	72	149	237
544	73	149	236
544	71	149	238
545	70	148	239
545	70	148	238
545	70	148	238
545	69	149	238
544	69	150	239
544	67	149	237
546	67	150	238
546	67	149	237
548	66	151	238
549	66	149	237
549	67	148	236
550	67	149	237
551	66	148	238
552	68	149	238
553	69	149	237
552	68	151	239
553	68	150	238
553	69	149	237
552	68	149	240
553	70	149	237
554	70	150	238
554	72	150	237
553	71	150	239
554	73	151	237
554	71	150	240
553	72	151	238
552	73	150	238
551	73	150	239
551	75	149	238
550	75	150	239
550	75	149	237
550	75	151	239
551	76	150	238
549	76	152	239
549	77	150	239
550	77	151	237
551	76	150	240
552	78	150	238
551	76	150	240
551	78	150	241
550	77	151	240
550	78	150	239
549	77	151	240
550	76	151	241
551	77	150	239
551	76	151	241
554	75	151	239
555	75	151	238
555	72	151	240
555	72	150	241
556	72	151	241
557	70	150	239
556	69	151	241
556	70	150	241
556	70	150	241
555	71	151	241
554	72	152	239
554	70	151	241
551	70	150	241
550	70	151	241
550	69	151	242
548	71	151	240
547	70	153	241
547	68	151	241
546	68	152	242
547	69	151	240
546	68	152	242
546	69	151	243
546	70	152	242
546	71	151	241
545	70	152	243
546	70	151	243
546	71	151	243
545	72	152	243
542	72	153	244
542	73	152	242
542	70	153	243
543	71	152	242
541	69	154	242
542	68	152	242
542	68	154	243
543	68	152	242
544	68	154	243
546	69	152	242
547	69	154	243
549	69	153	243
548	69	153	241
549	68	153	243
548	67	153	244
548	65	153	243
548	64	154	241
548	62	153	244
547	61	153	243
546	60	154	245
546	62	153	244
545	62	154	245
545	62	153	243
545	61	153	244
544	62	154	243
544	61	154	245
543	62	154	243
544	63	154	243
547	63	155	245
550	64	155	245
551	65	154	244
553	64	155	245
556	65	154	243
557	62	154	245
558	62	154	246
559	63	155	244
560	60	155	247
561	61	154	248
559	62	155	247
557	64	154	246
555	64	155	247
553	65	154	245
552	64	154	246
552	63	154	247
552	64	155	247
554	65	154	245
553	64	154	247
554	66	155	245
554	64	155	247
554	65	154	246
554	63	155	248
553	65	154	246
554	66	156	247
555	68	155	248
556	70	154	246
556	71	155	247
556	73	154	245
556	71	154	247
557	70	154	245
556	67	154	246
556	67	155	247
556	67	154	245
557	66	155	246
559	65	155	247
560	66	154	246
562	65	155	247
564	67	154	245
564	65	153	247
564	65	154	246
564	64	154	247
565	65	154	244
564	64	154	247
563	65	155	244
563	64	154	247
563	65	153	244
562	64	154	247
562	64	153	247
561	65	153	244
560	64	155	246
561	64	154	245
562	63	154	247
563	64	154	245
565	63	156	246
567	63	154	248
568	65	154	245
567	66	156	246
569	64	154	245
570	63	154	246
570	64	154	244
571	63	154	245
571	62	153	246
572	64	154	243
574	62	154	246
573	62	155	247
574	62	154	245
575	60	154	247
574	61	155	248
574	62	155	246
573	62	155	247
573	63	154	245
571	61	155	248
570	61	154	248
570	59	154	248
568	60	154	248
568	58	155	247
569	57	154	248
568	56	156	248
568	56	155	249
568	53	155	249
569	54	156	248
570	55	155	247
571	53	156	249
572	53	156	249
573	53	155	249
574	53	155	249
575	53	155	249
575	53	156	249
576	52	155	250
576	53	155	249
578	52	155	249
579	52	155	249
580	52	155	250
580	54	155	249
580	55	155	249
579	56	156	248
579	56	155	247
579	54	156	249
578	55	155	247
578	54	156	248
577	53	156	249
577	52	155	247
578	52	154	246
577	51	155	248
578	50	154	248
579	48	154	248
579	46	155	248
579	48	155	246
579	45	155	247
581	46	154	245
582	44	156	248
583	44	155	247
585	43	154	248
586	43	154	249
587	44	154	248
587	44	154	248
586	44	155	247
586	45	154	248
585	46	156	248
586	48	155	249
587	50	155	246
586	51	155	247
587	54	154	245
587	54	155	247
585	54	154	248
584	56	155	247
582	58	154	246
581	57	153	247
579	58	155	246
579	57	155	247
579	57	154	246
579	57	153	247
574	58	156	246
574	58	154	246
574	57	155	247
574	57	154	245
573	56	156	247
573	57	155	246
575	59	155	247
576	59	154	246
577	58	154	248
579	60	154	245
580	59	154	246
581	59	154	247
582	60	153	247
581	59	155	246
581	61	154	245
580	60	154	246
580	60	155	247
578	62	154	245
577	59	154	246
577	60	154	247
576	59	155	247
576	61	154	245
575	60	154	246
575	59	154	247
574	60	155	247
575	58	154	245
576	58	154	246
575	58	155	247
577	57	154	245
578	57	156	246
578	57	154	246
579	56	155	247
581	56	154	245
580	55	154	247
583	56	154	245
583	55	154	246
582	54	155	247
582	53	154	245
582	53	155	246
583	54	154	245
582	53	154	247
582	55	154	245
580	53	154	246
579	55	154	244
579	54	154	247
580	53	154	247
579	53	153	247
580	53	153	246
581	52	153	247
582	54	153	247
583	52	153	248
583	55	154	244
584	53	153	247
584	53	153	246
583	53	153	246
583	52	153	247
583	52	153	246
582	51	154	246
582	50	153	247
578	50	155	246
578	50	154	245
577	49	154	246
577	48	155	247
577	49	154	245
576	48	154	246
576	48	154	244
575	48	154	247
575	49	154	247
574	49	153	247
575	50	153	246
575	50	153	246
575	50	154	247
576	51	154	247
577	51	154	248
578	51	154	248
579	52	154	247
580	55	154	247
583	55	155	247
582	58	155	248
583	59	155	246
582	62	155	247
584	65	154	245
584	66	155	244
581	67	156	246
581	67	156	245
580	68	154	245
579	68	154	246
577	71	155	244
576	71	155	244
576	71	155	244
577	70	154	246
576	71	155	244
578	69	153	247
580	69	155	246
581	66	154	247
580	67	155	244
580	64	155	247
580	64	155	245
579	64	155	245
579	64	155	244
578	62	155	247
578	62	155	245
577	61	155	247
577	61	154	246
576	60	156	247
576	60	155	246
574	59	155	247
573	59	156	246
573	59	156	245
572	57	155	248
571	56	156	246
573	57	154	246
573	55	155	248
574	56	154	246
574	56	156	247
575	57	155	246
576	57	155	247
578	56	154	248
577	56	154	248
576	58	155	245
576	58	155	247
576	59	154	246
575	59	155	247
575	61	154	245
574	60	154	246
574	62	154	244
573	62	154	245
573	63	155	244
573	62	153	246
574	62	154	246
575	61	153	247
575	61	155	244
578	61	154	243
579	60	154	246
582	60	153	244
584	59	154	245
585	58	153	246
587	56	153	246
587	57	154	243
588	54	154	245
590	55	153	243
588	51	155	246
590	52	154	245
590	49	154	246
591	51	153	244
591	50	154	247
590	51	153	244
590	51	154	247
589	52	155	247
588	54	154	245
588	54	153	246
589	57	154	246
588	57	153	247
588	58	153	246
588	62	153	246
588	61	153	246
588	64	153	245
589	65	153	245
590	65	152	245
590	67	152	245
591	68	155	247
592	70	152	243
592	70	154	245
594	71	151	244
593	73	153	244
594	73	152	242
594	73	153	243
594	71	151	244
590	69	154	235
590	68	143	226
589	69	138	232
589	66	137	234
587	66	152	240
584	64	153	245
584	66	153	243
584	64	154	245
585	64	153	244
585	64	152	245
586	62	152	246
587	62	153	245
586	62	154	246
591	61	150	248
590	59	150	241
593	58	147	234
587	64	146	232
584	60	153	247
585	61	153	247
584	60	154	247
584	61	154	245
583	62	154	246
583	62	153	244
582	59	154	246
580	59	153	246
580	60	153	243
579	59	155	246
580	60	154	245
580	58	153	246
579	58	153	246
579	57	153	247
578	58	153	246
578	57	153	246
577	57	153	246
576	58	154	245
574	59	155	244
574	58	154	246
574	59	154	244
572	58	155	245
572	59	154	245
571	58	151	247
571	58	150	246
570	57	151	246
568	58	143	246
566	60	139	243
564	55	153	246
561	55	153	246
563	56	150	245
562	56	153	245
561	56	152	245
561	55	152	246
562	56	153	245
563	56	151	227
560	61	152	238
560	57	153	241
559	58	154	246
557	59	153	249
557	60	149	248
557	59	148	249
555	59	147	248
558	60	141	246
548	61	144	242
537	46	129	214
542	28	138	167
566	5	153	115
599	0	152	97
632	1	158	88
664	1	159	87
702	1	158	94
732	4	164	110
760	4	160	140
776	23	154	168
785	70	147	162
773	127	155	146
766	173	139	148
761	170	138	150
759	166	137	151
758	167	137	150
760	163	137	152
761	162	138	152
759	163	138	157
759	161	139	159
759	157	139	163
757	154	144	162
754	150	148	162
755	147	148	163
744	145	160	243
742	143	163	249
743	142	161	244
759	143	141	204
743	140	156	191
748	143	149	183
767	163	132	228
764	143	136	252
736	141	164	254
735	141	165	256
735	142	165	256
735	143	166	256
736	143	165	256
738	144	165	256
738	147	166	255
739	147	165	255
739	147	166	255
741	148	165	255
740	148	166	257
741	148	166	256
742	148	165	256
749	148	158	249
755	152	151	215
761	154	144	189
766	154	139	154
769	156	136	132
769	156	138	118
775	152	171	128
824	160	152	153
843	155	139	167
830	138	123	153
791	81	110	158
730	97	106	126
550	52	251	216
427	21	187	208
267	21	171	189
227	8	144	197
191	7	123	197
163	18	125	209
188	0	72	250
190	18	75	231
228	46	70	199
261	39	71	191
304	33	78	188
324	5	113	206
356	5	131	197
391	2	149	200
420	5	173	204
453	14	182	202
484	38	187	202
512	77	189	191
542	125	175	178
564	165	163	172
573	160	166	177
575	148	169	180
559	114	181	200
531	65	198	218
500	23	205	229
445	0	217	213
398	0	216	208
339	2	197	183
271	0	190	189
191	0	190	236
146	13	170	284
119	59	147	294
109	63	167	288
104	138	176	220
60	34	263	342
26	38	301	334
25	49	302	311
0	5	322	318
6	16	306	386
48	4	250	254
41	4	260	222
61	0	257	172
87	0	266	140
134	0	258	118
166	1	234	82
5	2	557	78
144	5	279	69
314	0	168	68
313	0	172	66
358	1	171	72
374	2	211	89
383	3	240	117
440	4	211	153
435	2	241	202
452	1	231	274
499	38	179	283
526	144	171	254
527	147	173	253
524	150	170	248
525	152	170	249
522	151	174	250
521	153	178	247
523	153	178	250
522	154	178	247
524	153	179	249
524	153	179	248
526	153	178	249
525	151	179	253
526	153	177	255
529	154	175	253
529	155	174	258
532	156	170	257
533	156	167	257
533	157	166	254
537	159	162	249
535	160	164	254
532	157	166	256
530	157	165	256
530	156	165	255
529	156	166	255
528	156	166	255
528	154	165	255
528	153	166	255
525	153	166	255
526	153	166	256
527	151	166	256
527	153	166	252
527	153	165	248
527	154	165	254
529	154	165	256
529	155	165	257
529	156	165	256
529	156	165	257
530	158	165	256
529	158	165	257
529	157	165	255
527	158	165	255
526	159	164	254
524	159	165	253
523	159	165	254
523	159	164	254
523	160	164	251
524	160	160	252
522	158	159	250
519	158	160	250
517	155	157	250
515	155	155	248
513	154	157	251
511	152	157	255
512	153	157	253
512	154	159	250
513	153	158	252
514	152	158	253
516	152	155	253
521	153	152	253
522	155	152	254
526	156	150	255
529	160	150	253
530	165	149	251
530	167	150	251
527	168	155	252
529	168	157	252
531	166	158	252
531	162	157	253
526	160	160	253
525	161	161	252
524	160	162	252
525	160	162	251
530	157	164	253
533	155	163	253
535	155	163	252
536	151	163	254
537	149	163	253
538	147	160	252
541	147	154	252
544	145	148	246
543	145	144	229
543	144	142	208
545	146	138	205
546	146	136	193
547	129	134	193
545	116	134	194
543	109	134	185
544	100	131	188
550	95	134	185
562	92	133	180
569	85	133	180
572	81	132	183
570	78	132	186
568	80	133	192
570	82	133	200
569	83	135	210
570	84	138	225
570	86	143	245
569	80	155	246
574	81	157	245
576	80	156	246
575	77	157	248
576	77	155	247
574	77	157	246
576	77	158	246
577	76	158	247
579	76	158	246
580	75	157	247
580	76	158	247
580	76	157	247
579	77	157	247
578	78	157	245
578	78	154	244
578	78	154	246
575	78	154	244
575	76	153	247
576	78	156	243
582	78	156	244
587	77	158	245
593	78	158	244
596	81	157	244
599	82	157	246
599	84	158	244
600	84	156	245
599	85	157	245
600	85	157	243
601	84	157	243
602	84	157	243
603	84	157	245
603	85	156	243
602	85	156	244
600	85	157	245
600	86	156	245
599	87	155	245
598	87	157	245
598	86	157	245
598	87	156	246
599	88	156	246
598	87	156	245
598	87	155	245
597	85	155	247
597	86	156	246
595	85	157	245
595	85	156	246
595	85	156	246
595	83	157	245
594	83	157	246
594	82	156	247
594	82	156	246
594	83	156	246
594	83	157	246
594	84	156	244
593	84	157	245
593	84	157	246
593	85	156	246
592	86	157	246
592	86	156	245
592	87	157	245
592	87	156	246
591	88	157	246
590	88	155	246
588	90	157	245
588	89	157	245
588	88	156	246
587	86	156	246
587	86	154	245
586	84	156	246
586	81	156	246
585	78	156	245
583	74	157	248
583	75	155	245
582	73	155	248
582	75	156	246
582	73	157	248
583	74	156	247
583	76	155	246
582	74	157	248
582	75	156	246
583	76	156	246
582	77	156	245
582	77	155	245
582	78	157	245
583	79	157	245
586	79	156	244
589	78	157	245
589	76	157	245
590	75	155	246
589	74	156	247
588	75	158	246
588	76	157	247
587	79	156	247
587	78	156	246
586	79	157	246
586	80	156	247
586	79	158	246
588	78	158	247
589	79	156	246
591	79	157	245
592	78	157	246
593	79	158	247
594	79	158	247
595	79	157	248
597	80	157	247
597	81	158	247
598	81	157	248
598	82	157	247
598	83	158	247
598	84	157	248
598	84	157	247
598	84	158	247
601	85	157	246
601	84	156	247
600	82	156	249
600	82	157	247
599	82	157	247
596	82	159	247
596	82	157	246
596	80	158	247
595	79	158	247
594	78	159	248
593	79	158	246
593	78	158	247
593	79	157	247
593	78	157	247
592	79	157	247
591	80	158	247
592	79	155	247
591	79	157	248
590	80	157	247
590	81	158	247
591	82	156	248
590	83	156	246
590	83	156	246
589	83	157	248
588	84	157	247
589	84	155	247
587	85	157	246
587	86	156	246
587	87	156	246
587	89	157	246
588	88	158	246
588	87	157	247
588	87	156	247
587	87	156	246
587	87	157	246
589	86	156	247
588	86	156	246
588	86	157	246
589	86	155	247
589	85	157	248
588	85	157	247
589	85	158	247
590	85	157	247
590	85	157	247
590	85	158	247
590	85	157	247
590	86	157	247
590	86	156	247
590	87	156	246
590	88	157	246
589	88	158	247
589	88	157	247
589	89	157	245
588	89	157	246
587	88	158	246
585	88	158	245
586	88	155	244
585	87	156	247
586	86	156	246
585	86	156	246
585	86	156	245
586	84	157	245
587	81	156	246
587	81	156	245
587	79	157	245
588	78	157	246
588	77	156	244
588	76	157	245
587	74	157	246
587	73	156	246
587	73	156	246
587	73	156	246
587	72	157	245
588	73	157	246
588	73	156	247
589	74	158	246
591	74	157	245
591	75	158	246
592	75	158	245
592	76	157	244
593	77	157	245
593	78	157	246
594	79	156	245
594	80	157	245
594	81	156	246
593	82	156	244
592	82	156	244
592	82	157	245
592	83	156	244
592	83	156	244
591	83	157	245
591	83	156	244
591	82	156	244
590	79	157	245
592	80	156	244
593	79	156	244
593	76	155	245
592	77	158	245
593	77	155	246
592	77	157	245
592	75	157	248
591	74	158	247
592	76	156	248
590	76	158	249
593	77	156	248
593	78	156	245
594	78	157	248
594	79	155	247
594	78	157	248
597	79	157	247
597	80	155	247
597	80	157	248
596	80	157	247
597	81	157	247
597	82	157	247
596	82	156	247
596	82	156	246
596	80	157	246
596	79	156	247
593	79	158	246
593	78	157	247
593	78	156	247
592	79	158	246
593	78	158	247
593	76	157	247
592	76	157	247
593	75	158	247
595	76	157	246
594	75	158	246
594	73	157	247
594	73	158	247
595	72	155	247
594	73	158	246
594	71	157	247
594	71	157	247
594	71	158	247
595	70	159	247
596	68	156	247
595	69	156	246
595	66	158	248
597	67	158	249
598	68	158	248
600	68	156	248
600	68	158	249
599	69	158	248
601	70	156	248
601	71	156	249
600	72	157	247
599	72	157	247
598	69	158	249
598	71	158	249
598	72	156	248
598	72	158	249
598	73	156	249
598	74	157	247
597	75	157	247
596	75	158	247
596	74	157	247
595	75	158	247
593	75	158	247
592	75	159	248
592	74	158	249
592	74	158	248
592	74	156	248
589	73	159	249
589	72	157	248
586	73	158	247
586	72	158	247
586	71	157	248
585	71	159	248
587	71	158	248
588	71	157	248
587	72	159	248
591	72	156	248
592	74	155	247
589	74	157	248
589	75	158	247
592	75	155	248
606	77	141	248
589	77	150	245
586	65	185	269
590	77	179	237
590	76	137	242
589	75	136	244
587	72	146	247
586	72	153	246
586	71	156	246
586	70	157	248
588	67	155	247
589	67	152	246
590	66	147	247
589	64	156	247
589	65	155	246
588	64	158	248
588	64	156	248
590	66	156	246
589	68	157	248
592	69	156	248
592	70	155	246
591	69	157	249
590	69	157	247
588	70	158	247
589	70	157	247
589	70	155	247
590	71	154	246
590	69	153	248
590	71	157	245
590	72	156	245
589	73	155	245
588	73	158	247
592	73	155	247
595	72	152	232
595	74	151	225
596	76	152	219
600	69	139	154
595	76	142	214
595	73	148	226
595	74	149	233
598	72	150	241
597	72	153	244
595	71	156	246
595	72	156	246
595	70	156	248
595	71	155	246
594	70	155	247
593	69	156	248
592	69	156	247
592	69	156	246
591	70	156	246
592	70	157	246
592	69	156	246
590	70	157	246
592	69	158	247
592	68	155	247
591	67	157	248
591	68	156	247
590	70	156	246
591	67	154	248
587	67	157	248
585	67	157	247
583	66	158	247
583	66	156	246
584	65	150	248
583	65	149	248
582	66	146	246
582	66	145	246
581	65	145	247
580	64	148	248
580	63	150	248
579	63	153	248
577	63	156	248
577	62	158	249
578	63	156	246
577	61	156	249
577	63	157	247
576	62	157	249
576	63	159	248
579	62	158	248
579	63	156	248
578	63	156	249
578	64	158	247
578	65	159	248
579	65	156	249
580	65	158	250
582	69	157	249
581	69	158	247
582	70	159	248
583	69	156	249
582	70	157	247
582	69	157	249
581	71	156	248
580	71	158	246
578	71	157	247
578	71	156	247
577	71	158	246
575	70	155	247
574	67	157	248
571	68	156	247
570	67	156	248
567	67	157	247
564	67	158	249
562	68	158	246
560	67	155	247
557	67	158	248
555	68	156	253
552	69	157	249
551	70	157	247
549	70	157	250
549	71	156	248
551	70	158	249
554	71	159	248
557	71	158	247
559	71	159	248
561	70	159	248
564	70	159	247
567	66	159	249
569	65	158	249
571	62	158	249
572	62	158	249
575	62	158	248
576	61	157	248
578	62	156	248
578	63	156	245
578	64	147	245
573	63	157	249
571	65	156	251
568	64	156	250
564	66	157	247
563	66	155	247
560	68	148	250
559	68	149	248
559	69	148	249
558	70	148	249
558	70	148	248
558	73	149	248
558	73	150	249
558	72	149	251
560	72	146	250
560	74	144	250
562	72	141	254
548	72	144	253
545	67	131	245
544	65	133	248
537	59	130	244
529	50	132	239
525	44	135	238
527	44	137	241
532	26	139	243
539	31	142	232
552	26	142	243
568	13	143	233
581	7	150	244
598	2	153	215
622	8	150	202
643	0	151	223
664	0	155	229
683	0	157	228
705	0	156	211
724	5	156	202
739	3	158	210
758	6	159	203
775	6	160	206
788	3	166	215
806	3	162	214
816	3	166	216
824	1	169	223
825	7	179	240
828	2	184	255
830	5	181	251
821	24	191	245
820	40	186	273
825	72	167	242
824	120	149	177
816	131	153	227
814	137	161	229
817	135	154	231
816	133	155	232
817	135	156	231
820	135	158	234
819	137	160	234
822	138	158	234
820	139	160	235
822	141	160	234
824	143	160	233
824	145	160	234
823	147	161	233
824	148	159	235
824	149	155	234
821	151	157	234
822	151	156	236
820	152	154	236
818	150	156	237
817	151	158	237
819	151	155	240
817	148	155	240
817	147	155	235
814	146	156	232
814	146	156	234
817	145	153	233
815	147	157	232
819	148	153	232
817	149	157	235
818	150	154	234
816	150	158	237
818	150	155	241
811	140	159	247
799	128	164	246
792	113	152	214
757	108	168	227
742	93	156	235
718	93	154	162
694	102	145	181
679	88	138	188
662	99	138	196
647	88	141	220
636	95	147	229
622	92	150	245
618	98	147	246
617	100	143	244
619	101	144	242
621	101	144	244
625	103	144	243
626	101	147	251
626	102	146	245
632	100	140	228
633	107	139	171
633	107	139	186
634	106	140	215
634	108	146	250
632	104	151	252
631	104	152	251
631	104	154	250
632	105	152	248
635	103	153	250
636	103	152	249
638	103	153	250
637	102	154	249
638	102	154	250
638	103	154	249
639	104	154	250
642	105	154	249
642	106	154	246
642	105	153	250
639	105	154	249
637	104	154	250
637	105	153	249
634	102	154	250
633	101	154	248
634	102	154	247
633	103	154	247
633	102	154	247
632	102	154	247
632	102	154	248
632	100	152	251
628	100	154	250
627	99	152	252
622	97	154	251
624	97	153	250
622	96	152	251
624	97	154	251
624	98	153	250
623	99	154	249
622	99	154	250
622	100	153	249
621	99	154	250
620	100	154	250
621	99	155	252
620	100	155	250
622	100	153	250
626	99	152	251
626	99	152	251
625	97	154	250
621	96	155	252
621	97	153	251
623	98	152	250
623	98	154	251
639	98	140	252
659	100	120	246
604	5	231	277
623	84	254	254
628	101	117	241
625	95	132	250
625	97	148	250
625	96	149	252
626	96	153	251
626	96	154	251
628	96	150	250
630	96	145	251
627	96	155	251
628	96	154	251
629	95	155	252
629	92	156	253
631	93	154	253
634	94	155	252
633	94	156	252
636	94	156	253
637	94	154	252
639	95	154	253
640	95	153	252
640	95	153	252
640	95	152	252
639	94	152	252
638	93	154	254
635	93	156	254
634	93	157	253
635	92	157	253
634	91	157	254
637	90	155	254
639	91	151	253
645	90	140	197
648	90	133	104
647	91	135	200
642	94	148	229
641	93	153	242
644	95	152	247
649	100	152	248
654	102	153	254
658	105	156	253
661	114	156	254
665	126	155	256
672	140	153	255
678	151	153	252
677	151	153	252
680	158	155	252
682	164	155	247
682	166	154	248
679	167	154	248
677	169	154	245
677	168	153	246
675	165	153	246
671	162	153	245
664	162	152	246
654	161	150	246
649	166	149	245
644	172	151	245
640	176	151	243
640	178	151	241
638	183	148	239
637	183	144	239
639	184	142	238
641	184	140	236
642	182	138	235
644	181	136	233
645	180	136	233
644	176	136	235
643	178	139	236
643	180	139	235
644	182	142	232
646	182	146	233
646	183	143	231
649	182	144	232
652	179	144	233
654	176	144	232
656	175	144	230
657	173	144	228
656	172	143	231
657	172	143	230
658	171	143	230
658	172	143	228
658	172	142	230
657	172	143	229
654	170	143	229
654	170	143	229
652	171	143	229
651	170	143	229
651	171	143	229
652	171	143	229
654	170	143	229
655	171	143	229
655	170	142	229
657	172	143	228
658	173	142	226
658	174	143	226
657	174	143	225
657	171	141	230
656	171	142	231
657	171	143	231
655	171	146	230
654	171	140	230
650	172	142	230
649	175	140	230
645	178	142	231
642	181	144	231
642	183	144	231
639	188	144	228
639	190	143	230
637	192	143	227
637	194	142	226
633	193	144	227
633	191	143	227
632	189	142	226
631	186	142	228
629	184	142	228
629	185	142	226
630	183	142	228
637	184	139	226
644	185	133	228
642	186	143	228
648	184	140	229
648	182	141	225
650	181	136	228
651	181	138	227
657	180	138	226
659	177	139	227
660	174	139	228
660	175	138	226
659	172	135	226
655	168	138	228
654	165	136	227
654	163	135	227
660	158	132	229
658	154	129	228
656	153	132	230
632	145	129	225
616	135	126	228
600	127	131	237
592	119	134	236
592	114	133	224
599	115	131	224
604	115	132	221
609	113	131	229
614	117	130	223
620	120	130	219
625	113	130	222
629	110	131	221
634	106	131	217
643	99	135	219
652	82	138	217
667	61	137	186
677	42	141	206
692	21	141	195
705	6	143	191
722	6	142	142
739	3	143	134
756	2	144	133
773	2	146	131
790	4	150	135
805	3	151	149
823	6	146	160
839	46	145	137
854	81	142	131
864	130	137	122
864	182	134	201
870	212	136	176
874	214	138	156
874	218	138	168
877	214	136	128
874	212	139	177
879	215	139	161
883	223	139	168
886	219	139	137
880	221	142	173
883	218	143	177
887	213	141	167
890	217	138	139
887	222	139	159
892	214	137	144
889	223	141	141
888	219	142	149
890	218	139	150
890	211	138	145
885	214	142	142
886	214	140	163
889	204	137	151
886	207	140	166
890	197	137	153
886	202	141	178
890	195	138	159
887	210	139	148
884	202	139	165
868	193	147	183
858	182	146	206
848	154	139	199
810	150	159	209
800	138	140	146
771	137	139	148
744	131	141	213
730	127	139	225
717	125	136	226
703	127	141	224
697	129	137	223
688	129	138	227
674	137	142	223
670	140	137	228
666	142	132	226
666	144	130	224
665	145	131	229
667	148	133	225
666	148	134	226
674	147	129	175
678	148	128	162
682	149	128	167
683	144	130	177
684	145	133	191
685	145	137	218
681	144	143	224
682	145	141	228
679	145	141	228
676	147	142	229
673	147	142	231
671	148	142	229
670	149	141	230
669	149	142	230
666	149	142	230
667	150	141	229
662	152	142	230
660	153	142	230
659	156	143	231
656	159	143	230
653	159	143	231
650	162	143	231
647	163	143	231
645	166	143	232
643	170	144	232
642	176	144	231
643	178	142	229
641	177	145	231
640	179	142	230
640	178	143	231
