0.004916
0.084314
0.086770
0.069556
0.058752
0.085603
0.083833
0.081447
0.077007
0.057672
0.080737
0.084876
0.074189
0.056320
0.060596
0.069773
0.077332
0.097686
0.080745
0.102674
0.114592
0.096626
0.076788
0.096792
0.108335
0.110718
0.093234
0.106184
0.076078
0.054589
0.060560
0.066620
0.073534
0.095395
0.098411
0.090625
0.080088
0.110899
0.078798
0.061415
0.103993
0.071673
0.052922
0.079925
0.080035
0.063920
0.065106
0.079935
0.075654
0.061965
0.065826
0.057950
0.059051
0.090700
0.075448
0.088830
0.091984
0.090473
0.072509
0.061328
0.077270
0.071278
0.074167
0.077549
0.096179
0.074274
0.093284
0.062374
0.075540
0.056648
0.073865
0.082822
0.074369
0.080328
0.079298
0.073686
0.073158
0.095283
0.067189
0.080527
0.083279
0.078979
0.082071
0.104789
0.094516
0.095784
0.093301
0.077908
0.073599
0.092281
0.077127
0.105184
0.072011
0.091930
0.100758
0.081479
0.054840
0.073914
0.077859
0.107507
0.101059
0.077487
0.058137
0.093124
0.070281
0.058622
0.074564
0.071550
0.076922
0.073614
0.070129
0.079040
0.075371
0.102163
0.086146
0.057247
0.070263
0.084831
0.073128
0.078418
0.079651
0.080417
0.087204
0.079733
0.062819
0.077837
0.069323
0.090102
0.085944
0.133987
0.065021
0.093355
0.068074
0.057796
0.072180
0.069320
0.085859
0.097075
0.107562
0.070381
0.086511
0.080048
0.092441
0.079263
0.115068
0.070819
0.074091
0.092714
0.072129
0.088063
0.082745
0.082546
0.077944
0.080056
0.077869
0.092711
0.081903
0.087293
0.069030
0.084420
0.102329
0.079732
0.102984
0.089798
0.094653
0.101083
0.105930
0.094163
0.088332
0.110261
0.097361
0.061574
0.076025
0.083746
0.077911
0.084799
0.089221
0.072940
0.086129
0.061962
0.079498
0.074407
0.085070
0.083564
0.072968
0.079811
0.097397
0.073432
0.084167
0.081844
0.086929
0.076087
0.072394
0.081138
0.066838
0.061153
0.085869
0.081661
0.078074
0.101069
0.091717
0.107715
0.071441
0.061534
0.070185
0.073253
0.071512
0.074147
0.081439
0.082941
0.094566
0.079681
0.060198
0.091631
0.077461
0.077098
0.088723
0.090103
0.083612
0.076911
0.088919
0.095090
0.087100
0.092352
0.113056
0.093899
0.088278
0.070299
0.100709
0.098342
0.080012
0.093860
0.092326
0.076204
0.078430
0.096349
0.086186
0.114595
0.093631
0.084450
0.072939
0.085339
0.074761
0.097926
0.069716
0.066590
0.081993
0.077208
0.061732
0.078267
0.076220
0.075054
0.101590
0.109948
0.076891
0.078023
0.096719
0.087132
0.053377
0.065806
0.062686
0.067705
0.075738
0.066246
0.086593
0.078418
0.074635
0.101623
0.082679
0.092359
0.053030
0.104615
0.089818
0.078358
0.087336
0.086224
0.095494
0.083728
0.077647
0.092846
0.083195
0.078014
0.081547
0.095179
0.077016
0.096766
0.100256
0.104089
0.060900
0.101321
0.079659
0.097275
0.083209
0.095296
0.066279
0.093518
0.062073
0.075715
0.072092
0.075353
0.095477
0.077313
0.081710
0.093160
0.099526
0.078125
0.091752
0.072902
0.090046
0.086110
0.106468
0.064481
0.075559
0.057313
0.078735
0.053233
0.077846
0.079458
0.065309
0.065551
0.055235
0.087687
0.079656
0.082590
0.075807
0.104212
0.066563
0.096492
0.064121
0.080777
0.055239
0.071328
0.078388
0.076073
0.094830
0.075026
0.082147
0.067515
0.052176
0.054416
0.079672
0.082158
0.088380
0.071700
0.085342
0.102865
0.078114
0.093168
0.081052
0.060307
0.068497
0.085736
0.096856
0.094605
0.083691
0.080173
0.078973
0.072214
0.062100
0.082730
0.079387
0.078021
0.074564
0.075080
0.100266
0.090929
0.071760
0.068635
0.070715
0.092075
0.084014
0.119408
0.092960
0.109639
0.091641
0.073880
0.091842
0.079662
0.081928
0.085512
0.078725
0.093122
0.081664
0.069961
0.103867
0.067829
0.086071
0.070978
0.077798
0.069708
0.073681
0.069208
0.066689
0.089531
0.097716
0.077312
0.059616
0.065457
0.073569
0.065643
0.072191
0.102621
0.060272
0.076499
0.090425
0.063699
0.056145
0.079371
0.069640
0.054079
0.077440
0.055007
0.094531
0.069983
0.090216
0.062008
0.065028
0.058309
0.085514
0.084526
0.079822
0.086404
0.071920
0.084548
0.094449
0.084309
0.089601
0.096131
0.058478
0.083596
0.065976
0.061749
0.066256
0.086765
0.074015
0.077388
0.100927
0.077010
0.087909
0.095749
0.091301
0.087064
0.119163
0.089110
0.077585
0.118599
0.087742
0.082364
0.094896
0.093691
0.072188
0.086178
0.085745
0.105496
0.114617
0.074091
0.087456
0.094109
0.080245
0.075057
0.082030
0.077217
0.090695
0.069118
0.064611
0.089158
0.060628
0.077389
0.077606
0.084928
0.081189
0.090948
0.080530
0.087099
0.075364
0.104694
0.093928
0.083209
0.101945
0.076408
0.075991
0.064400
0.058710
0.084010
0.077736
0.054741
0.062336
0.064197
0.068019
0.080459
0.091491
0.073264
0.088932
0.077839
0.071370
0.065168
0.088032
0.064489
0.076441
0.070104
0.089571
0.077126
0.075905
0.079776
0.072016
0.095491
0.078636
0.096008
0.083658
0.075632
0.055855
0.084807
0.071034
0.090581
0.088315
0.068318
0.078376
0.069174
0.093583
0.088851
0.054670
0.073579
0.091135
0.090944
0.092424
0.062641
0.074438
0.075348
0.075873
0.069952
0.090646
0.084276
0.093251
0.102886
0.067098
0.075512
0.081568
0.071198
0.080304
0.064232
0.074641
0.060521
0.083868
0.079628
0.069307
0.089164
0.076089
0.062804
0.108847
0.086989
0.079958
0.066742
0.067514
0.078657
0.060460
0.087220
0.094219
0.088116
0.104700
0.079933
0.062421
0.095522
0.084222
0.096677
0.079222
0.091391
0.073015
0.078109
0.092035
0.083509
0.111957
0.093068
0.077911
0.091418
0.105504
0.084829
0.080031
0.119845
0.074809
0.075694
0.085029
0.105974
0.126623
0.087858
0.094705
0.098825
0.061701
0.100404
0.069598
0.077812
0.062536
0.075026
0.076370
0.096345
0.111309
0.062677
0.065834
0.057736
0.074548
0.054062
0.102065
0.101645
0.081255
0.100962
0.075958
0.094313
0.070584
0.108851
0.103652
0.106228
0.067362
0.094110
0.072894
0.080806
0.082970
0.082168
0.097231
0.079442
0.098068
0.080481
0.059734
0.118726
0.077037
0.106751
0.065088
0.096128
0.076205
0.099102
0.094614
0.094631
0.084085
0.086936
0.072400
0.073257
0.084651
0.084585
0.097816
0.060947
0.071542
0.095867
0.083346
0.112470
0.072953
0.109305
0.093084
0.110539
0.076260
0.085900
0.074861
0.076908
0.089869
0.089792
0.081053
0.102554
0.060856
0.061747
0.071084
0.079970
0.141719
0.090639
0.080082
0.099548
0.101889
0.072492
0.086532
0.074698
0.083455
0.075234
0.085659
0.120493
0.079509
0.079136
0.064641
0.078802
0.082877
0.071582
0.093869
0.097098
0.080706
0.070301
0.087845
0.085334
0.073241
0.099502
0.111583
0.081797
0.082147
0.106240
0.079354
0.088097
0.079746
0.071943
0.089106
0.080405
0.082995
0.059081
0.094571
0.091417
0.097100
0.090380
0.066330
0.081384
0.062969
0.081905
0.078669
0.101688
0.086446
0.074961
0.101185
0.086740
0.085813
0.102381
0.097566
0.065248
0.067490
0.087610
0.080608
0.088263
0.068824
0.099514
0.105994
0.105949
0.125877
0.102576
0.093022
0.109420
0.082031
0.102540
0.093268
0.107843
0.092628
0.083144
0.079891
0.118482
0.102025
0.078554
0.090631
0.079606
0.104098
0.088513
0.101548
0.082937
0.087581
0.106241
0.075098
0.071762
0.068264
0.053830
0.111181
0.091165
0.087233
0.068175
0.101985
0.081780
0.069139
0.100461
0.088026
0.073856
0.087581
0.124343
0.078868
0.077719
0.069405
0.086824
0.078155
0.079238
0.094185
0.107731
0.088891
0.079431
0.096292
0.079119
0.110581
0.124030
0.112548
0.115229
0.091902
0.093076
0.095643
0.084800
0.074478
0.128731
0.168728
0.083905
0.092139
0.075927
0.072934
0.069123
0.104088
0.068885
0.092999
0.091077
0.071094
0.090668
0.083692
0.082260
0.083416
0.080740
0.084077
0.063794
0.078671
0.122446
0.098492
0.094546
0.076612
0.085871
0.140100
0.093322
0.102674
0.078801
0.094874
0.081563
0.055374
0.076164
0.073475
0.070087
0.082764
0.056614
0.088726
0.057307
0.072561
0.090417
0.081640
0.102890
0.106786
0.105593
0.059650
0.084539
0.101269
0.091411
0.091656
0.082303
0.101589
0.110417
0.122418
0.072703
0.074214
0.101475
0.076730
0.079101
0.087433
0.083287
0.081430
0.093132
0.110733
0.091819
0.095659
0.083097
0.086210
0.087706
0.071776
0.116206
0.099887
0.085940
0.089079
0.089476
0.087841
0.078486
0.089504
0.070513
0.091464
0.083013
0.094957
0.069317
0.053670
0.063739
0.113544
0.069396
0.095839
0.093232
0.065644
0.058960
0.059592
0.105222
0.064279
0.075864
0.093827
0.096499
0.064806
0.084732
0.093854
0.109483
0.088962
0.076255
0.081371
0.082670
0.125460
0.097269
0.126886
0.095826
0.100805
0.094028
0.078383
0.085590
0.102183
0.069218
0.085948
0.087903
0.095741
0.081978
0.091291
0.089125
0.081801
0.083475
0.096294
0.063879
0.096824
0.127351
0.069044
0.075999
0.088776
0.063641
0.070198
0.095000
0.084505
0.122698
0.109882
0.074177
0.066204
0.061705
0.073153
0.110033
0.069934
0.059981
0.064964
0.074618
0.083111
0.089185
0.093839
0.080189
0.081602
0.065289
0.082316
0.097608
0.089437
0.078664
0.078934
0.080677
0.076444
0.084389
0.075333
0.081881
0.076153
0.094912
0.108253
0.078908
0.072177
0.089427
0.081565
0.094484
0.080110
0.066741
0.073195
0.057696
0.056696
0.084817
0.102809
0.079795
0.076198
0.072478
0.068975
0.091803
0.100053
0.092610
0.070417
0.089195
0.065746
0.097766
0.074472
0.096945
0.077770
0.085682
0.096272
0.072755
0.101449
0.075001
0.075352
0.122754
0.108102
0.087035
0.088293
0.105126
0.109310
0.085300
0.063925
0.070151
0.079164
0.106283
0.091239
0.057128
0.074419
0.094045
0.063014
0.084734
0.074327
0.066185
0.094634
0.082391
0.078446
0.066777
0.087664
0.061800
0.080612
0.106158
0.115360
0.105397
0.078656
0.076445
0.085770
0.070897
0.071617
0.079880
0.080305
0.084095
0.066946
0.096938
0.088850
0.096742
0.076055
0.087328
0.076600
0.083607
0.103745
0.111374
0.092356
0.100588
0.077466
0.081438
0.085012
0.099367
0.091345
0.091624
0.079510
0.064359
0.092837
0.061775
0.064291
0.063299
0.085066
0.111126
0.081802
0.075011
0.087893
0.068174
0.059233
0.072293
0.081666
0.062283
0.085797
0.096335
0.089102
0.113240
0.079875
0.084145
0.052799
0.071476
0.089557
0.080267
0.080242
0.065041
0.102973
0.074590
0.077948
0.083923
0.063315
0.077938
0.075889
0.129609
0.079411
0.061691
0.069669
0.072408
0.088630
0.080164
0.113467
0.067412
0.091481
0.112162
0.090808
0.089389
0.095182
0.097991
0.102531
0.091465
0.077560
0.081137
0.063319
0.056322
0.074798
0.056103
0.059281
0.090734
0.094562
0.091557
0.116592
0.095435
0.089237
0.082865
0.107080
0.069171
0.099546
0.084490
0.061244
0.080342
0.061028
0.082797
0.060171
0.060855
0.072825
0.078480
0.073770
0.063596
0.073365
0.087507
0.075038
0.075663
0.085778
0.093452
0.074122
0.090136
0.076433
0.088989
0.086705
0.082013
0.092655
0.082767
0.105067
0.100352
0.091976
0.086765
0.094671
0.082987
0.128322
0.067178
0.077055
0.093392
0.078782
0.082244
0.093434
0.121367
0.088055
0.091503
0.106214
0.103693
0.075708
0.092599
0.066578
0.060725
0.117308
0.073106
0.109293
0.060723
0.079454
0.068244
0.074284
0.103047
0.085435
0.090874
0.072554
0.104329
0.079021
0.071804
0.086324
0.080190
0.086094
0.089271
0.088542
0.126707
0.087751
0.101112
0.077054
0.096442
0.097243
0.083396
0.066617
0.080028
0.079571
0.088993
0.065419
0.086256
0.078998
0.066140
0.067200
0.064782
0.058264
0.094449
0.071221
0.077132
0.091146
0.106239
0.120410
0.087351
0.098632
0.101292
0.088019
0.122072
0.070394
0.079098
0.059012
0.085119
0.092456
0.086317
0.061118
0.085341
0.063734
0.082661
0.108522
0.090502
0.068775
0.054277
0.072661
0.081356
0.092995
0.054248
0.055579
0.089664
0.101391
0.097950
0.077636
0.095745
0.076542
0.081389
0.059591
0.072483
0.074903
0.074128
0.093503
0.087487
0.078510
0.078273
0.066465
0.103848
0.107975
0.090251
0.115430
0.132526
0.102372
0.095885
0.114367
0.098936
0.090707
0.085037
0.095014
0.072127
0.076118
0.087735
0.073056
0.098429
0.076215
0.076979
0.088252
0.100051
0.100592
0.087937
0.079670
0.083553
0.097580
0.097161
0.127812
0.076392
0.093126
0.094526
0.074189
0.074071
0.067206
0.079782
0.076415
0.089927
0.074701
0.083997
0.082338
0.082642
0.075125
0.110015
0.099000
0.093452
0.090700
0.082960
0.080489
0.080036
0.076904
0.084151
0.115577
0.095896
0.081650
0.106274
0.080002
0.104284
0.091216
0.073719
0.094114
0.059575
0.053095
0.073868
0.096962
0.090850
0.067313
0.079002
0.058981
0.092703
0.085896
0.082131
0.078418
0.076297
0.082512
0.073110
0.096829
0.077695
0.103221
0.089022
0.099142
0.073677
0.056084
0.064408
0.078641
0.071697
0.084959
0.092137
0.099720
0.066475
0.080786
0.082143
0.077333
0.066254
0.073375
0.094180
0.091833
0.086563
0.066489
0.063387
0.083429
0.067786
0.067024
0.059965
0.067696
0.070952
0.069603
0.068494
0.070588
0.083840
0.080429
0.102140
0.051338
0.082948
0.067521
0.096910
0.069926
0.093031
0.080621
0.067719
0.102618
0.063419
0.079051
0.063725
0.065256
0.088687
0.064020
0.084492
0.066503
0.082497
0.075398
0.096538
0.057636
0.073824
0.093554
0.069769
0.090043
0.099406
0.098271
0.080698
0.063981
0.068669
0.061257
0.077694
0.081359
0.081306
0.061128
0.060290
0.081583
0.069731
0.072376
0.071812
0.070673
0.091244
0.097069
0.102684
0.082458
0.078550
0.111024
0.095022
0.084512
0.071933
0.068813
0.070270
0.086510
0.087155
0.081453
0.081986
0.071991
0.091656
0.082063
0.074919
0.056811
0.068872
0.083228
0.074120
0.063632
0.074247
0.074064
0.077497
0.084382
0.081197
0.070026
0.080415
0.072639
0.074155
0.075185
0.068084
0.093014
0.077883
0.077348
0.074858
0.085940
0.074657
0.072642
0.076105
0.073127
0.085099
0.073380
0.070950
0.060584
0.085278
0.073513
0.054968
0.064908
0.096182
0.055387
0.076579
0.079317
0.099515
0.073387
0.089003
0.079858
0.087388
0.060928
0.077698
0.071256
0.067485
0.063759
0.085882
0.058071
0.093927
0.097730
0.073611
0.063071
0.065693
0.071843
0.060733
0.068311
0.074212
0.053870
0.057536
0.064759
0.067659
0.066461
0.112294
0.079849
0.075894
0.089199
0.098167
0.076080
0.057938
0.069616
0.071739
0.067250
0.102131
0.073704
0.072907
0.092252
0.054564
0.067421
0.067133
0.064970
0.068489
0.081522
0.098080
0.064911
0.103154
0.070284
0.084565
0.066853
0.127685
0.099098
0.066039
0.092504
0.091639
0.070259
0.085029
0.066234
0.072319
0.100106
0.130190
0.074263
0.085075
0.096687
0.095345
0.098490
0.082825
0.076991
0.081132
0.060768
0.058534
0.061901
0.058529
0.058390
0.063321
0.051566
0.086574
0.091570
0.087613
0.091120
0.063811
0.086285
0.061387
0.075373
0.080871
0.076002
0.076767
0.067064
0.081892
0.101825
0.092362
0.065552
0.093308
0.067927
0.081056
0.081851
0.089019
0.064537
0.070706
0.074269
0.079676
0.062564
0.078930
0.092425
0.091916
0.086306
0.093040
0.101959
0.082810
0.099998
0.082890
0.079589
0.084876
0.065097
0.076788
0.067726
0.089852
0.089596
0.067406
0.062616
0.064195
0.086222
0.079772
0.081898
0.082114
0.087504
0.068298
0.083997
0.069104
0.071293
0.074501
0.072108
0.068631
0.108114
0.088115
0.090130
0.092780
0.082288
0.095723
0.074548
0.081417
0.073767
0.082300
0.072016
0.079352
0.095523
0.080687
0.068731
0.082225
0.076608
0.088536
0.077760
0.070621
0.066680
0.068199
0.070842
0.082952
0.065895
0.095334
0.114622
0.100265
0.069231
0.087734
0.084749
0.088468
0.072083
0.080989
0.064477
0.063306
0.053985
0.080065
0.086709
0.063264
0.070962
0.061824
0.084903
0.066485
0.082222
0.078540
0.070014
0.070311
0.084690
0.083049
0.091288
0.081769
0.065804
0.079849
0.071614
0.056491
0.084145
0.072232
0.083047
0.099129
0.073775
0.084316
0.095591
0.105520
0.105191
0.090662
0.080785
0.076119
0.093272
0.084201
0.099454
0.108094
0.073441
0.084135
0.101186
0.101898
0.082847
0.092173
0.099347
0.071741
0.073411
0.087450
0.064368
0.084442
0.110436
0.112054
0.087916
0.071678
0.095195
0.068975
0.100791
0.106686
0.101929
0.090169
0.061909
0.080608
0.084460
0.058415
0.069608
0.055827
0.066168
0.081486
0.076178
0.071206
0.089309
0.055388
0.067934
0.086575
0.071755
0.080024
0.074461
0.068524
0.064797
0.058970
0.055864
0.078507
0.063993
0.070188
0.075511
0.076168
0.056667
0.071050
0.085909
0.069175
0.066083
0.052682
0.069838
0.059501
0.089418
0.070642
0.062675
0.082000
0.108914
0.098126
0.105432
0.069577
0.102804
0.082525
0.079084
0.078886
0.080237
0.071192
0.076706
0.067184
0.110110
0.105733
0.101685
0.075714
0.067430
0.079703
0.100825
0.093755
0.109318
0.074215
0.070453
0.099797
0.070671
0.082784
0.079767
0.097456
0.071716
0.093462
0.058230
0.098561
0.073952
0.080347
0.097121
0.067847
0.048136
0.063241
0.061702
0.106201
0.064369
0.060457
0.074310
0.068953
0.102467
0.084601
0.079535
0.101454
0.109400
0.109204
0.075495
0.068867
0.074678
0.070631
0.094480
0.076230
0.075907
0.069930
0.056003
0.046004
0.077119
0.100148
0.058728
0.055863
0.060467
0.073186
0.075748
0.064516
0.075256
0.063114
0.069475
0.076384
0.073359
0.079715
0.080960
0.076959
0.098588
0.096992
0.067393
0.059915
0.080037
0.073025
0.074193
0.059549
0.076281
0.078017
0.069760
0.088498
0.072825
0.070910
0.089633
0.092164
0.075380
0.083934
0.088564
0.088575
0.064204
0.075480
0.083515
0.093502
0.077877
0.069192
0.081714
0.067372
0.059499
0.069594
0.068079
0.090196
0.062307
0.069666
0.070556
0.080257
0.053820
0.068543
0.062899
0.076831
0.097553
0.073821
0.062821
0.081374
0.067665
0.063205
0.080737
0.077506
0.075722
0.094961
0.116276
0.070358
0.111499
0.088047
0.082534
0.070835
0.094434
0.076286
0.106197
0.104268
0.089002
0.063610
0.058384
0.082085
0.076189
0.071313
0.070532
0.084323
0.089499
0.123501
0.070134
0.081599
0.081460
0.093517
0.092576
0.068697
0.073099
0.090427
0.081058
0.090990
0.076541
0.077823
0.070552
0.081002
0.074115
0.095340
0.047223
0.079621
0.078622
0.077509
0.082734
0.066176
0.083581
0.077394
0.067102
0.084794
0.090944
0.053102
0.060298
0.085212
0.075640
0.063824
0.064788
0.097802
0.096988
0.096562
0.075436
0.077254
0.096932
0.085497
0.086290
0.067865
0.076779
0.081701
0.084812
0.090641
