0.015503
0.113464
0.126429
0.102178
0.124667
0.118862
0.093086
0.085930
0.106789
0.085794
0.124992
0.086477
0.101175
0.068791
0.099158
0.085163
0.084460
0.088893
0.081266
0.084508
0.077480
0.087030
0.084768
0.091758
0.094191
0.104062
0.078015
0.123037
0.118511
0.095332
0.080106
0.102198
0.106373
0.124061
0.113738
0.085624
0.069580
0.090072
0.091814
0.094892
0.096133
0.077698
0.096412
0.086579
0.077085
0.076841
0.075036
0.088095
0.083297
0.087114
0.118391
0.105553
0.094866
0.112410
0.120864
0.106943
0.100571
0.063066
0.091017
0.090217
0.113106
0.078192
0.087942
0.091347
0.090045
0.111605
0.081831
0.093998
0.074314
0.095082
0.094409
0.090467
0.088669
0.109011
0.095285
0.092452
0.087499
0.073086
0.074484
0.102525
0.125885
0.104172
0.085959
0.083051
0.098178
0.114065
0.105501
0.083394
0.097257
0.069847
0.073066
0.105982
0.078945
0.084177
0.097828
0.118901
0.117782
0.088815
0.097382
0.120029
0.113136
0.084940
0.080794
0.108387
0.133612
0.092166
0.080564
0.105345
0.101250
0.083946
0.081247
0.074473
0.116067
0.127646
0.082833
0.087931
0.092819
0.106734
0.089686
0.111860
0.080487
0.063437
0.115422
0.096149
0.089295
0.097122
0.124530
0.093493
0.079395
0.081357
0.099179
0.117293
0.081666
0.095351
0.091273
0.113339
0.100688
0.096668
0.070230
0.083854
0.076784
0.088580
0.083005
0.086668
0.105569
0.100054
0.108638
0.088168
0.080258
0.099472
0.100409
0.098020
0.097025
0.129964
0.102946
0.121017
0.084223
0.117388
0.109838
0.083467
0.076057
0.084892
0.081611
0.075129
0.089899
0.083435
0.075271
0.093610
0.093353
0.088046
0.076509
0.109346
0.081875
0.100144
0.108567
0.096739
0.089932
0.090506
0.104206
0.080256
0.105763
0.104258
0.125905
0.080866
0.092416
0.109423
0.086050
0.057069
0.095076
0.084411
0.090508
0.054289
0.093661
0.104658
0.107570
0.095647
0.079061
0.083414
0.090037
0.099542
0.095145
0.075493
0.083875
0.077351
0.079152
0.097391
0.085272
0.105947
0.095499
0.110208
0.101874
0.102671
0.079594
0.107612
0.097518
0.075658
0.078332
0.101829
0.105064
0.081078
0.079177
0.109903
0.097480
0.087909
0.090224
0.088654
0.098163
0.087026
0.106040
0.118769
0.124793
0.074750
0.095035
0.087243
0.064614
0.096992
0.115207
0.095091
0.091914
0.080468
0.082109
0.098462
0.090908
0.066477
0.111487
0.074625
0.065788
0.115422
0.097239
0.090695
0.095388
0.117686
0.089830
0.064211
0.089346
0.105709
0.101290
0.094777
0.092868
0.076040
0.108900
0.090823
0.108368
0.112214
0.095911
0.102133
0.073955
0.099749
0.115158
0.104337
0.077528
0.082978
0.081285
0.114757
0.112506
0.082454
0.104568
0.099256
0.108706
0.150779
0.128945
0.094369
0.122299
0.126446
0.092070
0.109902
0.076541
0.098851
0.068911
0.081044
0.059552
0.073996
0.107959
0.125904
0.096407
0.084534
0.101643
0.075968
0.094276
0.102735
0.083219
0.088344
0.091106
0.082357
0.103443
0.093807
0.096709
0.085546
0.113719
0.102575
0.102691
0.097841
0.079647
0.093765
0.098455
0.095713
0.080905
0.133793
0.116283
0.063046
0.076623
0.071470
0.077790
0.072663
0.062147
0.097686
0.097769
0.123867
0.096876
0.105680
0.120700
0.090548
0.108435
0.118945
0.078531
0.139277
0.128072
0.117847
0.126131
0.096563
0.093856
0.102620
0.090457
0.075640
0.111594
0.071311
0.110333
0.121493
0.073967
0.085059
0.103848
0.083855
0.113105
0.089030
0.088046
0.110877
0.102983
0.099279
0.065476
0.079201
0.078820
0.070084
0.103893
0.083392
0.087123
0.065258
0.086932
0.111350
0.114087
0.092868
0.098937
0.083622
0.105118
0.098850
0.079925
0.066461
0.114781
0.103488
0.084989
0.106619
0.086886
0.088176
0.106562
0.100282
0.142296
0.108508
0.089418
0.099041
0.080409
0.079543
0.093192
0.083006
0.096093
0.097523
0.079323
0.118825
0.093476
0.095599
0.101421
0.125156
0.104014
0.075068
0.095914
0.103898
0.088961
0.079560
0.077369
0.099359
0.092410
0.090912
0.095871
0.124292
0.100436
0.082134
0.111342
0.095983
0.111580
0.122655
0.119334
0.074029
0.086139
0.088385
0.116664
0.109471
0.083071
0.072170
0.106737
0.085334
0.079714
0.102182
0.111504
0.084405
0.090571
0.102333
0.116277
0.094631
0.094283
0.100034
0.110592
0.086619
0.098553
0.094178
0.089031
0.103749
0.085816
0.107779
0.085447
0.107035
0.123975
0.088221
0.097751
0.101876
0.077599
0.088534
0.102149
0.072677
0.104485
0.062626
0.076632
0.095980
0.118008
0.106102
0.090490
0.106393
0.086379
0.100590
0.089809
0.096928
0.102683
0.097613
0.097916
0.094279
0.120346
0.105844
0.085948
0.085710
0.124858
0.079044
0.085941
0.115482
0.102982
0.082531
0.086003
0.096891
0.082173
0.088687
0.100804
0.080906
0.084117
0.074997
0.100658
0.113051
0.069514
0.096750
0.083113
0.089006
0.100917
0.119323
0.075518
0.096796
0.099603
0.070018
0.107000
0.071499
0.096633
0.127249
0.082790
0.069426
0.084385
0.070962
0.085690
0.080810
0.073395
0.075039
0.098309
0.095752
0.087365
0.074036
0.082130
0.097517
0.078929
0.063310
0.081270
0.076937
0.091539
0.112523
0.084493
0.091442
0.108041
0.089753
0.078744
0.091335
0.101236
0.091496
0.093986
0.096929
0.113945
0.081251
0.082904
0.090841
0.106114
0.083464
0.093827
0.091447
0.085378
0.109113
0.091378
0.068782
0.114437
0.092862
0.067833
0.083680
0.068875
0.065515
0.110197
0.087816
0.124203
0.092064
0.077001
0.089711
0.065502
0.150895
0.077907
0.094028
0.116727
0.132949
0.104576
0.097417
0.098597
0.088474
0.100406
0.103711
0.092158
0.107533
0.088365
0.114761
0.096091
0.101109
0.095682
0.060152
0.102416
0.120647
0.089816
0.055875
0.088553
0.087603
0.077981
0.075541
0.081961
0.081265
0.077345
0.085931
0.086374
0.071548
0.065760
0.100716
0.090128
0.096103
0.094134
0.075291
0.084294
0.080973
0.079530
0.114137
0.104806
0.061403
0.062998
0.072274
0.119800
0.108418
0.093893
0.051613
0.078915
0.099776
0.097348
0.075455
0.094156
0.097688
0.087965
0.090910
0.062528
0.066420
0.098787
0.075449
0.081150
0.093719
0.097355
0.090080
0.089854
0.073391
0.112334
0.095907
0.080531
0.082169
0.080848
0.085663
0.086471
0.081412
0.071136
0.108207
0.088067
0.084850
0.075378
0.064756
0.085570
0.076726
0.086786
0.082480
0.081364
0.079746
0.077679
0.076363
0.107308
0.104733
0.093839
0.083400
0.089559
0.092027
0.117003
0.107649
0.079992
0.065954
0.104500
0.128906
0.092517
0.080406
0.111418
0.088454
0.085163
0.116449
0.102461
0.092247
0.075440
0.092338
0.113523
0.091722
0.096311
0.115290
0.111369
0.089364
0.086782
0.102504
0.097414
0.083673
0.103633
0.078780
0.064195
0.119818
0.129995
0.106957
0.098700
0.111533
0.076443
0.078288
0.128010
0.106716
0.064985
0.086760
0.100755
0.097373
0.084473
0.074264
0.096759
0.112167
0.099544
0.072492
0.110321
0.090803
0.067665
0.088790
0.151880
0.087949
0.100240
0.141807
0.092317
0.082667
0.089918
0.107567
0.092026
0.105581
0.061365
0.099998
0.076689
0.111175
0.067863
0.117011
0.105536
0.089554
0.086920
0.085959
0.094737
0.089494
0.084082
0.089405
0.100911
0.103016
0.081327
0.102667
0.097258
0.073963
0.120891
0.126087
0.107428
0.069307
0.072351
0.095175
0.070417
0.078903
0.072628
0.107940
0.093764
0.105159
0.110536
0.089025
0.121064
0.112026
0.094701
0.085430
0.076841
0.083660
0.134010
0.084293
0.072751
0.098302
0.113700
0.050002
0.087776
0.081271
0.083569
0.095439
0.101992
0.103792
0.080840
0.087508
0.107527
0.099482
0.078094
0.083589
0.114257
0.090347
0.097224
0.089288
0.106919
0.098467
0.105023
0.072329
0.084961
0.109488
0.126857
0.099716
0.107825
0.078944
0.075967
0.121229
0.096518
0.105277
0.083178
0.082420
0.074953
0.087163
0.085734
0.074175
0.090917
0.135031
0.082861
0.103061
0.092294
0.079540
0.090255
0.059123
0.085490
0.095917
0.076758
0.072294
0.093587
0.086282
0.102542
0.093216
0.120854
0.102408
0.083936
0.068016
0.085723
0.088893
0.090191
0.096968
0.098668
0.108741
0.149851
0.073375
0.087596
0.080124
0.086264
0.099377
0.086930
0.103317
0.102146
0.109383
0.091914
0.066194
0.072691
0.086680
0.100472
0.108530
0.064223
0.086958
0.116046
0.088803
0.083184
0.085154
0.090294
0.070714
0.103480
0.081695
0.098840
0.103692
0.101397
0.090567
0.085861
0.083213
0.114245
0.113901
0.094783
0.087718
0.088623
0.083120
0.073277
0.110881
0.114489
0.101169
0.118136
0.090521
0.086421
0.123276
0.108387
0.083580
0.086687
0.081038
0.094196
0.092489
0.104589
0.093345
0.112005
0.074823
0.087558
0.110744
0.097448
0.106753
0.114895
0.110914
0.088971
0.110452
0.081873
0.104328
0.121334
0.116192
0.075182
0.110556
0.113651
0.077188
0.085402
0.097684
0.108290
0.086992
0.114972
0.107674
0.105592
0.092590
0.079594
0.081011
0.100952
0.074540
0.081126
0.126802
0.102555
0.065097
0.109042
0.085433
0.082047
0.117136
0.118484
0.108713
0.128594
0.092332
0.072632
0.092404
0.072403
0.077198
0.119157
0.091814
0.071154
0.087199
0.098785
0.109338
0.075717
0.099108
0.092141
0.089580
0.077538
0.125596
0.099579
0.098349
0.070468
0.108685
0.119867
0.086377
0.077569
0.093011
0.084787
0.082923
0.087356
0.069133
0.084559
0.115723
0.091863
0.058314
0.099133
0.137854
0.098476
0.074669
0.077830
0.111605
0.091907
0.122893
0.143987
0.095221
0.105051
0.133988
0.074423
0.096595
0.094811
0.083012
0.076051
0.097817
0.094924
0.091611
0.099706
0.101624
0.088810
0.102869
0.105135
0.114043
0.117932
0.096354
0.111397
0.117284
0.106477
0.136402
0.104744
0.093276
0.089194
0.095109
0.092803
0.077393
0.092010
0.081913
0.088743
0.085652
0.095868
0.114532
0.101317
0.100865
0.122220
0.072493
0.084171
0.104051
0.110102
0.085848
0.088594
0.099530
0.107492
0.087206
0.089360
0.096044
0.110781
0.121154
0.122908
0.080443
0.102114
0.093050
0.120851
0.091917
0.124302
0.075132
0.099912
0.076409
0.096553
0.081181
0.109013
0.091332
0.113024
0.102433
0.078783
0.098156
0.068434
0.074359
0.084237
0.076630
0.108491
0.100963
0.071133
0.114623
0.077109
0.075650
0.107881
0.126443
0.069585
0.109809
0.112278
0.089643
0.071985
0.103189
0.108792
0.144859
0.087133
0.111737
0.096107
0.095770
0.094473
0.071351
0.070009
0.089926
0.091438
0.096677
0.098824
0.087574
0.092023
0.111877
0.084372
0.088489
0.081764
0.110156
0.064301
0.101312
0.076621
0.079261
0.098572
0.106664
0.104150
0.103829
0.086684
0.086463
0.067757
0.059674
0.100658
0.102129
0.081218
0.088129
0.109980
0.097929
0.092481
0.105445
0.097968
0.082173
0.081900
0.077790
0.077801
0.079020
0.081963
0.058551
0.057097
0.083242
0.057090
0.081779
0.083336
0.095439
0.090999
0.078525
0.109624
0.085651
0.076810
0.075182
0.087141
0.061795
0.085000
0.085640
0.097807
0.099708
0.092925
0.089223
0.059940
0.092239
0.089704
0.072089
0.074632
0.091149
0.095478
0.091095
0.117163
0.080677
0.092258
0.092562
0.086123
0.106762
0.091706
0.085069
0.077196
0.107549
0.091372
0.080073
0.108704
0.100142
0.086354
0.069608
0.120507
0.090352
0.100996
0.059287
0.098200
0.116887
0.081632
0.104429
0.101171
0.098476
0.060242
0.089244
0.133879
0.094146
0.078649
0.101858
0.104895
0.090605
0.115658
0.084302
0.113044
0.076794
0.079707
0.106440
0.113032
0.097964
0.086895
0.111235
0.071650
0.106514
0.083349
0.099250
0.138552
0.087049
0.115057
0.136906
0.108139
0.134290
0.166307
0.076955
0.082608
0.087378
0.089898
0.079260
0.084840
0.130007
0.112639
0.112643
0.093564
0.095483
0.120377
0.106906
0.088631
0.079790
0.126393
0.087105
0.108369
0.071032
0.101639
0.093377
0.084805
0.070971
0.100391
0.090666
0.095111
0.086435
0.063888
0.089594
0.103848
0.085843
0.083242
0.101355
0.090959
0.122842
0.088820
0.095874
0.117470
0.100729
0.100766
0.116078
0.099681
0.093105
0.097754
0.072858
0.077813
0.121768
0.101461
0.081067
0.077857
0.098161
0.101747
0.066736
0.082852
0.080333
0.124387
0.104500
0.087399
0.098429
0.072063
0.111564
0.093567
0.105891
0.088019
0.087013
0.092400
0.087638
0.091736
0.080011
0.072337
0.090940
0.091981
0.088589
0.087553
0.089961
0.082166
0.098349
0.103450
0.074116
0.111353
0.114668
0.089305
0.076085
0.076534
0.069040
0.089173
0.064489
0.103045
0.088578
0.088517
0.091443
0.110538
0.098909
0.106634
0.107635
0.088006
0.109211
0.078628
0.086739
0.094790
0.091664
0.096515
0.115080
0.115669
0.107861
0.071609
0.083883
0.104991
0.075556
0.093254
0.078027
0.078950
0.099354
0.110489
0.103237
0.104278
0.110513
0.132410
0.105628
0.056894
0.094923
0.115960
0.101503
0.077448
0.074001
0.116411
0.077799
0.078489
0.077774
0.105358
0.101736
0.089195
0.065100
0.077440
0.106634
0.100056
0.089030
0.099335
0.126772
0.074533
0.078496
0.106109
0.071950
0.073215
0.076846
0.070120
0.087256
0.083381
0.081861
0.069838
0.098232
0.119982
0.106049
0.100929
0.127573
0.100950
0.069940
0.093688
0.080892
0.077400
0.088365
0.080243
0.109747
0.087285
0.100723
0.109258
0.095916
0.113495
0.104503
0.083207
0.105874
0.075443
0.113448
0.075291
0.089168
0.098997
0.098419
0.111126
0.119409
0.080702
0.109757
0.102846
0.109734
0.086054
0.087460
0.147948
0.115706
0.107528
0.076649
0.095450
0.087992
0.109233
0.114926
0.116514
0.078767
0.099508
0.117480
0.087092
0.076334
0.070168
0.091976
0.094961
0.098161
0.089517
0.101406
0.111015
0.081466
0.088908
0.099621
0.100664
0.080347
0.109439
0.113305
0.112073
0.088525
0.090338
0.138861
0.122516
0.098738
0.092651
0.122813
0.122919
0.111909
0.136746
0.103025
0.062018
0.091921
0.111014
0.087527
0.100291
0.110837
0.086659
0.086307
0.118488
0.106211
0.111082
0.088417
0.101679
0.078035
0.117555
0.083406
0.086565
0.100862
0.079023
0.105382
0.100767
0.081692
0.088201
0.123728
0.089551
0.108981
0.106787
0.113334
0.079545
0.083117
0.104096
0.103968
0.115236
0.078541
0.067893
0.095801
0.101206
0.093801
0.090641
0.111944
0.095682
0.124951
0.106638
0.120109
0.112448
0.108915
0.088330
0.107540
0.095297
0.098256
0.098655
0.103843
0.092863
0.082368
0.092669
0.096439
0.105093
0.087711
0.087929
0.087231
0.076403
0.096480
0.108499
0.075030
0.089763
0.079952
0.088136
0.068455
0.066224
0.090250
0.086594
0.084571
0.082734
0.102486
0.119927
0.077681
0.097582
0.133402
0.095628
0.097148
0.098514
0.094419
0.105996
0.079483
0.062154
0.107925
0.076116
0.087926
0.092797
0.100019
0.112937
0.086588
0.078526
0.093094
0.086176
0.063106
0.073940
0.074033
0.083927
0.066495
0.105801
0.082726
0.080086
0.074667
0.070254
0.104450
0.094820
0.086672
0.084586
0.077441
0.068391
0.094569
0.090237
0.114424
0.091234
0.123284
0.088129
0.090105
0.087605
0.090708
0.098248
0.086493
0.089099
0.093831
0.104229
0.087950
0.097006
0.090196
0.077359
0.121946
0.115744
0.082964
0.089834
0.090492
0.071463
0.150927
0.093860
0.123163
0.084725
0.086045
0.109007
0.079098
0.075258
0.102087
0.099685
0.092649
0.089718
0.084902
0.089966
0.096069
0.107938
0.090961
0.072173
0.103159
0.095462
0.089302
0.103892
0.099414
0.087032
0.080220
0.083565
0.072109
0.105011
0.081000
0.071889
0.085763
0.102378
0.098352
0.110646
0.094069
0.070991
0.069917
0.081341
0.078945
0.069152
0.094212
0.068583
0.098969
0.092912
0.068121
0.101903
0.080588
0.082446
0.106722
0.085099
0.088331
0.089281
0.075898
0.054483
0.084999
0.064446
0.101888
0.096182
0.073736
0.080387
0.083246
0.094761
0.096765
0.104237
0.098908
0.101934
0.119506
0.100763
0.098665
0.082293
0.072423
0.093662
0.102427
0.093380
0.105313
0.111997
0.078689
0.090804
0.078946
0.100108
0.093227
0.076388
0.085631
0.092206
0.083081
0.058709
0.074117
0.108789
0.070152
0.094488
0.085426
0.076938
0.098147
0.107554
0.112472
0.095101
0.102145
0.074252
0.076758
0.095955
0.061210
0.074548
0.103587
0.093650
0.100746
0.091979
0.086984
0.088025
0.109186
0.100322
0.119372
0.095702
0.122905
0.080512
0.106248
0.092881
0.108826
0.094736
0.074117
0.112056
0.104786
0.080066
0.064811
0.113121
0.137351
0.133211
0.113594
0.104985
0.104165
0.069646
0.079447
0.103244
0.143778
0.099675
0.104926
0.082414
0.092265
0.097851
0.100355
0.108677
0.084042
0.080632
0.079046
0.073536
0.062586
0.117599
0.085962
0.093024
0.069600
0.102705
0.076772
0.082208
0.085562
0.082843
0.087418
0.094144
0.088740
0.087871
0.058321
0.080933
0.075748
0.088500
0.073976
0.083085
0.097784
0.076881
0.094901
0.095094
0.080405
0.095213
0.083791
0.082008
0.068792
0.086587
0.083990
0.072154
0.079478
0.097225
0.071201
0.104518
0.100095
0.086793
0.135163
0.093802
0.115082
0.096985
0.089329
0.107078
0.131157
0.096861
0.090012
0.112805
0.104633
0.123354
0.087540
0.063317
0.118761
0.090406
0.089161
0.104301
0.107398
0.088711
0.102903
0.096623
0.089787
0.073383
0.128056
0.110986
0.069018
0.107921
0.087326
0.135260
0.097528
0.083545
0.068106
0.108723
0.090581
0.075557
0.107267
0.081518
0.094053
0.086401
0.109305
0.117405
0.099154
0.095273
0.083213
0.109596
0.107757
0.083236
0.089345
0.080935
0.171473
0.087972
0.104287
0.099390
0.098993
0.066137
0.086621
0.111999
0.111846
0.103807
0.097481
0.106160
0.110250
0.106464
0.090899
0.099747
0.108162
0.089637
0.086318
0.098060
0.064591
0.087820
0.088537
0.082473
0.101507
0.093503
0.096924
0.110416
0.110569
0.115295
0.113038
0.102979
0.089972
0.114368
0.079127
0.068712
0.094393
0.084894
0.097558
0.092035
0.126717
0.109216
0.102464
0.092461
0.107286
0.096982
0.080324
0.090001
0.099086
0.097973
0.111034
0.096055
0.092187
0.119948
0.096737
0.091483
0.111421
0.110028
0.100534
0.108819
0.077412
0.119975
0.094717
0.119235
0.120317
0.119133
0.116786
0.104256
0.103960
0.092523
0.091596
0.087643
0.085335
0.092125
0.111673
0.106685
0.083289
0.127557
0.103912
0.108245
0.101564
0.071930
0.072099
0.111039
0.138227
0.099510
0.111437
0.125797
0.107890
0.093220
0.098697
0.087469
0.112479
0.132629
0.117020
0.105140
0.084164
0.081900
0.081183
0.087300
0.076994
0.100356
0.111203
0.093381
0.099271
0.078882
0.071036
0.092855
0.108282
0.071432
0.083603
0.077724
0.114395
0.148385
0.096833
0.101596
0.097039
0.087828
0.061719
0.094670
0.085244
0.079227
0.082968
0.084127
0.093302
0.063650
0.090948
0.095310
0.107697
0.094370
0.088427
0.077644
0.094938
0.089091
0.112321
0.085126
0.094865
0.093091
0.094531
0.081198
0.071198
0.077935
0.090914
0.076094
0.086780
0.075734
0.086882
0.146323
0.092402
0.098414
0.089665
0.088958
0.108584
0.109819
0.093679
0.109808
0.048902
0.090126
0.085274
0.071784
0.092226
0.130597
0.092307
0.099410
0.105810
0.085222
0.091158
0.099652
0.080534
0.077635
0.118469
0.081116
0.067493
0.077525
0.095572
0.106770
0.101663
0.080653
0.075025
0.095134
0.084339
0.082373
0.105401
0.110195
0.106512
0.078891
0.078673
0.105540
0.120165
0.091629
0.083432
0.091223
0.088349
0.079572
0.073751
0.084442
0.084012
0.120773
0.093785
0.091263
0.104675
0.083303
0.075974
0.069400
0.099579
0.097200
0.133393
0.132047
0.093102
0.087810
0.104221
0.143967
0.085356
0.078632
0.092490
0.094152
0.107930
0.113584
0.091072
0.078602
0.098417
0.097483
0.119673
0.089689
0.140651
0.130465
0.061730
0.103172
0.128510
0.103768
0.102110
0.100642
0.093261
0.091984
0.085631
0.095511
0.096308
0.079960
0.058074
0.105344
0.116222
0.079812
0.090224
0.079455
0.095187
0.080927
0.096442
0.118983
0.064701
0.093371
0.098788
0.117233
0.081207
0.084996
0.076873
0.083283
0.070813
0.107419
0.093610
0.106173
0.081375
0.100222
0.083800
0.088719
0.085505
0.126577
0.116298
0.096810
0.113133
0.085433
0.128096
0.113631
0.115932
0.117817
0.117798
0.086515
0.143991
0.070632
0.084296
0.096483
0.077822
0.125944
0.115313
0.119837
0.110744
0.081705
0.119668
0.078900
0.094350
0.098178
0.110431
0.094096
0.096517
0.087885
0.096915
0.099083
0.104573
0.116117
0.095697
0.090912
0.076962
0.097891
0.093047
0.103888
0.057087
0.102055
0.116719
0.094518
0.103590
0.114510
0.098783
0.104662
0.084394
0.105649
0.125624
0.071067
0.100483
0.113558
0.100215
0.095475
0.100821
0.067366
0.087461
0.095588
0.105219
0.077346
0.077394
0.089111
0.135380
0.115506
0.082478
0.094329
0.094903
0.077817
0.091413
0.107452
0.105793
0.102216
0.062053
0.090630
0.094577
0.096652
0.064676
0.102615
0.089847
0.105165
0.111819
0.073809
0.126559
0.084640
0.063609
0.076238
0.112140
0.079619
0.081016
0.110596
0.073000
0.077578
0.088271
0.068055
0.074275
0.089696
0.064794
0.098022
0.098691
0.082447
0.116496
0.081054
0.086254
0.063701
0.084546
0.103068
0.086865
0.094309
0.091518
0.123586
0.100928
0.098881
0.105450
0.103894
0.088356
0.070779
0.087392
0.073708
0.112417
0.116242
0.092691
0.094722
0.093868
0.106109
0.109616
0.120209
0.095169
0.116086
0.136637
0.109063
0.072866
0.074028
0.093765
0.081533
0.079161
0.082205
0.079771
0.097252
0.098015
0.123247
0.087380
0.083023
0.105619
0.083080
0.072663
0.073146
0.107637
0.111383
0.088150
0.084661
0.088284
0.087374
0.119990
0.077436
0.091103
0.106718
0.091951
0.084732
0.074456
0.093463
0.082968
0.088323
0.093257
0.100092
0.103248
0.075150
0.099200
0.097318
0.087919
0.066115
0.066976
0.094193
0.091264
0.107218
0.078164
0.129582
0.109798
0.100770
0.139901
0.111022
0.107047
0.091193
0.095541
0.075726
0.113854
0.087857
0.080087
0.096585
0.111709
0.083110
0.105349
0.057658
0.104821
0.105285
0.090857
0.088141
0.081148
0.096424
0.087736
0.074541
0.068362
0.085220
0.079201
0.118640
0.103494
0.087929
0.091776
0.068910
0.089121
0.098505
0.099604
0.060384
0.100004
0.095176
0.123769
0.108364
0.076496
0.114296
0.109479
0.089988
0.099799
0.097374
0.088384
0.085804
0.084075
0.095765
0.112287
0.081970
0.096612
0.078293
0.098547
0.074655
0.124650
0.073707
0.112961
0.080452
0.094173
0.091660
0.092160
0.105082
0.073746
0.087305
0.103840
0.104006
0.105066
0.096402
0.072238
0.088840
0.107700
0.094805
0.088018
0.081539
0.066733
0.091502
0.092773
0.071997
0.104050
0.106365
0.100858
0.129997
0.112864
0.088452
0.078506
0.110467
0.084263
0.087598
0.073364
0.114521
0.103531
0.088400
0.092326
0.096734
0.092039
0.075913
0.095643
0.104973
0.071373
0.091547
0.083484
0.063181
0.098435
0.071677
0.072212
0.104261
0.090180
0.085545
0.088327
0.098483
0.075167
0.069146
0.108226
0.089777
0.089181
0.067647
0.083885
0.078858
0.056041
0.084746
0.096874
0.081616
0.092835
0.087964
0.085649
0.085745
0.124766
0.116409
0.104172
