387	50	35	32
387	48	33	33
388	48	33	33
384	50	34	31
384	48	33	33
382	50	33	33
387	48	33	33
387	36	33	33
381	33	34	34
372	36	34	34
372	35	34	34
360	40	32	34
340	40	33	33
323	34	30	33
302	29	32	32
288	22	35	32
288	20	34	34
281	15	34	34
268	23	34	31
256	27	33	31
245	31	32	32
240	32	32	32
239	31	33	33
235	32	36	30
233	31	33	33
231	33	33	31
228	28	32	32
223	26	33	30
224	27	32	32
217	28	32	32
214	30	32	32
231	37	32	32
259	43	33	33
264	40	29	33
264	39	31	34
248	37	29	33
242	32	31	34
239	25	33	35
239	22	30	34
239	21	32	35
238	21	34	34
240	16	34	34
237	12	30	34
235	10	29	32
241	11	31	31
238	13	31	34
237	14	32	32
232	18	33	33
232	24	33	33
228	32	33	33
229	41	33	31
234	51	32	30
234	49	31	31
232	59	35	29
235	68	35	32
239	74	34	30
239	79	32	28
241	83	33	30
241	85	32	28
245	90	35	30
245	96	33	26
240	98	32	29
240	99	35	27
244	99	36	28
243	99	37	28
246	101	35	28
247	103	36	28
251	105	35	28
254	108	35	27
256	108	36	28
256	108	36	28
260	110	32	26
259	111	35	29
260	116	37	25
262	120	37	24
270	120	33	24
271	119	32	25
277	121	33	23
276	120	34	25
268	119	35	23
263	116	34	25
262	113	34	24
261	115	33	23
252	109	37	25
252	105	35	24
249	106	39	23
241	107	37	27
230	108	37	25
231	109	37	24
225	105	40	27
221	103	40	26
220	103	39	26
224	103	39	26
221	104	42	25
220	103	44	26
221	105	39	25
223	105	39	25
223	107	42	25
232	107	37	26
232	108	38	25
232	107	38	25
231	111	41	25
239	113	37	23
237	118	39	23
244	120	41	24
251	121	43	25
251	120	40	26
254	119	39	26
261	119	37	26
260	121	35	25
252	116	40	26
254	114	37	26
253	115	38	25
256	108	41	27
262	100	34	27
256	95	35	27
250	91	35	27
245	87	34	29
245	86	35	28
242	87	31	28
243	89	34	30
240	94	32	30
239	102	31	31
240	112	31	31
240	111	32	32
240	121	32	32
239	127	32	32
238	130	32	32
240	134	29	33
242	135	31	34
242	135	32	32
246	134	29	36
245	134	29	35
245	135	28	37
250	135	29	37
257	138	26	36
256	138	28	36
262	139	28	36
262	137	28	37
265	135	29	39
270	132	27	39
274	131	26	37
273	131	28	38
275	130	26	37
277	128	25	39
277	127	25	38
278	122	25	42
278	121	26	39
278	120	25	40
277	120	26	40
277	121	26	39
274	119	25	38
273	120	25	36
271	119	26	34
271	119	27	35
267	122	31	31
266	121	31	31
263	121	31	31
264	120	32	32
263	120	35	32
264	121	34	30
263	123	35	28
266	121	36	28
267	122	35	28
267	124	35	25
267	126	36	26
268	126	36	27
269	128	36	28
272	130	32	28
271	134	34	27
273	135	35	27
273	139	36	28
272	139	36	28
274	142	35	26
276	144	34	27
275	143	35	27
275	143	36	28
275	147	36	25
274	146	37	27
274	149	36	25
274	147	37	27
274	150	39	26
279	151	36	25
277	151	41	24
276	151	42	25
280	151	38	26
287	147	38	25
288	143	42	25
291	144	39	26
292	147	38	25
293	148	38	25
295	146	37	27
295	149	37	26
293	152	37	27
292	152	37	26
293	152	35	25
292	151	36	26
295	153	35	27
296	153	36	28
296	154	37	28
295	154	37	29
293	153	33	29
292	151	36	31
290	150	34	27
288	146	35	30
287	144	33	29
287	141	31	31
287	139	31	31
286	141	31	28
288	138	30	30
289	136	30	30
290	134	30	30
292	133	31	31
294	131	31	31
293	131	31	31
295	130	29	31
295	130	30	35
296	130	30	33
295	129	32	32
293	127	32	32
293	126	32	32
288	124	32	35
287	122	27	34
281	120	31	33
280	117	32	32
280	113	29	39
280	114	30	39
279	112	30	37
281	109	30	39
285	109	27	34
288	107	31	37
290	104	30	39
291	104	28	38
289	100	29	44
287	99	29	36
282	97	29	39
284	98	30	39
288	96	27	39
288	97	26	40
288	96	29	39
290	94	27	40
288	91	26	44
291	92	27	41
296	90	24	42
295	90	26	43
303	89	24	45
313	85	22	45
316	84	23	42
320	81	21	42
318	80	22	44
318	82	22	41
320	77	22	45
319	77	21	42
322	79	22	40
320	80	24	40
319	79	25	42
320	79	23	43
319	81	23	43
315	82	25	43
309	82	26	44
308	85	27	41
307	87	27	41
308	88	27	38
304	88	28	39
303	89	27	38
300	88	28	39
299	88	30	38
301	87	30	36
301	87	29	36
298	82	29	38
296	80	30	36
296	78	29	35
295	77	32	35
294	75	30	34
293	75	32	35
289	73	30	34
283	71	32	35
282	70	30	34
280	67	29	37
280	66	33	38
280	68	31	35
282	66	30	39
284	65	27	39
284	67	29	38
284	67	30	38
285	66	30	37
286	65	30	39
288	64	30	39
289	67	30	35
288	67	32	37
290	69	28	35
284	70	31	38
285	69	28	38
286	75	33	37
290	80	31	37
285	83	27	38
284	89	32	37
275	92	28	35
273	91	31	36
263	95	30	36
268	98	29	36
262	99	33	36
261	100	28	35
256	105	31	37
258	104	27	38
251	110	32	35
249	112	34	34
252	113	31	34
251	113	33	33
249	114	33	30
248	113	35	32
250	115	34	34
246	119	34	30
244	119	37	32
244	125	35	31
245	126	38	30
244	125	37	30
251	124	34	31
256	120	33	30
255	117	35	32
263	120	34	30
263	117	32	32
263	118	32	32
256	116	32	32
253	113	33	33
251	108	33	33
252	104	33	33
255	96	33	33
255	98	34	31
256	92	33	33
257	88	33	33
257	86	33	33
258	82	33	33
257	80	34	34
257	81	34	34
260	79	34	34
263	78	34	34
263	75	35	35
263	73	31	33
255	73	32	37
255	74	35	35
259	77	35	35
277	81	32	35
279	76	31	39
266	74	31	38
270	77	31	42
270	76	31	42
286	81	29	40
292	88	30	39
300	91	31	38
309	92	31	39
311	90	31	38
311	90	31	38
317	88	31	34
323	81	33	37
329	78	32	35
335	75	34	34
335	74	34	34
336	74	34	34
337	75	35	35
339	75	35	35
337	73	35	35
338	73	35	35
336	75	36	32
336	75	37	34
338	72	38	32
341	69	38	35
340	69	34	33
336	68	36	33
327	69	35	35
327	68	35	35
314	72	36	33
303	73	38	32
298	71	35	35
291	71	35	35
284	72	35	32
282	71	37	34
279	73	36	32
275	72	37	34
272	76	36	36
270	77	36	33
267	76	35	35
267	77	35	35
268	80	35	35
268	82	35	35
270	85	32	33
266	85	35	32
266	85	34	34
266	84	34	34
265	88	35	32
262	91	36	31
255	96	39	34
252	105	36	29
262	110	39	32
262	111	39	32
261	119	39	28
255	120	40	29
257	122	39	27
259	125	38	26
255	125	38	28
254	125	40	29
249	126	41	27
250	125	39	27
248	127	37	26
247	125	38	28
246	122	40	29
247	123	39	27
247	122	41	26
255	121	41	28
260	117	41	27
257	119	41	27
263	118	40	27
263	119	41	26
264	117	44	26
267	113	41	27
263	113	40	27
256	111	44	26
256	105	46	27
258	104	43	29
263	97	41	28
258	89	46	27
263	83	41	28
260	78	41	27
256	74	45	27
255	74	47	28
256	72	42	26
251	71	45	27
250	72	42	28
241	74	46	27
236	75	43	28
233	75	47	28
229	77	40	29
228	86	41	30
231	96	41	28
226	102	41	27
227	104	41	27
224	103	45	30
236	107	37	26
243	107	38	28
241	105	40	29
242	103	41	27
244	102	42	27
244	103	42	27
252	98	39	30
258	96	39	27
259	94	44	26
261	90	46	27
262	87	41	26
260	87	44	26
260	82	41	27
256	79	45	27
256	77	44	28
256	76	47	28
257	75	46	29
257	75	46	29
263	79	43	25
264	82	44	29
262	82	48	29
257	84	45	27
249	84	47	28
251	85	45	26
247	81	47	28
246	80	46	24
250	75	45	27
250	72	46	25
249	70	46	27
249	71	48	26
248	70	48	26
246	66	47	28
244	66	46	27
238	67	47	28
234	69	46	26
234	68	47	28
232	70	46	26
231	75	44	28
234	82	44	28
233	91	48	28
239	97	45	30
239	97	44	29
241	99	43	29
235	100	41	28
223	99	42	27
217	98	46	27
220	95	43	29
220	96	43	28
220	93	42	28
218	88	41	29
215	84	40	30
210	80	42	31
208	78	42	33
208	80	43	30
211	79	41	32
213	79	39	32
211	78	41	32
209	76	42	31
208	76	42	29
208	75	40	31
209	76	41	32
212	79	41	31
219	82	41	32
226	87	42	33
236	92	37	33
236	91	38	35
245	93	37	34
252	92	36	36
262	91	36	36
270	90	36	39
274	87	33	38
272	87	36	39
277	85	33	37
281	79	35	41
286	72	34	44
286	66	33	44
284	61	33	44
282	61	34	44
279	56	31	44
269	54	33	43
263	50	30	45
258	49	30	47
255	49	32	47
255	49	31	47
253	49	31	51
249	53	32	48
251	54	31	49
253	55	32	49
257	58	32	48
257	58	31	47
263	59	31	52
271	65	32	50
283	73	32	50
286	81	29	49
289	83	30	46
289	82	30	47
284	81	30	47
287	78	30	47
295	72	30	47
303	64	30	51
302	58	32	49
302	59	32	48
288	55	31	48
278	53	31	49
268	52	31	49
257	53	32	48
249	56	35	48
251	57	33	47
246	61	32	48
241	64	35	48
240	67	33	49
244	69	32	47
245	70	35	47
246	70	32	47
247	69	31	48
242	69	31	49
237	69	31	49
239	70	32	53
249	75	33	52
249	75	33	52
261	77	30	50
260	75	31	52
263	75	32	51
266	72	30	51
270	68	28	52
270	68	28	52
273	68	28	52
267	67	28	51
263	71	28	51
260	78	27	51
255	85	27	50
255	85	27	50
243	92	30	50
231	100	28	52
230	115	31	51
231	126	26	50
217	125	29	49
218	124	28	51
219	125	27	51
227	124	27	50
225	123	27	50
224	123	27	50
223	123	27	53
223	124	27	51
221	124	27	50
222	124	30	50
218	121	28	52
216	120	26	48
214	119	28	47
215	118	27	49
196	121	44	49
191	125	53	53
194	125	50	61
213	146	24	51
216	156	28	54
217	156	26	53
228	165	25	55
218	175	25	56
215	178	25	55
227	186	25	54
240	186	24	54
241	186	24	53
239	187	24	55
254	183	24	55
255	178	24	54
259	174	24	55
267	171	24	54
267	171	24	53
264	168	24	55
264	167	24	53
262	162	24	55
254	161	24	55
263	165	24	54
263	166	24	53
256	164	26	55
252	170	25	54
259	176	27	55
267	179	28	52
266	181	31	51
266	179	29	53
265	177	29	53
259	171	28	53
250	165	31	52
249	161	29	51
248	158	28	52
248	158	31	52
250	156	27	54
250	154	30	51
252	153	29	53
254	156	28	53
253	167	28	49
255	166	27	50
259	171	30	50
263	172	31	48
267	173	31	48
256	172	31	48
251	170	31	52
250	171	32	50
254	170	32	46
250	167	35	48
254	160	33	47
252	154	31	49
252	151	32	48
252	152	31	47
251	146	34	46
250	146	32	46
249	145	34	46
248	145	32	46
248	147	34	48
248	148	32	47
243	150	35	47
243	148	32	49
253	156	34	50
256	161	33	50
259	162	33	47
259	161	31	47
261	160	31	49
263	157	31	49
262	156	31	49
263	148	29	53
266	145	28	53
266	147	28	52
267	144	26	52
267	140	29	49
270	131	25	51
271	125	24	52
268	120	26	52
268	119	24	54
268	114	24	53
272	113	24	53
278	116	24	53
287	122	24	52
284	125	24	52
286	125	20	52
276	126	21	52
278	124	22	54
279	122	20	53
280	120	21	52
281	113	22	54
280	113	23	53
275	110	23	51
274	104	23	53
270	101	23	53
263	103	23	53
261	106	24	52
261	105	23	52
254	104	23	56
244	108	24	53
230	112	24	48
218	116	27	55
220	125	26	52
219	126	27	49
200	126	26	49
205	127	29	49
206	126	27	51
204	128	27	50
209	128	30	50
210	127	28	52
213	129	26	52
219	130	29	53
226	130	26	53
227	129	27	51
231	125	27	50
231	125	27	50
231	121	25	54
233	119	24	56
235	119	25	56
237	121	25	56
239	125	25	57
241	124	21	57
254	127	23	57
260	124	24	59
250	120	25	56
252	115	28	57
262	115	27	54
261	114	28	56
267	110	28	56
274	105	27	54
272	98	25	57
269	97	25	56
270	96	22	56
270	96	23	56
266	94	24	58
263	96	25	57
264	98	25	56
269	100	25	55
273	101	25	57
272	101	25	57
274	100	28	57
284	101	27	54
275	96	28	57
267	95	27	54
265	92	30	51
267	92	29	53
264	91	31	53
264	89	30	55
261	90	32	54
259	88	30	50
254	87	31	49
254	88	31	47
256	85	31	52
252	85	32	51
255	85	32	51
261	84	33	51
265	82	30	55
265	82	29	54
269	80	32	54
272	80	28	52
265	81	31	51
266	78	29	53
272	77	29	53
271	77	28	53
276	77	28	52
284	74	26	52
285	67	24	53
283	62	24	53
279	57	24	54
279	58	24	53
272	54	24	54
265	50	24	54
242	48	36	55
248	46	25	56
235	48	25	57
234	46	25	58
231	51	26	58
233	57	26	57
223	56	26	58
217	54	26	60
213	51	26	60
213	52	26	58
204	51	26	60
205	51	26	60
208	53	27	60
203	54	29	61
199	52	28	64
199	53	28	62
192	54	28	63
192	55	28	62
183	59	28	61
184	60	28	63
186	66	28	65
186	66	28	66
186	69	29	65
185	72	29	66
183	74	29	66
182	77	29	64
186	82	29	66
186	81	29	66
194	87	29	64
204	90	29	64
200	88	29	67
191	88	29	68
197	89	25	67
195	89	28	67
199	90	27	65
207	89	28	65
213	81	24	69
212	77	25	66
217	71	23	66
215	72	26	66
214	66	28	67
213	64	29	70
211	64	26	73
208	75	29	70
211	83	28	70
210	82	29	71
202	89	31	70
197	96	31	68
199	102	33	69
201	111	35	64
212	117	35	64
211	115	34	68
216	118	32	65
206	115	33	66
211	115	38	63
218	112	35	63
214	104	38	63
212	103	44	66
201	96	54	68
205	94	48	63
216	89	40	61
221	86	40	62
220	83	40	60
221	83	39	59
222	77	39	60
217	73	39	61
215	67	39	60
212	63	39	60
209	60	39	65
209	62	40	61
211	61	40	60
214	61	39	59
209	59	39	60
196	57	39	58
193	53	42	57
193	52	42	59
192	50	44	57
191	45	45	61
191	42	45	57
193	38	45	56
192	36	45	55
192	36	44	54
193	32	46	54
194	27	44	54
192	25	46	54
193	25	44	53
193	27	43	53
193	25	45	55
200	32	43	50
202	35	40	53
200	35	40	53
203	38	37	53
211	41	35	55
210	40	38	55
211	44	37	55
210	49	36	57
209	53	33	57
203	55	35	58
202	61	33	58
201	60	35	59
201	64	30	57
196	65	33	59
194	69	30	60
194	72	31	57
204	70	30	60
205	70	28	60
203	66	30	61
201	62	29	58
193	60	27	62
193	60	27	60
191	61	30	62
193	60	28	63
193	66	31	61
191	62	29	58
178	56	30	62
177	57	29	61
171	56	30	62
172	56	29	62
169	53	28	61
162	47	30	61
151	41	29	62
145	35	28	62
144	31	26	63
143	32	27	63
143	31	25	62
150	33	23	64
151	34	22	62
142	33	21	64
130	35	24	63
131	35	22	63
126	38	21	65
123	38	21	63
119	35	21	64
118	31	21	63
110	23	24	63
111	24	22	63
100	17	25	61
89	8	26	63
80	2	27	59
73	1	27	54
62	0	31	46
62	0	30	46
51	0	30	37
51	0	34	34
50	0	34	30
46	0	35	25
42	1	36	17
42	0	36	18
19	0	39	11
11	0	37	10
0	0	68	44
0	0	145	133
2	0	139	345
0	0	512	360
148	70	215	218
110	0	290	360
93	0	324	360
83	0	342	360
78	0	352	360
76	0	357	360
74	0	360	360
73	0	361	360
73	0	361	360
73	0	362	360
72	0	362	360
72	0	362	360
72	0	362	360
72	0	362	360
72	0	362	360
71	0	362	360
71	0	362	360
71	0	362	360
71	0	362	360
71	0	362	360
71	0	362	360
70	0	362	360
70	0	362	360
70	0	362	360
70	0	362	360
70	0	362	360
160	88	181	183
107	0	44	21
105	0	25	31
105	1	25	28
104	0	26	32
98	0	39	39
97	0	26	42
97	0	27	42
96	0	24	45
95	0	24	44
97	1	26	44
102	0	24	45
102	0	24	42
107	1	26	40
106	0	23	40
105	0	24	40
108	0	23	48
121	0	22	52
110	0	23	50
99	0	22	51
100	0	23	54
99	0	23	53
94	0	24	51
85	0	23	47
77	0	22	41
67	0	20	37
59	0	22	34
60	0	20	34
58	0	21	34
58	0	21	32
58	0	21	30
63	0	17	25
73	0	14	21
73	0	14	21
83	0	11	15
88	0	10	13
96	0	10	13
104	0	10	17
107	0	13	21
107	0	13	22
114	0	18	28
113	0	18	33
112	0	20	39
113	0	22	42
114	0	20	41
112	0	23	43
111	0	21	40
110	0	23	39
122	0	24	33
77	0	116	29
114	0	15	23
114	0	15	23
113	0	12	18
113	0	12	12
114	0	10	10
99	0	41	10
78	0	83	10
61	0	116	13
41	0	157	15
86	0	66	10
99	0	10	10
90	0	13	10
80	0	15	15
82	0	12	15
76	0	14	19
72	0	19	24
75	0	21	29
79	0	25	33
82	0	29	33
83	1	27	31
92	0	23	29
93	0	21	23
98	0	18	18
105	0	14	12
118	0	10	10
118	0	10	10
103	3	41	10
83	3	81	10
66	0	115	65
0	0	297	206
57	44	182	117
50	68	195	69
94	0	39	18
107	0	32	32
107	0	33	39
104	0	36	48
105	1	34	48
105	0	35	49
107	1	35	45
111	0	36	40
124	0	34	30
118	1	21	17
124	0	19	15
125	0	17	14
129	0	15	12
119	0	14	10
120	0	16	11
115	0	18	12
103	0	15	10
102	0	14	10
95	0	20	16
83	0	29	24
77	0	36	30
75	0	26	26
83	0	21	21
80	0	24	21
95	0	15	15
82	0	12	10
87	0	10	10
96	0	13	10
87	0	10	10
86	0	10	10
80	0	10	10
79	0	10	10
64	0	40	10
44	0	81	46
0	0	207	146
0	28	452	88
480	148	53	40
502	144	15	14
513	135	12	12
527	125	10	12
529	118	10	11
530	119	10	10
522	114	14	14
530	111	10	11
530	95	10	43
530	75	10	83
530	58	10	116
529	48	10	137
525	39	14	154
524	20	15	192
518	7	21	219
512	99	27	34
519	54	12	124
516	37	19	158
512	5	27	222
506	96	33	39
515	43	14	146
511	23	22	185
507	0	32	246
344	101	195	44
256	0	283	309
134	0	72	46
140	1	38	45
131	1	36	48
119	0	37	55
120	0	36	55
114	2	40	60
110	6	39	58
103	12	38	57
106	19	37	56
97	23	37	56
98	23	36	55
98	24	40	54
100	21	40	53
101	16	41	50
107	12	42	50
110	7	41	50
110	6	41	50
100	4	40	49
99	9	45	49
113	16	47	47
118	18	44	47
122	17	43	46
121	18	45	45
128	13	41	45
124	6	39	47
120	1	40	49
121	1	35	48
118	1	37	50
120	1	36	50
117	2	34	48
116	0	35	47
112	0	32	40
105	1	32	36
106	0	31	32
105	1	32	32
101	0	32	32
107	1	28	32
107	1	30	41
119	1	28	47
130	2	29	54
130	2	29	54
128	6	26	53
128	8	25	55
126	13	25	54
124	16	24	53
124	17	20	52
124	16	22	53
122	18	23	51
119	17	19	50
113	16	21	48
112	15	21	47
117	9	21	42
117	8	20	45
110	0	24	44
110	0	19	33
103	0	20	23
69	0	88	12
141	0	39	19
106	0	110	15
140	1	104	20
99	0	187	31
117	5	204	40
173	34	91	26
175	46	66	28
174	44	65	29
178	53	58	35
178	59	36	36
174	62	73	49
99	0	34	31
92	0	37	30
90	1	39	30
87	0	34	31
97	0	29	28
100	0	26	23
96	0	24	22
98	0	26	20
98	0	27	21
110	0	28	24
111	0	28	23
104	0	31	23
105	0	36	26
110	1	44	28
109	0	47	28
113	1	44	29
115	0	46	29
120	0	44	26
119	0	46	23
120	0	37	22
120	0	38	21
124	0	38	23
133	0	36	19
134	0	35	17
143	0	30	14
145	0	14	10
143	0	16	10
136	0	10	10
131	0	10	10
134	0	10	10
125	0	10	10
119	0	10	10
120	0	10	10
115	0	10	10
104	0	10	10
104	0	10	10
104	0	10	10
105	0	10	10
105	0	10	10
111	0	10	10
117	0	10	10
118	0	10	10
118	0	10	10
122	0	10	10
122	0	10	10
106	2	42	10
122	0	46	15
163	1	36	60
184	41	37	83
218	111	15	84
200	82	36	106
173	15	49	187
160	0	58	218
167	0	53	197
133	0	73	15
144	0	67	12
144	0	65	12
150	0	38	10
181	0	10	44
179	0	10	64
179	0	10	83
177	0	10	100
179	0	10	115
188	0	10	125
187	3	12	106
195	0	12	131
191	0	10	146
190	57	13	80
189	38	14	99
199	11	10	154
186	8	26	160
177	0	43	219
165	0	49	235
152	0	56	333
152	0	55	259
139	5	80	262
138	3	86	269
142	0	76	278
136	3	91	272
146	1	57	113
144	0	49	17
135	0	65	23
152	0	63	28
152	2	64	34
150	4	62	31
151	2	64	32
153	3	61	30
151	2	61	29
151	1	62	31
154	2	59	29
151	4	61	30
157	10	58	29
155	9	60	30
160	17	57	28
161	22	59	29
167	25	56	28
167	28	56	28
167	32	57	27
167	32	57	26
168	33	56	28
167	34	53	26
161	33	57	27
158	39	53	26
156	41	54	25
155	42	54	25
154	46	54	27
157	49	51	25
156	45	53	26
151	42	53	27
155	37	51	28
153	38	54	27
152	35	52	28
151	32	51	31
150	31	53	29
149	32	53	32
149	35	55	33
149	36	54	31
149	38	55	33
148	40	57	31
146	40	57	31
143	40	56	30
140	39	55	33
140	40	58	31
141	40	57	31
145	40	56	30
147	38	56	33
150	37	58	31
154	33	57	31
155	33	57	31
158	29	56	33
164	27	58	33
167	23	62	32
168	19	60	32
162	16	63	32
163	16	60	32
160	17	64	32
158	23	64	31
158	25	64	36
158	30	65	36
157	34	65	39
157	35	68	37
158	38	67	40
158	44	66	38
155	48	67	40
151	55	70	38
154	60	67	37
152	61	67	37
155	64	67	40
158	69	65	38
158	73	66	40
161	76	64	41
162	80	64	37
163	82	63	36
162	82	64	38
166	84	62	37
165	85	64	36
164	86	65	35
164	87	64	33
165	87	62	34
166	87	61	33
164	87	61	33
167	88	60	32
170	87	59	32
170	83	59	35
169	84	61	33
171	81	60	33
169	78	60	33
172	76	60	36
176	75	58	35
176	73	60	36
177	72	59	37
179	70	59	38
180	66	59	38
179	63	61	38
181	59	61	39
181	56	61	39
182	55	61	39
182	52	62	39
182	48	59	39
179	44	61	42
180	39	60	40
178	34	59	43
178	34	60	43
178	32	61	43
179	31	62	43
185	32	59	41
187	33	61	44
186	35	63	45
186	36	64	46
184	38	65	43
188	40	64	45
189	44	65	43
190	46	66	43
193	44	67	45
192	45	68	44
194	43	69	44
193	40	70	44
192	37	71	44
192	35	72	42
192	31	74	40
192	30	73	41
194	26	74	41
194	22	74	42
191	18	72	45
190	16	72	43
182	15	70	45
182	15	71	45
172	18	73	45
171	20	72	43
167	23	75	45
169	30	74	47
171	37	72	44
172	37	71	44
170	41	72	45
172	45	72	43
177	47	72	42
183	50	71	44
188	54	68	44
187	54	70	44
192	57	69	44
193	59	69	44
194	62	69	44
194	63	69	44
195	64	70	44
194	64	70	45
198	65	71	45
198	67	71	42
197	65	74	44
200	66	72	43
200	66	75	45
201	67	73	43
203	66	73	45
204	69	74	43
204	71	76	41
207	72	75	41
210	74	75	41
210	73	74	41
214	74	72	42
215	75	73	40
214	74	73	41
214	75	74	40
218	77	73	40
218	77	72	39
218	79	72	41
218	82	73	39
224	84	69	39
225	88	70	38
225	87	69	41
226	87	67	40
225	87	66	42
225	88	65	42
231	89	63	45
234	89	61	45
234	89	62	45
234	89	63	45
237	89	61	46
238	91	61	46
239	92	64	47
239	91	63	51
239	90	63	50
238	90	65	50
238	88	63	51
236	86	65	57
235	87	67	56
238	86	64	56
235	83	66	58
234	84	66	57
230	80	65	57
224	79	67	57
221	78	68	57
220	74	68	63
216	73	72	59
216	73	71	58
214	71	70	57
207	68	77	55
205	68	77	52
202	68	78	52
204	67	78	54
203	67	79	54
205	70	79	52
207	71	79	48
210	71	80	50
211	68	80	47
209	65	82	47
210	65	80	47
211	59	82	47
210	55	83	46
212	49	81	45
216	44	81	43
223	39	82	42
221	38	82	43
230	33	79	41
236	29	80	42
241	26	77	38
241	18	80	41
240	14	83	38
239	12	85	40
243	8	83	37
243	7	84	34
245	9	87	33
243	10	86	30
243	15	85	27
243	15	87	28
248	21	85	26
250	29	85	27
249	37	86	29
251	43	85	34
251	48	83	33
250	47	84	35
252	49	79	36
251	53	79	36
246	55	78	39
240	56	78	38
234	61	78	36
235	61	77	36
233	68	77	35
235	77	76	35
235	81	78	37
240	87	72	36
239	91	75	34
240	89	74	37
240	94	77	35
240	92	76	35
240	88	75	34
241	82	72	36
240	78	74	37
241	79	70	35
237	77	75	36
231	76	74	35
225	75	74	37
221	75	70	38
222	72	70	39
222	72	70	38
219	70	69	39
217	69	70	39
220	69	70	38
218	67	69	38
222	65	67	39
221	62	68	41
222	59	67	40
219	56	64	42
223	53	64	42
223	48	63	44
226	46	62	42
226	47	62	41
224	39	61	43
216	31	59	43
203	23	61	45
193	20	62	42
180	17	62	41
180	17	63	40
174	17	61	40
169	19	63	40
168	29	63	36
171	33	64	35
158	34	64	32
159	33	64	33
155	36	65	30
152	38	66	30
152	40	65	32
154	43	66	30
152	44	66	30
152	44	65	32
156	48	65	31
158	49	66	30
158	52	65	30
163	58	64	29
161	61	64	32
161	61	63	30
157	69	64	29
157	73	63	31
152	79	60	32
144	84	59	35
134	88	62	33
134	87	61	33
126	91	60	33
120	91	60	32
113	91	59	32
100	94	58	32
83	99	58	29
84	99	58	30
71	106	56	28
62	113	58	28
51	118	55	27
37	124	57	26
29	127	52	26
27	128	55	24
19	132	54	24
17	131	55	26
22	126	52	26
35	121	49	24
49	113	47	23
46	113	50	22
59	106	45	22
68	99	48	23
72	94	45	22
72	88	46	23
75	84	44	24
75	85	44	22
73	81	45	25
81	79	45	24
89	76	45	24
96	72	44	24
99	68	44	26
99	67	46	27
102	62	43	23
108	54	43	25
107	48	44	24
102	40	44	29
96	35	48	26
100	35	43	26
96	31	45	27
92	30	47	28
94	34	44	26
92	37	46	27
93	41	47	26
93	41	47	25
97	45	47	28
107	53	44	26
112	57	46	27
118	61	44	28
128	62	43	28
127	64	43	28
129	64	47	28
134	63	42	29
142	64	42	28
147	64	43	28
144	63	46	31
145	63	43	30
153	64	44	31
156	64	43	33
153	61	43	33
158	57	42	35
162	56	41	34
163	56	41	34
163	53	38	35
163	50	40	36
170	49	38	35
168	44	40	37
167	39	39	39
167	40	39	36
167	35	40	38
170	30	39	39
171	28	39	39
175	27	40	40
178	26	40	40
180	27	37	40
180	26	39	42
182	28	36	41
181	29	39	42
177	33	36	47
174	41	37	45
174	41	37	45
173	48	36	44
176	53	36	40
177	52	38	42
172	49	40	40
176	47	40	40
174	47	41	41
183	44	41	41
178	42	41	38
174	39	43	40
175	34	41	41
169	31	42	42
169	31	42	42
162	24	42	42
155	20	42	42
154	19	43	43
159	17	43	43
161	19	40	46
161	18	40	47
157	17	40	48
158	14	39	47
163	13	38	47
172	8	38	49
172	4	39	50
172	5	39	51
169	1	41	51
165	1	43	50
167	1	41	50
169	2	42	52
171	4	42	51
171	4	41	51
178	4	41	53
182	6	40	51
191	3	40	52
189	0	41	49
186	0	40	45
185	0	43	46
184	0	38	44
184	0	35	45
185	0	32	46
186	0	31	45
187	0	27	45
186	0	28	44
183	0	26	44
180	0	27	45
176	0	25	47
178	1	25	46
176	0	27	52
176	0	27	51
172	2	27	50
171	0	30	56
173	1	27	60
177	10	30	55
182	15	32	54
183	15	31	56
186	21	30	53
189	23	32	54
187	28	33	52
191	32	34	53
195	35	34	52
196	35	34	52
197	39	34	52
198	42	34	52
194	43	34	51
191	43	33	50
188	41	33	50
187	41	33	49
186	40	32	50
187	39	32	49
187	40	32	49
189	43	32	46
189	43	34	47
189	42	35	49
191	45	33	47
195	46	35	48
199	48	37	47
204	49	36	48
199	49	37	47
200	48	36	48
193	48	33	48
189	49	34	48
186	50	35	47
184	48	36	49
183	48	36	48
183	49	36	48
184	48	37	48
179	46	36	48
177	46	36	48
178	45	33	50
183	45	33	49
183	45	32	49
185	44	34	50
190	43	33	50
190	41	33	49
188	38	35	49
188	35	33	47
188	35	35	48
181	32	35	47
174	29	36	47
171	26	38	47
171	25	38	47
170	24	38	46
170	24	37	46
174	22	37	45
174	17	38	45
169	10	42	45
168	3	39	44
165	0	40	42
165	1	41	41
166	0	41	41
167	0	41	37
164	0	43	35
156	0	45	33
158	0	44	36
159	0	44	35
162	1	45	40
162	2	46	46
169	10	46	46
175	20	41	46
183	29	40	44
181	28	42	45
187	33	39	47
187	38	38	46
187	41	37	46
188	43	38	45
188	42	39	46
187	43	39	47
185	43	43	43
182	41	43	43
184	41	44	44
190	39	44	47
195	43	42	46
193	43	44	44
194	46	44	44
194	50	45	45
191	54	45	45
186	55	45	45
186	58	43	45
185	57	44	47
186	63	43	46
189	68	41	45
188	73	43	43
188	75	43	43
185	73	44	44
185	72	44	44
180	69	44	44
178	65	48	44
176	63	50	41
179	63	50	39
186	61	51	39
185	61	52	40
189	62	50	37
190	63	53	37
189	65	54	36
188	68	54	35
190	72	54	35
190	72	54	35
184	75	59	35
182	77	56	36
177	78	57	36
171	76	57	37
168	74	55	37
168	74	56	36
163	73	57	36
162	73	56	36
169	74	57	36
166	71	58	39
164	68	60	38
163	68	59	38
166	68	58	38
169	69	59	38
178	71	60	38
188	69	59	38
197	66	58	38
196	65	59	42
200	65	60	40
202	60	59	39
200	62	61	39
199	59	61	39
191	57	65	39
191	56	63	41
183	55	65	41
177	53	69	41
174	54	66	39
170	54	68	41
171	57	71	39
171	57	70	39
171	57	71	40
177	55	71	42
173	50	74	44
176	47	71	42
172	43	73	44
172	43	73	43
166	41	71	41
170	40	69	43
177	38	69	44
185	41	67	42
180	44	68	42
180	43	68	43
174	46	67	43
170	50	67	43
173	55	65	46
176	66	63	44
177	75	64	44
176	76	64	43
179	82	62	44
179	87	63	42
180	88	59	44
182	88	59	44
186	87	59	41
186	86	57	42
197	83	56	42
194	79	56	41
187	75	55	41
188	72	55	38
189	67	56	40
188	68	57	38
188	63	56	40
185	59	54	38
179	53	56	41
173	50	55	38
169	50	56	37
170	51	55	36
167	51	55	38
168	55	56	37
168	58	55	36
168	60	54	36
168	60	53	35
168	61	54	35
169	59	52	35
171	57	53	34
172	51	54	34
173	42	53	34
172	39	53	34
173	38	53	34
178	34	52	34
176	33	51	34
184	33	52	34
191	34	51	34
184	39	50	30
183	38	52	31
177	44	54	32
181	55	52	31
184	65	54	32
194	75	52	34
196	84	51	31
194	82	54	32
194	88	50	33
189	91	51	33
187	97	51	33
185	101	49	33
185	104	49	32
186	103	48	32
181	102	48	32
173	97	48	31
168	88	49	31
167	81	49	28
170	71	50	30
171	72	48	28
177	63	50	30
184	54	46	31
186	47	46	30
185	43	46	30
191	37	45	33
190	37	45	33
189	35	45	35
183	34	45	35
174	36	46	35
170	38	44	36
169	46	46	36
170	46	44	36
173	57	44	36
180	67	44	36
178	78	44	35
182	87	43	37
186	93	43	36
186	92	43	39
187	99	44	35
195	100	44	35
199	97	45	40
206	94	46	38
215	86	45	39
215	87	45	37
210	80	47	38
214	74	46	38
217	70	48	42
223	68	49	40
231	67	49	40
230	68	51	39
238	72	51	40
243	76	52	36
247	81	53	39
247	88	55	36
245	90	54	40
245	91	53	37
239	94	54	36
234	96	55	35
229	99	55	35
230	100	56	33
231	100	58	31
231	99	57	31
233	93	56	34
233	83	59	32
232	70	58	31
229	53	57	31
227	35	57	31
226	35	59	30
232	18	57	31
230	5	60	34
233	1	60	30
234	0	57	28
226	0	59	26
226	0	60	26
218	0	60	25
209	0	59	26
205	0	58	29
204	1	55	35
201	4	56	40
201	5	56	38
206	13	56	40
210	19	57	40
210	22	58	38
212	23	57	38
214	24	56	37
214	23	55	39
218	23	54	37
220	22	54	39
228	22	53	40
225	23	55	39
225	29	54	40
224	28	53	41
225	36	54	41
225	47	54	38
228	52	52	40
230	61	53	40
233	66	53	37
233	66	53	38
234	71	52	39
234	75	51	36
230	72	49	38
226	67	50	39
223	57	51	40
223	57	50	39
222	43	51	41
222	25	50	41
218	10	49	42
223	0	50	39
225	0	41	25
222	0	43	26
217	0	27	17
209	0	14	10
202	0	12	10
196	0	15	10
195	0	27	16
194	0	28	15
194	0	48	25
195	0	51	38
200	12	51	36
197	16	52	37
198	23	50	35
198	22	51	36
205	24	52	34
199	22	51	34
200	23	51	34
208	22	51	33
205	17	51	37
206	19	50	35
197	19	51	34
193	21	51	36
190	29	49	34
191	38	50	33
194	46	50	33
193	47	51	30
194	51	52	31
198	54	49	29
196	55	51	30
192	55	53	32
195	55	49	30
194	55	52	31
197	51	50	32
196	40	51	32
185	25	51	32
176	15	51	33
186	7	52	35
187	7	52	34
191	6	51	34
189	6	50	33
188	6	52	33
182	9	56	33
179	11	54	35
179	11	55	35
179	16	55	33
177	20	57	34
177	25	59	32
175	26	59	33
174	25	59	32
174	25	58	33
173	24	59	32
170	21	54	31
167	17	56	31
163	7	56	33
154	1	58	29
155	1	55	27
147	0	58	17
145	0	58	10
160	0	14	10
143	0	48	29
210	0	16	89
218	84	10	39
215	63	11	79
210	42	11	122
213	29	10	148
218	26	10	154
190	73	58	22
189	11	58	25
195	18	56	31
199	24	56	33
198	30	54	31
193	33	56	33
190	37	54	32
191	36	52	33
188	40	53	34
192	43	53	34
196	44	53	34
198	41	53	34
198	36	53	34
197	37	53	34
194	33	51	34
193	29	53	34
195	26	52	34
201	26	51	34
195	29	50	33
196	30	51	33
191	31	50	35
190	35	48	34
189	38	49	36
190	43	48	36
192	49	48	36
192	49	50	36
195	54	49	34
197	60	50	35
199	63	49	34
200	67	49	33
201	70	49	32
202	70	48	32
206	72	49	31
212	71	49	31
219	66	49	31
226	64	49	32
234	64	48	32
234	64	48	31
240	63	52	31
253	61	49	32
260	59	48	32
257	61	48	32
251	64	52	31
252	63	50	32
248	69	49	32
247	74	48	32
243	79	48	32
243	81	47	31
239	83	46	31
240	84	46	30
235	84	46	32
231	85	47	31
227	83	46	31
223	78	51	32
222	69	49	33
222	70	49	32
221	55	49	32
207	39	49	32
203	24	49	32
209	16	49	32
203	11	50	32
204	11	50	32
199	11	50	32
198	16	51	32
198	21	50	35
195	27	51	36
194	34	49	34
193	33	50	35
194	38	48	36
192	40	48	36
187	42	50	33
183	36	49	35
176	31	50	33
177	31	50	33
169	25	51	35
166	23	51	34
163	16	52	34
158	9	52	36
162	4	50	35
162	4	52	33
167	1	48	30
173	0	48	22
191	1	16	10
215	0	10	32
184	0	72	52
211	46	15	102
207	62	10	52
203	66	10	47
196	45	15	90
209	130	13	34
209	104	17	59
210	69	16	129
176	165	12	12
186	168	10	12
199	173	11	11
212	176	11	15
222	179	10	13
222	180	10	12
225	182	10	11
235	184	10	14
246	192	10	10
241	192	13	13
235	197	11	11
235	197	11	11
233	199	11	10
226	198	11	11
222	196	11	11
221	192	10	11
205	185	10	14
205	186	10	12
188	182	10	11
175	176	10	12
157	172	11	12
151	172	10	12
148	173	11	11
148	173	11	11
143	174	10	11
138	177	11	12
138	182	12	10
146	186	11	13
159	190	10	10
158	191	10	10
164	198	10	12
168	208	10	10
166	218	10	13
163	226	11	11
163	238	12	12
162	238	12	12
163	250	10	12
165	256	11	15
172	265	10	13
176	271	10	11
172	272	10	12
172	272	11	11
174	265	12	16
175	263	10	11
176	254	10	10
173	239	10	10
167	223	10	10
167	215	10	13
156	198	11	10
153	183	10	15
153	175	10	12
149	174	11	11
153	176	11	11
153	176	11	11
153	180	12	12
148	187	12	12
144	195	10	12
136	204	10	12
128	216	10	11
128	216	10	10
124	224	10	12
119	232	11	11
122	234	11	11
123	233	10	12
120	230	11	11
119	230	11	11
128	224	10	11
133	219	10	10
127	215	10	10
134	212	10	12
141	213	10	11
141	211	11	14
143	215	10	10
142	216	10	11
138	222	10	11
133	230	10	10
135	239	10	11
136	240	10	10
140	251	10	10
150	263	10	10
156	272	10	10
163	279	10	10
169	281	10	14
169	281	10	12
176	280	10	12
179	279	10	10
184	271	10	10
176	263	10	10
170	255	10	10
171	255	10	10
179	251	10	14
185	254	10	10
188	255	10	10
195	255	10	13
203	260	10	12
202	261	11	11
210	262	10	11
217	262	10	10
224	263	10	10
232	263	10	14
238	264	10	12
239	264	10	11
238	258	10	14
235	255	12	10
232	245	10	11
225	234	10	10
224	218	10	10
223	215	10	14
223	200	10	16
217	189	10	10
224	176	10	13
243	166	10	10
247	161	10	14
248	162	10	12
240	159	10	10
231	155	10	13
214	154	10	10
205	152	10	10
200	152	10	10
201	152	10	10
203	152	10	10
209	154	10	14
211	159	10	10
217	161	10	10
223	162	10	14
223	162	10	16
227	167	10	10
231	167	10	13
235	164	10	12
232	161	10	12
220	159	10	11
221	159	10	10
218	156	10	12
216	160	10	11
222	166	10	10
229	168	11	12
230	170	10	12
230	168	10	14
228	168	10	12
225	168	10	11
223	167	10	10
218	167	10	10
215	166	10	10
216	166	10	10
214	166	10	10
214	167	10	10
214	168	10	11
212	168	10	10
213	165	11	11
214	165	11	11
214	163	11	11
210	158	11	11
209	155	10	12
214	152	10	10
213	147	10	13
214	147	10	11
212	141	11	11
209	132	10	12
200	128	10	11
200	125	10	10
207	122	10	10
207	122	10	10
211	118	10	10
209	115	10	12
204	112	11	11
206	110	10	10
207	107	10	13
208	108	10	11
215	112	11	14
223	120	10	12
227	130	10	11
234	137	10	10
241	142	10	11
240	143	10	10
243	146	10	10
246	146	10	14
254	147	10	12
256	146	10	11
252	141	10	12
253	141	10	11
248	136	10	10
242	132	10	10
242	132	10	10
242	130	10	14
240	131	10	12
241	131	10	11
238	128	10	10
230	126	11	10
224	127	10	10
222	129	10	14
219	137	12	14
219	137	10	13
221	145	10	12
219	153	11	11
216	160	10	11
204	168	10	10
193	176	10	10
193	176	10	10
192	182	10	14
192	190	10	10
191	193	10	13
190	197	10	10
188	197	10	10
188	196	10	10
190	196	10	10
192	199	14	10
201	201	10	10
203	203	10	10
206	205	10	10
207	205	10	10
206	207	10	10
208	208	10	10
208	209	11	10
209	208	10	10
209	208	11	12
210	208	10	12
211	209	11	11
213	209	11	11
215	206	10	15
216	207	10	12
216	207	10	11
216	208	10	10
215	207	10	11
214	207	10	10
213	207	11	11
210	206	11	11
207	204	10	11
208	205	10	10
205	203	10	10
203	201	10	10
200	198	10	11
196	195	10	10
190	191	10	10
190	190	10	10
183	185	10	13
177	183	12	10
174	182	10	11
173	182	10	10
170	182	11	11
170	183	11	11
169	182	11	11
170	181	11	11
168	182	12	12
170	182	12	10
172	184	10	11
172	184	10	10
173	186	10	12
169	189	11	11
166	190	10	11
159	190	10	10
152	189	11	11
152	189	11	11
150	187	10	11
146	187	10	10
142	187	10	11
136	187	10	14
130	190	10	13
131	191	10	13
121	199	11	10
112	203	10	11
104	211	10	10
94	215	10	10
84	219	10	14
81	220	12	12
74	225	10	12
64	229	10	11
50	231	10	10
41	235	10	11
33	238	10	14
32	239	12	12
30	241	10	12
30	248	10	15
28	254	12	11
24	260	10	12
25	266	11	11
24	265	11	11
26	270	10	11
26	271	10	14
29	275	10	12
31	274	11	15
35	275	10	13
36	275	10	13
38	274	11	11
44	273	12	12
47	270	10	10
50	268	10	10
47	264	10	10
47	264	11	11
51	262	11	11
56	256	10	11
63	247	10	14
71	245	10	10
63	242	13	11
65	241	12	12
64	238	10	10
60	231	10	10
51	227	10	10
49	219	11	12
52	214	10	10
51	214	10	10
48	208	10	12
47	203	10	11
47	198	10	11
47	195	10	10
51	193	10	12
52	194	10	11
56	193	10	14
65	193	10	12
72	195	10	11
81	197	10	10
91	198	11	11
91	198	11	11
100	201	10	11
111	204	10	12
119	208	10	10
126	208	10	13
133	213	10	11
132	213	11	11
135	215	10	11
137	216	10	10
142	216	11	11
148	217	10	11
153	215	10	10
153	214	11	11
160	210	10	15
164	208	10	12
164	206	10	11
167	200	10	14
170	200	10	10
170	199	10	10
174	197	10	10
177	192	10	14
182	188	10	12
184	183	10	11
188	177	10	10
188	177	11	11
192	168	10	15
194	161	10	12
198	154	10	12
199	148	10	11
198	144	10	10
199	144	10	11
198	140	10	10
192	139	10	10
190	139	10	10
188	138	10	10
185	138	10	10
185	139	11	11
187	137	11	11
189	138	10	10
190	138	10	10
197	140	10	10
199	142	10	10
199	142	10	10
202	142	10	10
207	143	10	10
206	141	10	10
206	140	10	10
207	140	10	12
207	140	10	11
208	139	10	10
214	140	11	11
215	144	10	10
216	144	10	10
215	144	10	10
215	144	10	10
211	146	10	10
210	146	10	10
209	146	11	11
209	146	10	11
213	146	10	10
213	146	11	11
216	146	10	11
214	146	10	10
210	147	11	11
208	149	10	11
208	152	10	10
208	152	10	10
207	154	10	14
211	160	10	12
215	162	10	15
217	166	10	10
217	167	13	10
218	166	12	10
219	167	11	11
218	168	11	11
216	171	10	11
211	175	10	10
208	177	10	11
208	177	10	10
204	179	10	14
207	179	10	12
204	180	10	11
202	180	10	10
205	177	10	10
205	177	10	10
205	175	11	11
207	175	10	11
208	174	10	10
208	175	10	10
207	174	10	10
207	174	10	10
207	174	10	10
204	174	10	10
203	174	10	10
202	174	11	11
202	176	11	11
202	177	11	11
203	180	10	11
202	182	11	11
202	184	11	15
203	191	10	10
205	192	10	10
204	192	11	11
206	195	10	11
205	198	10	10
201	198	11	11
199	200	10	10
199	200	10	10
200	199	10	10
199	198	10	10
199	198	10	10
201	198	10	10
201	199	10	11
199	199	10	10
200	198	10	10
197	198	10	14
193	200	10	12
189	200	11	11
187	200	10	11
183	200	10	10
182	200	10	10
176	200	10	10
169	199	10	10
162	198	10	10
154	198	10	10
147	198	10	10
147	198	11	11
142	198	11	11
135	199	10	11
124	200	10	10
112	203	10	12
94	207	13	11
94	207	12	10
85	210	11	15
71	216	10	10
58	219	10	17
48	225	11	11
39	226	10	11
38	224	10	14
25	227	12	12
14	228	10	12
4	230	11	11
0	230	10	10
0	215	10	40
0	195	10	80
0	178	13	114
0	158	14	155
0	141	12	189
0	137	13	196
0	134	13	203
0	130	11	209
0	135	15	200
0	122	15	226
0	118	15	233
0	114	15	242
0	185	15	16
0	187	10	10
11	182	10	10
21	177	16	12
40	175	11	10
54	173	13	12
70	170	10	10
71	169	10	10
83	166	10	10
96	162	13	12
113	160	10	13
124	159	11	10
136	157	11	11
136	156	11	11
148	153	11	11
158	151	10	13
166	151	10	13
177	152	11	11
183	152	10	12
183	152	11	11
190	150	11	15
200	154	10	13
205	156	10	12
212	158	11	11
218	159	11	11
218	159	11	10
222	160	10	10
231	159	10	11
234	160	10	10
238	160	11	11
242	160	11	11
242	161	11	10
245	160	10	10
248	161	10	11
249	161	10	14
251	163	10	12
249	164	11	12
249	164	12	12
250	163	10	12
249	164	11	11
246	165	10	11
243	164	10	10
239	162	10	14
239	163	10	12
238	164	10	12
238	163	10	11
239	164	10	12
239	164	10	11
239	162	10	14
238	163	10	12
235	164	11	11
232	165	11	11
227	162	11	13
227	163	10	12
226	163	11	13
226	163	10	12
229	164	11	12
230	164	10	12
229	164	11	11
228	162	11	11
231	160	10	11
231	160	10	11
233	161	10	10
235	159	11	11
234	158	11	11
231	152	10	15
230	153	10	12
231	152	10	15
229	151	10	10
227	150	10	10
227	150	10	10
229	150	10	10
231	150	10	11
232	150	10	10
232	147	10	10
230	143	14	10
231	135	10	12
231	130	10	15
230	128	10	10
230	127	10	10
231	121	10	12
228	117	11	11
226	113	11	11
224	111	10	11
219	110	10	10
219	111	11	11
216	110	10	11
214	109	10	10
214	111	11	11
213	112	11	15
214	114	10	15
214	115	10	14
214	118	10	16
215	123	10	13
216	127	10	10
215	129	10	10
218	128	10	12
218	129	11	11
222	128	10	11
223	128	10	11
228	128	10	12
231	128	10	15
236	134	10	10
236	135	10	10
241	137	10	10
245	138	10	14
250	142	10	12
253	145	11	12
255	149	10	12
255	149	11	11
258	152	11	11
262	152	10	15
264	155	10	12
267	158	11	11
269	159	10	11
269	160	11	11
272	159	10	11
274	159	10	10
276	160	11	11
276	159	11	15
255	161	53	10
287	127	41	38
285	121	53	40
284	118	50	37
282	113	51	37
279	108	50	39
280	102	49	40
279	103	51	38
273	96	50	39
273	88	49	38
269	80	50	40
268	76	48	40
265	70	47	40
265	71	47	40
262	64	47	44
259	59	46	42
256	54	44	41
254	46	43	43
250	42	43	43
250	43	43	43
248	38	40	43
242	35	39	42
236	33	36	40
231	29	34	42
225	26	35	44
224	25	35	43
218	23	35	42
211	21	34	42
204	17	35	42
198	15	36	39
192	13	37	40
192	13	39	39
187	10	36	39
182	8	38	41
177	6	35	40
172	5	38	40
167	4	34	39
167	4	34	40
164	2	32	42
160	0	29	42
152	0	28	39
143	1	24	33
132	0	23	31
132	0	21	30
121	0	20	28
112	0	19	24
104	1	17	22
93	0	19	21
85	0	20	20
85	0	20	20
78	0	20	18
69	0	22	17
62	0	22	16
55	0	25	15
48	0	26	13
49	0	25	12
44	0	24	14
40	0	25	12
40	0	23	13
37	0	24	10
34	0	25	10
34	0	25	10
30	1	32	10
10	1	73	10
63	24	21	35
83	66	22	27
84	70	20	20
86	40	16	81
79	66	29	29
82	66	23	29
91	67	21	26
92	79	19	24
70	47	12	20
64	37	16	21
65	41	15	18
65	16	13	68
60	38	24	24
60	40	14	24
57	40	18	37
56	40	21	35
55	44	22	27
65	70	20	33
67	79	20	26
68	93	18	23
73	96	21	21
73	93	21	28
66	89	20	25
58	56	18	36
57	23	20	103
87	39	23	20
89	50	17	29
91	48	13	30
99	54	16	27
109	54	16	28
137	24	24	25
149	2	28	50
157	11	27	50
157	11	27	50
167	22	30	50
180	28	26	52
190	36	29	53
208	44	26	53
217	46	30	61
217	46	31	58
228	55	34	57
237	57	32	65
244	65	37	67
252	72	36	67
257	79	39	70
258	78	38	71
262	91	42	66
268	95	42	70
278	104	40	68
287	110	42	70
296	115	43	73
295	113	45	75
304	121	47	72
313	124	47	78
324	127	48	81
332	134	50	76
342	137	53	83
341	138	53	76
350	139	57	80
356	140	60	78
364	142	61	79
367	138	65	80
372	137	69	83
372	138	67	83
375	133	70	86
378	130	78	83
383	125	81	81
390	118	84	68
394	108	89	76
393	111	92	76
394	98	96	75
398	86	100	72
398	75	108	74
399	62	109	66
398	50	114	64
399	51	112	62
396	37	112	54
393	25	118	59
393	14	110	59
386	4	115	65
381	1	112	59
382	1	113	58
378	0	109	54
371	0	84	46
364	0	62	37
357	0	35	29
350	0	23	21
351	0	22	22
341	0	15	16
331	0	12	16
320	0	14	14
309	0	14	16
296	0	21	24
295	1	22	22
282	0	27	30
271	1	33	39
264	0	41	54
257	1	47	68
257	6	49	73
257	5	48	73
253	19	45	72
252	30	43	68
249	38	44	66
245	44	43	65
243	51	42	61
242	51	41	62
237	52	45	62
237	55	42	58
238	55	44	57
237	55	45	55
242	55	45	52
240	55	45	53
243	55	45	49
244	55	44	47
247	55	42	48
247	55	45	47
249	57	41	47
249	57	41	48
252	60	38	47
254	64	38	46
256	66	36	46
256	67	35	47
256	70	32	44
255	72	34	43
259	71	31	44
259	73	29	42
263	75	31	41
267	75	29	41
271	73	30	40
270	74	31	40
274	70	31	38
277	67	31	35
277	63	29	33
276	59	31	31
273	55	35	32
274	55	33	31
272	53	35	29
270	53	37	28
271	54	37	28
271	52	37	33
272	51	38	35
273	53	37	33
273	51	40	35
274	49	41	38
278	48	40	40
280	46	40	35
281	45	38	38
280	47	38	35
280	44	40	37
281	44	39	39
278	44	39	39
279	42	39	39
279	39	40	40
279	39	40	40
283	37	40	36
287	36	44	35
291	37	43	35
296	37	45	35
299	37	48	35
299	37	47	35
304	40	47	36
311	41	47	37
319	42	48	37
327	45	49	36
337	49	48	37
336	49	49	38
342	50	52	39
354	54	54	36
361	56	59	38
373	57	58	38
378	52	63	51
376	51	65	53
378	46	68	51
381	36	73	59
386	28	72	52
383	15	78	52
384	1	80	55
384	2	81	53
385	0	85	40
384	0	89	26
382	0	90	18
380	0	62	10
359	0	103	10
389	1	44	10
426	0	10	48
428	0	10	68
428	0	10	86
429	0	10	104
429	79	10	37
429	59	10	78
426	42	10	111
423	30	12	136
423	15	10	165
419	13	11	169
415	43	11	87
411	22	12	129
412	4	14	164
401	0	18	185
407	0	15	208
390	0	25	218
395	0	23	258
395	1	23	104
398	2	18	49
405	3	30	83
423	0	25	145
419	0	27	97
420	1	25	68
419	0	28	72
420	1	22	45
424	1	26	48
422	0	23	47
421	0	27	45
420	2	28	46
422	0	29	54
414	0	26	52
404	5	37	50
387	3	35	39
380	5	49	42
386	18	37	46
384	25	41	33
363	29	37	30
361	39	33	45
365	54	52	52
427	123	42	35
418	125	31	31
434	138	31	25
394	137	113	28
337	101	67	45
259	45	30	49
249	50	31	46
242	54	34	46
241	55	35	45
236	58	36	44
233	60	35	43
230	59	35	39
225	52	34	41
217	39	33	38
216	39	36	39
200	27	34	37
191	17	33	39
185	9	36	36
186	3	34	36
193	0	35	35
193	0	35	35
208	2	36	33
214	9	34	32
219	16	33	33
219	25	33	29
220	30	31	28
219	31	34	26
215	32	33	27
211	34	34	26
204	34	35	30
198	37	36	33
194	39	34	31
194	38	36	30
189	41	35	30
189	44	33	29
186	45	36	31
187	46	34	30
185	45	37	35
185	44	36	36
182	40	36	36
174	36	36	36
171	33	37	29
168	31	36	29
169	30	37	29
169	30	38	29
173	29	39	30
176	26	39	34
178	25	37	34
174	25	39	36
173	24	37	37
172	25	38	38
170	25	38	38
169	25	38	38
169	23	38	41
168	21	40	40
170	20	40	40
171	19	40	40
170	15	41	41
168	12	41	41
170	11	41	41
175	13	41	41
182	18	42	42
182	17	42	42
188	20	42	42
198	23	42	42
207	26	43	38
215	29	40	36
223	32	42	38
224	30	40	40
231	35	41	41
239	40	41	41
241	42	45	41
248	43	43	38
254	46	45	36
254	43	44	41
261	46	46	34
267	45	48	35
273	43	47	37
282	45	48	33
286	46	48	32
286	46	50	32
290	47	50	32
296	47	48	32
294	48	50	34
293	52	50	33
293	55	50	33
293	54	51	33
297	58	49	38
300	61	50	40
305	63	52	45
306	65	49	43
304	65	46	46
304	65	46	46
305	67	47	43
303	67	49	45
304	68	47	47
302	72	48	48
296	75	48	51
297	76	46	50
293	80	48	51
287	84	50	53
288	88	46	56
289	91	47	59
288	94	47	61
287	94	48	61
284	94	48	62
283	96	49	63
281	97	45	64
278	98	46	65
272	98	47	67
274	99	45	65
270	101	46	68
265	101	45	68
258	103	44	70
252	104	45	70
244	102	45	75
244	104	45	72
239	102	46	74
238	99	47	76
237	96	48	75
237	91	48	74
242	87	48	73
242	87	47	73
248	86	47	71
256	83	46	70
261	84	49	65
266	81	51	65
272	81	53	63
272	81	54	64
276	82	54	59
278	81	57	57
277	80	57	54
276	79	56	56
276	83	52	53
275	83	53	53
274	86	49	53
272	90	46	44
266	94	45	36
255	98	47	49
249	102	43	58
251	101	40	57
242	103	43	64
241	105	39	63
242	108	40	63
250	110	40	67
256	112	38	64
256	112	36	66
262	115	36	66
274	115	32	65
282	115	31	67
291	115	30	67
295	116	30	73
295	114	31	75
295	124	32	56
302	126	31	73
303	138	32	64
309	146	33	61
309	151	36	68
310	150	36	66
309	160	35	74
299	166	46	89
295	173	42	85
280	179	54	86
273	183	55	82
277	184	49	81
261	185	56	78
243	183	63	78
237	180	63	71
230	178	62	67
222	174	65	65
221	172	65	65
219	170	70	58
216	164	73	57
215	158	74	52
220	149	75	50
219	141	74	45
218	140	77	46
214	137	72	40
218	133	67	39
218	131	64	37
218	130	59	39
209	127	55	41
210	128	55	41
203	128	52	44
194	128	48	48
179	137	43	49
167	145	40	53
162	152	37	53
163	153	35	53
148	164	43	50
130	175	47	53
118	187	50	50
112	198	58	50
114	212	54	48
112	211	59	51
120	223	63	47
132	237	63	44
146	246	64	42
166	250	52	38
176	248	55	40
177	247	54	42
185	248	48	42
186	261	45	45
188	267	36	52
184	284	44	39
186	288	50	33
183	288	55	33
186	298	49	28
188	300	45	30
204	301	37	24
220	300	40	30
246	298	28	28
243	298	28	28
254	295	28	32
256	296	24	31
264	299	28	24
260	259	35	100
300	245	21	47
304	241	21	55
264	297	27	27
250	292	37	28
248	281	32	32
243	277	29	32
237	276	24	27
237	277	26	26
236	269	15	35
227	265	18	37
219	260	35	35
205	257	47	35
201	254	41	36
202	253	39	39
185	253	52	39
184	257	46	36
164	263	55	33
151	263	65	28
144	267	63	21
144	268	64	21
135	260	66	24
127	263	65	20
121	261	65	20
116	264	67	18
107	261	71	20
105	265	76	19
105	259	77	25
104	264	71	22
