373	195	40	38
373	194	39	39
373	194	39	39
372	195	39	37
372	194	39	39
371	193	39	39
372	192	39	39
371	190	39	39
371	190	40	38
371	188	39	39
370	187	39	38
369	185	39	39
370	184	39	39
370	184	39	38
369	183	39	39
368	182	39	39
368	183	39	38
370	182	39	39
370	181	39	38
370	181	39	39
369	181	39	39
370	181	39	39
370	181	39	38
371	180	39	39
371	178	39	39
371	178	39	38
372	177	39	39
371	176	39	39
371	174	39	39
371	174	40	38
372	173	39	39
373	173	39	38
373	172	39	39
374	171	39	39
375	170	39	39
376	169	40	40
375	168	40	39
376	167	39	39
375	166	40	40
374	166	40	39
375	166	39	39
375	167	40	40
375	166	40	39
374	166	39	39
372	166	40	40
372	166	40	38
371	164	39	39
371	164	40	38
370	163	39	39
370	162	39	39
370	161	40	40
370	158	40	40
372	158	40	38
375	155	40	40
377	153	40	40
379	151	40	40
382	149	40	40
384	148	41	39
387	146	40	40
391	145	40	40
394	145	40	39
397	143	40	40
401	141	40	40
404	139	40	40
406	138	41	39
408	137	40	40
409	135	40	40
410	136	41	39
410	135	40	40
410	135	40	40
410	136	41	39
411	135	40	40
411	134	40	40
411	133	41	41
411	131	41	41
412	128	41	40
413	125	41	41
414	123	41	41
415	121	41	41
417	119	41	41
420	120	42	42
421	122	42	40
422	120	41	41
422	117	42	42
423	111	42	42
424	105	42	42
422	100	42	42
420	95	43	43
415	93	43	43
414	89	42	43
412	88	43	43
410	87	43	43
404	85	43	43
397	84	43	43
388	82	44	44
383	81	44	44
381	82	44	44
381	85	44	44
379	88	45	45
375	87	45	45
372	87	45	45
371	83	45	45
368	78	46	46
367	77	46	46
368	79	46	46
372	86	46	46
377	90	47	47
380	91	47	47
381	90	47	47
383	90	47	47
384	90	48	48
384	90	48	48
387	88	48	48
392	85	48	48
398	84	49	49
406	84	49	49
412	85	49	49
417	87	49	49
424	92	50	50
433	97	50	50
433	97	50	50
451	104	50	50
460	104	51	51
469	106	51	51
474	106	51	51
476	108	51	51
483	110	52	52
490	111	52	52
495	109	52	52
499	107	52	52
503	106	53	53
506	101	53	53
509	94	53	53
508	88	53	53
506	85	54	54
506	81	54	54
504	78	54	54
503	75	54	56
501	72	56	56
493	72	59	56
485	73	58	58
472	76	61	58
457	67	63	60
448	63	62	62
443	58	62	62
439	51	62	62
437	48	61	62
437	50	62	62
437	49	62	62
434	43	62	62
428	42	63	63
423	45	63	66
420	49	65	67
414	54	66	69
410	61	65	68
409	66	67	67
409	71	67	69
408	79	69	71
408	88	70	73
414	100	72	76
423	114	74	74
433	122	74	74
444	128	75	72
454	130	74	74
460	135	71	74
460	141	73	77
459	150	75	75
464	152	75	75
473	153	76	76
479	155	76	76
478	155	80	81
478	158	81	81
478	160	81	81
473	158	82	86
469	163	84	84
467	163	85	90
467	169	88	88
467	170	88	88
465	177	89	97
460	194	93	93
453	193	94	94
449	186	94	94
447	182	95	95
442	180	95	95
439	181	96	96
434	184	96	96
433	185	97	97
431	190	97	106
429	207	102	102
431	210	103	103
439	213	103	103
445	217	104	104
452	220	104	104
458	224	101	105
462	232	103	103
466	241	104	109
462	255	107	107
450	252	107	107
445	241	108	108
441	251	108	114
440	268	103	104
440	269	104	101
437	266	106	103
424	266	112	105
408	271	115	114
393	284	115	112
381	291	114	112
373	299	114	112
372	304	113	113
372	309	116	110
370	304	118	114
364	301	120	116
359	307	122	124
357	322	124	124
362	332	124	116
369	329	125	119
371	334	126	125
365	342	126	126
365	353	126	124
369	358	126	122
370	364	124	124
365	374	129	125
358	381	127	124
356	383	127	124
355	385	129	125
353	388	130	126
354	392	133	133
363	400	138	133
377	407	139	132
393	412	136	134
405	421	138	136
419	432	137	137
431	440	138	145
437	457	137	145
438	470	138	142
434	477	139	141
432	479	141	141
435	467	148	148
450	460	147	145
454	461	145	145
444	466	149	147
439	471	147	145
438	470	149	148
436	474	149	156
436	488	150	154
440	498	151	151
444	505	150	151
445	513	149	148
443	509	149	149
433	507	153	148
421	511	155	148
416	509	152	150
401	508	159	152
386	515	162	164
382	536	157	169
382	557	158	162
379	587	160	132
379	627	159	92
391	662	143	57
420	690	104	28
438	709	73	10
418	658	113	61
307	575	335	84
518	281	112	107
526	279	96	88
528	256	92	92
528	255	93	93
537	115	75	374
640	0	83	65
624	0	85	59
617	1	81	57
610	0	82	54
601	0	84	49
590	1	86	39
585	0	78	36
577	1	78	26
576	1	61	20
579	1	47	13
553	3	100	14
546	2	76	13
519	2	130	13
501	0	165	30
441	0	285	157
503	176	91	97
501	169	95	95
501	161	95	95
500	167	96	82
503	170	89	76
532	136	83	83
532	127	83	83
531	113	84	67
543	96	60	60
543	90	60	60
549	89	48	48
521	146	39	39
559	86	39	45
561	92	34	34
564	93	34	46
525	151	40	40
557	90	40	49
515	156	44	39
510	158	42	42
510	158	42	42
533	103	43	43
533	103	43	43
505	161	43	43
505	163	43	39
548	100	41	49
546	106	45	36
548	109	41	41
548	47	41	166
500	94	83	83
499	100	84	72
496	137	48	48
486	125	48	43
475	118	45	45
462	108	46	46
456	102	46	41
465	95	44	44
475	89	44	40
476	90	42	42
476	95	43	43
470	100	43	43
464	106	43	43
467	114	43	43
476	121	44	44
485	132	44	44
493	147	44	44
496	160	38	44
497	176	37	41
493	191	43	47
498	214	45	45
507	237	46	46
515	261	46	46
525	281	41	41
528	292	41	41
530	306	41	41
533	320	37	33
531	326	41	41
541	342	41	41
559	357	41	41
567	373	41	47
574	400	40	45
573	424	42	42
569	441	43	57
565	477	40	66
556	531	41	69
540	595	43	54
537	631	38	64
535	672	40	45
527	630	57	85
415	532	281	187
583	186	70	82
594	180	61	61
581	193	61	61
571	219	62	62
574	244	55	62
581	257	52	59
580	274	56	56
578	286	56	56
586	291	56	56
598	297	56	56
609	303	52	52
611	305	53	53
611	307	53	53
612	305	53	53
616	304	53	53
619	304	54	51
627	302	53	53
637	301	51	53
638	303	52	52
641	305	51	52
643	308	52	52
648	311	52	52
649	311	52	52
660	319	53	53
664	324	53	50
670	330	52	52
675	336	52	52
674	342	52	52
670	352	53	53
666	363	53	53
660	371	53	53
652	378	53	49
647	374	52	52
642	365	52	52
641	356	52	52
644	347	52	52
651	338	53	53
656	329	53	53
656	320	56	53
658	310	55	55
658	298	55	55
655	288	55	55
653	278	55	55
650	268	56	56
648	258	56	56
644	249	56	56
637	243	60	56
629	236	58	58
612	236	64	59
595	239	64	57
581	242	61	61
571	252	61	61
567	268	61	61
568	284	62	62
566	298	62	62
563	317	62	68
571	335	65	65
582	344	65	65
591	350	66	66
602	347	66	66
611	332	63	66
616	326	65	65
624	315	65	65
624	308	68	65
621	308	69	67
622	307	68	68
623	305	68	68
622	304	69	69
622	304	73	69
624	302	73	71
623	303	72	72
618	307	73	73
611	306	76	73
610	296	78	79
607	286	79	79
607	279	80	80
610	269	80	80
612	266	82	81
613	267	82	82
606	266	85	82
600	265	84	84
599	269	89	85
606	274	89	87
610	275	92	89
613	277	93	91
616	282	96	92
624	285	97	95
635	291	99	96
645	297	102	98
654	303	105	101
665	314	108	104
672	325	106	106
672	337	107	107
676	341	114	109
690	347	112	110
692	346	115	112
690	345	117	114
681	346	116	114
667	341	119	115
661	339	121	120
656	346	122	121
656	352	122	123
657	360	124	128
655	375	127	130
650	391	129	135
646	406	131	137
638	422	134	142
628	442	139	146
619	466	138	150
618	489	141	154
626	508	144	153
632	520	146	150
632	523	147	149
632	520	147	150
635	516	149	152
642	512	149	152
647	508	152	153
660	500	151	154
673	493	152	154
679	490	152	154
687	492	152	155
690	491	152	155
690	488	152	156
695	485	155	158
704	479	155	157
711	475	155	157
712	476	155	157
707	472	155	158
703	469	156	159
702	465	156	158
693	463	158	158
680	465	159	159
667	470	159	158
653	474	159	157
640	476	159	159
628	479	160	160
621	476	155	159
627	470	158	159
637	468	157	160
645	473	156	163
648	481	156	164
652	492	156	164
656	503	159	169
668	516	158	172
674	535	155	165
668	554	158	164
610	492	200	206
556	445	173	155
506	424	172	154
461	425	163	158
416	434	166	161
379	443	164	164
352	460	162	158
329	470	161	159
316	476	157	155
318	480	155	153
321	484	153	153
326	489	152	154
332	491	149	152
330	488	153	149
338	488	146	147
350	486	151	145
374	483	151	144
401	479	150	144
430	473	147	141
460	466	140	135
479	455	132	133
502	419	124	133
504	401	124	129
509	378	120	131
517	354	115	126
518	334	114	126
517	320	114	120
521	308	115	118
532	306	113	113
541	296	109	112
541	294	108	110
536	294	108	109
532	295	108	106
526	296	107	107
519	296	108	107
518	293	104	107
516	286	106	106
517	274	104	106
523	263	104	106
530	252	102	105
535	240	100	104
536	240	99	103
542	220	100	104
545	213	98	102
547	209	97	99
547	211	97	102
549	211	97	100
551	211	99	99
552	215	99	99
554	220	96	98
550	222	98	98
544	225	98	98
540	228	95	95
538	229	96	96
542	228	96	96
545	228	93	95
545	231	93	94
540	236	94	92
539	234	94	92
542	226	93	93
542	223	94	94
538	221	94	94
535	218	94	92
533	214	93	93
535	211	94	94
539	208	94	94
544	209	95	93
547	212	94	98
550	221	96	101
555	234	99	99
564	246	100	100
575	257	100	100
592	264	101	101
605	270	98	96
613	270	97	97
618	277	98	101
617	285	96	98
612	288	98	98
612	289	98	98
617	292	99	99
619	288	98	100
615	288	100	100
609	284	100	103
603	279	100	102
598	272	102	104
592	264	103	105
585	259	105	105
581	254	104	105
578	255	105	109
573	259	107	109
566	257	109	111
562	256	108	110
557	247	110	113
553	244	110	112
547	245	111	111
534	238	118	115
515	230	123	117
496	224	120	120
482	221	121	119
475	220	118	118
469	221	119	119
468	225	118	119
466	229	119	123
469	233	124	125
479	239	130	130
495	247	130	139
511	268	131	144
523	291	133	150
533	321	137	156
547	354	136	154
560	382	136	153
570	408	136	137
577	405	133	135
574	411	134	150
570	430	133	137
573	422	136	138
570	417	137	136
556	409	142	140
543	395	139	140
533	381	138	140
524	370	140	140
518	361	140	136
505	360	144	136
487	362	148	136
475	359	142	138
472	357	141	137
474	356	143	139
477	362	142	147
479	374	145	158
484	396	149	161
489	421	150	164
497	445	153	160
507	460	154	157
514	470	156	156
529	477	157	157
544	484	162	163
559	495	160	163
567	498	158	158
575	491	163	159
596	480	159	156
606	477	154	156
610	477	156	156
621	476	156	154
637	479	153	151
637	486	153	153
630	492	153	153
621	498	152	151
617	500	151	152
612	506	152	152
609	510	151	152
604	515	150	152
603	521	150	150
608	520	149	151
610	516	149	150
609	506	148	150
610	500	148	150
610	499	148	148
602	499	151	148
590	504	150	150
581	510	149	149
574	508	148	150
574	497	149	152
584	480	151	151
597	464	148	149
602	449	149	149
609	437	149	149
621	429	150	145
634	426	148	144
640	429	145	143
640	432	145	145
639	434	145	145
636	442	146	146
631	447	146	144
633	451	146	146
639	457	146	146
650	423	147	160
665	389	149	140
693	373	145	140
712	363	143	138
731	363	148	136
761	369	150	143
787	389	147	141
815	398	144	138
836	411	141	141
850	422	142	142
871	427	142	136
894	435	140	136
908	440	138	132
927	442	140	132
945	447	143	132
970	448	142	128
991	445	143	129
1010	442	142	127
1031	439	138	128
1051	429	138	130
1071	414	142	130
1097	403	136	126
1116	396	138	123
1130	386	136	123
1139	379	134	124
1149	364	130	123
1152	351	127	119
1152	335	127	123
1150	322	129	121
1142	315	132	120
1136	305	133	120
1132	294	129	119
1125	283	124	118
1114	281	128	114
1103	281	127	114
1095	283	121	114
1077	279	124	118
1065	270	122	116
1061	253	123	119
1062	235	122	118
1064	216	120	120
1055	209	121	116
1035	202	124	115
1015	195	124	116
999	188	125	116
983	182	126	117
958	180	133	118
926	178	133	116
897	174	131	117
868	169	130	118
835	165	130	117
799	164	135	115
761	166	125	116
728	172	121	111
707	171	116	111
690	171	114	114
671	173	115	115
653	176	115	115
635	180	116	116
624	186	111	111
617	184	108	112
608	185	110	110
599	186	111	111
589	194	111	115
584	203	110	114
583	210	110	112
570	214	116	117
548	222	117	117
529	230	117	117
515	239	118	118
509	248	114	122
506	266	115	123
504	275	117	120
507	265	119	119
513	255	119	119
515	256	120	120
513	263	120	124
513	264	120	123
514	272	119	118
512	270	119	119
506	275	119	119
506	278	120	120
506	282	124	127
510	292	126	129
516	302	128	130
528	315	130	134
540	326	132	139
552	346	135	144
564	365	138	147
579	381	143	150
597	396	147	152
614	409	145	156
627	424	146	162
635	447	149	167
640	469	152	160
647	481	152	170
646	506	153	170
638	527	157	171
622	545	160	167
605	558	159	161
595	571	155	148
591	579	155	140
583	586	157	133
577	595	156	124
575	607	156	112
578	611	155	108
582	616	157	102
588	624	161	95
598	639	159	79
612	661	151	58
628	673	133	45
635	687	111	31
629	695	105	23
635	700	101	19
643	690	127	29
658	676	154	43
674	667	164	52
691	656	168	63
698	648	169	70
692	639	178	79
687	621	179	95
692	586	178	131
684	544	184	175
678	502	180	190
686	469	174	186
678	441	176	173
656	438	175	168
647	435	169	167
644	424	162	164
638	424	162	161
633	418	160	163
632	406	158	160
627	403	160	158
614	406	161	158
606	403	158	157
601	398	156	156
595	396	157	155
589	395	155	155
577	395	160	160
565	407	160	160
556	411	159	157
555	409	156	156
560	406	157	157
563	392	158	163
565	377	157	160
565	368	155	157
564	366	157	157
563	373	158	163
569	386	159	162
576	398	159	162
580	408	159	160
574	407	161	158
563	399	158	158
561	386	159	159
566	370	158	160
566	353	157	157
565	346	156	156
564	340	156	155
563	341	155	155
557	349	156	156
552	351	155	154
550	351	155	155
548	352	154	154
545	350	155	153
543	339	153	153
543	334	154	154
545	342	155	153
551	348	153	159
549	362	152	155
553	369	152	149
559	372	150	150
557	374	151	151
552	380	151	155
545	392	152	157
541	404	151	155
543	416	149	153
544	427	150	157
545	442	149	159
541	461	151	164
539	480	150	161
540	495	150	158
543	505	153	156
550	508	151	155
554	511	151	157
553	519	150	156
550	521	152	155
541	528	155	156
523	527	159	156
507	521	158	157
496	514	156	156
481	507	157	157
469	499	156	156
460	495	155	157
455	486	155	158
455	482	154	155
451	480	156	156
445	479	157	158
444	485	157	160
447	492	158	160
449	499	158	163
455	508	159	163
466	514	160	164
478	525	161	168
487	540	158	170
492	558	158	160
502	580	160	139
502	580	161	138
506	622	157	97
494	533	155	186
467	434	157	209
449	352	165	162
446	294	119	145
436	242	115	132
439	198	107	124
433	147	108	119
414	103	107	114
397	75	107	108
378	61	108	101
367	56	98	93
355	52	96	91
344	41	94	94
335	29	90	88
336	22	84	85
337	22	82	85
318	37	91	89
285	53	91	84
263	67	88	78
235	75	91	83
194	90	100	87
147	114	105	94
113	149	93	89
79	180	95	95
44	219	96	82
37	243	77	95
41	285	74	86
28	312	80	64
11	317	78	72
0	333	71	63
0	333	54	60
0	329	44	57
0	321	35	60
0	318	25	53
0	319	12	42
1	314	18	31
0	308	13	19
2	285	13	16
0	263	10	59
1	244	10	98
0	230	12	125
0	214	14	158
0	199	18	189
0	174	128	239
164	447	70	63
166	450	67	58
168	452	62	54
170	449	58	58
177	453	58	50
175	451	62	54
172	452	67	58
174	446	63	63
179	450	63	54
177	447	67	59
184	450	63	54
186	452	67	50
186	451	67	59
188	455	63	50
191	449	57	57
198	453	57	49
191	453	71	48
197	452	58	50
195	460	62	54
204	462	58	50
212	462	54	49
211	383	69	209
4	335	65	60
7	337	71	58
19	336	74	57
34	334	75	58
53	329	73	59
67	323	72	61
81	322	69	59
90	317	67	59
101	316	69	59
114	315	70	59
125	315	64	59
131	318	68	59
143	311	70	61
160	310	71	60
176	310	66	61
185	312	63	59
189	312	64	60
194	304	62	62
196	294	62	62
197	283	65	62
205	269	68	64
215	252	66	66
222	236	67	69
228	215	66	68
231	200	65	67
220	183	73	71
210	172	72	66
208	177	69	69
209	176	76	66
222	167	71	69
217	166	74	68
209	168	72	69
211	170	77	70
222	166	78	71
231	158	74	72
235	151	73	73
240	150	76	71
246	151	74	72
248	154	77	73
264	161	83	76
276	164	85	76
288	166	83	77
295	166	80	76
298	167	82	79
293	171	87	81
281	153	89	92
271	134	91	91
261	131	91	84
246	134	95	90
227	141	99	87
209	135	101	89
196	139	98	100
186	155	99	96
181	164	98	92
182	162	100	94
191	156	103	98
200	155	104	97
203	157	101	101
202	165	105	108
205	180	111	109
216	197	111	111
226	206	111	104
235	198	110	104
211	203	127	123
194	228	118	118
197	240	118	107
205	240	117	113
201	252	121	123
190	269	123	117
188	278	124	120
194	290	133	125
210	305	133	118
228	308	132	119
242	312	134	123
257	321	129	126
259	318	128	128
252	295	135	129
231	295	146	136
199	315	154	144
184	337	145	145
174	361	143	157
164	397	144	151
153	421	146	144
150	434	144	146
156	449	153	144
174	452	151	139
186	450	147	142
192	455	150	145
201	459	153	147
212	467	153	157
219	482	153	164
224	502	157	166
230	520	159	180
240	550	166	168
257	577	180	142
292	596	166	123
296	592	166	127
308	597	190	122
353	607	191	111
395	602	167	116
400	618	160	101
403	646	171	73
425	649	171	69
456	659	156	59
470	671	143	48
474	672	143	46
476	652	157	67
487	632	155	86
490	609	152	109
486	588	155	131
487	572	152	147
490	540	150	172
487	511	151	161
485	498	150	158
480	479	149	155
479	471	150	151
486	468	151	150
497	458	149	149
505	454	146	146
508	442	145	151
509	424	144	149
507	414	143	144
509	407	141	142
509	394	141	142
512	386	139	140
510	383	139	139
508	377	138	139
506	372	138	139
505	373	138	138
503	376	138	137
504	378	139	140
503	386	140	140
504	392	139	138
502	394	140	142
496	403	141	146
497	418	144	144
507	427	143	147
511	441	142	153
505	459	144	152
497	475	142	149
490	486	144	150
473	501	151	155
455	516	152	154
437	530	153	139
403	511	165	147
359	487	179	125
328	463	240	172
312	447	272	204
310	372	108	158
306	362	87	139
269	348	117	133
250	345	135	127
249	344	130	125
237	345	137	128
225	363	129	139
236	394	135	160
266	456	137	156
299	510	136	152
337	572	133	144
371	620	114	99
385	662	99	56
402	693	75	23
455	684	56	34
469	700	44	19
471	710	39	10
451	702	80	16
419	702	144	14
471	705	45	12
461	700	65	19
461	696	52	23
458	696	53	22
457	695	55	23
463	690	57	28
468	683	54	34
476	676	81	41
477	678	77	38
508	679	60	39
511	661	71	57
525	647	73	71
537	638	69	79
546	616	66	87
554	599	65	76
556	574	61	81
445	659	79	60
435	638	89	81
434	612	89	100
430	594	92	95
429	573	91	99
433	556	89	95
434	544	89	92
436	535	88	91
435	526	89	90
431	520	90	90
423	516	90	88
417	509	89	89
412	507	88	87
412	504	88	88
410	501	89	89
408	499	89	89
405	496	90	90
405	492	90	90
402	490	91	91
401	487	91	91
399	485	92	92
396	484	92	92
395	485	90	90
392	485	90	90
389	484	91	91
385	485	91	89
383	486	91	91
379	489	91	89
376	490	91	89
373	490	91	91
369	491	91	91
367	492	92	92
366	493	92	92
365	494	93	93
367	498	91	91
369	501	92	92
372	504	92	92
372	508	93	93
371	512	93	93
370	515	94	92
372	518	93	92
373	518	92	93
372	521	92	93
369	524	93	93
366	529	94	94
360	532	94	94
357	532	95	95
351	532	95	95
349	532	96	96
342	531	96	96
341	532	95	97
341	532	95	96
340	531	96	96
336	534	97	97
334	533	97	97
331	531	98	98
328	531	98	98
329	529	101	99
335	525	101	101
340	521	104	99
349	519	102	98
357	516	103	99
364	513	101	99
369	507	101	101
374	500	101	101
378	492	102	100
383	487	101	99
385	482	101	101
386	477	99	98
386	471	99	99
386	466	100	100
386	462	100	100
383	458	101	98
383	452	100	97
383	446	99	97
384	441	99	99
386	440	99	97
387	436	101	99
393	434	100	98
398	430	102	100
401	429	101	98
407	429	100	98
409	428	102	100
415	429	101	100
420	430	104	101
425	433	103	100
430	432	102	102
434	432	104	103
436	429	104	104
440	421	106	105
443	416	106	106
443	411	107	107
439	410	109	107
432	412	112	109
425	416	114	114
420	426	115	122
410	444	119	136
404	472	122	139
403	501	123	143
406	530	125	133
410	543	129	134
417	556	128	136
406	570	136	136
387	576	142	134
381	574	135	135
382	569	134	135
379	567	137	135
372	568	138	137
370	570	138	140
368	575	139	143
368	585	142	134
374	596	150	123
391	605	153	114
408	612	154	107
425	601	158	118
448	588	160	131
471	569	160	150
493	552	156	156
506	541	157	154
520	530	159	156
538	521	158	158
546	517	155	157
548	508	157	157
554	497	157	157
561	485	158	158
563	481	157	157
564	479	156	158
562	474	158	158
563	472	157	158
567	475	158	158
574	479	157	164
576	490	159	171
580	509	159	174
582	528	160	175
582	544	161	173
582	561	161	158
582	578	160	141
580	597	158	122
578	615	159	104
576	621	161	96
566	602	163	115
555	584	162	134
541	540	162	177
527	522	170	195
518	526	183	183
509	533	163	159
485	515	149	156
466	500	153	153
453	476	149	154
448	456	144	152
447	441	139	145
446	417	137	143
450	398	136	140
453	381	136	134
458	363	136	133
461	360	144	131
479	357	135	132
485	362	134	129
490	359	132	127
494	360	130	130
495	364	131	131
502	367	131	131
512	370	127	129
512	374	128	129
505	381	129	132
500	391	128	131
499	399	127	128
500	401	128	128
500	403	127	127
497	404	128	128
493	408	128	128
493	409	131	130
495	413	134	134
497	418	133	134
497	424	132	134
498	430	132	134
500	434	131	131
503	435	131	131
504	439	130	130
507	438	129	131
510	436	129	129
511	434	128	130
512	435	129	129
513	437	130	130
517	415	130	135
520	403	133	133
522	398	134	132
519	401	133	133
509	407	134	134
504	410	132	132
501	408	131	133
500	403	129	132
494	400	131	131
488	400	132	132
480	403	132	132
474	406	133	133
469	410	133	133
465	413	134	132
466	411	132	132
467	412	133	131
468	409	131	132
468	410	131	131
469	409	131	131
472	408	130	130
472	408	131	131
473	405	130	131
474	404	131	131
475	404	130	130
