0.006870
0.079542
0.088375
0.094695
0.082377
0.113823
0.107375
0.082208
0.105123
0.084999
0.090121
0.071573
0.109946
0.076073
0.105270
0.100351
0.090439
0.102868
0.077178
0.117556
0.117219
0.084152
0.085148
0.094851
0.100046
0.069075
0.100031
0.072052
0.088676
0.102744
0.105188
0.100460
0.077621
0.091902
0.082413
0.096013
0.058752
0.079543
0.059361
0.074095
0.072168
0.074544
0.071549
0.097481
0.094828
0.093683
0.095207
0.080109
0.074504
0.077989
0.072748
0.089008
0.072687
0.081158
0.087841
0.076986
0.088214
0.092229
0.070844
0.072636
0.085910
0.081743
0.104893
0.076747
0.091638
0.104154
0.085895
0.061254
0.082776
0.099486
0.081093
0.078846
0.086689
0.101930
0.105669
0.081698
0.087377
0.095797
0.070792
0.078350
0.098965
0.090617
0.103255
0.063167
0.070446
0.049948
0.078263
0.089228
0.084792
0.112806
0.079895
0.111950
0.108641
0.111196
0.120748
0.079391
0.101200
0.119053
0.090735
0.088136
0.077810
0.111506
0.095250
0.103057
0.107587
0.066386
0.063545
0.081178
0.072542
0.079085
0.091899
0.093708
0.109944
0.102263
0.066476
0.105682
0.075492
0.102638
0.074429
0.074759
0.079190
0.108297
0.086323
0.085995
0.098765
0.109640
0.081781
0.059218
0.070089
0.076106
0.104840
0.088549
0.092658
0.095072
0.099755
0.077808
0.089525
0.107947
0.081515
0.089888
0.078639
0.102972
0.072310
0.103665
0.092793
0.106701
0.102018
0.103907
0.084549
0.082142
0.103810
0.070163
0.115383
0.106411
0.100847
0.099480
0.084988
0.124390
0.085600
0.074775
0.078337
0.085427
0.080137
0.103758
0.116202
0.096127
0.122316
0.147718
0.103030
0.080971
0.081584
0.100592
0.076421
0.118485
0.099270
0.073931
0.087822
0.048971
0.096073
0.080471
0.116188
0.106837
0.063679
0.101615
0.067533
0.069480
0.060250
0.065923
0.076112
0.060254
0.086116
0.069962
0.077586
0.084368
0.077348
0.085360
0.056794
0.074418
0.077113
0.081294
0.081777
0.086195
0.076438
0.064000
0.064870
0.073879
0.082374
0.107328
0.072864
0.116239
0.120210
0.095584
0.086331
0.102957
0.092890
0.087215
0.075478
0.108061
0.102406
0.077327
0.107340
0.090720
0.072222
0.091456
0.101905
0.101470
0.079618
0.100231
0.093744
0.108715
0.088749
0.089383
0.082652
0.073243
0.064161
0.091312
0.107123
0.108428
0.087487
0.098221
0.120926
0.095721
0.086321
0.110175
0.080462
0.080534
0.113902
0.084723
0.091343
0.124784
0.087513
0.101809
0.094665
0.090703
0.086610
0.051015
0.076278
0.085629
0.078499
0.077489
0.069416
0.090281
0.089834
0.091181
0.088786
0.108523
0.070276
0.096893
0.068491
0.089126
0.077591
0.083776
0.082580
0.080594
0.082670
0.095396
0.124359
0.120021
0.078545
0.092933
0.086598
0.118629
0.079883
0.096041
0.099589
0.080796
0.065702
0.079410
0.098343
0.076680
0.070554
0.090117
0.059788
0.110793
0.091005
0.100556
0.079238
0.082914
0.087452
0.120548
0.081456
0.063118
0.073720
0.068730
0.076401
0.063469
0.090425
0.101704
0.086832
0.069988
0.092355
0.080010
0.082671
0.091287
0.087675
0.105762
0.080791
0.100494
0.101327
0.080074
0.069744
0.071208
0.081049
0.071314
0.079376
0.081804
0.075895
0.129019
0.090692
0.091796
0.094349
0.105527
0.093526
0.090220
0.100629
0.098367
0.103690
0.071366
0.102299
0.065360
0.074178
0.109494
0.083951
0.107576
0.099019
0.091045
0.102615
0.092558
0.106870
0.081285
0.077974
0.082706
0.083791
0.088123
0.125495
0.095070
0.076892
0.091483
0.061351
0.076126
0.100024
0.093947
0.125054
0.096308
0.087984
0.106518
0.055246
0.076106
0.091697
0.099499
0.119732
0.069785
0.109337
0.087607
0.085186
0.110918
0.088282
0.114401
0.072423
0.101672
0.089278
0.080840
0.097720
0.090600
0.088375
0.102393
0.104066
0.092797
0.133309
0.110223
0.119728
0.077944
0.094181
0.096250
0.089253
0.099303
0.094176
0.082871
0.105631
0.075465
0.105709
0.085671
0.084000
0.111315
0.094953
0.085796
0.082703
0.099086
0.109499
0.102637
0.073226
0.087824
0.095912
0.084722
0.067094
0.051859
0.081617
0.067508
0.091585
0.074366
0.056456
0.084626
0.075493
0.093750
0.092907
0.121470
0.136039
0.117422
0.110852
0.107467
0.113975
0.115370
0.080188
0.081815
0.073269
0.081541
0.066382
0.106370
0.087967
0.100296
0.108627
0.118348
0.108166
0.090023
0.097831
0.102424
0.096162
0.105549
0.098507
0.093968
0.103277
0.105849
0.098764
0.088048
0.069219
0.112359
0.129016
0.084521
0.089254
0.117118
0.087498
0.095194
0.099907
0.127489
0.115788
0.100504
0.113828
0.111403
0.109462
0.098340
0.084146
0.113672
0.115446
0.097784
0.081298
0.102660
0.073803
0.138322
0.114168
0.089001
0.107155
0.078043
0.082823
0.097506
0.093142
0.112357
0.070580
0.100259
0.138644
0.126659
0.090302
0.109275
0.087103
0.083188
0.064738
0.087902
0.064888
0.082178
0.083940
0.083391
0.085751
0.115999
0.076630
0.088982
0.077795
0.095565
0.083920
0.099552
0.080276
0.082301
0.118996
0.101796
0.104103
0.073687
0.099412
0.073643
0.098001
0.095344
0.100895
0.085594
0.109907
0.123187
0.078086
0.079943
0.053408
0.070046
0.097272
0.083643
0.108387
0.083198
0.098966
0.089324
0.084424
0.097414
0.077302
0.105298
0.089369
0.077266
0.094379
0.064801
0.083667
0.078904
0.090644
0.099641
0.108914
0.080645
0.083211
0.121280
0.094449
0.092249
0.078149
0.107460
0.099855
0.077727
0.104232
0.105599
0.092225
0.082277
0.086964
0.128225
0.085184
0.080559
0.076921
0.091159
0.091027
0.119397
0.107774
0.093246
0.112639
0.069500
0.099058
0.082686
0.155785
0.092748
0.090354
0.098645
0.068436
0.053191
0.068621
0.081486
0.082443
0.067423
0.110009
0.088110
0.092731
0.069283
0.085920
0.101153
0.109155
0.099491
0.106130
0.089241
0.104419
0.074269
0.067629
0.067753
0.105509
0.094716
0.099021
0.087743
0.099755
0.107186
0.090475
0.121400
0.086437
0.087758
0.090314
0.078175
0.068347
0.076233
0.084330
0.083687
0.086126
0.110229
0.096810
0.120892
0.151424
0.079287
0.112957
0.118314
0.103308
0.105272
0.103801
0.125332
0.104400
0.127766
0.107452
0.097265
0.093516
0.124454
0.061674
0.103544
0.084250
0.086542
0.103826
0.107561
0.093498
0.093306
0.094245
0.122787
0.102347
0.099733
0.076761
0.085912
0.066807
0.105272
0.067388
0.093425
0.088485
0.083080
0.107146
0.069496
0.066600
0.075521
0.099287
0.082817
0.068229
0.075712
0.101313
0.072830
0.096502
0.070761
0.081115
0.103816
0.115898
0.078881
0.090307
0.079915
0.072145
0.091656
0.094526
0.110265
0.099992
0.120067
0.096503
0.083040
0.113865
0.082525
0.090952
0.091537
0.098586
0.090924
0.090817
0.111318
0.101130
0.094207
0.111413
0.099776
0.075728
0.083291
0.125540
0.101844
0.082616
0.096543
0.104423
0.119003
0.096480
0.094566
0.074519
0.106741
0.093153
0.088443
0.088242
0.076776
0.101500
0.070841
0.069539
0.083864
0.084216
0.085408
0.097040
0.101563
0.091447
0.091145
0.076690
0.095954
0.104552
0.088217
0.108230
0.111049
0.093763
0.092616
0.094419
0.114194
0.091149
0.104788
0.117527
0.074553
0.091399
0.084133
0.091511
0.073109
0.112156
0.099253
0.093897
0.105495
0.104991
0.105929
0.074182
0.117886
0.080868
0.094141
0.088983
0.108629
0.082399
0.108968
0.071436
0.112416
0.114148
0.102201
0.114666
0.102034
0.103837
0.084630
0.077598
0.074389
0.097192
0.102221
0.083434
0.092664
0.101512
0.105392
0.078903
0.090305
0.085137
0.101433
0.075880
0.075866
0.100693
0.079608
0.063067
0.090441
0.104411
0.098666
0.081216
0.110183
0.061591
0.120730
0.066803
0.084096
0.072322
0.088719
0.088794
0.106008
0.090741
0.101331
0.078646
0.107373
0.117527
0.129407
0.085204
0.118263
0.076797
0.125047
0.101720
0.076724
0.084557
0.078937
0.079504
0.102269
0.087774
0.073024
0.081732
0.068093
0.100516
0.095967
0.074099
0.074660
0.077567
0.059503
0.070376
0.067286
0.067511
0.065698
0.079677
0.080040
0.076366
0.088980
0.120565
0.078632
0.111401
0.106224
0.090777
0.099655
0.122137
0.089938
0.095928
0.074283
0.098308
0.087331
0.131993
0.094598
0.099624
0.081141
0.082831
0.092053
0.098953
0.103194
0.085893
0.137837
0.102164
0.117515
0.106946
0.117202
0.092262
0.088552
0.095185
0.095287
0.105124
0.094334
0.115644
0.120463
0.095071
0.118105
0.077889
0.077672
0.088094
0.094854
0.075558
0.079036
0.088081
0.087383
0.073774
0.074358
0.106132
0.073897
0.096195
0.080919
0.087892
0.070936
0.087799
0.095096
0.073623
0.076130
0.073591
0.107040
0.075966
0.066888
0.106748
0.088539
0.118698
0.088197
0.106795
0.086484
0.113509
0.101262
0.078701
0.081017
0.087484
0.083605
0.080599
0.106285
0.085898
0.095332
0.101176
0.144626
0.109730
0.081150
0.104452
0.105064
0.127590
0.078525
0.086467
0.074761
0.068950
0.087848
0.118629
0.067553
0.096912
0.082733
0.088036
0.076968
0.086327
0.094781
0.109608
0.135783
0.091083
0.082451
0.102520
0.109510
0.102893
0.067641
0.097251
0.060438
0.080500
0.073757
0.071050
0.094395
0.101336
0.092431
0.101371
0.077838
0.081682
0.086919
0.084707
0.069360
0.099927
0.113522
0.085854
0.096793
0.078511
0.085875
0.100982
0.097449
0.086233
0.101556
0.095879
0.109833
0.100636
0.103531
0.083272
0.099243
0.107778
0.105822
0.108820
0.108135
0.104994
0.111537
0.086895
0.068114
0.078516
0.075269
0.077009
0.060028
0.083209
0.061383
0.111181
0.086089
0.087858
0.066090
0.097534
0.090764
0.072012
0.069890
0.083974
0.104767
0.088045
0.074025
0.103934
0.073752
0.087223
0.070389
0.079157
0.114361
0.089881
0.136281
0.098498
0.100720
0.105885
0.131732
0.107806
0.135983
0.094355
0.108256
0.081695
0.100618
0.082525
0.095847
0.106011
0.082125
0.117400
0.121606
0.095219
0.084792
0.092768
0.073857
0.086158
0.068389
0.059986
0.125616
0.087365
0.078740
0.089106
0.110821
0.086161
0.079750
0.084789
0.099375
0.137355
0.101596
0.094125
0.100642
0.090312
0.095170
0.079284
0.106786
0.106780
0.094807
0.096008
0.111774
0.104584
0.091996
0.096766
0.106586
0.093287
0.077496
0.089765
0.086545
0.097790
0.075395
0.084739
0.093365
0.077411
0.119497
0.093374
0.094644
0.103889
0.095444
0.116240
0.091904
0.081708
0.083244
0.083416
0.086402
0.109677
0.105304
0.112740
0.080385
0.087581
0.068561
0.135861
0.092088
0.095580
0.085240
0.102131
0.086376
0.095074
0.076670
0.098859
0.105413
0.082554
0.074326
0.085500
0.100050
0.090686
0.090752
0.083785
0.079156
0.091321
0.127750
0.082414
0.099871
0.122514
0.103553
0.098443
0.100911
0.095833
0.118006
0.094198
0.112900
0.093148
0.060859
0.087772
0.063677
0.060911
0.087167
0.094292
0.071185
0.084557
0.076756
0.087343
0.093081
0.074134
0.077904
0.092752
0.064627
0.061628
0.073199
0.096918
0.073159
0.070155
0.067747
0.093379
0.096617
0.061587
0.079215
0.086395
0.089807
0.076814
0.089800
0.082673
0.081249
0.103068
0.069252
0.099291
0.104170
0.095448
0.096920
0.096386
0.089157
0.091626
0.081824
0.086680
0.113886
0.092003
0.077947
0.094807
0.095305
0.080198
0.096910
0.099986
0.083346
0.122812
0.106854
0.093407
0.098183
0.118918
0.093033
0.085193
0.102773
0.056674
0.076642
0.074055
0.101474
0.121876
0.113824
0.079366
0.124502
0.088353
0.079593
0.069238
0.105082
0.099285
0.103735
0.106920
0.103781
0.093187
0.094388
0.090422
0.062551
0.095098
0.098114
0.087983
0.142070
0.102266
0.094334
0.118964
0.115529
0.098438
0.111501
0.137637
0.104061
0.122227
0.115826
0.102251
0.098559
0.124625
0.097032
0.093312
0.105323
0.137137
0.110552
0.081089
0.057113
0.117190
0.102090
0.095683
0.093106
0.107347
0.064033
0.113534
0.098098
0.089872
0.110027
0.115440
0.140129
0.123496
0.084781
0.111249
0.076074
0.099727
0.114259
0.094444
0.102556
0.104121
0.100109
0.095640
0.085161
0.102527
0.087678
0.081624
0.099249
0.081582
0.090932
0.083745
0.097695
0.076791
0.083199
0.090579
0.079993
0.079840
0.068148
0.104714
0.093689
0.095876
0.083328
0.124372
0.086117
0.092576
0.139643
0.109674
0.095303
0.081033
0.072203
0.070943
0.125763
0.084928
0.118532
0.076517
0.090471
0.076730
0.104859
0.077947
0.096547
0.084380
0.084196
0.076958
0.081030
0.064184
0.061380
0.064590
0.103734
0.066660
0.069970
0.088258
0.083744
0.088138
0.114924
0.092103
0.086790
0.099974
0.092346
0.102938
0.082203
0.119797
0.082612
0.088827
0.086271
0.091633
0.101408
0.079822
0.071958
0.106922
0.109966
0.097203
0.098833
0.117649
0.098269
0.107605
0.082827
0.085584
0.078400
0.082685
0.070325
0.097116
0.093380
0.082035
0.076560
0.085850
0.111038
0.118414
0.095370
0.097177
0.083887
0.071175
0.100788
0.105201
0.066421
0.082973
0.061416
0.113689
0.074606
0.099492
0.102453
0.108101
0.073923
0.070227
0.109900
0.103761
0.081244
0.088460
0.083592
0.095608
0.069572
0.083329
0.088046
0.108486
0.097041
0.086767
0.077140
0.071779
0.080705
0.090190
0.097692
0.058722
0.083496
0.085156
0.061052
0.137977
0.124582
0.111515
0.081743
0.103303
0.077600
0.072824
0.102716
0.078396
0.087562
0.070476
0.090693
0.105721
0.095562
0.122243
0.083348
0.074558
0.088068
0.094759
0.084890
0.092704
0.086468
0.093508
0.096086
0.086763
0.088082
0.094853
0.092401
0.106045
0.095061
0.074660
0.094412
0.095884
0.082909
0.068659
0.088929
0.088200
0.104117
0.091102
0.082684
0.095902
0.106040
0.072905
0.110617
0.088706
0.074826
0.084723
0.115503
0.108593
0.099752
0.096475
0.086920
0.092567
0.079469
0.077416
0.073405
0.080683
0.064507
0.073419
0.092739
0.081156
0.089548
0.076295
0.113130
0.075078
0.084957
0.098148
0.105390
0.089356
0.088708
0.079112
0.081578
0.093480
0.090791
0.077423
0.087315
0.088852
0.094483
0.086379
0.088709
0.110168
0.082964
0.075582
0.083754
0.079878
0.082537
0.086953
0.086094
0.082241
0.073435
0.081812
0.085663
0.088386
0.080496
0.091172
0.092370
0.079754
0.076674
0.091058
0.101811
0.114845
0.115909
0.079645
0.083035
0.074484
0.101778
0.087120
0.114360
0.071995
0.072882
0.100868
0.097748
0.122615
0.080548
0.085062
0.110155
0.129846
0.080779
0.075005
0.065762
0.070619
0.096605
0.096802
0.086142
0.115110
0.099862
0.073512
0.099633
0.071165
0.065813
0.067089
0.105147
0.105215
0.106826
0.090458
0.100571
0.113731
0.121450
0.104552
0.079430
0.077996
0.105460
0.097774
0.086590
0.091411
0.077897
0.072552
0.090737
0.084621
0.091111
0.100069
0.082729
0.087845
0.086414
0.078265
0.097912
0.101636
0.129766
0.108102
0.096979
0.106781
0.093716
0.095334
0.075480
0.101447
0.091996
0.114542
0.094239
0.070330
0.090365
0.076600
0.088288
0.136445
0.107744
0.104953
0.092770
0.092376
0.106730
0.082768
0.093974
0.106993
0.100142
0.096985
0.077050
0.082556
0.096105
0.101455
0.103355
0.094495
0.076012
0.077164
0.099187
0.095969
0.103792
0.091218
0.102145
0.110263
0.088216
0.096600
0.085166
0.085300
0.088748
0.087842
0.101966
0.130388
0.067273
0.087907
0.103909
0.065937
0.092017
0.119894
0.101735
0.083343
0.088258
0.102381
0.108635
0.101404
0.107470
0.091048
0.083630
0.074809
0.083839
0.131955
0.099351
0.084582
0.101224
0.084938
0.071424
0.086020
0.087929
0.088350
0.083218
0.102374
0.099353
0.103836
0.106709
0.112790
0.102329
0.101478
0.084298
0.076667
0.084977
0.085512
0.097885
0.083791
0.112853
0.120324
0.076012
0.082007
0.100445
0.088261
0.099052
0.068715
0.095504
0.092818
0.090235
0.090676
0.101650
0.119423
0.089324
0.075848
0.077445
0.092911
0.101307
0.095220
0.096650
0.114716
0.077419
0.085099
0.108099
0.105049
0.078476
0.094706
0.071373
0.086055
0.101841
0.097848
0.099066
0.080534
0.078159
0.078465
0.094653
0.067507
0.090821
0.099930
0.096379
0.112148
0.102113
0.100884
0.076421
0.102195
