202	545	187	42
206	552	189	38
212	560	190	33
220	567	193	30
227	571	198	34
237	575	198	36
247	575	202	42
257	577	204	44
268	578	206	48
275	577	208	49
288	576	205	51
297	575	206	49
307	573	202	50
316	569	203	50
324	564	204	53
337	556	198	59
346	553	197	57
356	549	191	58
362	543	188	59
370	545	187	56
376	540	182	55
378	539	179	55
387	541	177	49
388	544	174	44
389	538	177	48
394	544	169	46
395	533	165	49
399	530	157	56
398	540	158	47
400	540	154	47
401	548	152	42
392	540	148	54
388	541	148	53
381	547	143	55
373	547	143	55
366	546	137	60
357	552	132	60
348	553	131	60
339	558	127	59
330	558	123	62
318	565	121	58
306	564	120	59
296	565	120	60
284	565	118	60
275	563	119	63
266	559	116	61
255	560	119	60
250	554	113	60
242	547	115	61
237	543	113	61
231	531	112	67
226	522	106	69
213	515	115	69
209	508	103	71
206	497	86	77
206	486	87	82
190	455	67	105
190	460	67	93
161	469	97	88
172	460	74	93
168	465	84	84
163	460	84	93
166	469	71	76
172	359	59	296
156	455	88	103
182	427	51	77
188	424	50	84
187	436	52	59
176	417	74	97
174	429	68	73
180	418	57	95
171	434	74	63
166	439	85	69
170	441	77	66
161	443	96	61
184	441	77	77
201	455	72	62
192	462	90	74
182	472	109	65
174	478	126	68
186	482	124	74
214	493	104	69
223	500	97	68
222	510	119	65
227	518	126	62
228	525	137	59
232	530	145	60
238	535	150	58
241	540	161	56
248	545	167	54
257	549	171	53
265	553	178	50
274	557	180	47
283	557	186	48
293	557	190	47
302	556	191	47
315	554	192	48
324	552	199	48
335	546	197	53
339	543	207	54
344	538	213	56
354	530	209	61
359	525	212	65
367	517	209	70
370	513	210	72
374	509	212	73
380	504	209	78
383	501	211	79
386	498	208	84
385	495	208	88
384	494	209	91
382	495	210	90
381	495	209	89
378	500	203	88
378	500	200	89
375	502	199	89
369	506	200	89
366	508	194	87
360	517	193	82
355	523	191	77
348	527	187	75
340	532	191	72
333	537	180	69
326	544	171	63
318	547	167	58
306	553	171	52
300	559	165	45
292	561	161	38
285	561	149	36
280	559	143	37
273	555	135	43
268	555	123	43
263	552	110	45
262	545	98	51
260	535	87	57
260	530	70	56
254	527	63	50
255	506	45	68
237	494	56	75
232	473	52	87
227	473	54	77
228	446	52	86
205	456	67	67
210	440	58	67
197	447	84	54
171	440	90	67
171	426	90	79
169	426	92	67
168	410	93	79
164	416	98	69
163	417	99	66
163	413	109	65
164	411	113	67
168	408	109	70
169	408	112	70
167	410	119	64
168	414	118	59
175	422	112	56
171	422	127	63
179	428	120	53
172	439	136	54
179	445	138	43
176	450	144	61
179	458	152	63
183	468	157	49
208	474	141	46
211	487	144	40
219	495	146	41
226	504	148	39
235	512	153	38
249	522	154	36
253	527	162	37
279	530	152	39
282	534	164	38
299	534	167	40
313	536	171	39
330	530	173	43
345	524	174	45
356	519	179	47
369	509	184	52
383	502	182	55
396	493	179	57
411	482	179	57
422	468	179	61
433	451	181	70
440	435	186	75
447	420	191	79
460	406	183	82
465	390	187	89
475	373	182	91
484	355	179	104
486	332	199	121
498	322	178	125
288	324	599	120
478	309	215	119
508	297	179	141
521	306	153	127
503	301	187	140
519	305	155	130
500	309	190	142
265	308	661	132
394	230	237	198
503	333	174	131
487	334	203	152
498	341	176	141
483	370	172	126
475	386	170	118
463	404	171	114
453	417	172	112
441	429	173	111
433	448	167	97
423	467	167	85
409	483	165	76
399	492	162	70
389	503	160	63
375	511	157	56
363	520	156	47
349	527	157	37
336	529	154	32
319	532	155	26
309	528	152	25
306	523	140	28
281	517	151	28
271	502	148	36
264	493	139	37
250	479	145	40
244	468	133	38
226	453	144	42
222	440	135	42
220	426	130	42
216	415	129	42
209	403	128	41
204	392	128	38
202	382	127	39
199	374	128	38
197	368	127	35
195	361	124	35
195	357	124	33
197	352	119	34
197	353	119	32
197	352	117	31
197	353	121	32
197	355	119	31
195	354	123	35
202	357	118	37
200	363	120	37
202	366	125	40
204	371	120	41
209	381	118	39
212	386	119	41
213	395	118	40
220	401	117	46
223	414	118	44
230	424	116	44
233	436	123	35
227	447	134	44
253	455	124	46
263	464	122	50
278	483	118	43
293	489	115	48
306	500	115	44
335	504	101	48
343	515	112	39
359	512	111	44
376	514	113	39
395	513	107	37
412	515	107	33
430	504	110	32
448	497	106	33
464	479	104	40
478	458	103	51
490	435	107	65
511	410	96	77
511	381	116	87
527	339	109	113
539	348	111	95
545	299	99	128
540	137	108	453
437	158	254	222
351	149	318	190
17	181	986	127
335	70	339	237
351	73	331	227
337	53	354	262
348	53	350	244
345	56	353	235
359	60	333	231
395	66	301	223
395	76	297	207
438	98	249	199
653	323	298	54
546	321	511	56
648	330	495	49
678	320	531	62
669	320	548	60
668	314	611	68
654	310	625	71
545	316	734	64
659	319	600	67
668	311	604	73
550	318	729	64
660	320	597	66
673	313	601	72
555	319	724	67
650	324	607	64
657	323	595	63
666	315	605	70
657	311	622	75
691	316	553	72
660	317	603	69
652	321	618	68
651	319	621	68
650	322	623	69
665	319	595	72
698	322	530	69
633	317	646	76
671	316	594	74
687	319	562	73
663	318	610	75
650	318	617	71
660	321	604	73
644	318	635	76
680	317	563	73
654	319	615	76
683	320	557	72
658	322	606	73
644	319	634	76
679	324	563	73
648	321	614	76
628	320	651	75
598	322	681	77
652	322	614	74
637	317	642	80
668	323	579	75
642	317	631	84
605	329	663	73
494	318	785	82
594	331	585	71
614	325	665	74
611	323	668	74
609	330	670	74
607	328	672	74
605	326	674	74
604	330	675	75
602	329	677	72
606	329	670	74
601	329	672	74
600	329	674	74
598	332	676	75
599	330	679	75
588	331	681	75
587	332	683	75
473	334	806	73
389	339	890	70
566	345	700	66
585	338	694	70
593	332	664	78
582	337	686	76
581	335	688	79
457	337	822	81
502	351	693	72
551	357	602	66
582	357	670	61
511	349	768	70
583	351	696	77
557	349	698	80
430	353	849	75
346	368	933	66
555	366	667	70
536	361	743	72
444	360	835	74
361	139	295	156
255	145	391	122
248	112	393	136
259	89	384	155
255	76	377	165
253	59	379	185
252	43	375	197
253	30	365	218
269	24	356	226
266	22	357	228
254	19	382	229
262	13	365	237
267	12	355	236
266	12	357	232
267	33	354	231
263	19	353	229
264	41	350	228
290	43	341	221
284	149	304	110
310	164	253	81
148	147	577	115
312	232	245	69
174	214	522	104
346	206	259	117
126	227	698	139
337	191	250	209
350	299	183	114
445	385	116	116
416	403	135	122
394	437	137	111
375	472	136	99
349	509	137	78
322	537	143	61
299	557	141	47
273	569	141	36
249	575	144	26
225	575	141	24
207	567	132	29
186	550	132	37
170	531	126	42
157	510	126	49
141	488	122	48
129	464	123	51
127	443	116	47
134	423	103	49
42	406	287	40
0	388	402	39
0	385	453	42
133	376	185	61
102	308	123	58
99	307	114	42
16	286	280	46
96	180	282	92
97	190	281	116
91	183	290	113
89	188	291	101
96	192	275	90
86	192	294	88
79	195	370	80
98	195	277	77
96	192	280	82
89	198	294	80
92	196	370	81
85	196	347	86
96	197	326	90
99	200	283	93
100	208	262	102
99	223	262	91
96	216	266	107
103	229	210	105
101	235	213	119
104	261	222	107
98	276	206	111
108	284	221	121
242	218	131	59
130	214	356	71
234	230	146	62
116	228	384	64
239	232	137	70
242	260	131	49
244	263	138	53
141	249	345	43
231	243	163	54
124	226	378	47
242	239	220	59
122	222	358	57
268	263	144	52
166	233	348	58
55	243	570	63
380	583	127	47
408	581	135	34
433	543	138	38
454	501	138	43
367	452	312	52
267	370	511	85
286	263	365	145
295	275	346	74
148	238	544	80
274	210	380	93
87	154	755	151
276	124	380	178
277	171	261	130
39	242	453	67
276	247	161	55
167	230	379	70
280	245	131	54
176	238	341	68
285	242	122	57
179	235	335	67
287	243	172	67
158	230	319	86
291	242	142	65
168	243	307	77
291	236	147	77
151	248	319	71
293	255	132	61
179	242	360	72
296	241	134	71
167	265	313	65
300	239	115	80
164	250	321	77
298	253	126	68
175	251	373	74
295	253	134	67
171	249	303	76
305	256	133	71
176	263	313	78
306	261	125	67
184	259	370	74
302	283	132	50
204	267	330	66
304	281	148	53
199	279	252	59
303	290	123	48
209	276	311	62
307	275	336	78
150	305	650	96
305	301	355	149
372	368	221	154
112	398	740	94
369	388	227	211
447	594	133	53
414	645	135	42
382	676	140	38
361	693	127	26
341	700	117	19
314	699	114	20
275	694	126	24
242	674	133	27
231	652	121	30
208	630	122	26
196	593	114	38
194	564	106	35
184	532	125	35
114	507	266	29
69	467	356	59
160	377	241	73
159	301	246	139
168	305	248	97
162	286	258	97
0	270	609	79
83	255	442	110
127	227	354	137
165	206	328	158
196	182	220	158
204	159	214	180
179	165	263	169
253	294	230	61
129	290	387	45
234	283	177	59
118	281	410	61
238	77	141	213
239	67	139	233
188	286	241	60
190	286	325	60
214	289	276	55
105	69	494	494
217	68	185	248
225	283	245	64
97	283	434	55
240	213	250	125
211	290	309	52
109	284	408	64
204	268	307	63
259	279	243	62
134	271	367	61
236	291	262	45
150	272	360	62
207	289	302	50
109	281	497	55
278	258	159	65
154	270	352	68
226	294	207	41
144	284	372	53
202	297	309	43
125	282	397	58
268	299	239	44
182	289	329	51
85	285	522	52
200	285	291	53
95	283	444	55
2	262	503	79
121	285	267	67
159	289	323	71
167	321	180	78
169	348	176	79
175	368	164	95
174	379	167	125
251	306	259	49
277	303	226	56
288	323	151	41
292	328	127	45
289	343	133	38
212	331	286	61
90	302	531	44
297	326	173	41
214	291	300	56
294	307	215	47
199	290	308	62
314	318	159	62
200	291	320	79
480	541	149	90
490	497	155	93
327	433	481	96
324	300	357	155
315	274	378	157
319	245	361	133
316	199	352	158
19	181	946	189
318	98	339	252
311	168	293	196
330	269	147	80
186	257	332	87
313	284	188	61
191	271	328	72
323	281	185	55
213	283	307	50
117	283	418	50
309	280	194	57
195	282	320	52
94	286	522	43
335	235	121	90
186	235	418	89
328	236	121	86
184	287	327	51
88	291	519	43
247	288	200	48
150	287	396	49
67	288	561	46
239	284	217	55
128	289	438	43
72	290	550	44
206	286	281	50
108	291	479	53
240	290	214	54
131	293	432	42
76	294	542	43
314	303	123	50
218	272	316	52
117	288	517	43
304	284	144	51
204	288	344	43
134	294	408	47
238	294	200	47
142	283	391	53
241	286	193	48
144	281	388	56
306	264	141	58
195	279	323	60
296	281	121	56
191	278	331	55
291	283	130	45
203	271	307	61
264	278	184	45
173	282	346	61
248	285	195	55
138	286	415	46
68	294	556	50
319	286	185	54
210	283	300	57
98	282	438	58
297	292	214	49
198	282	301	58
82	290	533	48
287	298	215	50
187	290	332	46
105	290	497	45
53	287	600	50
318	266	139	63
200	285	376	52
210	290	235	62
295	295	212	44
207	289	301	48
116	286	404	54
308	295	198	53
200	284	308	51
101	286	505	50
317	283	179	58
201	284	311	56
92	283	529	58
319	252	141	83
172	285	347	54
322	245	149	92
322	252	150	94
325	251	136	79
323	254	139	83
319	265	174	72
181	275	276	61
321	281	108	58
216	278	212	63
89	289	466	54
341	308	301	121
360	316	307	177
395	390	468	187
367	406	250	198
446	563	139	66
432	650	129	32
397	678	130	34
382	693	108	26
346	703	108	16
314	702	110	17
280	696	113	23
242	673	125	31
224	652	119	27
205	621	115	28
189	589	115	28
181	551	106	33
115	514	237	39
38	487	390	48
164	481	138	61
156	355	113	102
155	292	270	124
151	301	356	91
120	296	363	71
126	273	353	85
171	253	338	108
183	218	256	119
189	193	234	158
201	172	221	167
207	173	209	166
210	143	202	187
181	214	260	157
221	93	177	203
233	100	152	190
195	0	227	535
233	133	175	93
204	0	308	435
254	56	168	290
259	46	155	310
267	0	147	642
273	13	154	319
0	288	527	66
318	214	105	93
171	62	353	398
293	83	121	188
147	290	331	61
332	188	84	142
154	39	441	441
547	502	709	88
615	498	251	61
616	494	248	65
485	496	511	64
618	507	484	48
554	502	613	55
490	495	740	62
596	491	683	69
608	486	657	72
604	488	659	73
604	488	661	73
605	488	664	73
605	487	666	73
607	487	668	74
603	487	670	74
601	487	673	74
596	486	675	74
592	490	677	71
598	487	664	73
597	487	667	73
597	486	669	74
596	486	671	74
597	486	673	74
597	486	676	75
594	487	678	72
599	486	668	74
598	486	670	74
584	487	695	71
605	485	674	74
602	485	676	75
597	485	679	75
604	489	662	72
600	487	662	73
599	487	664	73
598	486	667	73
598	487	669	71
603	487	659	73
602	486	661	73
601	486	664	73
599	486	666	73
601	487	668	71
608	486	658	73
608	486	661	73
609	484	663	73
608	486	665	73
608	486	667	74
625	485	638	74
609	486	656	72
609	489	658	73
605	488	661	70
611	486	651	75
603	484	667	74
602	488	670	74
597	488	672	74
597	485	674	74
599	486	676	71
606	485	664	73
598	490	666	71
603	489	656	69
609	496	643	63
563	488	716	70
472	494	807	63
607	492	672	67
587	486	684	74
610	485	646	75
601	486	664	73
593	485	667	73
591	486	669	71
596	485	659	73
486	487	793	70
615	494	649	66
602	488	667	69
614	485	648	75
605	485	664	73
604	485	667	73
604	485	669	74
603	491	671	68
594	485	685	74
583	484	696	75
615	485	638	73
609	489	655	72
585	484	694	72
482	484	797	72
605	494	551	67
601	494	666	64
576	491	703	66
618	486	650	72
617	484	652	75
609	485	668	74
608	485	670	74
603	484	673	74
602	484	675	74
489	487	790	71
623	488	637	69
621	486	633	73
614	485	650	75
606	485	667	73
605	485	669	74
603	483	671	74
602	484	673	72
609	487	664	70
617	481	651	75
611	484	667	73
609	482	669	77
568	483	711	76
560	485	719	71
615	484	650	72
613	484	654	72
613	484	656	72
612	484	658	73
607	480	661	76
617	480	644	75
608	479	662	76
617	480	647	75
608	479	665	77
612	485	650	72
612	483	653	72
613	482	655	72
611	481	658	76
603	481	675	74
588	481	691	75
611	480	668	76
605	480	674	75
589	480	690	75
610	480	654	76
603	481	673	74
589	480	690	74
591	480	685	76
607	479	672	76
602	480	677	75
602	479	677	75
595	483	682	73
600	482	673	74
599	482	675	74
599	482	677	75
616	481	647	75
607	482	665	73
606	480	667	74
605	480	670	74
605	480	672	74
604	480	674	74
603	480	676	75
601	478	678	77
595	480	684	73
598	479	677	75
597	479	679	75
592	479	682	75
605	479	661	75
599	479	672	74
585	481	694	74
607	480	672	75
602	481	677	75
600	481	679	74
610	480	665	75
605	481	674	74
492	480	787	75
399	481	880	70
585	490	669	65
607	491	630	64
519	486	760	67
593	486	664	67
608	486	639	67
597	485	668	69
563	484	716	71
468	483	811	72
599	489	666	68
564	483	715	71
585	482	680	72
479	484	800	71
574	492	687	63
536	488	743	66
462	486	817	68
585	481	570	79
597	481	546	77
459	483	820	76
594	483	550	77
456	484	823	75
618	484	499	74
481	482	774	78
586	484	563	75
455	484	824	75
617	483	500	76
475	482	783	77
597	483	539	75
462	481	809	80
613	482	511	78
468	481	801	79
595	482	578	77
461	485	818	70
580	482	579	76
448	484	831	71
577	482	654	75
573	484	593	77
441	483	838	78
605	484	513	76
599	483	597	78
464	485	815	72
627	483	488	77
482	483	779	77
590	482	562	78
592	485	632	76
554	488	662	70
453	489	826	68
569	484	638	73
562	484	651	72
561	484	653	72
579	484	655	72
555	483	658	74
551	480	666	80
588	483	591	73
465	485	814	69
574	483	639	73
568	483	652	72
566	483	654	72
565	482	656	74
584	485	590	73
462	483	817	76
570	483	600	76
441	485	838	71
560	484	657	73
606	486	564	70
491	485	788	72
597	484	576	73
473	483	806	75
569	484	614	73
450	482	829	77
610	481	508	77
466	483	797	74
560	483	652	74
603	483	567	73
476	482	803	74
572	482	612	75
448	484	831	71
566	480	594	75
441	478	838	76
605	479	509	75
536	478	717	78
578	479	633	75
565	480	659	73
564	480	661	73
576	479	590	73
454	478	825	76
615	476	503	80
465	476	803	79
613	475	507	80
461	478	809	75
582	478	568	76
450	478	829	75
577	477	575	76
443	477	836	76
609	476	508	77
599	476	599	78
571	479	655	72
583	475	584	76
604	474	542	76
467	477	812	76
587	475	571	76
454	475	825	76
615	473	503	80
465	475	803	75
585	473	563	78
445	477	834	71
582	473	561	78
444	477	835	69
579	474	647	77
568	475	598	74
444	473	835	77
609	473	509	77
561	472	699	78
559	473	674	72
580	474	591	73
458	473	821	76
617	471	502	79
540	473	728	75
554	469	670	78
544	474	689	74
598	473	581	75
469	470	810	76
589	470	571	76
605	470	537	76
469	472	809	75
590	472	568	76
579	469	626	81
589	472	606	75
570	471	645	78
604	472	576	75
476	472	803	75
594	471	566	75
589	470	624	77
460	472	819	73
601	470	538	78
459	471	820	74
598	469	543	79
454	471	825	75
607	468	501	80
590	469	606	79
610	472	565	73
485	466	794	80
591	470	581	77
580	470	641	77
597	470	537	75
461	470	809	75
613	469	496	78
465	469	793	78
609	470	501	76
611	463	591	83
587	469	593	75
460	468	819	77
617	468	504	77
474	469	790	79
613	467	503	83
454	471	822	74
616	470	498	76
475	469	781	77
583	469	564	78
594	470	540	76
594	471	613	74
579	469	643	77
564	468	673	74
586	468	600	75
566	466	639	77
551	468	670	74
601	464	570	81
561	466	649	78
598	467	576	75
469	470	810	75
589	470	569	76
457	470	822	75
594	469	547	76
596	470	617	74
583	468	574	78
576	469	638	77
577	470	594	74
454	469	825	76
615	467	504	80
599	469	606	75
547	468	643	77
567	466	642	81
610	470	557	73
484	470	795	73
573	468	617	77
589	466	584	79
604	467	554	78
586	468	628	76
585	469	585	73
566	468	623	75
551	466	653	79
573	468	608	75
447	466	832	78
607	467	512	76
467	466	792	78
574	469	622	76
556	468	658	74
552	468	666	75
548	468	674	74
547	467	676	75
545	467	679	75
596	467	577	75
467	469	812	76
587	467	553	79
444	468	835	76
610	468	507	77
467	466	794	80
574	467	578	77
591	467	544	77
591	470	617	76
580	468	556	79
579	467	633	76
570	467	589	76
439	467	840	77
594	467	553	76
459	469	820	76
587	466	545	81
579	469	635	76
571	469	591	75
445	468	834	76
571	468	581	77
596	468	570	77
564	468	633	76
586	466	590	80
576	467	582	79
591	467	552	78
451	468	828	75
613	467	503	76
471	467	788	78
593	468	543	76
594	465	612	80
566	468	670	75
578	464	602	82
596	467	567	75
464	467	815	75
587	469	569	76
455	469	824	75
616	469	502	76
474	468	786	79
616	467	501	79
467	467	800	79
614	467	505	80
463	467	806	79
612	468	509	77
468	467	797	78
614	468	503	77
471	469	789	78
615	467	498	76
474	466	781	78
615	467	497	76
475	469	779	77
565	470	597	73
584	469	633	76
546	470	663	73
545	470	665	73
544	470	667	74
432	469	847	74
568	469	575	75
593	468	626	75
555	467	656	79
590	468	587	76
507	467	752	77
582	466	552	80
578	467	636	76
576	469	592	73
454	467	825	76
579	467	575	77
445	470	834	76
572	470	581	77
437	472	842	72
583	470	594	75
560	470	639	77
544	471	670	74
543	471	673	74
542	470	675	74
541	470	677	75
577	470	604	75
580	469	643	77
565	470	673	74
549	470	676	75
548	470	678	75
585	469	604	75
460	468	819	77
565	468	608	77
542	467	655	79
564	469	610	76
592	471	554	72
469	473	800	72
575	472	588	74
451	471	828	76
613	469	504	80
462	472	805	75
618	471	494	75
478	471	774	76
586	472	557	74
593	472	614	74
581	470	572	77
444	470	835	76
607	470	508	77
463	473	797	74
557	472	652	72
557	471	653	72
555	471	655	72
554	471	658	72
553	471	660	73
552	470	662	73
587	470	590	73
465	469	814	76
577	467	571	79
436	471	843	72
574	469	567	76
442	472	831	72
575	472	564	73
450	471	816	74
575	471	565	73
449	471	816	74
610	471	494	73
475	470	764	75
576	471	562	73
602	471	546	74
472	468	806	79
571	470	608	75
445	468	834	78
608	468	512	78
463	467	803	79
574	468	579	77
440	468	839	77
603	469	511	76
464	468	791	77
578	469	619	76
560	470	654	72
559	470	656	72
558	470	658	73
556	469	661	73
555	469	663	73
554	469	665	73
553	469	667	74
589	471	595	74
465	470	814	76
586	469	573	76
593	469	632	76
558	471	662	73
556	472	664	70
563	471	652	72
561	471	654	72
560	471	656	72
559	470	658	73
558	470	661	73
556	470	663	73
555	470	665	73
554	471	667	70
560	470	655	72
559	470	657	72
558	470	659	73
557	469	661	73
592	469	590	73
470	468	809	76
590	466	569	79
588	467	639	77
559	468	670	74
558	470	673	71
564	469	660	73
563	470	662	70
569	466	649	78
591	469	604	72
579	467	629	76
564	468	659	73
562	468	661	73
561	469	664	70
567	468	651	72
566	468	653	72
457	468	822	72
568	467	655	75
578	467	594	74
455	466	824	76
579	466	576	75
449	466	830	76
576	468	577	75
447	471	832	69
586	469	645	74
556	469	658	72
555	465	660	76
597	466	576	75
571	465	627	75
591	463	625	79
585	466	597	74
565	464	636	76
550	466	666	73
598	466	570	74
573	462	619	80
597	465	571	74
606	465	554	75
575	465	615	74
596	463	573	78
599	463	566	77
602	464	560	76
571	464	622	75
556	462	652	78
599	464	607	75
579	462	646	78
604	464	541	78
462	466	817	75
621	465	497	76
481	465	779	77
624	464	492	78
609	464	591	77
559	464	646	78
581	465	602	75
597	464	570	77
600	464	563	76
615	465	534	75
479	467	800	75
599	465	546	78
458	467	821	75
619	467	499	74
481	465	775	78
572	466	593	75
615	469	506	77
605	468	595	78
578	471	650	72
590	471	580	72
571	473	617	74
450	472	829	71
585	469	559	77
622	473	559	76
540	472	723	77
606	471	569	79
571	472	639	77
593	473	595	74
593	474	633	76
581	475	590	73
608	478	536	76
472	479	807	73
596	478	559	74
603	480	616	74
570	481	646	71
569	478	648	78
591	479	603	75
572	478	642	77
606	483	574	74
478	482	801	75
597	481	564	78
608	482	540	76
471	486	808	74
629	485	491	75
490	484	770	77
594	484	561	78
606	487	537	76
606	490	609	73
569	491	639	72
600	491	575	71
582	491	612	74
622	492	570	72
500	488	779	79
603	494	541	76
637	496	546	71
515	493	764	78
580	491	588	81
594	492	560	79
616	493	515	77
622	500	600	72
585	500	629	71
581	500	637	72
577	496	646	78
599	500	601	71
587	497	625	75
608	501	582	72
487	500	792	75
639	500	489	74
500	502	766	75
593	503	581	74
606	502	624	75
586	503	582	72
465	505	814	69
606	501	575	76
578	501	630	76
600	503	587	73
581	504	625	75
565	504	655	74
561	504	664	73
609	504	568	73
584	504	617	74
605	503	574	74
580	503	625	75
601	504	582	72
582	503	620	75
604	504	577	72
619	503	546	74
588	503	607	73
574	503	636	73
602	504	580	72
628	505	527	74
494	506	785	72
613	505	547	73
585	505	603	72
605	506	601	70
531	501	748	76
590	502	599	80
559	505	661	73
595	505	589	73
576	506	627	70
607	503	565	76
575	503	628	76
610	504	558	73
485	506	794	73
605	506	554	74
476	506	803	73
598	505	559	74
615	505	526	74
481	503	793	78
627	505	501	74
490	504	775	76
585	505	585	74
609	507	537	69
489	507	775	70
595	504	563	74
466	507	813	68
578	504	632	75
602	504	584	74
580	506	627	70
576	506	636	70
574	505	638	72
570	504	646	73
566	504	655	72
601	504	584	72
582	503	621	75
567	504	651	72
566	503	653	73
612	504	560	73
487	503	792	73
605	501	555	77
616	502	533	75
481	505	798	75
612	504	536	73
483	504	794	72
605	502	550	76
571	503	618	74
604	501	552	78
613	502	534	75
477	505	802	75
596	503	564	72
472	503	807	73
595	502	561	75
465	502	814	74
624	502	495	75
485	506	775	72
581	502	635	72
611	501	576	75
585	500	627	75
593	502	584	72
620	503	530	77
625	504	520	73
493	506	784	71
596	503	576	75
616	503	537	76
480	504	799	73
601	502	557	77
613	503	533	75
477	504	802	73
600	503	556	74
471	503	808	74
594	501	562	78
455	504	824	71
584	503	567	74
456	503	822	74
605	502	569	76
576	502	627	75
561	502	657	74
607	503	563	73
581	502	615	74
567	500	644	77
605	498	540	81
454	503	825	71
615	502	585	74
536	501	742	76
589	499	607	79
612	502	560	73
486	502	793	73
605	501	555	74
621	501	522	74
489	499	788	78
611	500	543	76
621	501	522	74
488	503	788	73
600	500	563	74
620	500	524	74
558	504	718	71
591	505	608	69
585	500	621	75
605	498	620	78
582	501	665	73
581	502	667	70
580	501	623	72
590	499	641	77
588	502	597	74
588	504	636	71
584	504	644	71
599	503	574	71
625	502	522	74
492	503	787	71
600	501	572	75
618	501	535	75
482	502	797	73
603	499	555	74
474	502	805	74
632	502	490	75
493	501	768	69
581	497	591	77
601	497	549	77
462	502	817	75
611	498	552	76
578	499	618	74
582	497	648	78
604	500	603	71
536	498	740	75
598	496	571	79
610	497	547	77
573	498	621	75
606	496	555	78
623	498	559	76
489	498	790	75
604	498	559	74
575	498	617	74
608	496	551	78
571	497	625	75
617	495	582	79
585	496	647	78
586	499	602	75
613	496	547	77
622	498	530	77
582	500	609	73
567	498	639	77
589	499	595	75
614	498	546	77
622	499	528	74
488	499	791	74
580	499	650	74
590	501	590	73
595	500	628	70
568	497	636	77
610	498	592	75
588	497	636	77
610	498	592	73
549	497	714	76
572	496	625	78
608	497	592	75
565	497	678	76
605	497	550	76
471	501	808	74
628	498	493	75
489	497	772	76
592	498	650	74
599	498	590	73
580	497	628	76
565	498	658	73
564	495	661	79
601	496	586	76
608	496	609	77
599	495	581	79
616	495	547	78
624	498	531	77
484	499	795	73
598	499	649	74
571	499	662	73
606	498	590	75
584	497	634	76
606	498	590	75
584	497	634	76
606	495	590	80
610	496	583	79
613	496	576	78
581	496	639	77
603	498	596	74
584	497	634	76
605	497	590	75
583	498	634	76
605	497	590	80
609	497	583	79
576	497	648	78
626	499	549	75
594	496	612	80
602	499	595	74
583	498	633	76
605	499	590	73
585	498	628	76
607	496	585	79
610	496	578	78
614	497	570	77
582	497	634	76
606	502	551	77
617	503	529	75
617	504	600	72
580	502	629	76
565	501	659	73
621	497	588	80
594	500	580	73
470	501	809	77
609	502	575	74
584	501	625	75
569	502	655	74
602	502	590	73
582	501	628	76
618	502	558	73
492	502	787	73
585	500	644	76
589	501	595	74
603	500	633	76
574	501	664	73
610	503	592	73
597	502	560	76
464	502	815	75
623	500	497	74
487	502	769	76
594	501	555	74
573	500	700	76
590	501	649	73
605	502	559	76
619	502	531	75
484	503	795	72
592	502	579	73
467	502	812	75
611	501	568	76
582	501	626	75
567	503	656	72
566	502	658	73
601	499	587	79
569	502	652	72
460	502	819	73
639	497	494	82
482	504	797	75
599	504	563	75
616	504	529	75
482	504	797	74
635	504	490	75
496	503	768	76
603	504	554	74
474	507	805	67
592	502	569	78
605	505	542	71
482	505	789	71
611	502	573	76
602	505	629	71
568	502	637	77
604	502	565	75
612	502	622	75
575	500	652	78
613	502	546	75
479	505	800	74
607	504	587	74
481	506	798	70
585	504	633	75
609	501	585	79
626	504	551	73
499	504	780	73
615	503	548	76
581	503	616	74
566	502	646	78
588	503	601	75
617	502	542	77
598	505	618	74
599	506	575	71
625	505	522	74
493	506	786	71
596	503	579	73
600	504	619	74
601	505	576	71
482	504	797	74
616	504	586	74
606	503	560	76
621	503	531	75
486	504	793	72
593	504	579	73
468	506	811	69
611	501	592	79
580	504	653	72
616	504	582	72
534	503	745	75
597	501	570	79
617	501	568	77
585	502	632	76
570	502	662	74
615	505	572	74
488	504	791	75
603	504	560	75
620	504	527	74
486	505	793	72
591	504	583	73
618	503	529	75
482	505	797	72
598	504	564	74
471	507	808	68
601	499	629	78
614	505	535	74
616	505	600	72
580	502	629	76
565	503	659	73
612	502	564	74
585	502	618	74
606	500	576	78
574	500	639	77
610	498	568	77
577	498	633	76
611	496	565	80
628	498	570	77
596	498	634	76
607	499	551	73
479	499	800	73
610	499	606	74
606	497	569	77
574	497	633	76
611	493	558	80
618	495	544	77
627	496	526	74
493	494	786	78
601	495	570	76
618	495	537	76
482	496	797	73
620	492	525	77
614	497	607	73
590	493	566	73
464	493	815	74
597	491	593	78
616	488	555	78
625	489	537	76
488	492	791	75
608	489	551	75
476	490	803	74
644	488	490	77
498	488	781	77
595	489	592	75
572	488	637	77
606	486	569	80
615	484	551	78
475	487	804	77
599	484	602	76
612	483	576	78
615	483	568	77
632	484	535	76
594	485	609	80
602	481	634	80
595	486	605	75
612	483	572	77
614	483	606	77
571	482	651	78
621	483	551	77
604	483	621	75
603	482	578	78
595	482	642	77
617	482	538	78
476	483	803	74
628	480	531	81
613	482	627	75
600	480	584	79
615	481	554	78
618	481	628	78
601	477	593	80
616	484	562	74
488	484	791	74
613	480	585	74
590	481	629	76
612	479	586	79
616	480	578	78
631	480	548	77
573	481	664	75
612	478	538	81
613	480	631	76
596	478	588	80
600	479	580	79
623	479	573	78
590	480	637	77
619	478	534	80
471	480	808	75
622	478	551	78
583	480	628	76
604	478	585	79
572	478	650	78
621	476	551	82
625	478	544	77
587	483	619	74
620	481	553	75
488	481	791	74
605	479	557	77
617	479	533	77
476	481	803	74
615	477	529	81
612	480	534	75
477	480	802	75
631	478	493	78
616	478	593	78
602	481	576	73
629	480	521	74
495	482	784	73
611	480	552	76
622	481	529	75
488	481	791	74
617	480	532	77
622	481	522	74
489	479	788	78
633	479	497	79
485	479	794	78
633	480	501	76
490	479	786	77
599	480	567	76
616	480	534	75
481	480	798	75
607	478	590	78
614	478	576	78
582	478	639	77
617	480	568	74
592	479	619	74
613	478	576	78
617	478	569	77
585	478	633	76
606	476	589	80
610	477	582	79
614	477	574	78
582	478	638	77
604	479	594	74
584	478	632	76
606	476	588	80
610	476	581	79
613	477	574	78
616	477	567	77
585	477	630	76
606	475	587	79
573	476	652	78
626	477	546	75
593	475	613	80
601	477	596	75
615	476	569	77
583	476	633	76
604	474	589	80
608	475	582	79
612	477	574	78
580	478	638	77
602	479	594	75
579	478	638	77
564	479	668	74
563	478	670	75
597	478	603	75
577	479	642	72
609	476	578	78
613	477	570	77
616	477	564	76
619	477	557	75
588	478	619	74
467	479	812	71
610	476	582	77
582	476	639	77
617	478	567	74
591	474	618	81
614	477	572	75
588	477	624	75
621	475	558	79
584	476	633	76
617	477	566	73
592	476	615	76
629	474	581	79
574	475	646	78
610	475	573	76
581	474	630	78
613	476	567	75
584	476	624	75
617	474	558	79
579	475	633	76
615	473	562	80
612	474	569	77
615	473	562	78
614	477	563	76
583	477	626	75
568	478	656	74
600	474	590	80
567	477	656	74
600	474	590	80
567	474	656	79
604	476	583	76
613	476	564	76
581	476	627	75
616	474	557	79
632	475	564	76
600	476	627	75
599	477	584	72
625	477	530	77
586	478	609	73
571	477	639	77
606	478	567	74
626	478	528	74
492	481	787	74
620	478	530	74
488	478	791	74
605	478	557	74
476	478	803	74
592	478	654	75
599	478	593	74
615	477	561	76
583	477	624	75
568	475	654	79
590	477	608	76
571	475	648	78
607	476	575	76
613	476	562	76
628	478	533	75
613	478	538	75
479	479	800	73
600	479	648	74
608	479	588	73
486	478	793	75
601	479	562	73
476	478	803	74
592	478	653	74
599	478	592	73
615	477	560	76
630	477	531	75
594	477	602	74
611	476	568	77
614	476	562	76
617	477	555	75
620	477	548	74
634	480	520	75
595	478	598	78
604	480	581	73
479	479	800	75
597	479	564	75
466	479	813	75
616	479	596	76
607	478	570	77
575	478	633	76
624	476	537	80
625	480	533	77
485	478	794	80
630	480	506	77
487	479	792	78
633	480	500	76
491	484	784	73
583	484	642	73
577	485	655	72
575	484	658	72
574	484	660	73
573	484	662	73
609	480	590	80
612	485	583	76
606	484	634	76
594	486	590	76
615	486	547	77
624	487	530	75
489	490	790	74
606	490	557	74
622	490	524	74
489	490	790	73
590	490	588	74
465	491	814	71
612	487	552	80
617	488	542	76
626	490	524	76
586	492	603	73
605	490	632	76
592	490	588	76
461	492	818	77
604	491	578	77
609	492	566	77
613	492	560	76
581	492	622	75
622	490	580	78
603	494	572	77
571	494	636	77
592	493	635	80
585	497	606	75
620	496	573	72
555	492	703	80
580	493	637	79
609	497	578	75
584	497	628	76
568	498	658	73
604	498	587	73
482	496	797	75
599	496	563	75
628	496	552	75
533	494	742	80
561	495	655	78
601	496	606	75
581	495	645	78
593	498	600	75
593	497	639	77
577	498	670	74
578	498	640	74
569	499	659	73
604	500	588	70
492	498	787	74
599	498	554	74
471	498	808	73
597	497	588	75
574	496	633	76
559	498	664	73
558	497	666	73
556	497	668	74
555	497	670	74
554	497	673	74
553	496	675	74
589	496	602	75
589	495	641	77
575	496	640	74
566	497	658	73
601	497	587	73
582	495	625	75
567	497	655	72
566	497	658	72
601	496	586	73
479	495	800	75
597	494	564	78
596	494	633	76
558	496	664	73
556	497	666	70
455	496	824	72
595	495	588	75
468	494	811	76
582	494	583	76
591	493	636	77
590	495	592	73
528	494	714	76
590	492	563	78
592	493	631	76
557	495	661	73
555	494	664	73
445	496	834	70
587	494	606	74
570	492	640	77
604	495	573	71
486	494	793	73
592	493	582	74
569	493	626	75
602	494	560	72
478	493	801	73
586	491	584	77
453	494	826	71
570	493	591	74
446	494	833	71
583	492	559	74
452	495	820	69
574	491	576	76
582	494	631	71
578	491	639	77
562	492	670	74
584	492	598	74
565	490	636	77
550	492	667	73
586	492	594	74
566	490	633	76
588	492	589	73
466	490	813	75
587	493	570	76
595	496	629	69
560	495	631	71
451	495	828	70
600	491	530	74
539	493	722	74
551	494	698	71
550	494	672	71
579	493	586	73
597	492	624	75
561	493	654	72
560	493	656	72
595	492	585	73
520	491	735	75
573	491	630	75
560	492	655	72
559	492	658	72
608	492	559	73
483	491	796	73
572	491	618	74
557	492	646	71
556	492	649	71
603	494	555	72
479	493	800	73
571	491	616	77
551	493	657	72
569	493	659	73
554	493	661	73
590	493	590	73
467	493	812	76
590	493	598	76
568	495	643	72
456	495	823	72
563	492	653	77
550	495	679	75
549	498	681	69
562	496	655	72
583	496	584	72
462	495	817	75
599	493	543	79
456	498	823	75
583	498	573	74
594	501	623	69
572	498	667	75
582	498	601	75
457	499	822	72
588	496	559	77
590	497	629	76
555	495	659	79
577	496	614	76
557	500	654	72
592	500	583	72
472	499	807	75
593	499	565	75
461	499	818	75
585	498	570	76
593	501	628	70
569	500	636	71
565	500	645	71
563	500	647	71
562	501	649	68
464	500	815	77
584	501	575	74
583	501	625	75
554	502	655	74
587	504	590	73
464	506	815	69
585	502	574	76
594	502	630	76
556	504	660	73
603	505	565	70
487	504	792	72
569	502	599	76
570	506	645	71
569	506	647	71
568	506	649	72
547	505	652	72
571	505	654	73
546	505	662	73
594	507	567	73
468	506	811	74
591	505	565	75
599	506	622	75
561	506	652	73
557	508	661	70
563	507	648	71
562	507	650	72
577	506	580	72
611	507	548	76
555	508	618	74
578	509	647	73
576	509	582	72
621	508	492	75
483	507	769	77
589	506	588	77
560	509	645	71
578	509	647	71
555	506	649	78
589	509	580	75
460	509	819	76
569	509	602	74
569	508	639	77
591	509	595	74
572	508	633	76
605	510	566	73
479	511	800	74
594	511	571	75
601	510	623	75
565	508	653	79
588	510	608	75
568	513	647	68
574	509	635	76
559	511	665	73
595	513	593	74
555	511	673	76
566	511	607	75
441	510	838	78
605	511	514	76
581	512	672	74
545	511	673	76
592	511	577	75
463	511	816	76
585	510	572	76
452	514	827	76
585	513	605	77
562	515	652	72
597	515	581	72
477	514	802	74
583	512	590	78
573	509	648	80
593	511	611	76
576	515	578	78
595	519	643	71
580	518	645	72
554	515	696	72
565	513	677	75
602	513	604	75
582	517	643	74
588	514	586	79
591	514	620	78
601	515	532	77
610	517	610	73
582	515	639	77
604	516	596	74
563	517	634	76
610	515	590	80
581	515	583	79
590	516	648	78
593	521	563	73
611	520	611	73
577	521	640	72
572	521	649	71
571	521	651	72
570	523	653	72
569	522	655	72
567	522	658	72
566	522	660	73
602	522	588	73
480	520	799	75
597	520	534	75
609	521	606	73
577	520	634	76
562	521	664	73
597	522	592	70
484	517	795	76
567	517	661	75
597	520	539	74
613	521	605	73
576	522	633	71
585	522	570	71
467	520	807	73
573	511	651	81
603	520	592	73
584	515	628	76
583	520	585	73
611	517	623	75
575	518	653	73
573	518	661	73
574	514	664	73
586	514	592	73
567	513	630	76
593	514	628	73
584	512	646	73
566	515	655	73
610	513	565	71
491	512	788	73
596	510	578	76
463	512	816	71
606	509	529	77
602	511	609	73
590	512	568	72
607	508	610	75
556	509	648	73
607	503	583	79
577	509	576	75
587	508	627	75
572	508	657	72
577	507	586	74
605	508	629	71
582	505	637	77
566	508	667	70
576	507	582	72
594	506	619	74
579	505	649	71
580	502	578	78
595	502	548	77
601	506	622	70
584	503	630	71
582	502	567	77
603	502	630	76
566	501	661	74
561	503	669	70
568	503	656	69
552	499	643	77
578	500	642	74
568	501	661	73
567	501	663	73
566	501	665	73
564	500	667	74
563	500	670	74
562	500	672	74
563	500	674	74
561	501	676	71
581	500	590	73
608	501	536	76
617	502	519	73
485	503	782	71
575	501	602	75
602	500	547	77
565	501	621	75
585	502	650	72
561	501	652	73
594	501	587	73
553	500	625	75
576	504	655	72
579	503	584	72
596	505	622	70
579	501	630	76
578	503	586	73
594	502	624	75
558	503	655	72
593	503	584	72
472	501	807	75
593	501	565	75
462	505	817	72
590	503	530	74
603	504	599	72
544	503	717	70
565	502	647	72
563	504	650	68
576	503	566	73
450	504	817	71
582	503	554	74
589	503	611	73
588	504	569	72
467	503	812	73
591	502	562	75
596	502	619	74
561	503	649	71
559	503	651	72
558	505	653	69
565	504	640	71
563	503	643	71
562	503	645	71
561	503	647	71
560	503	649	72
558	502	652	72
594	502	581	72
473	498	806	74
583	498	563	78
586	499	633	76
574	501	590	73
451	502	828	70
573	498	584	77
582	501	640	72
556	501	649	71
554	501	651	72
589	500	580	72
469	499	810	74
604	499	494	75
594	498	582	76
567	498	636	77
589	501	592	70
476	495	803	76
593	495	569	76
609	498	535	75
474	497	805	73
573	499	586	74
586	498	630	76
570	496	661	73
555	493	663	80
578	496	617	73
566	497	642	71
564	497	644	71
577	498	574	73
592	497	617	74
579	495	574	78
581	495	638	77
566	499	668	70
574	497	582	72
609	496	551	75
556	497	612	74
436	497	843	72
608	493	496	76
467	494	778	77
588	494	536	78
596	495	617	74
559	494	646	73
591	494	582	72
585	495	550	74
590	495	612	74
554	494	641	71
552	491	643	77
588	492	571	74
460	492	819	75
597	491	544	76
462	492	816	74
573	490	593	78
544	490	650	78
566	490	605	76
582	490	650	78
587	491	544	75
453	492	812	73
578	489	562	78
603	490	561	76
469	491	810	75
610	490	496	76
540	490	706	77
580	491	625	74
567	492	650	72
568	488	580	78
572	489	644	77
557	488	675	74
555	488	677	75
554	487	679	75
555	487	649	75
546	490	667	74
594	488	571	74
467	487	812	75
592	485	595	78
562	488	653	72
561	491	655	70
565	490	648	73
561	490	656	72
596	490	585	73
475	488	804	75
580	487	593	78
571	486	651	78
555	489	682	69
568	487	656	72
567	487	658	73
552	486	661	73
550	486	663	73
598	488	567	70
481	486	798	72
590	484	581	76
584	484	636	77
572	485	592	73
593	484	630	76
580	482	587	79
596	483	556	78
595	484	631	76
582	484	588	74
598	484	631	76
549	482	661	80
586	485	587	73
585	484	626	75
584	484	583	74
599	483	626	75
551	481	656	79
587	485	583	72
466	483	813	75
615	481	496	78
467	481	792	78
612	479	500	83
607	484	546	76
471	485	808	74
594	485	532	75
565	486	690	73
549	482	676	75
564	486	603	75
583	484	642	77
581	487	598	71
467	485	812	75
589	485	567	76
457	485	822	75
576	485	584	74
450	484	829	76
573	485	627	75
453	486	826	72
620	483	491	78
546	483	710	77
561	484	629	74
568	486	654	72
567	485	656	72
545	484	658	74
590	484	569	75
599	484	624	75
570	482	654	79
586	483	608	76
566	489	648	71
565	486	650	72
564	486	652	72
541	486	698	72
550	484	679	75
551	486	681	75
588	488	607	72
575	486	632	76
560	487	662	73
559	487	664	73
559	487	667	73
560	488	669	70
544	486	700	74
553	485	686	76
551	489	688	72
560	489	675	71
566	488	662	73
551	488	664	73
550	491	667	73
600	491	567	74
473	491	806	74
580	490	591	75
604	490	543	77
466	493	813	74
576	492	593	75
449	494	830	70
572	492	584	74
446	495	833	76
610	494	505	77
466	497	792	72
571	494	582	76
441	494	838	76
580	493	564	77
583	494	632	76
554	495	662	73
553	495	664	73
574	498	592	71
458	496	821	75
583	497	570	74
456	496	823	75
582	495	570	76
449	498	830	76
612	498	504	75
474	500	780	70
564	497	600	76
579	499	645	71
532	499	740	71
549	498	661	73
585	498	590	73
463	497	816	76
571	497	600	74
577	496	637	77
557	497	635	74
567	500	654	72
566	502	656	69
552	500	643	72
548	500	652	72
547	504	654	69
448	500	831	71
570	498	586	74
444	500	835	71
582	498	559	74
452	498	820	74
578	498	567	74
589	498	618	74
551	499	647	73
595	499	559	72
471	498	808	73
578	495	543	79
609	499	555	75
476	499	803	74
567	497	590	78
577	501	647	71
552	500	649	72
551	502	652	69
557	501	639	70
556	500	641	71
555	500	643	71
554	500	646	71
552	500	648	71
551	500	650	72
550	501	652	69
556	500	639	70
602	500	547	71
481	499	791	71
573	498	575	73
588	498	618	74
551	499	648	71
586	500	578	68
475	498	799	72
592	497	564	75
463	499	816	70
568	500	576	76
538	503	736	70
579	503	547	69
556	499	686	73
564	498	600	74
439	497	840	77
594	496	511	78
607	501	556	72
482	498	797	73
572	499	617	74
558	501	645	71
604	500	552	71
482	498	797	72
568	500	579	73
444	499	828	75
599	498	501	76
601	500	591	71
546	501	703	70
565	500	594	71
587	498	623	75
553	500	653	72
566	501	582	69
455	499	805	73
578	497	557	77
441	498	831	75
568	498	576	75
440	497	833	75
604	497	504	75
466	498	780	72
569	498	575	73
600	498	550	76
463	499	816	74
597	499	496	76
587	498	585	77
560	501	639	70
559	501	642	71
557	500	644	71
556	502	646	68
