663	279	257	100
649	280	260	100
648	280	262	99
637	280	260	99
621	279	266	101
606	276	269	104
592	274	269	107
575	272	270	111
574	271	273	113
542	267	273	114
525	263	276	118
509	259	264	118
494	256	278	120
477	251	267	122
473	249	285	129
453	245	289	128
433	237	290	137
438	235	291	137
419	228	292	146
402	221	306	150
410	220	302	152
388	212	302	153
377	208	314	161
366	205	301	160
354	200	316	160
345	191	313	167
351	193	306	164
335	185	317	180
332	179	310	179
326	174	308	189
319	169	291	193
312	160	305	211
311	164	307	203
304	158	303	201
298	155	301	207
294	148	303	213
289	137	299	224
285	125	293	229
284	129	284	220
283	125	287	228
277	121	287	227
274	118	287	234
274	115	287	239
270	107	294	249
272	109	296	249
271	105	297	258
270	94	299	264
271	93	296	267
271	85	303	283
274	86	304	281
278	84	297	278
280	73	305	290
278	67	306	274
277	69	307	284
273	65	286	265
278	71	276	257
276	70	287	264
273	68	287	277
271	76	283	276
271	79	281	280
268	91	287	273
266	103	291	267
267	99	290	266
268	117	293	246
272	126	294	241
272	135	299	224
274	141	307	234
288	150	313	231
289	145	305	215
300	150	280	197
313	155	257	199
325	161	266	199
333	161	252	194
347	170	263	204
344	167	260	197
362	176	255	191
360	175	248	190
376	197	254	174
394	205	256	198
412	209	267	174
409	211	265	173
426	221	258	165
449	219	258	166
462	232	268	138
483	225	258	155
502	216	245	160
503	222	241	159
525	211	234	157
541	213	236	165
560	201	238	158
576	201	238	156
581	200	258	169
580	199	260	168
590	205	280	152
599	223	292	119
585	225	324	115
585	231	358	129
611	230	346	144
643	219	316	149
586	220	385	159
572	196	410	180
563	198	424	182
552	186	446	202
548	178	453	201
766	151	404	216
569	182	454	213
562	191	468	194
588	136	606	242
586	122	616	271
774	127	430	273
734	85	509	292
602	142	591	251
611	147	572	241
711	129	497	257
720	108	479	287
799	100	425	297
775	132	412	253
722	80	519	297
804	130	407	245
779	102	462	278
663	129	540	247
788	140	419	218
815	78	449	293
807	126	389	243
797	86	463	285
800	138	389	243
794	88	457	285
798	133	415	242
786	119	424	282
787	135	417	231
788	111	416	249
782	116	432	259
774	113	448	268
765	192	303	187
767	232	298	139
761	259	250	105
748	256	276	130
732	249	269	127
1121	126	82	212
1125	130	78	204
1124	132	81	203
1123	130	81	206
1124	129	80	208
1126	125	79	214
1126	132	77	205
1125	131	79	207
1125	132	79	206
1125	132	79	205
1124	132	79	205
1123	131	79	206
1123	131	80	206
1123	131	80	206
1124	129	79	207
1123	130	81	205
1124	130	79	207
1123	131	81	206
1123	130	80	207
1123	130	80	208
1124	129	79	208
1124	130	79	207
1124	130	79	206
1124	131	78	205
1123	131	79	204
1123	130	79	207
1123	131	79	206
1124	131	78	205
1123	132	79	204
1124	132	78	205
1124	130	79	206
1124	132	80	206
1124	130	79	206
1124	131	80	205
1123	130	81	206
1123	129	80	207
1124	130	79	205
1123	130	80	205
1123	130	80	207
1124	129	79	207
1123	130	80	206
1123	130	80	206
1123	129	80	207
1124	129	79	207
1123	131	80	206
1125	130	77	206
1125	129	78	208
1125	131	78	205
1125	129	78	208
1124	131	80	205
1124	130	79	206
1124	131	80	205
1124	130	79	206
1124	131	80	205
1124	130	79	206
1123	130	80	205
1123	131	80	206
1123	131	80	206
1124	130	79	207
1124	131	79	206
1124	129	78	208
1124	129	78	210
1123	130	79	207
1124	128	77	210
1124	128	77	211
1123	128	78	211
1122	130	80	207
1123	129	78	207
1119	131	85	204
1120	132	83	204
1112	131	98	205
877	134	402	201
914	117	327	253
879	121	348	244
907	129	292	234
878	129	350	225
1094	129	102	225
1122	133	81	203
1120	132	86	202
1121	131	82	204
1122	131	82	204
1122	132	82	203
1122	129	81	207
1122	130	81	205
1122	129	80	208
1122	129	81	208
1122	129	81	209
1122	128	81	207
1121	131	82	204
1121	130	82	204
1121	130	82	204
1121	130	81	204
1122	132	81	201
1112	135	79	201
1097	136	80	199
1085	136	78	199
1071	135	79	201
1058	136	79	199
1057	135	79	202
1059	132	80	204
1058	134	79	201
1058	133	79	203
1057	133	80	201
1058	132	79	205
1058	133	79	201
1057	131	81	203
1058	134	79	202
1057	132	80	203
1057	131	80	205
1058	132	79	202
1057	131	80	203
1058	130	79	205
1057	130	80	205
1057	129	79	207
1057	130	80	206
1057	131	79	203
1057	131	79	204
1060	130	78	205
1058	131	80	203
1059	130	80	205
1059	130	79	206
1059	131	79	205
1059	131	79	205
1058	131	80	205
1059	130	79	206
1059	130	77	205
1058	132	80	203
1059	131	78	205
1058	131	80	203
1059	130	78	205
1061	131	78	204
1060	131	80	203
1060	130	78	205
1060	130	79	204
1060	130	78	205
1059	131	80	203
1060	130	78	205
1060	132	79	202
1059	131	78	203
1058	131	79	203
1059	131	78	205
1058	131	79	203
1059	131	78	205
1060	131	78	203
1059	131	80	203
1059	130	79	205
1060	130	78	205
1059	131	80	204
1059	131	78	205
1059	131	78	204
1058	132	80	203
1059	133	80	201
1058	131	80	204
1060	132	77	202
1058	133	80	201
1060	131	78	205
1058	131	80	203
1058	130	79	205
1059	131	78	205
1060	131	78	204
1059	131	80	203
1060	130	77	205
1059	132	79	202
1059	130	78	204
1059	131	79	203
1058	131	80	204
1059	131	79	205
1058	131	79	205
1060	133	77	201
1058	133	81	200
1059	133	77	201
1057	133	81	200
1059	133	77	201
1057	133	81	200
1060	130	77	205
1059	132	79	202
1060	131	78	204
1059	131	79	203
1059	130	78	205
1061	131	78	203
1059	133	81	203
1061	134	77	201
1058	134	79	201
1058	133	79	199
1059	132	79	202
1059	133	79	204
1060	134	78	201
1059	134	79	201
1058	133	78	203
1059	133	79	203
1060	134	78	201
1059	133	79	202
1059	131	79	204
1059	130	78	205
1058	131	80	204
1060	130	77	206
1058	131	80	203
1059	130	78	205
1058	131	80	204
1059	132	78	205
1059	132	78	204
1058	133	80	203
1059	132	78	205
1059	132	78	204
1059	132	79	203
1059	132	80	204
1059	131	79	206
1058	131	81	205
1058	130	81	207
1058	131	80	205
1054	130	86	207
1053	134	89	206
1054	132	86	206
1055	132	84	207
1053	132	88	206
1052	133	90	203
1046	134	102	202
1050	131	84	210
825	133	454	206
760	122	409	245
712	125	447	240
672	123	484	242
679	128	470	244
639	208	272	181
638	233	259	159
623	242	250	163
608	245	255	156
595	246	245	156
578	242	247	165
564	240	242	162
564	242	243	159
561	242	244	157
547	241	241	165
529	240	240	160
515	240	238	161
495	248	241	145
496	241	238	155
481	262	239	129
461	269	242	115
447	271	236	107
422	266	240	102
405	261	235	107
399	261	245	106
383	254	243	115
370	245	234	124
354	235	249	132
343	227	243	134
329	216	242	139
329	215	246	142
320	210	236	138
305	202	242	145
290	185	226	154
278	171	250	164
265	166	232	162
264	163	234	168
253	153	215	171
239	152	220	165
239	144	219	172
237	140	223	174
223	139	317	173
238	137	287	177
240	136	283	178
245	132	225	180
236	135	243	173
240	134	236	175
247	134	221	174
245	135	225	176
243	135	228	175
257	137	201	172
264	144	187	167
268	148	177	161
272	153	170	161
274	152	166	160
247	158	219	158
295	168	187	149
304	174	168	152
308	181	161	142
312	185	152	144
303	187	170	144
328	188	180	149
323	191	188	144
343	201	248	153
347	205	285	156
362	207	255	154
365	206	248	159
375	209	228	165
383	215	212	152
391	225	195	149
392	232	196	149
393	232	196	148
394	231	196	150
418	239	172	146
427	246	182	141
443	251	174	137
448	254	177	135
457	255	186	133
459	256	181	136
467	258	180	134
482	261	187	124
491	262	205	127
510	267	194	121
522	270	206	123
519	268	213	121
541	277	194	115
549	278	212	120
568	285	233	111
579	281	215	114
610	282	210	111
612	280	205	111
624	280	202	112
642	282	202	101
641	281	229	101
642	279	229	97
637	275	241	100
642	275	234	99
643	276	230	98
644	274	226	100
643	281	228	101
639	287	203	97
636	283	212	100
642	284	219	97
633	287	235	98
626	289	203	101
608	287	231	105
594	287	221	104
574	284	229	111
575	283	226	112
555	283	233	112
546	282	229	108
537	275	223	115
521	267	234	128
507	258	232	132
511	257	221	134
506	253	231	138
490	251	239	143
486	252	223	138
478	251	212	141
460	251	231	138
470	252	216	135
451	259	213	137
442	258	215	137
440	261	207	131
438	261	206	128
438	264	205	130
437	260	204	131
437	259	201	131
441	261	191	130
447	260	182	127
446	261	183	127
449	261	180	130
452	261	176	128
454	266	181	120
458	261	169	124
461	265	167	124
463	259	165	128
469	258	167	130
469	260	169	127
475	260	160	131
485	260	175	135
487	264	206	123
493	265	233	123
496	267	227	123
498	260	224	134
509	266	213	122
514	265	229	123
523	269	225	116
525	269	232	118
527	265	229	124
528	261	226	120
524	260	233	120
525	263	231	112
523	256	235	129
516	249	233	139
505	259	237	137
506	254	241	144
500	249	235	141
489	258	237	126
491	255	231	131
478	259	240	124
470	260	245	126
471	259	235	124
461	262	246	121
457	263	245	123
458	260	232	131
455	257	227	140
446	257	226	138
444	258	231	130
438	257	232	139
436	251	227	144
431	254	232	138
427	257	235	133
427	261	237	125
428	263	237	125
427	267	237	127
427	265	237	126
427	265	238	118
425	265	240	128
426	262	238	124
426	263	239	131
429	261	237	126
437	263	236	139
444	262	232	133
459	267	230	118
465	273	232	117
466	270	229	110
475	279	230	116
477	274	237	109
480	280	235	114
485	281	239	102
470	284	259	105
482	282	248	101
465	286	275	112
466	285	283	106
515	284	237	102
510	288	250	104
526	287	236	102
510	286	249	104
513	288	253	100
508	286	256	104
507	286	262	103
513	287	259	101
512	286	260	102
512	286	263	102
506	285	263	105
505	286	267	102
510	289	260	100
511	289	260	101
523	290	250	98
523	290	252	97
520	290	252	98
521	290	254	97
522	291	252	97
524	292	251	94
516	291	255	95
516	292	258	94
517	291	258	94
522	291	251	94
525	292	248	93
512	295	262	92
512	294	257	94
516	296	250	92
517	294	252	92
505	294	262	92
505	293	257	94
515	288	245	92
519	279	237	102
519	278	237	104
515	263	236	126
510	248	231	138
502	235	234	144
494	220	231	156
480	221	233	156
481	222	233	158
472	216	230	160
465	219	230	154
464	220	226	155
457	228	227	150
451	243	232	137
451	238	232	138
446	252	235	128
444	262	233	116
445	268	231	110
441	268	233	109
439	268	235	109
442	269	234	107
437	272	234	106
436	270	235	105
435	270	233	105
425	272	236	105
418	273	235	103
419	273	232	100
405	273	235	100
396	267	238	104
391	260	238	110
382	251	237	120
378	243	235	121
379	243	235	125
375	238	236	127
376	238	235	126
376	239	235	124
376	233	234	126
375	242	235	120
376	240	234	122
373	249	239	111
369	260	241	106
368	267	243	97
365	267	241	97
361	266	242	98
359	266	246	99
357	262	240	100
351	258	244	101
349	257	244	103
344	255	246	106
340	252	248	108
340	252	250	110
339	255	251	105
340	252	249	108
338	251	252	104
337	252	251	102
336	253	252	99
336	252	252	101
333	251	255	102
331	248	255	108
329	247	255	102
328	244	257	99
328	240	257	98
327	241	256	96
327	240	254	96
331	239	254	99
333	238	255	99
341	237	250	100
341	236	255	106
339	236	257	105
340	233	261	114
343	227	261	119
350	208	258	141
351	201	261	144
358	189	259	146
358	186	261	152
358	173	268	166
361	162	266	174
367	150	263	185
368	139	265	196
371	137	259	200
371	138	258	198
379	129	254	206
387	122	251	209
394	116	249	214
395	111	265	212
401	117	254	204
403	115	256	207
405	118	259	201
410	122	262	194
416	134	265	181
421	143	263	169
424	161	266	154
424	154	267	162
430	172	267	148
436	178	271	147
447	185	268	142
462	188	261	148
478	195	263	143
479	196	260	144
498	202	259	136
533	212	260	134
554	213	256	136
574	216	257	132
593	214	256	131
589	217	259	133
610	218	252	124
628	223	251	113
635	225	257	108
644	228	259	107
644	225	259	111
646	227	259	109
659	230	256	101
667	228	259	105
670	228	263	103
686	232	259	102
686	219	270	114
685	209	272	141
695	206	286	131
718	145	425	212
713	140	431	241
712	141	431	258
715	142	432	255
713	144	430	252
712	157	432	240
711	142	439	244
714	145	432	248
709	147	432	233
709	136	433	254
708	140	434	246
713	139	424	247
712	141	426	243
709	142	431	242
701	143	441	239
695	150	452	237
696	151	455	235
698	135	456	234
707	137	438	219
671	184	311	179
675	221	254	142
659	224	260	153
665	219	255	160
653	225	253	154
646	229	253	148
641	237	251	133
633	246	254	122
627	246	255	121
628	246	254	121
623	246	255	121
617	245	257	124
614	247	258	119
611	246	258	121
606	249	258	120
603	248	260	122
603	250	255	119
594	252	259	116
590	252	259	123
588	249	259	119
587	252	255	111
586	251	256	113
583	250	253	106
582	250	254	104
578	251	255	100
575	249	255	97
571	241	253	105
571	243	252	103
567	236	254	108
565	228	252	117
556	226	259	121
555	227	259	118
554	228	256	117
554	229	256	116
547	233	261	115
543	238	258	116
541	235	259	122
541	238	259	123
543	237	261	126
542	236	263	128
542	237	262	126
542	244	261	121
546	245	259	119
546	249	260	117
545	249	261	117
547	248	258	119
549	250	260	124
547	255	263	120
551	256	260	126
552	250	257	129
552	255	258	122
551	254	255	126
545	253	254	131
548	257	244	133
540	256	251	131
539	265	248	176
540	254	246	200
539	261	249	207
533	266	255	212
537	267	252	209
537	272	251	207
538	275	254	200
541	274	259	203
542	274	257	207
549	275	255	203
564	272	245	213
585	249	246	210
589	265	246	152
599	275	244	119
596	282	245	102
608	279	241	106
604	283	249	96
603	288	249	95
602	292	248	95
603	293	237	92
603	293	238	92
598	297	243	94
589	299	243	93
586	300	242	91
583	301	239	89
564	307	245	98
565	302	244	93
551	304	252	88
543	301	251	94
530	302	255	95
518	300	257	99
506	296	257	107
508	294	254	111
494	299	245	106
484	297	247	108
483	296	249	109
476	295	246	110
468	292	241	110
469	295	246	109
465	291	239	119
463	293	239	113
460	290	245	110
460	293	245	99
459	293	250	97
459	293	248	97
461	290	247	104
461	288	247	107
461	287	243	109
461	289	237	109
460	297	240	107
459	292	242	97
449	291	254	112
443	289	258	113
436	290	262	114
435	291	272	116
433	285	272	119
434	290	271	120
433	279	272	145
439	278	266	143
439	277	266	157
435	271	274	150
435	273	274	163
435	269	273	150
437	264	272	163
441	265	263	159
467	268	243	115
470	271	242	112
471	271	241	122
467	268	243	125
469	270	238	124
464	268	239	126
464	258	233	139
460	263	231	139
441	255	241	150
443	258	237	153
437	252	234	161
428	251	228	161
415	249	235	165
400	250	233	197
390	251	238	181
390	257	236	193
378	248	244	190
363	249	253	192
348	244	257	193
325	237	247	199
313	240	243	178
314	239	242	185
296	239	247	189
285	236	243	199
276	233	238	176
268	238	239	164
260	232	240	150
262	236	239	141
261	249	238	147
252	227	242	144
243	225	242	144
238	221	242	144
235	216	238	150
234	220	239	147
229	218	245	151
228	213	245	146
231	212	245	140
235	213	243	137
240	211	241	135
243	214	239	134
250	214	239	132
261	212	229	136
270	208	227	136
280	206	222	141
292	205	221	138
292	205	221	140
309	210	223	135
328	208	215	139
361	209	222	137
370	213	234	131
397	216	224	129
393	215	228	130
410	219	231	128
438	219	223	129
463	222	221	126
481	223	224	129
499	224	218	127
496	221	223	129
497	220	220	130
510	221	222	129
522	219	220	136
531	218	217	139
543	220	217	139
540	217	222	139
545	220	223	138
554	221	220	140
558	222	223	141
563	226	222	142
565	228	228	142
564	227	228	144
570	237	226	136
572	245	227	132
579	255	224	126
584	257	225	126
586	262	226	123
586	262	228	121
589	265	230	119
590	266	234	117
588	279	237	107
588	285	237	104
586	289	241	105
587	288	240	106
586	293	241	102
584	293	240	105
580	293	243	106
575	294	246	105
576	293	245	105
576	294	243	104
572	295	244	104
572	294	243	106
569	295	245	108
567	294	245	111
567	295	246	110
567	295	245	110
565	296	244	103
562	298	246	102
561	291	245	108
556	288	243	109
549	285	245	111
549	285	246	110
543	284	246	114
536	284	246	112
529	286	245	111
525	287	241	110
517	289	242	106
517	288	242	107
512	290	243	103
502	288	243	103
490	291	253	102
486	290	252	103
483	288	250	108
484	289	247	107
478	291	250	105
473	291	252	106
473	291	244	108
469	290	248	108
470	288	245	110
470	289	245	110
465	288	246	112
461	287	245	113
456	286	246	111
453	285	247	113
459	279	246	119
457	280	245	118
467	273	241	129
479	271	236	133
487	270	242	139
502	273	235	140
512	276	237	136
516	276	235	134
526	278	238	136
540	278	242	133
557	279	240	131
573	281	237	126
592	286	236	120
591	283	237	123
617	303	242	98
628	301	240	103
640	297	248	101
653	291	250	106
667	288	249	109
665	289	248	110
680	281	247	117
692	278	244	113
701	275	243	111
709	264	234	134
707	259	237	144
712	268	240	126
717	268	240	119
717	257	240	136
715	261	242	121
715	251	242	137
713	253	244	122
720	258	241	115
723	244	235	134
720	239	237	142
727	244	221	123
721	242	234	110
726	212	223	161
753	216	213	152
1058	128	84	212
1055	129	82	210
1047	131	99	207
1051	136	89	203
1059	133	79	205
1058	132	81	205
1059	131	79	207
1059	131	80	207
1059	131	79	207
1058	131	80	206
1060	130	78	207
1059	132	78	204
1059	132	78	203
1058	132	79	203
1058	131	80	205
1059	131	79	206
1058	131	80	205
1059	130	79	206
1058	131	79	205
1059	131	79	205
1058	131	79	205
1059	131	78	205
1058	131	80	204
1058	130	79	206
1060	131	78	205
1059	132	80	204
1058	131	80	206
1060	130	78	207
1059	132	79	204
1059	132	79	204
1059	132	78	204
1058	132	77	203
1060	131	78	206
1061	132	77	204
1059	132	77	204
1058	130	79	207
1058	130	77	206
1061	129	76	209
1058	131	77	203
1060	130	77	206
1060	130	77	206
1060	131	78	203
1059	131	78	206
1060	132	77	205
1060	133	77	202
1059	130	79	207
1060	131	77	205
1060	132	77	203
1059	132	78	204
1059	132	77	203
1061	131	77	204
1060	132	78	206
1059	132	77	204
1058	130	79	205
1060	130	77	205
1059	133	77	203
1060	132	78	204
1060	132	77	203
1060	132	78	204
1060	132	77	203
1060	132	77	204
1061	132	76	204
1060	131	79	207
1060	132	77	205
1059	132	77	205
1060	132	77	205
1059	132	77	205
1060	132	77	205
1060	133	77	203
1060	133	77	201
1059	131	79	206
1060	131	77	205
1060	131	77	205
1060	132	77	203
1060	133	77	201
1060	131	79	206
1061	132	77	205
1060	132	77	205
1059	133	77	203
1060	134	79	201
1061	133	76	203
1060	132	79	204
1061	132	77	204
1060	133	78	201
1060	133	78	201
1060	133	78	201
1059	132	77	204
1060	132	77	204
1060	131	78	205
1060	132	76	203
1059	131	78	205
1060	133	77	204
1060	133	77	204
1059	132	79	205
1061	132	75	205
1060	131	77	205
1059	134	78	202
1060	134	76	203
1062	133	75	204
1061	132	76	205
1060	131	77	207
1060	133	78	204
1060	133	78	203
1060	133	78	203
1060	133	78	203
1060	133	79	203
1060	133	78	203
1059	133	80	203
1060	132	77	205
1060	133	77	202
1059	134	79	201
1059	135	80	203
1058	133	82	203
1058	136	80	202
1057	134	83	203
1058	133	81	204
1058	135	81	200
1057	135	83	201
1057	135	82	201
1057	133	81	202
1057	133	82	201
1057	134	81	201
1057	137	81	201
1056	135	83	201
1057	135	82	201
1057	135	81	202
1058	133	80	206
1058	135	81	200
1058	133	81	205
1058	135	81	201
1058	134	81	202
1058	134	81	202
1058	134	81	202
1058	132	81	206
1057	133	82	203
1057	134	81	201
1058	134	81	202
1057	134	81	202
1057	135	81	200
1058	135	80	200
1058	134	82	204
1058	133	80	203
1058	132	80	206
1058	133	81	203
1058	134	81	202
1058	134	81	202
1058	134	81	202
1058	133	81	202
1058	134	80	202
1058	133	80	204
1059	134	79	202
1059	135	78	203
1058	133	79	202
1059	135	78	203
1059	132	78	202
1058	134	79	203
1058	133	79	201
1058	132	80	203
1058	131	78	205
1058	132	80	204
1058	131	79	205
1059	132	78	205
1059	133	78	204
1060	133	77	203
1059	134	78	201
1060	134	77	202
1059	134	79	201
1059	133	77	203
1058	134	79	201
1059	134	77	203
1058	134	79	202
1058	133	79	203
1059	135	78	201
1058	134	79	201
1058	132	80	203
1059	131	77	205
1060	133	80	203
1061	132	77	205
1060	134	77	202
1061	133	76	204
1060	132	78	207
1059	133	78	204
1058	134	79	203
1058	132	80	204
1059	131	77	205
1060	132	80	203
1060	134	77	205
1060	132	76	208
1060	134	76	202
1060	132	76	205
1060	134	79	201
1060	134	77	203
1060	131	79	207
1060	132	77	206
1060	133	77	203
1059	131	77	208
1059	131	79	206
1060	132	77	206
1059	132	79	206
1060	132	77	205
1060	133	77	202
1059	132	79	204
1060	133	77	204
1059	131	79	207
1059	134	77	202
1061	134	78	201
1060	134	77	204
1059	133	77	206
1058	133	80	203
1059	132	78	205
1058	131	80	204
1059	132	78	205
1058	132	80	204
1060	131	78	206
1060	134	77	205
1059	134	78	202
1058	132	79	206
1059	132	78	206
1060	132	78	205
1059	133	79	203
1059	132	79	204
1059	132	78	204
1060	135	77	203
1060	132	77	206
1059	131	79	207
1059	132	79	206
1059	131	78	205
1059	132	79	203
1060	131	78	204
1060	134	76	203
1059	132	78	204
1059	132	78	203
1058	132	79	202
1060	133	78	204
1060	134	77	203
1059	133	78	204
1058	132	79	203
1059	132	77	203
1059	133	77	202
1059	132	78	204
1060	134	77	203
1059	132	78	204
1059	133	77	203
1060	131	77	206
1060	131	76	207
1059	131	77	206
1060	131	76	207
1059	131	77	206
1060	131	76	207
1058	131	79	206
1059	131	78	205
1059	132	78	204
1060	132	77	203
1060	131	77	205
1060	133	77	202
1059	131	79	207
1060	131	77	206
1060	131	77	206
1060	132	76	203
1058	132	78	204
1059	130	79	208
1060	131	77	206
1059	132	77	203
1060	132	77	204
1059	133	78	202
1059	132	77	203
1059	132	78	204
1059	132	77	203
1059	134	78	202
1059	133	78	202
1059	132	77	205
1058	133	79	203
1059	133	78	203
1058	133	78	202
1059	132	77	205
1059	133	77	203
1058	132	78	204
1058	132	78	203
1059	131	79	206
1061	131	75	205
1058	133	78	204
1059	133	79	203
1059	133	77	203
