134	55	60	88
132	57	61	87
131	56	62	88
131	57	63	88
131	57	64	87
132	57	63	88
132	58	63	88
131	57	64	88
131	57	63	88
131	57	62	88
131	57	63	87
131	58	63	88
132	59	64	88
134	58	64	88
135	59	63	88
135	59	63	88
132	59	64	88
124	59	65	89
118	58	69	89
109	57	72	90
103	59	79	88
97	58	71	91
89	59	83	93
83	61	79	89
78	62	79	94
73	69	83	90
69	71	82	91
70	78	83	90
70	79	79	92
73	87	78	89
77	89	77	91
79	91	81	89
81	89	81	90
90	92	77	87
96	93	77	87
104	88	80	91
112	90	75	90
120	92	76	89
125	91	77	90
131	95	76	90
136	98	74	89
139	100	74	90
146	101	73	89
148	102	68	86
148	100	66	88
149	101	67	88
146	102	69	87
149	102	65	86
149	99	66	87
150	97	65	88
149	94	67	88
148	91	69	88
150	91	69	87
150	89	70	88
151	86	68	88
150	85	69	88
144	84	78	88
136	82	78	88
128	77	75	90
117	76	78	91
109	74	76	91
103	73	83	91
95	69	72	96
84	71	80	94
84	70	72	95
86	76	76	91
85	77	74	91
84	78	80	90
90	74	76	95
94	79	79	90
99	78	79	91
106	79	78	90
109	79	82	90
113	79	81	90
121	77	77	91
125	78	79	90
127	78	83	89
129	79	85	89
133	80	84	88
131	79	84	89
132	85	83	89
134	88	79	89
138	93	77	90
139	96	73	89
136	97	77	89
130	97	74	91
123	97	73	91
116	98	77	89
110	99	76	90
104	100	73	89
105	98	69	87
104	87	70	89
106	84	66	84
104	78	68	87
103	78	72	88
105	76	78	91
107	76	79	90
111	75	79	90
119	73	77	91
129	74	73	91
137	74	73	91
140	71	74	91
141	72	75	89
140	74	74	88
148	82	68	88
142	85	77	86
134	80	81	90
129	81	82	89
122	78	77	91
115	79	77	90
109	82	75	89
105	85	72	91
106	92	71	88
103	92	73	89
106	93	73	90
110	95	74	91
116	94	76	91
120	98	78	90
128	101	79	89
130	101	80	89
136	98	72	89
138	94	69	88
139	90	71	88
140	86	70	87
139	80	71	87
138	77	76	88
141	74	76	87
140	72	80	87
142	73	77	86
142	74	75	84
134	71	82	87
133	69	81	87
124	69	84	89
118	67	84	91
112	65	79	90
102	63	79	90
96	58	78	92
87	60	78	91
82	70	79	87
84	84	76	80
86	81	74	85
89	75	76	95
87	75	83	94
93	79	83	92
104	78	78	91
113	81	75	90
119	80	78	91
127	80	76	90
127	80	79	90
131	80	78	90
134	79	75	89
134	77	76	87
139	75	70	88
138	75	73	87
138	74	76	88
131	75	80	88
127	73	78	89
124	71	70	89
115	70	70	88
110	68	66	89
105	69	73	88
98	66	65	89
89	67	71	89
83	74	69	88
83	84	65	85
83	87	65	87
83	93	61	86
83	99	67	86
86	100	72	88
95	102	69	87
104	103	70	86
108	100	67	88
117	101	70	89
121	100	73	89
128	98	73	90
136	97	71	89
140	95	69	87
141	92	69	88
146	92	64	86
146	89	64	86
147	83	66	86
146	78	68	87
150	75	68	88
149	76	70	88
148	75	73	88
144	76	79	87
140	75	80	88
133	74	79	86
127	71	76	89
123	70	79	90
119	68	77	90
112	66	79	91
105	65	79	92
99	66	79	90
95	64	78	92
88	66	78	90
81	66	80	90
75	65	80	92
76	76	81	85
73	80	80	87
71	77	84	91
74	83	81	89
75	85	84	92
79	87	86	90
90	84	80	92
99	83	79	89
100	81	83	91
105	83	84	90
116	83	80	89
121	83	82	91
128	85	81	88
131	86	81	89
134	87	78	88
136	86	76	88
136	82	72	88
137	77	73	87
137	76	77	89
140	77	76	88
140	77	75	88
137	78	74	87
128	76	79	89
120	73	80	90
113	72	76	90
108	71	82	91
103	72	80	90
98	71	79	90
96	72	77	90
92	72	79	90
90	71	73	90
91	72	75	91
91	72	75	89
92	73	75	90
89	72	82	90
97	73	79	90
99	73	81	89
100	74	84	89
109	73	80	89
111	71	82	92
121	72	81	89
125	72	82	89
131	74	78	89
133	74	78	88
136	76	75	88
135	86	74	85
141	93	70	88
142	99	66	87
134	97	78	87
129	95	79	90
119	99	79	90
110	99	80	90
99	100	81	89
95	99	79	88
97	99	75	89
95	94	74	87
94	89	76	88
91	85	79	88
93	82	76	90
92	80	78	89
91	77	77	89
94	74	75	89
93	73	77	89
90	72	85	90
102	68	77	90
101	70	84	88
106	69	82	88
117	66	78	90
121	65	80	90
127	65	79	90
130	66	81	90
133	67	82	88
135	68	82	88
137	67	82	89
141	67	78	87
142	67	78	86
142	66	77	87
143	65	79	89
145	64	78	89
142	64	81	88
141	62	80	90
134	64	82	90
127	65	83	87
122	65	86	86
117	64	80	87
110	63	77	88
102	63	78	91
94	63	77	91
88	65	79	88
84	62	80	90
79	59	79	91
77	57	79	92
78	59	79	90
76	57	77	91
75	57	82	92
77	60	80	91
75	60	82	90
84	60	76	91
90	59	76	92
98	58	81	92
104	56	86	93
111	59	84	90
119	57	81	90
126	56	81	91
134	58	78	90
139	67	69	87
139	75	70	88
143	82	64	88
140	95	68	87
141	102	64	88
134	104	68	90
122	104	79	91
114	107	83	88
104	107	81	88
90	108	81	88
76	109	86	88
60	106	96	87
67	96	83	90
68	91	82	89
72	83	78	89
74	79	79	88
75	77	81	90
85	72	78	91
91	72	78	90
93	70	83	91
104	72	82	90
115	73	79	89
125	73	83	89
134	73	80	88
143	71	74	90
144	72	72	89
147	75	68	89
146	82	67	90
149	90	65	88
145	93	70	90
134	93	81	91
129	94	83	90
119	94	78	90
110	92	80	90
98	94	84	90
98	94	78	89
98	93	75	89
96	90	72	88
94	87	76	86
96	83	74	89
96	79	77	90
98	75	79	91
96	75	85	89
109	73	77	89
119	70	78	91
127	72	76	89
135	72	76	88
136	70	80	90
136	71	83	89
136	78	82	87
138	86	80	87
132	84	82	89
127	83	79	88
119	83	78	90
112	83	81	89
104	80	77	90
95	75	78	95
86	79	80	91
82	77	81	92
78	77	82	92
81	73	77	98
81	86	75	87
81	91	78	87
85	91	79	88
91	91	79	85
93	91	80	87
101	89	78	88
111	90	76	88
120	88	75	90
127	89	76	90
131	91	77	87
134	90	76	90
140	87	72	88
138	86	78	86
141	80	77	87
142	77	78	89
138	78	80	87
135	80	81	85
131	76	78	87
120	72	82	89
114	73	78	88
106	70	75	89
96	68	77	92
88	69	82	90
84	66	75	90
77	67	77	90
71	70	77	89
73	74	76	89
75	77	73	91
76	79	74	90
79	83	77	89
85	79	75	94
93	82	78	91
102	85	77	90
108	85	75	89
116	85	76	90
127	86	74	89
134	87	79	89
141	85	76	89
140	87	77	89
144	89	78	89
144	88	81	89
145	86	71	87
141	84	78	87
135	79	80	86
129	75	75	87
124	72	76	89
118	69	75	87
110	66	75	90
102	65	78	91
94	63	76	93
87	64	77	90
82	64	76	89
79	65	71	89
81	69	73	89
82	73	69	90
85	74	74	92
87	74	79	95
90	80	79	91
99	81	78	91
106	83	81	89
114	83	80	90
122	82	83	92
126	83	84	90
136	84	83	89
143	84	80	89
147	82	77	90
147	83	78	89
145	81	78	89
148	78	78	90
147	76	78	89
150	73	75	88
151	72	70	88
153	70	64	87
152	66	63	87
154	65	62	88
154	63	62	88
154	64	63	88
155	64	62	88
150	60	64	89
149	59	66	88
149	59	64	89
149	59	64	88
149	59	64	88
149	59	63	88
148	59	64	88
147	59	66	88
146	59	69	87
147	59	66	87
146	60	68	86
146	60	71	87
145	59	74	87
145	60	75	86
143	60	78	86
146	57	73	88
149	57	66	89
148	57	65	88
149	57	65	89
148	57	65	89
148	57	66	89
148	57	66	89
148	57	65	89
149	58	63	88
149	57	64	88
149	57	65	88
148	57	64	89
148	58	67	87
147	58	70	87
146	59	71	87
147	58	68	87
145	60	71	86
146	58	68	87
145	59	73	87
