196	51	139	194
197	47	136	196
196	46	137	197
191	45	143	196
187	45	147	197
183	46	152	197
193	44	139	201
188	42	147	202
188	42	144	201
187	39	144	204
188	39	141	206
186	39	142	208
183	38	144	208
182	35	144	216
181	34	143	218
181	31	139	220
176	30	146	221
171	30	147	220
165	30	155	217
158	27	156	221
157	27	155	217
155	26	152	220
152	27	151	213
155	28	145	212
155	28	146	212
156	28	149	211
154	27	155	212
155	26	158	210
154	28	154	204
158	26	150	202
163	28	149	204
162	29	157	204
172	29	158	205
170	28	164	215
167	26	176	203
169	28	187	207
174	29	188	208
178	29	191	215
185	30	197	224
193	29	194	215
200	30	207	231
211	29	167	194
220	29	173	200
225	31	215	217
229	29	208	206
237	29	230	214
239	29	208	198
252	29	217	227
262	30	209	228
267	32	207	229
270	34	211	228
273	40	209	220
304	49	179	215
321	52	160	214
291	58	188	209
243	63	238	205
323	66	173	203
258	74	216	194
258	90	168	176
345	69	155	198
364	69	130	194
269	71	192	196
268	68	173	196
280	73	195	192
270	82	254	186
297	114	255	155
331	113	220	153
332	114	204	155
259	112	292	157
259	89	273	176
256	107	296	160
255	120	292	147
260	93	290	172
258	112	283	149
262	97	273	170
260	129	266	135
266	103	269	164
262	112	278	155
255	124	294	143
251	121	301	145
246	125	296	141
255	127	300	141
251	123	307	143
255	136	305	132
255	138	297	131
269	135	288	135
259	131	295	138
261	118	295	149
273	140	285	129
277	155	281	117
279	117	277	153
261	135	298	132
274	161	281	104
251	147	302	119
257	161	296	100
260	152	296	105
255	153	302	103
257	154	301	107
257	159	301	106
257	118	305	151
259	116	302	150
259	126	304	141
263	134	302	132
263	144	303	123
263	155	304	111
266	151	298	115
267	156	298	110
269	148	296	121
267	157	298	111
270	147	295	121
268	151	297	116
268	152	296	117
266	151	297	117
267	152	297	116
266	150	297	117
266	147	297	122
267	145	297	122
267	152	297	114
267	154	296	114
267	155	296	112
268	152	297	114
267	151	295	117
269	149	294	119
269	149	294	120
