734	166	34	129
733	163	34	129
733	160	34	128
732	159	34	129
730	156	33	129
728	153	33	129
727	153	34	130
727	154	34	130
727	156	34	130
727	156	34	130
728	159	35	130
732	163	35	130
736	168	34	130
741	173	35	130
746	181	34	130
750	189	35	130
755	199	34	130
760	205	35	129
765	206	34	129
766	204	34	129
766	202	34	129
767	201	34	129
767	201	35	129
768	201	35	129
768	199	34	129
767	199	34	129
766	196	34	128
764	189	34	129
764	184	34	129
764	182	35	129
763	181	34	130
764	181	35	129
764	181	35	130
763	181	35	130
761	185	34	130
758	190	34	130
755	195	35	129
754	195	35	130
753	198	34	129
754	197	35	129
755	193	35	129
755	186	34	129
757	180	35	129
756	180	34	129
757	174	34	129
758	168	34	130
757	162	34	129
756	156	34	130
756	152	34	130
755	152	34	130
755	150	34	130
753	149	34	130
745	148	34	129
741	145	34	130
737	141	34	130
737	141	35	130
732	140	34	131
726	141	34	131
721	145	34	132
717	152	35	132
713	158	35	132
713	159	35	132
709	166	34	131
707	172	35	131
706	177	35	131
705	180	35	131
706	182	36	131
706	181	35	130
707	182	35	131
708	181	35	131
709	178	35	130
711	174	35	130
711	172	35	130
711	171	35	131
712	169	35	130
713	165	35	130
714	162	35	130
714	159	35	130
714	155	35	130
714	155	35	130
714	152	34	130
714	149	34	130
714	147	34	130
714	143	35	130
715	141	35	130
714	140	35	130
716	139	34	130
717	137	35	130
717	136	35	131
717	136	35	131
718	138	35	130
718	138	35	131
719	140	35	130
719	142	35	131
720	146	35	131
722	147	35	131
723	149	35	131
723	148	35	131
723	148	35	131
724	151	35	131
725	151	35	130
725	151	35	131
725	151	35	131
724	151	35	131
724	150	35	131
725	149	35	131
724	149	35	131
723	150	35	132
722	151	35	131
721	152	35	131
721	152	35	131
721	153	35	132
721	155	35	131
722	156	35	131
722	157	35	131
722	157	35	131
722	157	35	131
722	156	35	131
722	157	35	131
721	155	34	131
718	155	34	131
717	155	35	131
716	154	34	132
714	154	34	132
714	153	35	131
714	152	34	131
713	151	34	131
713	151	35	131
713	150	34	131
713	149	34	131
713	148	34	131
712	149	35	132
713	149	34	132
712	149	35	132
712	150	35	132
712	151	35	132
712	152	34	131
712	152	34	132
712	153	35	131
711	153	34	132
711	153	35	131
711	152	34	132
711	154	35	132
711	154	35	132
711	156	35	132
711	156	34	131
711	157	35	131
711	157	35	131
712	156	35	131
713	156	35	131
714	155	35	131
715	155	35	131
718	154	35	131
719	153	35	131
720	153	35	131
720	151	35	131
721	151	35	131
720	151	34	131
720	151	35	130
821	144	35	130
824	143	32	126
832	109	83	212
558	110	268	162
468	264	42	124
474	255	42	133
516	200	16	177
476	255	40	131
475	254	41	132
618	143	32	147
726	145	34	131
727	145	35	131
727	144	34	131
728	143	35	131
728	142	35	131
729	143	35	131
729	143	34	131
730	143	35	131
731	142	34	131
731	142	35	131
731	142	34	131
732	141	35	131
732	141	34	131
732	141	35	131
733	141	34	131
733	140	35	131
734	139	35	131
734	139	35	132
735	139	34	132
734	139	34	132
734	139	35	132
734	139	34	132
734	140	34	132
735	140	34	132
735	140	34	132
735	140	34	132
735	141	34	131
735	141	34	131
735	141	34	131
736	141	34	131
735	141	34	131
736	141	34	131
737	140	34	132
737	140	34	132
737	140	34	132
737	140	34	131
738	139	34	131
738	139	34	132
738	139	34	131
739	139	34	131
739	139	34	132
739	138	34	131
739	139	34	132
740	138	34	131
741	138	34	132
741	137	34	131
741	137	34	132
741	136	34	131
741	136	34	132
741	136	34	131
741	136	34	131
741	136	34	131
741	135	34	131
741	135	34	131
741	135	34	131
741	134	34	131
741	134	34	131
740	134	35	131
741	133	35	131
739	134	34	131
740	134	35	131
739	134	35	131
739	133	35	131
739	133	35	131
739	134	35	131
739	133	35	132
739	133	35	132
738	133	34	132
738	133	35	131
738	133	35	131
738	133	34	132
737	133	35	132
737	133	35	132
737	133	34	132
737	133	35	132
737	133	35	131
737	132	34	132
737	132	35	132
736	132	35	132
737	132	35	132
737	132	35	131
738	133	34	131
739	132	34	132
740	131	34	132
740	131	34	132
740	131	34	132
740	131	34	132
740	131	34	132
740	130	34	132
741	130	34	132
741	129	34	132
742	130	35	132
742	129	34	132
742	129	34	132
744	128	34	132
745	129	34	132
744	129	34	132
745	128	34	132
746	128	35	132
747	127	34	132
748	127	34	132
750	126	34	132
750	126	34	132
751	125	34	132
752	126	34	131
753	125	34	131
754	125	34	131
755	124	34	131
755	124	34	131
755	123	34	132
757	123	34	132
758	122	34	132
758	122	34	132
759	122	34	132
758	121	34	132
759	122	34	132
760	122	34	131
760	123	34	131
762	123	34	131
762	123	34	131
762	123	34	131
762	124	34	131
764	124	34	131
764	125	34	131
765	125	34	130
765	125	34	130
765	125	34	130
765	125	34	130
766	125	34	131
767	125	34	131
767	124	34	131
769	123	34	131
768	124	34	131
769	123	34	131
770	124	34	130
770	123	34	132
772	122	34	132
772	124	34	131
772	123	34	131
773	123	33	131
772	123	34	131
773	122	34	132
773	123	33	131
773	123	33	131
773	122	33	131
774	123	33	130
773	123	33	131
772	124	33	131
771	126	33	131
770	128	33	131
770	129	33	131
769	131	33	131
768	133	33	131
767	135	32	131
764	137	32	131
761	138	33	131
760	137	33	131
758	139	33	131
756	140	33	130
754	141	33	131
753	143	32	130
750	144	33	130
750	144	33	130
746	147	32	130
741	151	32	129
738	153	33	128
736	154	33	128
735	155	33	128
735	154	33	128
734	154	33	127
734	152	33	128
733	152	33	129
733	146	32	129
735	137	33	132
734	138	32	129
743	132	33	129
751	124	33	130
759	120	33	130
764	117	33	131
769	117	33	130
767	116	33	131
773	113	34	131
778	110	34	131
782	108	34	132
785	106	34	132
786	106	33	131
786	106	33	131
789	105	33	132
791	104	33	133
796	104	34	131
800	104	33	132
805	104	33	129
804	105	31	127
709	79	66	153
559	219	39	130
634	117	39	135
569	221	38	132
572	224	41	132
580	209	34	144
573	226	38	129
535	129	87	209
833	113	31	130
830	115	34	134
832	117	35	134
832	118	34	133
834	121	35	134
836	125	34	133
838	130	34	132
840	136	34	132
842	141	34	132
842	140	34	133
843	145	34	131
845	147	35	133
846	152	35	131
846	152	34	132
845	154	34	132
844	154	34	132
836	154	34	133
825	153	34	132
817	153	34	131
815	153	33	130
814	152	33	131
813	152	34	131
812	153	34	131
812	153	34	131
811	153	33	130
811	153	34	131
810	153	34	131
810	153	34	131
809	153	33	130
807	154	33	130
805	154	34	129
802	154	33	130
799	157	33	129
800	156	34	130
797	159	33	128
794	159	33	129
791	158	33	129
788	159	33	129
785	159	33	130
785	159	34	130
783	158	33	130
780	157	33	130
778	157	34	129
776	156	33	129
774	157	33	130
773	157	34	129
772	157	33	129
770	157	33	129
768	156	34	130
767	156	33	129
766	156	34	129
766	156	34	130
765	156	34	129
765	155	34	129
765	156	34	129
764	153	34	130
764	153	34	131
764	154	34	130
763	152	34	131
763	152	34	130
763	152	34	128
764	146	34	129
765	140	34	127
765	140	34	127
765	137	34	128
765	136	34	129
765	134	34	131
764	134	34	131
763	136	35	130
764	136	34	130
763	136	34	130
763	135	34	130
763	134	34	130
762	133	34	130
762	131	34	131
762	132	34	130
765	131	34	130
769	129	34	131
771	128	34	132
771	127	34	131
772	129	34	131
772	128	33	131
773	129	34	130
774	128	33	131
774	126	34	133
774	125	34	132
773	125	34	132
774	125	34	132
774	126	34	131
774	126	34	131
775	124	34	132
775	124	35	133
777	124	34	133
777	125	35	132
778	125	34	132
779	126	34	132
780	127	34	131
781	128	34	131
783	128	34	132
783	129	34	132
784	129	34	132
785	129	34	133
788	130	34	133
789	132	34	133
790	133	34	133
789	134	34	132
791	134	34	132
792	135	34	132
792	136	34	132
794	136	34	132
795	138	35	132
795	138	34	132
796	138	34	132
796	139	34	132
797	139	34	131
797	141	34	132
798	140	33	132
798	140	33	132
798	141	34	132
798	141	34	132
799	142	34	132
799	142	34	132
799	142	34	132
799	141	34	132
799	141	34	132
799	141	34	132
798	141	34	132
798	141	34	132
798	142	34	132
798	141	34	132
798	141	33	132
798	141	33	132
799	141	33	132
799	141	33	132
799	141	33	132
799	141	34	132
799	141	34	132
799	140	33	132
799	140	33	132
799	139	34	132
799	139	34	132
799	139	34	132
797	139	34	132
797	139	34	132
797	139	34	132
797	139	34	131
797	138	34	132
797	139	34	132
797	139	33	132
796	138	33	131
796	138	33	131
796	136	33	132
795	137	33	133
795	136	34	132
795	136	33	132
795	136	33	132
794	136	33	132
793	135	33	132
792	134	34	132
792	134	34	132
792	134	33	132
791	133	33	131
791	134	33	131
790	134	34	131
790	132	33	131
790	132	33	131
790	131	33	131
789	131	33	131
788	129	33	131
788	129	33	132
788	128	33	132
788	128	33	132
788	127	33	132
787	125	33	133
787	124	33	132
786	124	33	133
786	123	33	133
786	124	33	133
786	123	33	132
785	124	33	132
784	123	33	132
784	123	33	131
783	121	34	132
783	122	34	132
782	121	34	132
783	120	34	132
783	120	34	132
782	120	34	132
782	119	34	133
783	119	34	133
783	118	34	133
783	118	34	133
783	118	33	132
784	118	34	133
784	118	34	132
783	118	34	133
784	119	34	132
785	117	34	133
785	118	34	133
785	118	34	132
786	118	34	133
786	118	34	132
786	118	34	132
787	118	34	133
787	117	34	132
788	117	34	133
788	117	34	132
788	118	34	132
790	117	34	132
790	117	34	133
791	116	34	133
791	116	34	133
791	116	34	132
791	117	34	132
792	117	34	132
793	117	34	132
793	116	33	132
794	115	34	133
795	116	34	132
794	116	33	132
795	116	34	133
796	116	34	132
796	116	34	132
796	115	34	133
797	116	34	133
797	116	34	132
798	116	34	133
800	115	34	133
799	115	34	132
800	116	34	133
800	115	34	132
801	115	34	132
801	115	34	132
801	115	34	132
802	114	33	132
802	114	34	132
801	115	34	132
802	115	34	132
802	114	34	132
802	113	34	132
802	114	34	132
802	113	34	132
802	113	34	132
802	113	34	132
802	113	34	132
803	112	34	132
803	113	34	132
803	113	34	132
803	112	34	132
803	113	34	132
804	112	34	132
804	111	34	132
802	111	33	132
803	111	34	132
803	111	34	132
803	111	34	132
802	111	34	132
802	111	34	131
802	111	34	131
802	109	34	132
801	110	34	131
801	110	34	131
802	109	34	131
802	109	34	132
802	109	33	132
802	109	33	132
802	109	34	132
802	109	34	132
802	109	33	133
802	109	33	132
803	109	33	133
803	109	33	132
803	109	33	132
803	109	33	133
803	110	33	132
804	110	33	132
804	110	32	132
803	110	32	132
804	111	33	132
804	110	32	132
804	110	32	132
804	110	32	132
804	110	32	132
804	110	32	132
805	109	33	132
804	110	32	132
804	109	33	132
804	110	33	132
804	110	33	132
804	110	33	133
804	110	33	132
805	110	33	132
805	110	33	132
804	110	33	133
804	110	33	133
805	111	33	133
805	111	33	133
805	112	33	133
805	112	33	133
804	115	33	132
804	116	33	133
805	117	33	133
805	118	33	133
805	118	33	132
805	119	33	132
806	122	33	132
806	124	33	132
806	125	34	132
805	127	33	132
806	127	33	131
806	127	33	132
806	129	34	132
807	129	34	132
806	130	34	133
806	130	34	132
807	131	34	132
807	132	34	132
808	132	34	132
808	134	34	132
808	134	34	132
809	135	34	132
809	135	34	132
810	135	34	132
809	136	34	132
810	136	34	132
810	137	34	132
810	136	33	132
811	137	34	132
811	137	34	132
811	137	33	132
812	138	33	132
812	138	33	132
813	138	33	132
813	138	34	132
812	138	34	132
813	139	34	132
813	139	34	132
813	140	34	132
814	140	34	132
813	141	34	132
814	140	34	132
815	141	34	132
815	141	34	132
815	142	34	132
817	142	34	132
816	142	34	132
817	143	34	132
818	143	33	132
819	144	34	132
821	144	33	132
823	144	34	132
822	144	34	132
824	144	34	132
826	144	34	132
826	144	33	132
827	144	34	132
828	145	34	132
828	144	34	132
828	144	34	132
830	145	34	132
830	144	34	132
830	144	34	132
830	143	34	132
831	144	34	132
832	144	34	132
831	143	34	132
831	143	34	131
831	143	34	131
832	143	34	131
831	143	34	131
832	142	34	131
831	142	34	131
831	141	34	132
832	140	34	132
832	140	34	132
832	140	34	132
831	140	34	132
831	139	34	132
831	138	34	132
831	139	34	131
831	138	34	131
831	137	34	131
831	137	33	131
831	137	33	131
831	137	33	132
831	137	33	132
830	136	33	132
831	137	33	132
831	137	33	132
830	137	33	132
830	137	33	132
830	137	33	131
831	137	33	132
831	136	33	132
831	136	33	132
831	137	33	132
831	136	33	132
831	136	33	132
831	136	33	133
831	136	33	133
831	136	33	133
831	135	32	132
831	135	32	132
830	135	32	133
830	135	32	132
830	135	32	132
830	135	33	132
830	135	33	132
830	135	33	132
830	136	33	131
830	137	33	131
830	137	33	131
830	136	32	132
830	136	33	132
829	136	33	132
829	135	33	132
828	135	33	134
829	135	33	133
827	135	33	134
827	136	33	134
828	136	33	134
826	136	33	133
826	136	34	135
826	136	34	135
825	137	34	133
825	137	33	133
826	138	33	133
824	137	33	133
825	137	33	135
825	137	34	134
825	136	34	135
824	138	34	133
825	139	34	133
825	139	33	132
824	139	33	132
824	139	33	133
824	138	33	133
824	137	33	133
823	137	33	133
823	136	33	134
823	137	33	133
823	137	33	133
822	138	33	133
821	138	33	131
821	138	33	129
820	137	33	131
820	136	32	131
820	137	32	131
820	136	33	132
818	135	33	131
818	136	33	131
818	135	33	132
817	134	33	132
817	134	33	132
817	134	33	131
816	133	33	131
817	132	33	131
815	131	32	132
816	130	33	132
815	130	33	132
815	128	33	131
813	127	33	132
813	125	33	132
812	124	33	132
811	125	33	131
811	125	33	130
810	124	33	131
810	124	33	132
810	124	33	131
809	123	33	132
809	123	33	131
809	123	33	132
809	123	33	131
808	123	33	132
808	122	33	132
807	122	33	132
807	122	33	132
807	123	33	132
806	122	33	132
806	122	33	132
805	122	33	132
805	123	33	132
805	123	33	132
804	123	33	132
805	123	33	132
804	124	33	132
804	124	33	132
803	124	33	133
804	124	33	132
804	125	33	132
804	125	33	133
804	126	33	132
804	126	33	132
803	126	33	132
804	126	33	132
804	126	33	132
804	126	33	132
804	126	33	132
806	127	33	132
806	127	33	132
808	128	33	132
808	128	33	133
809	129	33	132
811	129	33	133
813	129	33	132
814	129	33	132
813	128	33	133
813	128	33	133
812	129	33	133
811	126	33	133
810	127	33	133
808	125	33	133
806	125	33	133
806	125	33	132
805	124	33	133
802	123	33	133
799	123	33	133
796	123	33	133
793	122	33	133
793	122	34	133
790	122	33	134
787	122	33	134
783	122	34	135
780	124	34	135
776	125	34	135
776	125	34	135
773	126	34	135
769	127	34	136
765	128	34	135
762	129	34	136
759	130	34	135
758	130	34	134
755	131	34	135
752	133	35	134
751	132	36	136
754	134	36	135
758	134	36	135
757	134	36	136
762	135	36	136
767	136	36	135
771	137	37	135
777	138	36	136
782	138	37	135
781	138	37	135
787	138	37	135
790	139	38	135
793	137	38	137
796	137	38	136
798	137	38	137
798	136	37	138
799	136	37	137
799	137	38	137
799	136	38	138
800	137	38	138
800	138	38	138
799	139	38	138
799	140	38	137
799	142	38	137
798	141	38	137
797	140	37	138
797	141	37	137
797	140	38	137
796	140	37	137
789	141	37	137
784	142	36	137
781	145	37	138
779	148	36	139
779	149	36	137
778	151	36	139
777	157	35	139
777	161	36	139
779	166	36	139
780	171	36	138
779	172	36	138
781	172	36	137
781	169	35	138
782	167	36	137
781	165	35	136
781	161	35	137
781	161	35	138
780	160	35	137
778	158	36	137
777	157	35	137
773	156	36	140
770	160	36	140
771	160	36	140
768	165	36	139
766	167	36	140
759	168	37	139
755	168	36	139
752	167	35	138
753	168	36	139
751	166	35	138
749	166	36	137
749	165	35	138
746	164	36	138
746	165	34	139
746	165	34	138
599	107	58	239
546	168	48	149
542	177	51	137
479	282	36	82
479	285	30	103
479	284	31	99
491	200	103	249
744	166	35	142
744	168	35	139
743	168	35	139
744	167	36	139
744	167	35	139
744	167	36	140
745	169	36	140
746	169	35	140
747	170	35	140
747	170	35	140
748	170	35	140
748	169	35	139
749	168	36	140
750	168	35	140
751	167	35	139
752	166	35	140
752	166	35	141
753	166	35	140
643	139	131	168
506	207	47	216
486	274	43	141
488	273	45	140
488	273	45	141
489	273	41	140
401	235	124	266
756	156	42	141
760	157	34	138
759	158	35	137
759	158	35	136
760	156	35	136
759	153	35	137
760	149	35	139
760	147	35	137
761	136	36	139
760	134	35	140
761	127	35	139
761	121	35	138
762	116	35	139
763	111	36	140
765	107	38	141
763	107	37	141
767	107	36	139
769	103	36	142
771	101	36	141
775	99	36	142
777	97	36	143
776	97	37	141
780	95	37	144
781	94	37	143
783	93	36	144
784	95	37	144
791	97	43	144
784	97	38	145
787	100	38	144
788	102	39	144
785	106	38	144
792	108	44	142
781	110	37	143
891	106	36	140
776	109	36	143
845	107	27	144
769	109	36	143
760	108	36	144
749	109	36	142
748	110	37	141
735	111	37	140
722	112	37	142
713	115	36	141
709	115	38	140
772	115	55	137
708	114	38	141
804	115	34	136
706	113	37	140
722	115	77	136
703	111	40	141
702	112	38	139
788	111	47	137
701	110	37	141
699	112	37	139
697	111	37	139
697	113	37	140
696	114	36	140
696	115	37	138
695	115	37	139
696	116	38	140
698	119	37	139
700	121	37	137
702	123	36	137
701	123	36	136
702	124	36	137
703	126	35	136
703	126	36	137
703	126	35	137
703	125	36	138
703	125	35	138
703	125	36	138
702	126	35	138
701	125	35	138
700	125	35	138
699	125	35	139
699	126	35	138
697	125	35	138
697	125	36	135
696	125	35	114
695	126	36	105
694	126	36	97
694	126	36	95
694	128	35	93
693	127	36	93
695	129	35	94
696	130	34	101
698	130	35	113
698	129	35	120
699	131	36	128
700	132	36	139
700	136	36	140
700	138	36	140
701	139	35	138
702	140	35	138
702	140	35	138
703	141	35	138
703	142	36	136
704	142	36	137
705	142	36	138
704	143	35	138
706	143	36	138
707	143	35	138
708	144	35	138
709	143	36	138
710	142	35	138
711	142	35	138
711	142	35	137
711	141	35	138
710	141	35	138
710	139	36	138
709	138	36	138
709	139	36	138
707	137	36	138
708	136	34	138
708	137	31	136
707	133	30	138
705	132	33	138
713	131	130	132
805	121	34	140
693	127	37	135
691	126	36	116
690	123	36	90
689	123	35	86
689	122	35	86
687	122	35	86
685	122	35	87
684	120	36	90
682	120	35	94
680	120	36	97
680	121	37	97
679	120	36	103
679	120	36	108
679	120	36	112
678	121	36	115
677	120	36	118
677	120	37	118
676	121	36	120
675	123	36	123
675	124	36	126
673	124	35	129
672	124	36	131
671	124	37	132
671	125	36	133
670	124	36	135
669	124	36	137
669	125	36	138
668	125	36	139
667	125	36	139
667	126	36	139
666	127	36	138
666	127	36	137
665	127	36	138
664	127	36	137
665	127	37	137
664	126	36	138
663	125	36	138
662	126	36	138
661	126	36	138
660	127	36	138
660	126	37	137
659	126	36	137
659	127	36	137
658	127	35	137
656	126	36	137
655	127	36	137
655	128	37	136
654	127	36	137
653	127	35	137
651	129	36	137
650	130	35	138
649	132	35	138
649	133	36	137
647	134	35	134
649	136	36	121
752	136	34	132
751	138	34	130
745	141	39	86
749	146	36	83
634	54	34	87
645	139	33	87
644	138	32	99
643	136	33	84
644	139	28	57
644	138	27	54
644	139	25	44
645	138	39	50
742	137	25	130
741	136	34	132
739	136	32	132
740	136	32	133
738	137	31	132
649	136	20	139
645	151	22	124
641	140	25	135
635	139	29	136
636	140	28	137
628	139	34	138
627	141	35	136
625	141	35	135
625	141	35	136
624	140	34	136
623	140	35	136
623	140	35	136
623	140	35	137
622	139	35	137
622	138	35	137
622	138	35	137
622	139	35	137
623	139	35	137
624	139	36	137
629	138	35	137
634	138	35	137
637	139	35	128
637	139	35	128
644	140	34	118
650	141	34	107
655	141	34	95
660	141	35	94
664	141	35	97
664	141	35	96
668	141	35	103
671	141	35	108
674	141	35	110
677	141	35	113
679	141	35	119
679	141	35	120
682	141	36	135
683	142	35	136
685	142	35	136
685	143	35	136
686	142	35	136
686	142	35	136
687	142	35	136
687	141	35	137
688	142	36	137
688	142	36	136
689	143	36	136
689	143	35	136
689	144	35	136
690	145	34	135
692	145	35	135
693	179	33	102
695	211	34	70
695	227	33	56
607	150	104	204
769	137	54	206
670	288	36	129
722	188	73	133
697	147	33	99
697	148	32	81
696	147	34	93
697	148	34	100
697	148	34	103
698	148	35	101
698	149	34	97
699	150	34	97
699	149	34	90
700	150	34	83
700	149	33	79
701	150	33	77
702	150	33	76
702	150	33	75
702	150	33	76
703	150	34	77
703	151	34	82
704	151	34	93
703	151	34	112
703	152	35	112
704	151	35	134
705	150	35	135
705	150	35	135
707	150	35	135
707	150	35	135
707	150	35	135
708	151	35	135
709	150	35	134
814	158	36	121
918	263	48	110
1016	144	73	257
1182	328	68	218
1004	164	199	429
410	0	484	654
125	1	314	712
464	222	38	178
461	260	45	137
461	259	45	138
464	260	43	137
571	144	42	168
727	148	34	136
728	148	35	135
729	148	35	136
729	148	35	135
729	148	35	136
730	148	35	135
731	148	35	135
732	148	35	135
734	148	36	135
733	148	35	135
734	146	36	136
734	146	35	136
735	144	36	137
735	144	35	137
735	144	36	137
735	143	36	137
736	142	35	136
736	142	35	137
736	141	36	137
737	139	36	137
738	140	36	136
738	140	36	136
738	141	36	134
740	139	35	135
740	137	35	136
741	137	35	136
742	136	36	136
742	136	36	136
742	136	37	135
744	136	36	134
744	137	36	134
745	137	35	133
745	135	35	134
746	134	35	135
747	133	35	135
747	132	35	135
748	136	34	131
748	129	34	136
750	129	34	136
749	129	34	136
750	129	35	136
749	128	35	136
749	128	35	135
750	129	35	134
749	128	35	135
750	128	35	134
750	128	35	134
750	128	35	134
750	128	35	135
751	128	35	134
751	127	35	134
751	127	35	135
751	128	35	134
752	127	34	135
752	127	34	134
752	127	34	134
753	127	34	134
753	126	34	134
754	127	34	134
753	127	34	134
754	127	34	133
755	127	35	134
755	126	35	134
755	126	35	134
756	126	34	134
756	126	35	134
757	126	35	134
759	125	35	133
759	124	35	134
759	124	35	134
761	123	35	134
760	122	35	134
761	122	35	135
762	121	34	134
761	120	34	134
762	120	35	134
762	120	35	134
762	120	34	134
763	119	34	134
762	119	35	134
763	119	35	134
762	118	35	134
763	118	35	134
763	117	35	135
763	116	35	136
763	116	34	136
764	116	34	136
763	117	35	136
764	117	34	135
763	118	35	136
765	118	35	135
764	119	35	134
764	125	34	128
764	123	34	129
869	125	34	124
915	166	43	153
989	145	50	174
951	19	183	339
763	102	35	150
763	118	34	136
763	118	34	136
763	118	34	137
762	118	34	137
763	119	34	136
762	119	35	137
762	118	35	137
762	120	35	136
761	120	35	137
761	120	35	137
761	120	35	137
760	121	35	136
760	121	35	136
760	122	35	137
759	122	35	137
759	122	35	137
760	122	35	138
760	123	36	137
760	123	35	137
760	124	36	137
761	124	35	137
761	125	35	137
762	125	35	137
762	126	35	136
762	126	35	136
763	126	35	136
762	126	35	136
762	126	35	136
762	127	35	136
763	126	35	136
762	126	35	136
763	126	35	136
763	126	35	136
764	125	35	137
764	125	35	137
766	125	35	137
766	125	35	136
767	125	36	137
770	124	36	137
773	125	36	136
775	123	35	136
775	122	35	136
776	122	35	136
776	121	35	137
776	121	35	137
775	120	35	137
774	121	35	136
773	121	35	137
773	121	35	136
771	122	35	137
771	123	35	136
772	123	35	137
775	122	36	137
784	112	35	138
784	112	35	137
788	110	36	136
789	107	34	136
789	106	34	136
789	105	34	137
790	105	35	136
790	105	35	137
790	104	35	136
791	104	35	137
792	102	35	137
791	101	35	138
790	103	35	137
790	102	35	139
783	109	35	138
773	116	35	139
770	124	36	136
767	126	36	138
766	128	36	139
766	128	35	138
765	131	36	138
764	133	36	138
764	137	36	135
764	137	36	136
763	138	36	135
763	138	36	135
760	138	36	135
755	137	36	135
752	136	36	136
750	135	36	137
749	131	35	136
749	131	36	136
749	124	36	136
749	119	36	136
748	116	36	136
744	115	36	137
740	115	36	137
739	115	36	137
737	115	36	137
736	116	36	139
734	122	36	136
732	128	36	136
829	138	39	132
830	141	36	131
827	153	38	126
865	196	41	119
863	90	85	280
618	119	14	463
673	186	25	105
676	171	36	103
728	163	38	109
725	168	34	115
786	175	38	77
826	152	35	64
906	114	37	96
907	128	46	85
952	97	61	105
1042	3	57	111
1086	1	58	109
981	8	205	117
716	51	199	262
456	174	126	226
449	250	41	140
448	248	37	136
447	247	38	138
448	248	38	136
448	246	38	137
449	248	38	137
450	248	38	136
452	248	39	136
454	249	38	134
455	252	39	136
459	258	41	137
459	259	41	136
464	261	42	138
469	264	42	137
473	265	41	137
476	265	40	136
477	263	40	135
477	262	40	135
479	261	41	135
482	259	40	136
486	259	41	135
489	258	40	136
492	258	40	135
492	258	40	135
492	257	39	135
493	255	39	135
493	252	39	135
493	251	39	135
493	249	39	135
493	250	39	135
493	248	39	135
493	246	39	135
493	243	39	136
492	239	39	135
492	235	39	135
492	235	39	136
491	232	39	136
491	228	40	136
491	224	40	137
492	221	40	137
565	111	18	183
492	219	38	120
492	217	41	138
494	210	38	142
492	213	41	139
495	207	37	143
499	203	35	148
492	212	39	139
569	105	28	172
512	194	105	115
755	110	35	129
754	104	35	137
754	102	35	138
754	102	35	138
753	101	36	138
753	100	36	138
754	99	36	138
753	99	36	137
753	99	36	138
753	99	36	138
753	98	35	138
752	97	36	138
752	97	36	138
751	97	36	138
751	98	36	137
751	97	36	137
750	97	36	137
749	97	36	137
749	96	37	137
748	96	36	136
748	96	36	137
748	96	36	137
747	96	36	136
746	96	35	137
745	96	35	137
745	96	35	137
743	96	35	137
743	96	35	137
743	96	36	138
742	98	35	138
742	101	35	137
741	104	35	137
740	104	35	137
740	104	35	137
740	104	36	137
739	104	36	138
738	104	37	137
738	104	37	136
738	102	36	136
737	102	37	137
737	100	36	137
736	99	36	137
736	99	36	137
737	99	35	137
740	98	36	137
741	98	35	137
744	97	36	138
746	96	35	138
749	97	36	138
752	96	35	138
755	96	35	138
755	96	35	137
759	97	35	137
762	95	36	138
763	105	34	111
737	84	82	122
802	95	109	141
600	80	262	192
822	83	85	220
873	88	42	144
880	95	36	136
778	94	35	139
778	95	36	139
779	95	36	139
780	95	35	139
781	95	35	139
782	96	35	139
783	96	35	139
785	96	36	139
784	97	36	138
785	98	35	138
787	98	35	137
787	99	35	137
788	100	35	137
788	101	35	137
788	101	35	137
789	102	35	136
789	103	35	136
790	99	35	139
789	101	35	138
790	100	35	138
789	102	35	137
789	102	35	137
788	101	35	137
787	102	35	137
786	101	35	137
784	101	35	137
784	101	36	137
782	100	35	137
780	100	35	138
778	99	35	137
777	99	35	138
776	99	35	137
775	99	35	137
774	98	35	138
774	98	35	137
772	98	35	138
772	97	36	137
771	96	36	137
771	97	37	137
771	96	36	137
770	95	36	137
770	94	36	138
768	93	36	138
769	92	36	137
769	92	36	137
768	91	37	138
769	92	37	138
768	92	36	137
767	91	36	138
766	97	36	138
767	97	36	138
766	104	36	140
767	111	36	142
767	116	36	141
766	122	36	139
767	122	36	140
767	122	36	140
767	122	36	140
767	121	36	139
767	120	36	138
767	118	37	139
767	116	36	138
767	115	37	139
768	114	36	138
768	113	36	138
768	111	36	139
769	109	36	139
771	108	36	140
771	108	36	140
772	108	36	140
772	109	37	141
776	113	37	141
778	118	37	141
780	121	38	141
780	121	37	141
782	124	37	141
783	128	38	141
784	131	38	141
786	132	38	141
787	133	38	141
788	132	37	141
788	135	38	138
790	133	38	140
792	133	37	139
793	133	37	140
795	132	37	140
795	132	37	141
795	132	37	140
797	131	38	140
799	131	37	140
800	130	37	140
801	129	37	140
801	130	37	140
802	129	37	140
803	129	38	140
804	128	37	140
805	127	38	141
806	128	37	140
806	128	37	140
806	128	37	140
807	128	37	141
809	127	37	141
809	127	37	141
810	127	37	141
810	127	37	141
811	126	37	141
811	126	37	141
812	125	37	141
812	125	37	141
813	124	37	142
813	124	37	142
814	124	37	142
814	124	37	141
815	123	37	141
815	123	37	142
817	122	37	141
816	122	37	142
818	121	38	142
819	120	37	142
819	120	37	142
820	120	37	142
821	120	38	142
821	120	37	142
823	119	38	142
824	119	37	141
825	119	37	141
826	119	37	142
827	118	38	142
827	118	37	142
828	118	37	142
829	118	37	142
829	118	37	142
828	118	37	142
827	118	37	142
827	117	37	142
826	118	37	142
825	118	37	142
823	118	37	141
822	119	38	141
820	119	37	141
820	118	38	141
819	118	37	141
817	118	37	140
815	118	37	140
813	118	38	140
813	117	38	141
812	117	38	141
811	117	38	141
810	118	38	141
809	117	37	141
808	117	37	141
806	117	37	141
806	117	37	141
805	116	37	140
805	116	37	140
805	117	37	141
804	116	37	140
803	116	37	140
803	116	37	140
803	117	37	139
803	117	37	139
803	117	37	139
802	117	37	138
802	117	37	138
803	119	37	136
802	118	37	137
802	121	37	134
802	122	37	133
802	121	37	134
801	121	37	135
802	121	37	135
801	121	38	135
800	118	38	137
800	116	38	139
800	116	38	139
801	115	39	140
801	115	39	139
800	113	39	141
801	111	39	142
800	111	39	142
800	110	38	141
800	110	38	141
800	110	38	140
800	111	38	140
800	111	37	140
800	109	38	141
799	109	39	141
799	108	39	140
799	107	39	142
798	107	38	141
798	107	39	142
798	106	39	141
798	106	39	141
797	105	38	141
797	105	39	142
797	105	38	142
796	104	38	142
795	104	38	142
795	105	37	142
794	105	37	141
794	105	38	142
793	105	37	141
792	105	37	142
791	105	37	141
790	106	37	142
789	105	36	142
789	105	37	142
789	105	37	142
788	106	36	142
788	106	36	142
787	106	36	141
786	107	37	140
786	107	37	140
786	108	37	140
785	110	37	138
785	111	36	137
784	110	35	138
783	110	36	139
784	110	36	139
783	112	37	138
782	111	37	140
782	110	37	140
781	111	37	140
781	112	36	139
781	113	36	139
782	113	37	139
782	113	37	138
781	113	36	138
781	113	36	139
781	114	36	139
780	114	36	139
780	114	36	138
780	114	36	138
779	114	36	139
779	114	36	139
778	114	36	138
778	115	36	138
777	115	36	138
778	114	36	138
776	114	36	137
776	113	37	138
775	113	37	138
775	112	37	138
774	113	37	137
773	114	37	137
773	113	38	138
772	112	37	138
772	110	37	139
772	111	37	139
772	110	38	139
771	110	38	138
771	109	37	138
771	108	37	139
771	107	36	139
771	107	37	139
771	107	37	139
771	107	37	139
771	105	37	138
771	104	37	139
771	104	36	138
771	105	36	138
771	105	36	138
771	104	36	138
770	104	36	137
770	102	37	138
770	101	37	138
770	101	37	138
769	100	37	139
769	99	37	140
769	98	37	140
769	98	37	139
768	97	37	140
768	97	38	140
768	97	37	140
767	98	38	140
767	97	38	140
766	97	37	140
766	97	38	139
766	97	38	140
766	98	38	138
765	97	37	138
764	98	37	138
763	96	38	139
761	98	37	138
762	98	38	138
761	98	38	137
759	99	38	137
758	98	38	138
756	98	37	138
754	98	37	137
754	98	38	138
753	100	37	137
751	97	37	139
749	99	37	137
746	97	37	139
744	98	36	137
744	97	37	138
741	99	36	137
738	96	36	140
736	96	36	138
733	96	35	139
730	96	36	138
730	95	37	139
727	97	36	137
726	95	36	138
724	96	36	137
722	95	36	137
720	95	36	138
720	95	37	138
719	96	36	137
717	95	36	138
716	94	36	139
716	96	37	138
715	95	36	138
715	95	36	139
714	98	36	136
714	96	36	138
714	97	36	138
714	96	36	139
713	96	36	139
714	96	36	139
714	95	36	139
714	96	36	139
715	95	35	139
716	96	36	140
717	95	36	139
717	95	35	139
717	95	36	140
718	95	36	139
718	95	36	139
720	94	36	139
720	94	36	140
720	94	35	140
720	95	36	140
722	95	36	139
722	94	35	139
723	94	36	140
723	94	35	139
724	95	35	139
724	95	35	139
725	95	35	139
726	95	35	138
726	95	35	139
727	95	36	139
727	96	35	138
727	96	35	138
727	96	35	140
728	96	36	138
729	97	36	138
730	97	36	139
730	98	35	138
731	97	36	139
732	97	36	139
734	97	36	140
737	97	36	139
739	96	36	139
739	96	36	140
740	96	36	140
742	96	36	140
743	96	36	140
745	96	36	140
746	96	36	140
746	97	36	140
746	97	36	140
747	97	36	140
749	98	36	141
751	100	36	141
753	103	36	142
753	103	36	141
755	106	36	141
757	108	36	141
759	110	37	141
760	111	37	141
761	111	36	141
761	111	36	141
762	112	37	141
763	112	36	141
763	114	36	141
764	114	36	140
764	114	36	141
764	114	36	140
765	115	36	140
765	116	36	141
765	116	36	141
766	116	36	140
765	117	36	141
765	117	36	141
765	118	36	140
765	118	36	140
765	118	36	140
766	119	36	140
766	119	35	141
767	119	35	141
767	119	36	141
768	119	36	142
768	120	36	140
769	120	35	140
768	121	34	141
769	121	34	140
769	121	35	140
768	121	35	139
768	121	36	140
768	121	36	139
767	121	36	141
767	121	37	141
767	120	36	140
767	121	37	141
767	120	37	140
767	121	37	140
767	120	38	142
766	120	38	142
766	120	37	142
767	120	37	141
766	119	37	142
767	119	36	141
766	119	35	142
766	120	36	141
765	120	36	142
764	120	36	141
764	120	36	142
763	119	36	142
762	118	36	142
761	119	36	142
761	119	36	142
761	119	36	142
761	118	36	142
762	117	36	143
761	117	36	142
762	118	36	142
762	118	36	141
763	118	37	142
762	117	37	142
762	118	38	141
762	117	39	141
763	116	39	142
763	116	39	141
763	117	38	141
763	115	37	142
764	115	38	143
764	114	38	142
764	114	38	143
764	114	37	142
764	114	38	142
765	112	38	143
766	112	37	142
767	111	38	143
767	112	37	141
767	111	37	142
768	111	38	143
769	110	38	143
770	112	37	141
771	111	36	141
772	112	37	141
771	113	37	139
773	113	37	138
773	112	37	139
773	111	37	139
773	111	37	140
774	111	37	140
774	111	36	139
775	111	36	139
774	110	36	138
774	109	36	139
774	108	36	142
774	108	36	142
773	108	36	142
773	108	36	142
774	108	37	142
774	110	37	140
774	108	37	140
774	108	37	140
774	108	38	140
775	106	38	141
776	106	38	142
776	104	37	143
777	105	37	142
778	105	37	141
778	106	37	140
779	106	36	140
779	104	36	141
779	103	37	140
779	106	37	138
778	106	37	137
779	107	37	137
779	104	37	138
779	106	36	136
778	103	36	137
777	102	35	139
777	101	36	139
777	100	35	141
777	99	36	141
776	98	35	141
776	97	35	142
776	97	36	142
777	97	36	142
777	98	36	141
776	98	37	139
776	97	37	140
776	98	37	140
776	97	36	141
776	98	36	140
775	98	36	141
774	100	36	130
774	101	37	136
774	102	36	142
774	117	33	127
775	128	34	115
773	185	34	105
676	93	79	108
582	104	41	151
506	218	76	61
580	122	42	136
579	119	43	139
758	107	25	115
776	112	109	131
771	114	35	140
769	113	35	142
770	127	30	127
770	139	30	116
699	67	69	269
684	63	88	199
878	117	38	137
876	121	38	132
779	119	27	70
779	120	27	66
772	121	35	93
772	119	37	142
772	118	36	142
773	120	36	141
773	122	37	140
772	122	37	138
773	124	37	139
774	127	37	138
773	128	37	137
774	129	37	138
774	129	37	138
774	128	37	139
774	130	37	138
775	130	37	139
774	132	37	139
774	133	37	139
774	136	37	137
774	134	37	138
774	136	37	137
774	137	37	138
773	136	37	139
773	137	37	140
772	137	37	140
772	138	37	140
772	138	37	140
771	137	37	141
772	139	37	141
771	139	37	141
771	139	37	142
771	140	37	141
771	140	37	142
771	140	37	142
770	139	37	142
770	141	36	141
770	140	36	141
770	141	37	141
769	141	36	142
769	141	36	141
769	142	36	140
769	141	36	141
768	140	36	140
768	141	36	141
768	141	36	141
767	141	36	141
766	142	36	139
766	140	37	141
765	140	36	141
765	140	36	141
765	139	36	141
765	141	35	140
765	142	36	139
763	142	36	140
763	142	36	139
763	141	36	139
763	141	37	141
762	141	37	140
762	140	37	141
762	140	37	141
761	139	36	141
761	141	37	140
760	140	38	141
761	141	38	140
760	141	37	139
760	140	37	140
760	140	37	140
759	139	37	140
759	140	37	140
759	139	37	140
758	139	37	140
758	138	37	140
757	138	37	140
757	139	38	140
757	138	37	140
756	137	37	142
756	137	38	141
756	136	38	141
755	136	38	141
755	136	38	141
755	135	38	141
754	134	37	141
753	134	37	140
752	132	37	141
752	131	37	141
752	132	37	141
751	132	37	140
750	131	38	139
750	130	38	140
749	130	38	140
748	130	38	140
748	130	39	139
748	129	38	140
748	129	37	139
747	128	38	139
747	126	38	140
747	124	37	140
747	124	37	140
747	122	38	140
747	120	37	141
748	119	37	142
748	118	37	142
748	117	37	142
748	117	37	142
748	116	37	142
749	115	37	142
749	115	38	143
750	114	38	143
751	114	39	142
751	115	38	142
753	115	39	143
755	114	38	143
755	113	38	145
757	114	38	144
758	115	38	143
758	115	37	142
759	115	38	144
760	114	38	145
760	115	38	145
761	117	39	145
762	117	38	144
761	117	38	144
761	118	40	143
760	119	39	142
760	120	40	143
760	123	40	143
760	125	39	141
760	124	40	144
760	127	39	140
758	128	39	141
758	127	40	141
756	128	38	141
755	129	39	141
754	129	39	142
753	129	38	142
753	131	38	141
752	131	37	142
751	132	37	141
751	133	37	143
751	133	37	142
749	133	37	143
749	133	36	142
748	133	37	142
746	141	36	134
746	153	31	99
746	162	29	85
679	158	52	95
547	135	46	139
475	239	42	142
473	240	43	139
472	238	38	116
473	238	34	110
348	146	128	192
733	121	36	144
733	124	36	140
732	122	36	140
732	120	36	139
732	120	36	140
731	117	36	140
730	116	36	141
730	114	36	141
730	112	36	141
730	111	36	141
729	111	36	141
729	110	36	141
729	110	36	141
728	111	36	140
728	109	36	141
728	108	36	141
728	108	36	141
728	108	36	141
728	107	36	140
729	107	36	140
729	106	36	140
729	106	36	140
728	105	36	140
729	105	36	140
729	104	36	141
730	104	36	140
730	104	36	140
730	103	36	140
730	103	36	141
730	103	37	140
731	103	36	140
731	103	36	140
731	103	36	140
730	103	36	141
731	103	37	141
731	101	36	142
731	102	37	142
732	102	37	142
732	102	37	142
733	101	37	142
733	101	37	142
733	102	37	143
733	102	37	142
734	102	37	142
734	103	37	143
735	106	37	143
734	106	37	142
735	108	37	142
735	110	37	142
735	112	37	141
735	113	37	141
735	114	37	141
735	113	37	141
735	114	37	141
735	115	36	142
734	116	37	141
734	116	37	141
734	117	37	142
734	116	37	141
734	118	37	141
733	117	36	142
733	118	36	141
731	118	36	142
731	118	36	141
731	119	36	141
731	118	36	141
730	119	36	141
730	119	36	141
729	119	36	141
729	120	36	141
729	120	36	140
729	121	36	140
728	120	36	140
727	121	36	140
726	121	36	141
726	121	36	140
726	121	36	140
726	121	36	140
725	121	36	140
724	122	36	140
725	122	36	140
725	123	36	139
725	123	36	139
726	123	36	139
726	124	36	140
727	124	36	140
728	124	36	140
730	123	36	140
730	124	36	140
732	124	36	140
734	123	36	139
735	123	36	140
737	123	36	139
739	122	36	140
739	122	36	140
740	122	36	140
742	122	36	140
744	122	36	140
745	121	35	139
745	121	36	140
745	121	36	140
746	120	35	140
747	121	36	140
748	120	36	140
749	119	36	140
751	120	36	140
750	120	36	140
751	120	36	141
752	120	36	141
753	120	36	141
753	120	36	141
