0.032492
0.048750
0.074537
0.050162
0.046210
0.067550
0.037114
0.074907
0.043222
0.058134
0.092066
0.046267
0.039531
0.039901
0.072873
0.188988
0.052183
0.051226
0.038401
0.071331
0.037688
0.048193
0.079696
0.041405
0.062531
0.037098
0.058744
0.044572
0.064864
0.077041
0.043896
0.045487
0.038906
0.068312
0.042685
0.047424
0.049124
0.061366
0.036429
0.069628
0.060808
0.044715
0.073053
0.041810
0.064402
0.064120
0.048389
0.086083
0.076365
0.037787
0.046039
0.138295
0.099769
0.077697
0.043418
0.072605
0.065057
0.042648
0.082511
0.073137
0.044888
0.072903
0.056882
0.073588
0.066761
0.064962
0.047264
0.051173
0.040509
0.086608
0.076171
0.048283
0.061965
0.047281
0.072544
0.081730
0.073776
0.045452
0.062293
0.047147
0.055752
0.071127
0.046920
0.047173
0.157611
0.051218
0.088278
0.083005
0.051049
0.053818
0.081338
0.043197
0.058037
0.038525
0.067545
0.096144
0.079396
0.044757
0.076721
0.039308
0.068076
0.078467
0.044309
0.057125
0.043646
0.057441
0.082467
0.048481
0.064312
0.073997
0.049404
0.060796
0.067711
0.048523
0.050471
0.041791
0.083817
0.090506
0.116538
0.054887
0.051729
0.073147
0.040287
0.068647
0.041659
0.059466
0.084003
0.048125
0.063826
0.071955
0.042890
0.065022
0.041374
0.050742
0.038856
0.070956
0.058296
0.050773
0.086476
0.070976
0.047824
0.063143
0.081136
0.058257
0.086769
0.084358
0.057188
0.041605
0.078803
0.046344
0.055574
0.079759
0.117247
0.094602
0.064928
0.046726
0.055481
0.045532
0.090401
0.060709
0.043064
0.067350
0.042234
0.075951
0.065491
0.044988
0.057181
0.041392
0.085145
0.056754
0.049897
0.087260
0.082781
0.047906
0.048690
0.076607
0.046193
0.055085
0.049717
0.055686
0.039402
0.063323
0.037509
0.078573
0.072968
0.040473
0.079231
0.047100
0.052350
0.168157
0.075467
0.048135
0.070292
0.052099
0.050526
0.044030
0.060202
0.062663
0.040594
0.060825
0.071884
0.073839
0.093251
0.073147
0.037580
0.061426
0.053182
0.058056
0.066897
0.041687
0.066334
0.050087
0.069887
0.090188
0.055307
0.048951
0.067924
0.042518
0.078345
0.059371
0.040928
0.054899
0.052270
0.152343
0.094318
0.041111
0.083215
0.047683
0.055060
0.075735
0.043229
0.066064
0.038885
0.071156
0.081867
0.053186
0.070102
0.078844
0.046105
0.065614
0.074173
0.080078
0.051575
0.068174
0.065230
0.060303
0.052752
0.076629
0.040789
0.064415
0.078069
0.051140
0.067868
0.069729
0.051080
0.076635
0.092863
0.049196
0.088902
0.078367
0.042084
0.086865
0.071694
0.053423
0.063523
0.075379
0.043102
0.048789
0.087398
0.055773
0.062049
0.088243
0.099347
0.042679
0.054195
0.052356
0.055603
0.079097
0.061242
0.048856
0.071849
0.047131
0.075731
0.083399
0.045138
0.060900
0.076312
0.045310
0.139425
0.108981
0.051683
0.056141
0.070891
0.041193
0.073203
0.047039
0.049509
0.045151
0.076021
0.079037
0.047188
0.054190
0.039388
0.061905
0.088394
0.057353
0.041134
0.085780
0.060147
0.052154
0.069285
0.048035
0.061666
0.078191
0.046950
0.074228
0.067112
0.052383
0.070032
0.068234
0.040629
0.085272
0.060667
0.121884
0.070458
0.047822
0.068082
0.045326
0.073541
0.087794
0.039369
0.072415
0.089010
0.054381
0.050449
0.068360
0.049611
0.073819
0.080927
0.049186
0.065501
0.081447
0.045795
0.067077
0.074353
0.046744
0.058987
0.041186
0.069094
0.064666
0.037814
0.069803
0.043601
0.052988
0.041898
0.083442
0.090796
0.058005
0.045541
0.175833
0.048392
0.069752
0.064787
0.040473
0.082568
0.048734
0.055893
0.089550
0.049568
0.052547
0.071301
0.039819
0.071665
0.059612
0.046787
0.069874
0.049341
0.055530
0.073225
0.044835
0.053887
0.049381
0.070600
0.048772
0.062870
0.073636
0.048192
0.078099
0.087770
0.050856
0.052165
0.075504
0.079039
0.121688
0.092827
0.060047
0.058887
0.046128
0.057500
0.103090
0.080568
0.051095
0.050229
0.079551
0.066193
0.047683
0.085094
0.048678
0.051963
0.065464
0.048711
0.072920
0.068449
0.049659
0.048855
0.041927
0.084473
0.044174
0.048522
0.041519
0.070156
0.073396
0.052208
0.069142
0.082559
0.080372
0.127032
0.085934
0.051473
0.056535
0.068932
0.045089
0.080653
0.071451
0.040585
0.082811
0.050959
0.052967
0.069677
0.043130
0.071955
0.073716
0.049206
0.039751
0.048460
0.068684
0.070844
0.044536
0.038627
0.051073
0.078489
0.042099
0.053665
0.038377
0.076014
0.076102
0.042518
0.041865
0.038377
0.072345
0.044896
0.067841
0.183675
0.042257
0.073718
0.073315
0.056348
0.068814
0.069426
0.049176
0.055767
0.072878
0.045028
0.052106
0.043695
0.102838
0.065843
0.048226
0.071584
0.065354
0.047574
0.048184
0.042652
0.075475
0.042744
0.067463
0.068503
0.044272
0.072350
0.064826
0.049602
0.082635
0.056020
0.046763
0.068475
0.038402
0.088379
0.162445
0.047569
0.075967
0.079206
0.052460
0.067184
0.081274
0.049077
0.055406
0.064541
0.049891
0.079586
0.055697
0.049142
0.061800
0.039657
0.085658
0.068714
0.043953
0.084324
0.053720
0.051549
0.071203
0.048540
0.073986
0.082260
0.051636
0.056328
0.082209
0.066966
0.050184
0.074381
0.185647
0.053909
0.050164
0.063682
0.053740
0.089482
0.061058
0.050059
0.076403
0.062579
0.040997
0.067913
0.044428
0.062619
0.042005
0.091570
0.074873
0.057125
0.042964
0.059368
0.047045
0.096792
0.059219
0.053075
0.052924
0.087993
0.050978
0.051465
0.071503
0.045855
0.050182
0.070672
0.051337
0.147055
0.042876
0.048982
0.082479
0.089961
0.047944
0.052734
0.081319
0.048379
0.061012
0.080052
0.045398
0.071756
0.047433
0.048141
0.055802
0.046242
0.043472
0.062394
0.077896
0.065828
0.041690
0.041394
0.048360
0.072027
0.042042
0.063192
0.040647
0.072719
0.070815
0.050807
0.072879
0.086360
0.044930
0.145796
0.045571
0.075233
0.083392
0.114011
0.049353
0.093010
0.054878
0.089490
0.071874
0.051400
0.068736
0.052195
0.060987
0.083938
0.081385
0.068992
0.056000
0.077806
0.083841
0.070042
0.048193
0.077846
0.049398
0.049477
0.070132
0.053689
0.073607
0.082306
0.047465
0.060962
0.151480
0.051655
0.083612
0.079387
0.052852
0.068174
0.088719
0.047679
0.057955
0.063529
0.055045
0.064305
0.047103
0.050613
0.085989
0.046215
0.053805
0.045069
0.052876
0.083015
0.080356
0.048666
0.078130
0.088882
0.073454
0.047058
0.051308
0.045158
0.066747
0.052928
0.051824
0.078100
0.076994
0.061547
0.154052
0.115122
0.088418
0.064204
0.049633
0.071399
0.067549
0.046445
0.082165
0.040195
0.068771
0.061172
0.049403
0.072862
0.075276
0.043247
0.045205
0.050501
0.079384
0.074751
0.046352
0.083363
0.063878
0.042757
0.081581
0.048239
0.046335
0.043499
0.072607
0.078357
0.044903
0.060515
0.072387
0.054635
0.063412
0.040490
0.114223
0.096369
0.045212
0.076951
0.051616
0.056774
0.048667
0.046165
0.071486
0.045116
0.079115
0.092928
0.045922
0.050092
0.068259
0.039110
0.077067
0.049542
0.048621
0.073676
0.046420
0.070846
0.072601
0.043561
0.083359
0.074721
0.049836
0.053784
0.045570
0.049250
0.093050
0.053456
0.050011
0.069988
0.119934
0.095582
0.063071
0.057539
0.063637
0.073776
0.049251
0.071644
0.045954
0.074837
0.084057
0.068584
0.048581
0.070433
0.063734
0.052089
0.086226
0.045056
0.054618
0.068891
0.059911
0.063764
0.080381
0.048182
0.043587
0.043040
0.078426
0.056664
0.043384
0.055766
0.054333
0.164132
0.110313
0.076084
0.041770
0.073812
0.067561
0.041073
0.082683
0.053524
0.046377
0.073580
0.042288
0.073577
0.038443
0.070740
0.055357
0.038248
0.058486
0.050410
0.079649
0.065533
0.050774
0.078131
0.043748
0.046738
0.065473
0.042959
0.082154
0.067738
0.041695
0.076313
0.054621
0.047621
0.080292
0.107866
0.044338
0.058861
0.066471
0.062309
0.067235
0.099197
0.076524
0.043604
0.049555
0.040175
0.085412
0.072305
0.037715
0.047681
0.051545
0.078468
0.064044
0.041561
0.069638
0.045509
0.074826
0.067374
0.049663
0.077833
0.085992
0.059160
0.054688
0.074396
0.058995
0.045918
0.040648
0.081865
0.093516
0.103464
0.053467
0.077553
0.060362
0.055431
0.078799
0.051347
0.052425
0.054532
0.059644
0.079799
0.075392
0.046050
0.073945
0.063139
0.043949
0.077044
0.049984
0.057368
0.067250
0.045083
0.049763
0.041558
0.050532
0.054799
0.074744
0.089257
0.070469
0.044626
0.046788
0.044643
0.074637
0.095712
0.120731
0.076094
0.050177
0.086479
0.070211
0.067697
0.047567
0.059064
0.050045
0.070908
0.095412
0.062729
0.050967
0.073537
0.053431
0.053316
0.079467
0.062691
0.049237
0.060631
0.055173
0.063299
0.079479
0.055417
0.068097
0.081765
0.044888
0.076326
0.083129
0.044852
0.139677
0.110082
0.046042
0.054041
0.066078
0.050042
0.079790
0.076715
0.053273
0.071628
0.084715
0.062512
0.057656
0.080583
0.053470
0.053349
0.081717
0.061852
0.053640
0.075555
0.050055
0.064714
0.080931
0.046825
0.058479
0.079288
0.055919
0.056225
0.059882
0.051912
0.082857
0.083634
0.075260
0.127070
0.045915
0.070240
0.048990
0.048854
0.086567
0.059188
0.056693
0.077940
0.062642
0.054305
0.080245
0.059207
0.043703
0.059802
0.051474
0.081143
0.059093
0.045191
0.083290
0.050297
0.044963
0.042986
0.061736
0.080596
0.052637
0.056888
0.083230
0.070768
0.057179
0.076891
0.076139
0.095282
0.063178
0.078500
0.095008
0.049556
0.062225
0.067071
0.049436
0.065383
0.068652
0.055591
0.070715
0.071364
0.043418
0.065468
0.049249
0.061962
0.068606
0.056446
0.067637
0.083510
0.071270
0.046566
0.053776
0.046965
0.089426
0.069307
0.048284
0.057229
0.082073
0.061615
0.064508
0.090536
0.053244
0.133410
0.088881
0.061602
0.064710
0.076318
0.067418
0.041238
0.062926
0.073376
0.060461
0.056243
0.049427
0.085103
0.085838
0.066220
0.052761
0.092189
0.077170
0.047381
0.070210
0.087315
0.058749
0.057458
0.081952
0.094787
0.067210
0.041549
0.074189
0.044877
0.061413
0.086094
0.049536
0.124125
0.059832
0.061859
0.076892
0.070108
0.055376
0.084303
0.071723
0.045683
0.051212
0.043484
0.074668
0.060480
0.059390
0.081707
0.071867
0.050993
0.076076
0.080639
0.065661
0.052413
0.076751
0.048737
0.052146
0.073732
0.073076
0.050764
0.053910
0.044518
0.078350
0.043094
0.056594
0.064136
0.124665
0.118477
0.062327
0.092778
0.054439
0.066328
0.065845
0.047999
0.068027
0.041227
0.075848
0.088828
0.048668
0.048860
0.067873
0.058707
0.075840
0.040968
0.066430
0.088800
0.072756
0.052280
0.071218
0.054811
0.049786
0.083117
0.043549
0.045775
0.056055
0.054014
0.076504
0.076532
0.052579
0.070269
0.182664
0.081342
0.048213
0.068018
0.042183
0.061619
0.075480
0.052312
0.077988
0.083663
0.046963
0.061481
0.060239
0.047449
0.088054
0.071534
0.043028
0.044461
0.052976
0.082138
0.062870
0.040862
0.084639
0.049621
0.047042
0.077432
0.054461
0.060464
0.061794
0.050050
0.081008
0.065654
0.051269
0.164587
0.054907
0.058849
0.088618
0.051679
0.059666
0.051946
0.048088
0.063761
0.043139
0.057702
0.043088
0.084163
0.079044
0.045540
0.063863
0.077382
0.039759
0.048999
0.054449
0.051440
0.096527
0.082963
0.071715
0.043146
0.061968
0.044716
0.085026
0.086057
0.070751
0.046500
0.071446
0.081434
0.127256
0.080292
0.068435
0.048598
0.053496
0.051357
0.076326
0.059746
0.051703
0.086832
0.074995
0.043356
0.070673
0.061682
0.047807
0.084051
0.081253
0.051551
0.067162
0.072840
0.053763
0.068558
0.066448
0.045618
0.062014
0.045117
0.068952
0.062618
0.052434
0.085766
0.055403
0.044533
0.151930
0.056789
0.083795
0.085287
0.045056
0.059989
0.062342
0.054293
0.079069
0.065758
0.037902
0.078024
0.068129
0.046820
0.073898
0.050079
0.073783
0.088722
0.065958
0.040442
0.076489
0.048435
0.053195
0.064012
0.051240
0.082273
0.069352
0.040657
0.065985
0.077396
0.046859
0.070606
0.039473
0.078378
0.059690
0.042811
0.115104
0.041738
0.050638
0.047554
0.083398
0.080667
0.049247
0.057110
0.039623
0.071501
0.088043
0.053803
0.051746
0.074726
0.051618
0.061611
0.070917
0.053681
0.067845
0.075932
0.040935
0.047216
0.053923
0.073810
0.064992
0.048624
0.093141
0.059388
0.046467
0.071648
0.043031
0.053373
0.047341
0.054268
0.100220
0.052451
0.054271
0.046540
0.083276
0.060217
0.051153
0.084022
0.060520
0.049893
0.077237
0.051883
0.052376
0.080177
0.049617
0.058797
0.073095
0.047928
0.066341
0.046961
0.055155
0.083479
0.070585
0.055065
0.073683
0.080552
0.045082
0.069253
0.052693
0.054505
0.081725
0.072179
0.057499
0.060160
0.104760
0.056624
0.049877
0.075523
0.046012
0.059559
0.046667
0.057617
0.071197
0.055266
0.074951
0.060245
0.046838
0.070615
0.049754
0.063243
0.084241
0.066701
0.044565
0.061683
0.042526
0.082405
0.067727
0.051081
0.056569
0.052283
0.075821
0.073609
0.045785
0.071877
0.086705
0.053098
0.125777
0.112522
0.079583
0.054581
0.057992
0.062540
0.047088
0.057152
0.042662
0.091479
0.070327
0.081063
0.048690
0.087406
0.045953
0.057612
0.079217
0.049892
0.062191
0.039836
0.047385
0.064826
0.047983
0.062068
0.043736
0.065091
0.036835
0.069206
0.089694
0.069790
0.042295
0.052525
0.040831
0.078932
0.075274
0.134113
0.083899
0.048821
0.049454
0.073286
0.057072
0.068059
0.093772
0.097978
0.046946
0.049824
0.060460
0.058533
0.071773
0.080375
0.039459
0.066443
0.041785
0.065844
0.056378
0.053766
0.072162
0.066151
0.045357
0.063537
0.039773
0.081413
0.051844
0.058458
0.081218
0.064392
0.058606
0.192398
0.104805
0.061276
0.057491
0.063061
0.059488
0.043778
0.085479
0.087157
0.051678
0.057110
0.079409
0.065311
0.053617
0.059875
0.052096
0.064096
0.078274
0.050395
0.075253
0.081735
0.046203
0.051090
0.039288
0.065114
0.052420
0.058451
0.084381
0.082299
0.052819
0.067071
0.179079
0.042350
0.053047
0.035700
0.075021
0.045673
0.060599
0.072303
0.041386
0.048954
0.049666
0.067685
0.076437
0.044655
0.053527
0.043584
0.076247
0.049251
0.046789
0.075138
0.047473
0.072150
0.047109
0.053514
0.054691
0.047564
0.072871
0.051310
0.048767
0.048043
0.063829
0.074369
0.039337
0.046779
0.134298
0.105087
0.074520
0.051249
0.061922
0.067507
0.048349
0.072026
0.051041
0.056066
0.067588
0.042277
0.086037
0.051857
0.056573
0.074078
0.065065
0.047081
0.090122
0.072312
0.051350
0.062952
0.046934
0.050853
0.083144
0.046932
0.050008
0.103077
0.064220
0.044665
0.077608
0.154267
0.052529
0.053141
0.051415
0.066535
0.073840
0.050322
0.076016
0.067531
0.042067
0.084390
0.062665
0.050054
0.066387
0.043633
0.074182
0.041973
0.052937
0.048410
0.057714
0.077211
0.043901
0.038267
0.045678
0.069669
0.053008
0.057948
0.054404
0.046589
0.068524
0.045097
0.069972
0.074032
0.097268
0.082140
0.051058
0.073366
0.195502
0.055116
0.058681
0.073149
0.080487
0.052612
0.089128
0.073767
0.041729
0.079551
0.056160
0.051154
0.073283
0.045495
0.073128
0.059553
0.044073
0.075328
0.064026
0.048137
0.073349
0.039371
0.071746
0.111799
0.050712
0.042766
0.086969
0.053743
0.045560
0.069487
0.041536
0.081439
0.168477
0.048567
0.081012
0.073866
0.046049
0.060762
0.090040
0.081728
0.039714
0.086421
0.055234
0.048644
0.065936
0.037865
0.083511
0.074581
0.049857
0.077980
0.095147
0.090350
0.063135
0.052830
0.069359
0.045249
0.068094
0.062450
0.041427
0.080283
0.049752
0.044271
0.054835
0.054202
0.087385
0.060162
0.105612
0.126613
0.084130
0.078944
0.045474
0.059161
0.042793
0.080928
0.074203
0.068758
0.057836
0.084558
0.070606
0.051160
0.078342
0.085880
0.057196
0.061312
0.065866
0.040155
0.070934
0.064762
0.055192
0.081461
0.080072
0.055277
0.058268
0.084559
0.085238
0.055773
0.056932
0.083685
0.117573
0.092043
0.072792
0.047874
0.045410
0.045367
0.053919
0.073390
0.042092
0.070834
0.047845
0.058576
0.081398
0.042946
0.070304
0.050765
0.050685
0.081157
0.050277
0.048572
0.081692
0.066678
0.048420
0.082265
0.046785
0.062270
0.083488
0.067011
0.052389
0.066278
0.074899
0.056532
0.118414
0.038813
0.081397
0.058104
0.050510
0.084594
0.087906
0.050980
0.060637
0.064209
0.047962
0.052423
0.059816
0.073210
0.083920
0.098551
0.047864
0.045886
0.059669
0.047528
0.080467
0.047788
0.052728
0.062758
0.050630
0.067292
0.054942
0.053385
0.072071
0.070779
0.048633
0.076949
0.042730
0.131584
0.106371
0.053385
0.060712
0.060965
0.042504
0.061755
0.050154
0.070060
0.049322
0.064558
0.071680
0.045336
0.075809
0.062504
0.051256
0.079442
0.085949
0.051219
0.045340
0.063915
0.056949
0.089775
0.057996
0.054327
0.067813
0.069484
0.045198
0.048160
0.046060
0.089464
0.051387
0.047899
0.079663
0.043447
0.076450
0.045812
0.065041
0.049384
0.074743
0.079620
0.063781
0.040535
0.069617
0.039978
0.060840
0.050926
0.065897
0.056030
0.045907
0.066498
0.042928
0.057487
0.042440
0.052265
0.066557
0.045954
0.067183
0.057551
0.044709
0.068911
0.049208
0.077768
0.073789
0.050844
0.051138
0.075321
0.125590
0.050187
0.058929
0.082484
0.043884
0.062225
0.042469
0.055166
0.059942
0.050308
0.061204
0.048866
0.062640
0.046557
0.047866
0.050582
0.050128
0.091220
0.078051
0.058724
0.056858
0.065172
0.047340
0.081746
0.076726
0.051592
0.073432
0.090192
0.064674
0.050609
0.066837
0.068713
0.047978
0.193500
0.092085
0.068976
0.055290
0.071890
0.078633
0.069178
0.055992
0.074275
0.064306
0.056283
0.070090
0.095495
0.081940
0.083552
0.047057
0.089180
0.047206
0.047532
0.066225
0.097593
0.042665
0.102665
0.067836
0.047225
0.074220
0.094283
0.073555
0.058815
0.066663
0.174469
0.041672
0.073177
0.075447
0.050763
0.068373
0.097262
0.051826
0.049308
0.052779
0.050180
0.075074
0.050069
0.051888
0.064021
0.051466
0.073110
0.052722
0.047090
0.072428
0.047832
0.055281
0.072551
0.048233
0.084818
0.046002
0.059255
0.078776
0.051207
0.065825
0.080559
0.045471
0.064104
0.155120
0.098423
0.050382
0.068707
0.044627
0.069693
0.064646
0.063136
0.072599
0.095998
0.053965
0.051921
0.078868
0.093025
0.055704
0.051436
0.050911
0.056803
0.077170
0.070944
0.057138
0.083167
0.070516
0.049679
0.085038
0.083100
0.064527
0.052657
0.080326
0.050446
0.054734
0.085869
0.160927
0.047982
0.083350
0.075578
0.048455
0.063763
0.068343
0.050185
0.060607
0.044544
0.073166
0.042706
0.054309
0.073860
0.049541
0.068765
0.085294
0.051928
0.060704
0.064485
0.048460
0.078464
0.079474
0.044253
0.080761
0.059826
0.049761
0.078310
0.050622
0.050879
0.085553
0.060100
0.052779
0.164656
0.077810
0.049918
0.048774
0.051113
0.080430
0.064372
0.053123
0.068099
0.044303
0.057054
0.040698
0.068198
0.072503
0.043714
0.078848
0.063758
0.056958
0.060087
0.037165
0.071915
0.051477
0.056180
0.073360
0.075903
0.042286
0.061760
0.047156
0.063538
0.042267
0.053184
0.071555
0.044126
0.058648
0.047803
0.064436
0.043366
0.156770
0.074956
0.044417
0.088954
0.054572
0.056408
0.070297
0.074474
0.058199
0.076277
0.086561
0.083983
0.042243
0.060660
0.046770
0.060658
0.092668
0.051736
0.054600
0.069853
0.050236
0.052275
0.047652
0.076315
0.078135
0.045280
0.074932
0.077680
0.045607
0.047173
0.070663
0.043768
0.046079
0.101775
0.122935
0.051103
0.048919
0.042846
0.061489
0.077094
0.046095
0.050709
0.066472
0.042123
0.078848
0.049798
0.050214
0.097796
0.098990
0.050644
0.058534
0.085648
0.082749
0.078407
0.056212
0.079630
0.059337
0.053105
0.083736
0.083301
0.065771
0.047057
0.042044
0.054408
0.083048
0.067303
0.049418
0.066092
0.178463
0.052271
0.081540
0.080044
0.050918
0.078988
0.096003
0.084416
0.069783
0.044266
0.086267
0.055529
0.048687
0.068939
0.037579
0.074044
0.047185
0.074948
0.086550
0.075456
0.045462
0.069369
0.092755
0.067320
0.041853
0.043016
0.052031
0.078403
0.057270
0.051926
0.077504
0.064598
0.199039
0.044984
0.063455
0.039759
0.072001
0.048316
0.049772
0.063865
0.036018
0.068002
0.047307
0.067796
0.087823
0.045869
0.056394
0.057922
0.051435
0.063324
0.038758
0.084908
0.049561
0.049460
0.065352
0.048226
0.054361
0.042311
0.087265
0.087221
0.062506
0.042926
0.096825
0.040915
0.049992
0.069672
0.050751
0.127478
0.044643
0.072438
0.085145
0.077885
0.042630
0.054202
0.041390
0.075995
0.091494
0.049287
0.057706
0.063360
0.049849
0.079617
0.080597
0.050691
0.049327
0.070429
0.052723
0.074768
0.050621
0.061261
0.075475
0.048865
0.068888
0.077058
0.052463
0.065647
0.084831
0.057985
0.046762
0.089363
0.050785
0.073219
0.070458
0.050639
0.084881
0.047220
0.054788
0.076516
0.045652
0.070468
0.064850
0.050253
0.070570
0.070822
0.049769
0.056340
0.050657
0.075683
0.071835
0.074139
0.045706
0.095034
0.043705
0.046706
0.079506
0.046437
0.075739
0.089703
0.068934
0.048814
0.063937
0.115254
0.092208
0.074893
0.049617
0.068574
0.049508
0.046796
0.063028
0.047497
0.058533
0.042863
0.073615
0.049076
0.058320
0.061599
0.050671
0.070388
0.047969
0.048449
0.073317
0.047486
0.055523
0.041270
0.051372
0.048154
0.077221
0.045813
0.051550
0.068973
0.054531
0.061450
0.072271
0.051777
0.144480
0.048999
0.075924
0.072721
0.049393
0.077479
0.088318
0.062306
0.052972
0.076634
0.061185
0.049977
0.091882
0.061686
0.053439
0.095219
0.071273
0.066689
0.050482
0.060447
0.044202
0.088269
0.072791
0.054099
0.051003
0.074129
0.050442
0.079146
0.097143
0.044583
0.048364
0.085540
0.164029
0.051369
0.043295
0.046615
