0.057427
0.071701
0.051233
0.072278
0.041903
0.071606
0.071015
0.055531
0.085400
0.073929
0.049883
0.049517
0.065613
0.044590
0.060001
0.057429
0.067129
0.042229
0.043694
0.066022
0.047850
0.053847
0.104960
0.108183
0.054617
0.063637
0.087905
0.064152
0.043650
0.065911
0.037202
0.050399
0.048768
0.064841
0.048881
0.049549
0.048950
0.062791
0.053859
0.050187
0.068962
0.044216
0.046929
0.034800
0.044505
0.049426
0.057188
0.056448
0.075378
0.047021
0.035430
0.045571
0.055187
0.040143
0.065582
0.065866
0.038050
0.049503
0.100731
0.130649
0.037422
0.043456
0.038891
0.043079
0.041244
0.036852
0.048579
0.065470
0.035907
0.076397
0.069287
0.054329
0.061889
0.055825
0.038838
0.074389
0.039073
0.040964
0.044369
0.059956
0.037730
0.056547
0.046410
0.081179
0.042927
0.054726
0.065051
0.053193
0.056299
0.044406
0.072841
0.035582
0.071175
0.077577
0.183099
0.043171
0.075637
0.052916
0.044677
0.047381
0.041566
0.057248
0.049519
0.073009
0.044314
0.060305
0.044715
0.066287
0.070689
0.051570
0.036565
0.052330
0.067748
0.067570
0.055013
0.058068
0.035353
0.090523
0.074779
0.038443
0.072908
0.061592
0.038589
0.065378
0.057495
0.060406
0.034734
0.080828
0.059577
0.035961
0.151481
0.046087
0.092270
0.059817
0.053981
0.053079
0.052173
0.077505
0.041804
0.054436
0.051605
0.035310
0.073779
0.036615
0.052784
0.042043
0.058160
0.047400
0.061828
0.042462
0.074118
0.044109
0.044633
0.058529
0.051088
0.057731
0.035168
0.046543
0.044430
0.052155
0.049160
0.083774
0.044385
0.076779
0.173691
0.039984
0.062408
0.055312
0.041175
0.066843
0.049951
0.054744
0.036872
0.080919
0.079065
0.050573
0.054961
0.046280
0.063633
0.061951
0.043603
0.093480
0.087719
0.039932
0.035751
0.048809
0.070799
0.068539
0.034242
0.059031
0.040754
0.083662
0.050513
0.044384
0.037344
0.067846
0.083960
0.048515
0.038377
0.115464
0.091961
0.050305
0.063961
0.058189
0.036298
0.059111
0.047299
0.076785
0.051154
0.049133
0.066848
0.048538
0.092191
0.053936
0.049274
0.061404
0.037400
0.074090
0.043985
0.069456
0.051528
0.037819
0.058164
0.051486
0.067643
0.041508
0.061697
0.043012
0.060080
0.039934
0.041674
0.037046
0.064227
0.095037
0.103207
0.053593
0.061347
0.057067
0.039591
0.070505
0.051107
0.073026
0.084946
0.062826
0.068027
0.049959
0.053234
0.051158
0.068485
0.038855
0.046902
0.042753
0.040839
0.038909
0.066802
0.043042
0.044398
0.057031
0.072111
0.049593
0.046802
0.041121
0.056033
0.058948
0.038116
0.074938
0.044389
0.167812
0.068242
0.035136
0.044614
0.044648
0.034886
0.076868
0.080131
0.048107
0.041806
0.040299
0.067928
0.062523
0.042934
0.052136
0.046946
0.070342
0.044441
0.058602
0.036668
0.063934
0.043068
0.060241
0.038362
0.062924
0.042344
0.061346
0.078509
0.044599
0.046015
0.039922
0.065231
0.053082
0.060859
0.042402
0.038188
0.087321
0.115308
0.064598
0.036116
0.054819
0.049217
0.077628
0.052763
0.048801
0.036835
0.071803
0.057530
0.042840
0.049565
0.042395
0.039566
0.053573
0.069647
0.040719
0.048445
0.041344
0.056403
0.044233
0.057338
0.033589
0.078807
0.042528
0.049573
0.050174
0.070091
0.035409
0.044465
0.036232
0.048573
0.067384
0.036263
0.082482
0.092472
0.053071
0.078932
0.053241
0.042519
0.037944
0.066040
0.062823
0.042844
0.053028
0.041513
0.036162
0.065034
0.046888
0.048245
0.081152
0.060117
0.041368
0.042750
0.039328
0.035864
0.069822
0.035662
0.058893
0.067328
0.035317
0.074480
0.036222
0.046742
0.057412
0.068386
0.041652
0.053666
0.040870
0.064602
0.064927
0.048316
0.052498
0.111850
0.088296
0.046793
0.073514
0.032228
0.050998
0.036722
0.041735
0.056254
0.045249
0.068730
0.035733
0.079951
0.042932
0.042257
0.045647
0.069556
0.037505
0.050346
0.068231
0.037580
0.061121
0.081901
0.058711
0.074903
0.084971
0.080158
0.051368
0.083477
0.066798
0.050049
0.048412
0.062964
0.047269
0.156918
0.081819
0.037439
0.075383
0.037190
0.053918
0.037611
0.060986
0.042163
0.082204
0.037277
0.060290
0.036833
0.050944
0.055532
0.042250
0.065303
0.042416
0.077005
0.044544
0.044157
0.047826
0.061196
0.074535
0.042551
0.088868
0.082382
0.052164
0.050214
0.060392
0.037216
0.054333
0.040835
0.043441
0.050534
0.078262
0.083855
0.114064
0.117252
0.091180
0.089456
0.062766
0.045488
0.082449
0.041291
0.046269
0.041044
0.060699
0.035942
0.070275
0.047683
0.054418
0.041304
0.064761
0.097475
0.095241
0.070696
0.038608
0.070404
0.039532
0.041452
0.048425
0.062387
0.067768
0.041917
0.038798
0.055592
0.060477
0.048790
0.045020
0.036427
0.063839
0.123633
0.069252
0.038527
0.058023
0.049543
0.064519
0.038073
0.040060
0.048902
0.070006
0.045276
0.055354
0.046740
0.075281
0.062658
0.040139
0.057192
0.045938
0.057467
0.044097
0.071405
0.050079
0.059565
0.079937
0.080994
0.038577
0.072237
0.057475
0.061974
0.085966
0.077790
0.044304
0.038824
0.049607
0.089972
0.104963
0.078708
0.067752
0.042719
0.070757
0.047355
0.072360
0.063837
0.053580
0.065045
0.075524
0.048958
0.050864
0.049337
0.072071
0.044148
0.061758
0.080054
0.043932
0.060321
0.040989
0.042218
0.090056
0.050617
0.048756
0.067215
0.047238
0.055828
0.041767
0.072917
0.047955
0.061604
0.071018
0.194812
0.046644
0.047602
0.050220
0.076054
0.060320
0.052620
0.078652
0.062556
0.054744
0.078777
0.052773
0.050020
0.077107
0.059857
0.061579
0.058561
0.043620
0.082945
0.046391
0.061409
0.060967
0.047356
0.077424
0.053442
0.056274
0.048344
0.050770
0.075003
0.050783
0.061650
0.056245
0.043647
0.061193
0.041344
0.148134
0.047542
0.072077
0.075801
0.064543
0.059777
0.044046
0.070293
0.075786
0.044969
0.061418
0.056906
0.058335
0.108428
0.050094
0.083095
0.040403
0.063177
0.094582
0.053865
0.078677
0.056776
0.051020
0.085389
0.053521
0.054570
0.080039
0.044194
0.062564
0.058983
0.054725
0.143673
0.051340
0.092817
0.052243
0.057170
0.071022
0.059533
0.058781
0.077386
0.064141
0.055039
0.062369
0.052244
0.056822
0.061802
0.056728
0.079935
0.081784
0.054537
0.050262
0.070982
0.048422
0.070819
0.050320
0.049064
0.074423
0.052230
0.065879
0.059395
0.042058
0.052575
0.045090
0.152123
0.062153
0.073722
0.076385
0.092383
0.041575
0.076851
0.047026
0.070080
0.090774
0.054934
0.058887
0.075233
0.069911
0.053411
0.059040
0.056145
0.057843
0.079003
0.048442
0.057645
0.046555
0.054880
0.054039
0.060192
0.068855
0.050904
0.052852
0.051694
0.053451
0.069173
0.166264
0.055736
0.071730
0.069490
0.051770
0.072307
0.044955
0.047868
0.040957
0.077672
0.096313
0.051622
0.052457
0.053861
0.059406
0.067408
0.077186
0.050585
0.065989
0.049807
0.053883
0.059587
0.060916
0.066911
0.054102
0.050508
0.052093
0.050176
0.050165
0.049602
0.055119
0.125008
0.065321
0.049329
0.070430
0.053527
0.069893
0.084965
0.049177
0.057290
0.050846
0.050787
0.074840
0.071332
0.042233
0.076814
0.038567
0.045702
0.051213
0.077700
0.050523
0.053402
0.051370
0.050309
0.055032
0.042932
0.059622
0.039412
0.054823
0.061923
0.052362
0.054650
0.053437
0.079168
0.053566
0.053245
0.056781
0.061853
0.049876
0.058069
0.070382
0.059742
0.051715
0.052825
0.057096
0.055685
0.047642
0.066903
0.047480
0.052938
0.058356
0.043008
0.041425
0.048517
0.049249
0.048985
0.047941
0.061939
0.078226
0.058853
0.055100
0.056778
0.053559
0.049968
0.050910
0.059886
0.049351
0.053341
0.049027
0.044851
0.042553
0.058448
0.055930
0.050857
0.054414
0.049295
0.078664
0.050896
0.050343
0.049916
0.051775
0.049987
0.047558
0.045708
0.044275
0.068850
0.054005
0.067039
0.050732
0.072798
0.065772
0.067584
0.043007
0.059900
0.052948
0.075500
0.050484
0.050683
0.052769
0.056461
0.063910
0.055694
0.057207
0.052667
0.052680
0.053411
0.050203
0.050245
0.049415
0.052405
0.049237
0.070735
0.049221
0.060755
0.055564
0.051039
0.066418
0.052847
0.071394
0.158462
0.050715
0.059436
0.049811
0.050037
0.040484
0.047039
0.067947
0.047640
0.076039
0.056975
0.047737
0.085380
0.051081
0.049579
0.057134
0.048138
0.067277
0.044571
0.079084
0.050556
0.051646
0.049045
0.042551
0.080068
0.049923
0.060755
0.060786
0.053605
0.063691
0.055363
0.062254
0.088171
0.122839
0.058468
0.064495
0.064366
0.054694
0.073158
0.068804
0.051839
0.065114
0.061148
0.050498
0.051209
0.056520
0.070501
0.063924
0.056571
0.076902
0.051980
0.059324
0.065486
0.050123
0.066757
0.048974
0.049248
0.063636
0.045196
0.075372
0.045275
0.136553
0.100661
0.046789
0.063930
0.059542
0.054924
0.065100
0.050951
0.066492
0.057080
0.056381
0.051686
0.052108
0.066880
0.061698
0.043002
0.069412
0.044959
0.051010
0.046448
0.075609
0.042095
0.055466
0.061680
0.051863
0.049049
0.040764
0.083107
0.040937
0.056651
0.047773
0.060012
0.073684
0.175341
0.051393
0.041121
0.046728
0.067364
0.050728
0.049548
0.057615
0.049415
0.050884
0.057422
0.052177
0.052335
0.078974
0.051366
0.046986
0.048931
0.062891
0.059144
0.042864
0.088197
0.043986
0.050476
0.045344
0.058327
0.059389
0.044974
0.051745
0.059140
0.057585
0.041790
0.079346
0.171435
0.056569
0.052399
0.068090
0.045263
0.041153
0.049852
0.066767
0.056465
0.074980
0.041465
0.050814
0.058439
0.048448
0.071053
0.048283
0.060936
0.064301
0.049859
0.075343
0.049072
0.045831
0.045831
0.067885
0.052817
0.046649
0.044688
0.052295
0.039453
0.059909
0.056594
0.045901
0.078564
0.099474
0.105542
0.066913
0.051804
0.061260
0.049285
0.047943
0.048473
0.069911
0.073357
0.054078
0.085372
0.056192
0.039420
0.077825
0.047331
0.037174
0.042243
0.061175
0.061789
0.048130
0.074445
0.041984
0.063748
0.044363
0.051174
0.044929
0.054521
0.041837
0.058881
0.036929
0.055385
0.087988
0.047537
0.143192
0.053979
0.053428
0.052690
0.048803
0.062570
0.057748
0.064497
0.053835
0.051392
0.074243
0.048590
0.063963
0.075933
0.048710
0.058614
0.055023
0.059975
0.070601
0.044868
0.054035
0.043254
0.050490
0.047123
0.061204
0.068625
0.042135
0.041924
0.048585
0.075880
0.046839
0.044723
0.040819
0.158659
0.042374
0.086527
0.054298
0.047995
0.045596
0.040818
0.079945
0.041767
0.075557
0.059484
0.050886
0.087472
0.049839
0.050116
0.069079
0.040186
0.061680
0.047703
0.073466
0.053864
0.051601
0.082770
0.053966
0.051601
0.092403
0.040060
0.049089
0.054300
0.060420
0.070394
0.041346
0.062966
0.079427
0.121163
0.065965
0.052552
0.069446
0.054102
0.062288
0.069504
0.046279
0.059052
0.042240
0.068555
0.050505
0.049458
0.061972
0.039346
0.047865
0.053859
0.062720
0.049287
0.051165
0.045223
0.044379
0.042238
0.072249
0.049182
0.064467
0.045313
0.050128
0.047387
0.046533
0.076371
0.041054
0.154806
0.042943
0.071998
0.072765
0.039887
0.043157
0.048843
0.052785
0.040589
0.073670
0.041927
0.044720
0.038744
0.040784
0.052887
0.057763
0.049076
0.066828
0.045758
0.042528
0.040192
0.063667
0.044288
0.064405
0.062337
0.046125
0.051880
0.044207
0.092498
0.049457
0.047488
0.046703
0.057220
0.076794
0.052249
0.126596
0.071657
0.042745
0.034902
0.062169
0.070205
0.048127
0.053826
0.051523
0.057942
0.065507
0.041209
0.040332
0.049721
0.041841
0.056751
0.058187
0.055222
0.078076
0.055915
0.053879
0.049562
0.054181
0.069638
0.041071
0.041034
0.042662
0.079124
0.048805
0.043768
0.067553
0.044802
0.040383
0.117010
0.105494
0.035579
0.052445
0.035099
0.034719
0.039755
0.033550
0.035638
0.037110
0.056720
0.036559
0.037188
0.064435
0.050487
0.036437
0.038259
0.052570
0.040123
0.035609
0.036480
0.034324
0.047483
0.036826
0.060080
0.089480
0.105137
0.086304
0.084455
0.039089
0.083434
0.072006
0.039663
0.082545
0.071593
0.039202
0.067386
0.042952
0.079221
0.183427
0.087940
0.041596
0.071186
0.082197
0.042358
0.079031
0.081504
0.082477
0.043209
0.073555
0.045765
0.046008
0.037941
0.042609
0.042439
0.039462
0.040500
0.042698
0.042357
0.042594
0.063476
0.038718
0.061689
0.174913
0.127015
0.043971
0.037507
0.041946
0.036497
0.034117
0.037714
0.065375
0.049221
0.060010
0.036928
0.073978
0.046780
0.129437
0.040313
0.073797
0.051517
0.047169
0.051151
0.061132
0.073873
0.047421
0.068979
0.059860
0.050638
0.078173
0.053187
0.047837
0.069432
0.041776
0.069549
0.049786
0.046360
0.038716
0.066578
0.043876
0.051904
0.046608
0.061513
0.082196
0.050251
0.056712
0.064028
0.046419
0.053644
0.056212
0.164912
0.049462
0.064287
0.053711
0.049945
0.061780
0.043085
0.069117
0.055065
0.051882
0.061126
0.053832
0.065030
0.050049
0.055004
0.044091
0.048666
0.053118
0.048902
0.054547
0.045003
0.038171
0.047694
0.062720
0.050748
0.073234
0.053378
0.049364
0.068584
0.047729
0.050829
0.056480
0.060165
0.057415
0.129558
0.095220
0.056289
0.052006
0.051711
0.063050
0.077490
0.049870
0.047492
0.069372
0.054439
0.062723
0.064712
0.047274
0.051776
0.054125
0.062913
0.048100
0.061156
0.044691
0.060205
0.054369
0.062689
0.075882
0.046467
0.056941
0.050736
0.041312
0.062294
0.042260
0.038579
0.051771
0.057189
0.043921
0.051864
0.045162
0.170261
0.046158
0.057887
0.046119
0.062392
0.051190
0.053490
0.054399
0.059698
0.053607
0.074867
0.053511
0.055381
0.060107
0.052778
0.083767
0.057893
0.058120
0.078800
0.075504
0.042811
0.073918
0.068760
0.053799
0.048162
0.066328
0.050372
0.058383
0.049612
0.065214
0.096649
0.059866
0.047195
0.172508
0.038827
0.077566
0.081622
0.054670
0.051754
0.056953
0.048857
0.051062
0.050916
0.075391
0.047469
0.058454
0.066073
0.042743
0.038255
0.044987
0.086456
0.042862
0.054419
0.077183
0.054591
0.063944
0.076158
0.051722
0.050661
0.049832
0.061821
0.066225
0.049334
0.058825
0.040061
0.050538
0.052150
0.084624
0.089188
0.084523
0.038877
0.077502
0.050255
0.055678
0.075861
0.045553
0.061112
0.039722
0.054672
0.047531
0.063972
0.056725
0.043785
0.050931
0.050730
0.049113
0.047833
0.057786
0.040776
0.083722
0.045979
0.051876
0.070981
0.050310
0.078974
0.072095
0.046613
0.057509
0.048281
0.055501
0.037368
0.079599
0.050692
0.052039
0.076739
0.182404
0.047935
0.046756
0.053525
0.068497
0.072818
0.045167
0.046700
0.048233
0.063243
0.039736
0.070054
0.065066
0.046818
0.065160
0.041183
0.047441
0.052628
0.072414
0.037200
0.045185
0.055002
0.049919
0.051435
0.043566
0.089254
0.048452
0.052499
0.065964
0.038663
0.082748
0.052017
0.051251
0.071482
0.039876
0.078855
0.050148
0.075915
0.043220
0.062027
0.063494
0.050525
0.053735
0.054788
0.073028
0.040464
0.049267
0.077277
0.051491
0.058388
0.073212
0.051253
0.051516
0.052218
0.069101
0.072467
0.050688
0.073614
0.077221
0.056687
0.056259
0.052345
0.042192
0.085490
0.061030
0.044399
0.073514
0.188533
0.054888
0.069703
0.059795
0.053399
0.087100
0.039869
0.050314
0.092099
0.046882
0.050989
0.053895
0.058218
0.052117
0.038508
0.045648
0.055745
0.078212
0.059141
0.037083
0.051636
0.052889
0.069709
0.047602
0.044088
0.037872
0.080729
0.046158
0.058657
0.050652
0.048873
0.158056
0.050053
0.052908
0.050882
0.072720
0.078019
0.047377
0.043881
0.038045
0.090660
0.087262
0.087503
0.061320
0.052538
0.051152
0.048888
0.065359
0.049937
0.069295
0.065322
0.049616
0.056619
0.040720
0.062928
0.068739
0.041390
0.062171
0.063082
0.077352
0.089362
0.085465
0.094926
0.048305
0.068926
0.046482
0.061802
0.068469
0.044523
0.054247
0.047275
0.056864
0.056900
0.062736
0.075466
0.057557
0.057171
0.063764
0.054227
0.056041
0.083313
0.050916
0.049864
0.074748
0.049940
0.055471
0.035491
0.094085
0.050511
0.046026
0.056095
0.043405
0.050797
0.048047
0.070585
0.050640
0.126673
0.067988
0.049755
0.062326
0.050083
0.070960
0.051108
0.050065
0.074634
0.049308
0.066765
0.051670
0.050992
0.073476
0.045191
0.073869
0.056621
0.038978
0.061218
0.048841
0.055875
0.049809
0.068941
0.068599
0.045716
0.044648
0.044507
0.038051
0.047055
0.053967
0.050715
0.080641
0.046541
0.107469
0.048658
0.093847
0.046655
0.045229
0.071624
0.042425
0.069137
0.052472
0.056851
0.073632
0.046912
0.046983
0.037519
0.085439
0.057006
0.052061
0.051848
0.050467
0.052979
0.045389
0.064686
0.043039
0.065303
0.046230
0.052155
0.048784
0.052638
0.090572
0.079438
0.051879
0.059092
0.064624
0.046238
0.061253
0.204024
0.050987
0.063358
0.049412
0.057595
0.073622
0.053991
0.063841
0.081676
0.042373
0.063671
0.054613
0.052539
0.081135
0.052933
0.057230
0.072711
0.045933
0.064400
0.050487
0.062213
0.052110
0.048476
0.081151
0.065321
0.046361
0.077635
0.043655
0.054613
0.043972
0.067098
0.050658
0.051821
0.182573
0.054961
0.054710
0.069313
0.054960
0.067213
0.060113
0.049880
0.063632
0.079982
0.046870
0.048416
0.049366
0.067784
0.055614
0.060747
0.059007
0.058328
0.079042
0.063859
0.056602
0.075011
0.084312
0.056087
0.058567
0.088262
0.052200
0.056370
0.071022
0.046095
0.057536
0.085232
0.133590
0.053241
0.049994
0.078189
0.044203
0.058877
0.062467
0.047026
0.059304
0.046923
0.047612
0.051233
0.066432
0.064920
0.052726
0.059542
0.053249
0.058163
0.068865
0.053470
0.090417
0.054507
0.050321
0.051546
0.054900
0.063743
0.045530
0.065688
0.066629
0.067971
0.061422
0.084086
0.052640
0.117896
0.115182
0.059288
0.067712
0.080154
0.052033
0.054310
0.059132
0.052373
0.067726
0.053335
0.055287
0.051829
0.055163
0.070842
0.047947
0.047404
0.049773
0.064811
0.083324
0.054529
0.065557
0.058323
0.052286
0.058565
0.050856
0.059940
0.056918
0.062498
0.065268
0.051764
0.053144
0.170719
0.049402
0.068280
0.051656
0.074239
0.088877
0.060384
0.056356
0.050627
0.087432
0.057834
0.042074
0.087421
0.062049
0.053510
0.076293
0.041707
0.058761
0.058881
0.055625
0.065942
0.053192
0.066979
0.055966
0.051413
0.069459
0.046326
0.067808
0.084642
0.052922
0.054217
0.057011
0.139054
0.099939
0.072452
0.053695
0.067547
0.079722
0.053771
0.055371
0.048857
0.059989
0.075870
0.052410
0.060419
0.073137
0.055972
0.060561
0.071081
0.060063
0.069773
0.094816
0.052914
0.050256
0.071181
0.047800
0.068609
0.061173
0.064124
0.069991
0.052837
0.058771
0.071716
0.204358
0.061898
0.049935
0.051190
0.052890
0.079193
0.052691
0.043739
0.038461
0.048508
0.064625
0.049667
0.044141
0.050212
0.065846
0.072704
0.056974
0.076528
0.064496
0.044953
0.071305
0.044555
0.044035
0.045194
0.072239
0.040438
0.044703
0.050089
0.052117
0.050282
0.050667
0.050346
0.050276
0.069333
0.119011
0.047960
0.060267
0.070649
0.040093
0.078880
0.049698
0.061698
0.053740
0.048388
0.047752
0.053816
0.088397
0.076404
0.070174
0.058937
0.072071
0.077492
0.042380
0.042893
0.050789
0.072431
0.041370
0.045765
0.045039
0.079254
0.058417
0.053540
0.061440
0.043013
0.080166
0.041838
0.150335
0.088630
0.036571
0.047764
0.052546
0.043701
0.040504
0.054252
0.042039
0.079647
0.047430
0.051191
0.072740
0.041102
0.069282
0.069767
0.050789
0.079309
0.072447
0.052111
0.052493
0.053346
0.062046
0.073278
0.048413
0.053162
0.083676
0.050696
0.070312
0.052830
0.059425
0.069381
0.102379
0.118717
0.054678
0.076956
0.064245
0.072594
0.062367
0.070320
0.054018
0.086239
0.089463
0.074642
0.049664
0.079924
0.067535
0.052506
0.077031
0.052992
0.052828
0.069961
0.073999
0.052349
0.075959
0.054334
0.053302
0.088849
0.056113
0.057275
0.054004
0.040078
0.081706
0.099586
0.103769
0.083850
0.047412
0.065413
0.053273
0.058091
0.084196
0.054277
0.055363
0.085303
0.053266
0.059793
0.085307
0.062677
0.053320
0.058801
0.077707
0.046623
0.064323
0.046255
0.047296
0.051301
0.061433
0.062821
0.055142
0.057969
0.051904
0.052677
0.062729
0.049660
0.174204
0.053040
0.065573
0.056451
0.057696
0.066821
0.044732
0.049789
0.043558
0.042938
0.046218
0.051680
0.051988
0.052347
0.052573
0.050679
0.052797
0.052353
0.051543
0.053451
0.050982
0.048534
0.057406
0.061950
0.044882
0.082359
0.047465
0.060445
0.086527
0.064096
0.109013
0.058220
0.057148
0.067297
0.048026
0.069038
0.077250
0.054704
0.084485
0.077880
0.057504
0.061944
0.069871
0.079924
0.047246
0.053854
0.059190
0.085326
0.085304
0.076182
0.053467
0.065286
0.065591
0.061982
0.078348
0.093940
0.055715
0.057270
0.077049
0.173385
0.045916
0.075282
0.060187
0.064575
0.079603
0.054052
0.054966
0.073986
0.062773
0.064239
0.064388
0.049284
0.060954
0.079457
0.046317
0.051162
0.051377
0.064319
0.078063
0.046141
0.068843
0.064653
0.068801
0.050595
0.079766
0.049946
0.061259
0.069627
0.081958
0.055940
0.087148
0.154665
0.054434
0.070496
0.065948
0.049323
0.061488
0.051713
0.077086
0.067390
0.051751
0.061811
0.079246
0.048688
0.045220
0.046532
0.085971
0.052979
0.050021
0.060456
0.052194
0.073737
0.076668
0.052893
0.056702
0.067148
0.049420
0.054514
0.045905
0.069574
0.048367
0.075160
0.067072
0.048826
0.064467
0.165215
0.057321
0.069510
0.050803
0.054346
0.049787
0.050121
0.073083
0.045783
0.072706
0.057032
0.039017
0.056119
0.052858
0.073699
0.049711
0.084480
0.069059
0.070977
0.053499
0.078850
0.070788
0.048831
0.081192
0.049367
0.049283
0.090429
0.058763
0.096413
0.119085
0.052316
0.038636
0.055838
0.071418
0.059616
0.049566
0.082863
0.060331
0.039778
0.041727
0.049939
0.083684
0.057467
0.054100
0.084768
0.079716
0.047576
0.051241
0.049645
0.061747
0.071239
0.049265
0.057138
0.047017
0.086344
0.045049
0.043138
0.085794
0.068509
0.057154
0.075891
0.060283
0.114810
0.043903
0.040532
0.045664
0.046596
0.056983
0.069129
0.056560
0.058185
0.078115
0.050875
