229	184	48	131
229	179	51	134
231	179	52	135
238	181	47	132
236	179	50	132
235	176	53	136
239	176	52	135
248	180	45	132
250	179	47	131
249	174	51	135
251	175	51	134
255	176	49	131
257	175	49	131
253	170	53	132
254	168	54	134
257	169	52	132
258	166	51	132
255	165	53	132
256	161	53	136
256	158	52	136
256	161	53	134
257	160	54	133
256	165	58	132
262	166	55	129
261	164	58	130
260	157	63	138
262	149	73	142
268	152	57	140
273	155	52	131
278	113	95	176
279	131	75	155
282	144	52	143
287	125	44	159
284	128	51	155
285	148	57	135
293	149	48	131
299	143	51	139
293	97	73	185
297	121	67	160
297	139	57	140
303	137	57	139
298	136	62	142
304	132	62	142
306	134	56	137
307	135	57	135
309	134	62	138
311	136	60	137
313	138	56	133
313	136	56	133
312	133	55	135
311	130	57	137
307	124	59	127
313	128	53	125
311	148	62	106
315	183	60	68
313	139	46	112
301	73	73	101
130	158	35	124
95	160	70	125
104	162	64	120
96	189	74	91
107	156	69	128
106	154	69	126
75	173	102	105
1	207	73	79
1	211	66	76
64	174	109	102
225	139	55	99
120	141	92	117
219	125	59	82
211	120	71	83
218	145	76	55
224	136	67	59
224	139	68	57
286	151	45	103
228	137	67	64
288	185	42	72
226	134	71	72
125	147	159	109
127	145	93	115
275	97	89	125
316	125	55	70
197	129	92	54
183	132	101	48
179	132	110	51
167	133	101	55
144	138	87	47
138	129	88	51
123	128	98	53
108	133	102	46
92	133	97	40
55	131	99	47
58	129	97	57
50	129	89	55
3	139	129	56
7	133	110	61
0	149	75	78
0	129	76	63
0	129	70	59
0	123	71	64
27	119	44	66
29	118	42	64
29	116	42	67
29	117	41	67
29	118	41	65
28	118	42	65
29	120	42	64
28	119	44	66
28	125	41	61
28	125	38	65
27	124	39	66
27	127	37	65
28	130	36	69
27	130	10	130
0	154	21	114
0	123	44	114
0	126	63	68
0	124	31	157
0	138	37	141
0	158	30	148
0	159	26	159
20	240	50	43
14	243	47	37
21	243	39	38
0	214	32	102
0	209	63	111
0	212	51	113
0	217	54	102
1	230	57	94
0	224	64	106
1	220	67	111
0	182	74	132
5	184	75	131
10	186	72	127
12	201	69	112
13	190	69	119
13	194	76	117
12	183	72	124
18	196	72	113
16	177	60	94
19	181	77	127
18	188	76	110
30	209	76	91
20	156	90	145
300	144	33	138
303	147	51	148
301	146	53	147
305	153	47	140
321	181	54	113
313	165	65	128
315	161	62	133
313	158	65	134
314	160	63	133
313	157	65	135
314	159	64	133
312	159	66	134
315	160	63	132
306	163	68	129
306	168	70	126
307	168	69	124
306	166	68	126
307	168	69	125
307	167	68	126
293	184	70	110
291	186	73	106
292	165	72	127
288	169	77	124
291	172	74	123
293	176	73	116
290	181	74	112
291	160	71	132
290	158	75	133
289	156	75	135
290	157	73	135
289	159	76	132
288	157	75	135
293	158	70	136
288	159	77	132
289	158	76	135
286	157	79	136
289	155	80	139
288	156	82	135
289	157	79	134
287	156	76	135
289	155	80	138
289	158	80	133
290	158	75	135
294	157	81	137
292	159	81	133
294	159	74	135
293	159	78	136
293	157	75	137
293	157	76	138
292	157	78	138
294	157	74	138
292	156	79	139
293	158	74	137
293	158	78	138
303	164	59	126
303	164	59	121
303	164	59	123
303	163	60	122
303	164	60	122
303	163	59	122
316	160	45	125
314	160	47	128
314	160	47	129
314	160	47	128
315	159	46	130
317	159	46	129
305	166	59	128
303	164	61	127
305	162	60	131
321	170	57	123
320	161	55	133
321	163	57	130
319	164	57	130
320	163	57	131
323	162	54	131
320	159	62	134
316	159	64	136
315	160	67	136
311	163	68	134
313	164	68	132
312	162	68	134
312	163	68	134
299	161	80	135
308	160	72	136
105	195	38	98
37	202	86	88
51	195	81	96
50	197	67	93
51	180	69	107
51	175	76	120
288	181	25	113
295	174	75	121
298	161	74	134
294	158	79	135
294	157	79	138
296	158	77	137
294	158	78	135
295	158	77	137
293	157	79	137
296	157	77	139
294	156	78	137
296	157	77	137
294	158	78	136
294	158	77	136
295	159	78	137
293	157	78	136
294	156	80	140
296	156	76	139
294	156	79	137
296	156	78	140
296	158	76	136
296	158	78	137
296	157	77	137
294	157	78	136
292	155	80	139
298	156	76	140
296	157	79	139
302	157	75	139
300	158	79	137
310	166	65	128
326	160	47	127
325	156	47	131
325	155	47	131
326	154	46	131
324	152	47	129
328	151	46	129
327	148	49	126
326	146	49	127
327	143	48	128
328	148	50	123
328	143	49	127
326	142	50	125
329	142	49	123
330	139	48	125
332	136	49	124
334	142	54	130
335	142	52	128
338	140	52	129
340	138	50	130
343	135	52	130
345	135	52	129
344	133	55	130
349	127	46	134
348	127	45	135
347	126	46	134
346	126	46	135
349	124	43	134
350	122	44	135
352	118	44	134
355	116	63	132
361	120	54	131
359	123	62	128
361	120	60	133
362	119	63	133
368	118	60	134
369	118	59	133
369	119	58	132
369	119	58	132
360	123	64	128
363	122	66	129
362	123	65	129
364	124	64	127
364	126	63	127
363	126	64	126
349	124	77	128
343	121	83	132
350	122	77	130
344	121	82	131
347	122	80	130
342	122	84	131
347	123	79	130
341	119	84	132
346	117	80	135
345	117	80	135
343	116	82	135
346	116	80	135
346	118	79	134
345	118	80	133
343	115	83	136
351	116	78	137
350	117	81	135
355	116	79	137
357	118	81	135
360	117	81	136
363	118	80	134
365	118	81	134
365	117	81	134
366	113	81	139
366	113	81	138
368	114	79	137
365	113	81	138
366	113	81	138
367	115	79	136
365	113	81	138
366	113	81	138
367	112	80	138
366	112	81	138
366	114	81	137
363	112	83	138
377	119	59	131
376	120	61	128
375	119	61	128
375	120	61	127
375	120	61	128
375	120	61	129
375	119	61	128
375	121	61	128
375	120	62	127
384	117	49	128
381	117	50	129
380	115	51	129
377	112	50	127
375	113	47	126
376	112	45	129
372	111	46	129
368	114	46	125
374	116	57	131
380	114	49	131
370	115	57	127
377	115	51	128
371	114	58	129
376	113	51	130
376	115	53	128
374	114	57	128
374	113	56	129
364	120	62	122
365	118	65	125
365	118	64	126
365	123	64	121
364	122	65	123
364	121	65	125
348	116	85	130
353	115	79	130
353	112	81	132
356	113	81	130
358	111	80	132
361	112	80	132
364	113	79	131
364	108	82	136
366	110	83	134
368	109	80	133
367	112	82	132
368	111	79	132
369	109	80	134
369	109	79	134
367	110	82	134
367	110	80	133
367	106	82	137
369	110	80	133
368	109	80	134
369	109	79	134
369	109	80	134
370	109	79	134
368	109	80	135
369	109	79	134
367	105	79	138
366	109	81	135
361	106	85	138
368	110	78	134
362	107	84	137
368	109	78	135
363	105	83	138
368	109	78	134
364	107	83	137
367	109	79	136
362	105	84	138
376	114	60	130
388	109	47	129
387	111	47	129
388	112	47	129
387	114	48	129
388	114	47	128
386	116	48	129
388	113	51	126
388	113	51	127
387	115	52	126
387	115	52	125
385	115	54	128
382	116	57	127
384	119	55	126
384	122	53	126
385	120	53	128
388	131	48	132
388	131	45	131
387	133	41	133
386	132	42	133
380	132	55	136
381	137	52	130
378	137	56	128
378	133	49	135
376	133	50	138
374	134	52	136
372	136	50	137
369	136	47	139
367	135	47	140
364	138	51	137
358	136	51	138
355	136	51	142
352	138	50	139
350	139	49	139
347	142	50	139
347	143	49	139
344	143	50	137
343	145	46	139
341	146	47	140
333	157	57	128
330	157	61	128
328	159	59	129
327	159	59	131
325	158	61	133
321	160	62	133
319	161	62	132
327	159	47	128
327	158	47	130
325	155	47	132
321	158	48	129
320	155	46	131
318	157	46	129
316	156	46	131
316	152	49	131
316	153	50	129
317	152	49	130
317	155	50	129
317	153	48	130
318	153	49	131
316	155	52	128
316	163	51	120
315	157	48	126
313	171	56	124
313	173	56	121
313	174	54	120
313	172	54	121
314	163	52	130
314	161	48	128
311	164	50	127
310	157	43	134
306	158	45	136
303	157	42	136
299	157	46	136
298	158	43	134
296	157	44	135
292	158	42	135
284	154	47	139
279	154	48	139
278	151	48	141
276	152	48	140
279	152	46	140
277	152	48	140
277	153	48	139
274	154	50	139
273	152	50	139
271	163	57	126
267	161	59	131
264	161	58	131
259	160	62	132
255	158	64	136
263	152	49	136
260	151	53	135
260	150	52	132
255	151	53	134
254	151	52	130
250	150	52	130
252	146	54	127
245	145	62	126
248	143	60	125
246	142	60	124
249	140	55	123
242	140	63	121
251	136	51	124
245	135	60	122
246	132	55	125
253	138	54	131
252	137	56	127
252	135	57	129
252	133	58	130
252	131	57	131
251	132	57	128
254	130	57	128
260	124	45	133
261	123	44	134
262	121	44	134
263	121	46	133
263	121	44	133
262	120	46	128
262	120	45	129
263	120	46	130
263	121	47	130
265	122	47	130
265	122	46	130
263	120	54	129
264	124	56	128
265	126	54	126
266	127	54	127
267	128	55	128
265	130	53	127
265	138	56	130
261	141	52	126
261	140	52	126
258	142	51	128
254	143	52	127
254	146	52	131
250	146	54	127
250	144	47	132
247	143	46	134
246	144	48	135
244	145	47	134
241	146	45	135
239	147	45	134
236	147	47	133
227	143	51	137
224	144	50	135
221	142	50	138
218	143	49	139
224	149	65	131
224	150	65	132
223	150	66	133
222	150	67	133
222	151	66	133
222	151	67	132
223	153	66	135
223	156	67	137
224	158	67	136
213	173	77	131
214	177	78	133
216	181	77	132
220	178	47	131
214	177	46	131
211	178	47	131
212	177	45	131
210	177	51	129
209	177	51	129
209	179	51	128
211	180	51	129
210	179	50	130
209	179	51	128
209	180	49	129
210	180	50	129
211	188	54	131
211	188	53	128
214	187	55	130
217	186	56	132
221	187	57	132
226	181	52	138
230	181	52	136
234	177	67	140
237	179	64	140
234	183	44	131
235	184	45	128
242	184	45	129
245	181	47	131
252	181	48	130
257	181	49	130
243	179	70	141
243	177	69	144
243	179	69	141
243	179	69	141
243	181	68	139
266	182	51	133
259	182	50	131
254	183	48	130
249	183	49	130
245	182	51	131
244	182	48	130
246	179	50	129
247	177	56	133
249	177	53	129
250	177	51	133
251	178	47	130
250	177	49	133
249	179	48	130
247	174	55	135
246	180	51	132
246	179	56	133
243	179	52	131
242	186	61	133
243	188	55	129
242	188	58	131
237	188	56	129
233	182	48	136
228	183	48	137
220	182	50	137
214	178	45	140
213	178	44	142
212	182	38	132
214	183	35	134
213	184	31	130
191	300	60	58
208	188	33	86
193	322	58	34
191	330	56	28
210	257	41	98
194	323	51	35
192	333	60	25
194	332	58	27
194	332	58	26
194	328	50	30
194	327	50	31
194	328	51	30
194	328	50	30
194	329	51	29
194	329	50	30
194	330	51	29
194	329	50	30
193	333	54	25
199	338	50	21
204	340	47	19
210	343	44	16
212	344	45	15
212	332	32	27
213	339	30	20
208	295	30	64
207	236	37	123
216	158	123	131
257	1	60	68
269	1	48	63
268	1	58	70
273	1	47	64
284	1	48	71
288	1	43	69
290	1	48	70
299	1	41	69
289	1	60	78
307	1	45	80
300	0	60	83
321	1	41	73
318	0	55	80
322	0	53	84
316	1	67	86
334	1	53	86
327	1	65	100
343	10	54	102
331	1	69	126
332	12	74	121
330	11	80	135
330	52	76	95
331	13	76	129
333	18	63	111
329	9	68	123
332	6	64	117
326	0	73	121
337	2	59	111
351	9	52	107
362	19	41	94
365	10	44	103
359	24	52	115
360	20	56	97
370	24	46	89
317	44	79	93
364	2	52	103
369	21	49	87
372	17	46	91
361	23	66	94
367	24	58	96
356	7	75	113
367	26	58	91
356	2	78	114
360	27	71	93
356	5	76	113
358	7	74	108
355	5	70	103
366	13	61	94
366	15	68	90
383	4	48	93
381	5	50	91
380	16	46	76
379	4	50	94
382	31	42	81
364	21	66	116
359	42	66	100
360	31	75	123
365	35	64	116
366	20	67	131
367	42	64	99
372	37	64	110
373	46	64	100
370	27	70	134
375	47	62	109
374	49	65	105
377	48	65	96
373	28	71	121
375	35	69	100
369	19	75	116
375	38	59	91
372	28	63	105
373	36	62	90
369	4	67	119
361	18	62	100
368	31	58	90
363	19	58	98
374	34	52	84
370	31	56	86
365	29	65	93
363	26	65	93
378	28	51	90
379	30	49	88
282	69	60	118
108	106	41	127
101	100	54	134
106	97	53	129
109	95	55	132
115	95	52	129
117	92	56	131
122	97	57	130
123	94	61	133
132	92	55	132
136	86	52	137
143	83	46	136
137	80	52	138
144	78	45	135
138	75	57	139
140	74	55	141
143	72	53	139
145	70	52	136
143	70	55	138
145	70	57	138
151	66	52	139
151	67	54	134
151	68	57	143
153	83	65	136
157	91	61	132
158	98	62	131
160	101	63	135
162	104	64	135
164	109	63	134
167	112	63	135
169	111	55	135
172	115	54	135
178	122	49	129
179	123	50	130
181	127	53	133
185	131	51	131
186	128	51	130
189	131	52	131
191	132	54	133
193	132	55	133
198	131	52	132
201	132	53	132
202	131	55	133
205	131	54	133
209	129	52	131
212	137	55	133
211	136	61	135
213	135	61	136
218	138	58	132
221	137	58	133
218	133	65	137
217	131	70	141
240	132	48	138
243	132	45	136
237	132	55	138
241	128	54	141
252	132	46	137
254	119	51	151
251	118	55	151
254	116	67	154
267	124	50	144
269	125	50	145
269	127	51	142
272	128	51	141
278	130	48	134
280	134	50	134
254	128	74	144
252	129	76	141
255	131	68	137
254	131	69	138
252	128	71	142
249	129	71	141
247	132	69	138
245	130	68	140
241	129	70	142
238	133	80	137
241	138	72	132
232	132	80	139
237	139	74	130
240	137	84	134
236	134	96	136
233	129	92	141
235	136	88	135
232	117	87	153
229	128	92	144
227	117	87	153
225	133	89	138
222	112	86	158
217	108	92	162
218	133	87	137
217	130	85	140
215	131	86	141
212	129	88	142
211	131	85	139
207	131	84	140
204	113	84	158
202	113	84	159
201	132	84	139
207	109	62	155
224	133	50	131
227	131	52	135
230	129	51	135
236	127	51	133
237	121	55	140
247	123	51	135
250	124	57	138
256	138	55	130
260	135	59	134
266	137	59	132
256	121	69	149
258	129	61	139
250	118	75	151
259	126	62	143
257	127	63	144
261	136	70	134
258	137	74	134
278	125	48	134
275	126	51	132
277	123	48	133
277	123	48	131
264	112	63	139
251	115	62	138
248	111	75	143
247	119	62	136
269	107	56	144
282	116	47	134
283	116	53	133
284	111	55	132
290	91	61	155
281	119	68	137
280	116	72	139
282	119	60	136
276	121	80	134
272	118	76	138
271	121	80	134
280	124	71	131
279	121	72	135
285	122	83	134
282	112	92	144
283	118	85	139
282	117	91	140
283	112	86	143
285	112	84	145
284	106	87	151
284	107	87	150
284	133	80	124
281	120	91	136
274	120	85	135
272	120	86	141
273	126	85	137
273	98	83	167
272	134	87	130
273	109	88	155
272	141	81	122
273	116	87	146
273	135	79	128
273	114	87	149
273	126	78	137
273	127	85	137
274	126	83	138
272	121	87	143
271	119	83	145
272	121	84	144
273	123	84	140
273	120	85	144
273	123	81	141
273	120	84	144
273	119	81	145
282	101	54	154
283	118	50	132
276	105	61	142
274	100	62	137
274	94	67	141
278	94	58	136
266	97	64	144
268	106	59	135
266	93	66	148
288	97	49	139
293	96	50	139
302	97	46	138
299	87	58	146
301	95	56	134
306	91	52	141
305	96	48	133
296	85	55	143
292	84	54	133
289	77	57	138
293	81	53	132
275	83	75	138
278	83	68	140
276	75	71	147
298	81	55	134
304	72	59	142
288	84	69	138
284	81	76	141
289	83	71	138
306	71	59	143
301	83	60	130
296	82	51	131
293	80	52	126
287	77	51	134
276	78	48	130
271	79	54	134
263	86	53	133
262	77	71	144
265	81	64	139
262	79	68	141
266	81	62	139
261	82	54	131
267	81	51	130
273	82	52	131
277	80	52	129
282	77	58	134
287	79	56	131
287	79	54	133
286	78	55	134
287	87	52	133
292	85	54	136
294	89	52	131
294	87	52	132
289	85	83	136
288	80	62	139
290	82	51	137
282	80	46	131
272	79	49	132
260	79	57	133
252	78	49	131
222	81	57	136
205	74	63	143
195	74	60	143
214	80	47	128
210	79	46	129
207	78	47	132
213	75	59	142
210	76	58	139
210	78	58	138
209	76	61	140
209	74	61	142
210	78	59	138
212	79	55	138
189	77	62	136
206	79	45	135
204	84	43	128
210	86	43	131
213	86	40	131
214	86	43	131
215	86	43	134
218	86	43	134
221	87	42	131
224	86	42	132
227	86	42	135
227	86	45	135
230	89	44	132
228	80	48	139
229	65	50	144
230	31	56	154
237	32	53	92
238	29	53	84
247	10	47	98
207	71	51	122
264	17	54	93
240	37	78	71
266	28	61	96
262	29	72	89
262	27	75	98
239	95	60	96
279	35	51	97
267	50	66	103
290	49	47	139
282	37	60	171
302	84	44	135
293	101	58	126
304	126	49	137
301	143	54	135
302	158	51	122
303	170	58	131
312	183	40	143
302	191	49	139
310	203	39	142
309	268	43	90
309	250	35	88
302	236	35	89
299	228	33	88
290	213	36	90
284	199	36	90
274	145	94	134
283	143	47	138
283	143	61	141
289	146	68	132
294	136	96	141
295	125	62	149
295	136	56	140
292	104	93	166
293	140	56	140
295	148	54	130
291	115	64	165
292	137	59	141
299	144	52	133
294	117	61	159
298	88	91	189
305	114	49	152
302	82	76	183
298	87	86	176
303	106	54	154
304	111	49	150
301	88	83	176
297	82	89	178
303	106	55	155
305	121	49	138
306	112	61	148
305	77	66	184
302	87	57	169
305	114	58	144
301	75	86	183
301	74	79	182
303	112	53	140
301	121	57	135
293	108	69	149
302	117	52	136
297	129	61	136
288	119	71	145
295	124	67	141
303	130	54	134
308	125	47	132
306	118	56	138
304	114	53	142
306	122	50	132
308	121	49	133
306	116	53	138
282	100	74	163
290	125	67	139
289	127	63	137
288	113	65	150
290	120	64	146
290	126	57	140
290	128	58	137
286	119	62	147
284	124	63	143
285	128	62	137
285	132	61	133
284	111	70	154
285	133	59	133
275	128	91	139
275	129	91	138
275	129	87	138
273	129	86	139
273	129	88	140
275	129	84	139
272	128	91	139
275	129	83	139
272	129	90	138
275	129	85	139
273	128	88	139
273	129	84	138
258	127	93	140
255	129	88	138
247	132	90	138
245	134	87	137
259	134	53	135
261	137	47	130
257	135	50	133
258	138	47	129
258	138	47	130
251	133	53	135
255	136	49	131
253	136	50	131
251	135	53	133
251	137	53	134
254	139	50	129
254	139	49	130
253	137	51	133
251	138	53	132
248	146	57	132
251	145	53	132
248	145	60	133
250	145	53	132
240	142	60	133
256	134	45	137
254	130	53	140
265	128	43	138
271	112	48	153
275	124	48	137
276	120	52	140
284	119	47	137
284	113	51	142
284	114	60	140
286	109	66	143
289	112	66	139
293	114	61	136
295	115	63	132
293	109	55	134
300	107	52	133
303	106	47	131
303	105	46	130
300	102	52	132
299	101	52	132
303	99	47	130
301	95	50	130
299	94	52	131
301	91	52	132
306	91	47	129
307	89	45	127
307	87	46	131
285	86	66	142
276	87	74	139
282	87	66	140
278	87	73	139
287	85	66	141
313	92	41	126
315	92	39	128
314	91	41	129
314	90	41	130
316	91	38	127
314	90	40	128
315	86	40	130
316	85	38	130
315	85	39	129
315	83	39	129
317	77	37	133
316	76	38	132
317	76	35	131
316	75	36	130
315	71	37	127
300	68	53	124
280	70	73	125
307	65	48	101
295	62	61	129
282	70	73	131
272	67	82	126
279	67	70	93
282	67	67	81
298	65	55	101
299	63	59	121
279	62	71	110
305	56	47	106
286	57	59	93
298	55	50	98
295	66	44	130
294	60	50	120
293	72	48	123
291	62	40	132
296	52	35	91
293	52	56	79
291	52	60	79
291	53	59	93
285	51	50	125
282	52	42	106
278	52	50	121
276	53	42	104
275	53	40	100
274	60	42	108
275	61	46	107
274	62	55	103
274	62	41	104
269	60	44	101
265	60	47	102
264	62	44	116
265	56	39	109
262	55	39	108
259	55	38	129
250	56	48	130
248	57	50	130
244	57	56	130
236	54	51	118
235	54	46	87
214	52	55	134
210	54	55	124
203	50	60	138
199	52	63	142
190	59	85	133
187	62	66	132
180	60	73	134
179	60	90	134
175	61	85	138
172	64	82	136
167	65	86	138
163	71	77	133
161	66	87	141
162	74	81	131
161	67	87	138
176	70	47	127
174	70	49	133
179	75	47	127
173	69	56	134
171	72	51	131
164	74	55	133
160	79	54	131
158	79	52	133
152	89	56	131
146	90	59	134
143	90	57	134
142	91	49	139
140	96	42	134
135	98	47	137
128	100	45	136
117	98	54	140
114	101	48	135
113	103	50	141
117	109	65	138
117	107	69	140
118	109	67	137
114	107	70	140
114	109	46	135
115	109	49	139
115	111	48	133
115	110	48	136
116	112	47	133
109	83	56	160
113	86	53	155
110	95	57	143
113	95	53	142
105	96	62	149
111	96	55	146
105	90	63	149
109	98	57	138
111	96	52	137
119	95	42	134
110	90	54	138
121	86	47	136
114	79	53	142
120	79	48	138
113	74	55	140
120	72	48	137
113	74	63	133
115	72	61	130
113	69	62	134
117	65	47	129
113	59	49	130
115	59	47	124
113	47	50	139
113	55	49	127
111	52	52	134
99	55	62	137
95	48	68	145
98	53	62	139
95	52	67	139
100	63	70	127
99	60	71	132
99	62	70	131
104	58	80	137
104	61	82	133
103	57	83	137
104	58	83	138
102	57	85	138
103	60	82	134
111	53	53	132
115	56	47	129
115	55	49	131
119	52	50	131
122	47	61	136
130	53	50	128
138	53	45	133
143	57	42	128
145	56	49	131
146	54	49	106
152	50	49	112
154	54	48	108
152	52	50	113
149	61	56	118
149	60	56	121
150	61	54	120
149	60	55	122
163	55	41	125
154	55	50	127
162	57	42	130
156	52	48	140
167	53	41	134
143	56	70	137
145	58	66	135
149	61	60	130
149	59	59	132
147	60	62	130
146	67	68	123
141	65	67	127
135	67	63	125
130	66	74	128
130	61	79	133
127	63	79	131
114	59	88	135
102	58	88	136
102	56	79	135
100	59	84	134
101	59	83	133
97	59	80	133
92	60	79	133
87	59	79	134
83	60	76	133
78	58	78	134
78	57	81	134
78	57	82	134
77	57	79	135
77	58	77	133
77	57	68	134
76	59	61	135
78	61	53	132
76	59	53	133
76	59	54	133
75	63	52	130
77	59	59	134
89	66	56	126
87	68	51	126
86	74	61	123
89	72	57	126
89	73	60	126
94	70	45	124
99	76	44	125
102	81	44	123
104	77	47	126
107	77	51	130
110	80	52	129
117	86	50	120
119	85	51	128
123	92	52	131
129	95	50	129
134	99	50	127
140	91	48	140
142	87	54	145
151	90	51	145
154	99	44	135
162	101	47	137
167	106	43	134
173	107	44	137
175	109	45	138
174	120	61	128
175	124	61	127
165	113	51	139
165	114	53	137
162	115	56	137
163	117	53	135
168	114	47	138
157	113	79	139
183	115	47	129
176	115	54	128
171	116	54	130
179	119	56	133
175	118	54	134
178	118	57	135
174	119	57	134
164	117	72	134
164	127	62	126
171	126	55	125
147	125	82	126
146	122	80	127
150	116	73	137
141	116	78	135
139	117	78	137
143	106	57	141
142	123	50	125
139	121	48	131
135	131	52	123
136	133	50	123
136	130	51	130
135	131	52	131
136	131	51	135
141	140	59	138
141	141	58	136
140	145	59	133
139	143	62	134
140	142	55	136
132	148	63	131
131	147	69	132
129	140	74	138
117	142	85	137
128	142	51	131
124	143	45	127
125	142	45	129
124	140	48	126
123	140	48	128
127	141	61	138
126	140	62	137
126	140	61	137
127	138	62	138
127	140	61	136
118	149	67	126
115	146	72	132
117	147	69	131
100	144	83	137
101	141	82	138
105	142	78	139
104	141	79	140
105	142	80	138
105	142	78	134
105	142	78	135
108	143	76	132
108	144	76	135
106	148	77	135
106	149	79	136
106	151	78	134
105	150	78	136
104	149	79	136
106	150	78	135
102	150	81	136
102	150	81	136
101	149	83	137
98	148	86	137
104	150	79	136
97	148	86	137
107	150	76	133
103	149	81	136
105	150	78	134
104	149	79	136
104	149	78	135
105	149	78	135
100	148	84	139
99	148	85	139
96	147	88	140
101	148	83	138
122	148	52	132
119	149	56	132
121	151	50	130
124	148	50	129
124	150	46	128
124	145	50	131
123	146	48	130
125	140	53	131
125	139	50	129
123	135	51	130
118	133	48	127
113	131	51	131
110	138	52	125
110	133	58	129
107	128	47	127
110	127	49	130
119	131	44	127
117	122	56	133
128	126	48	125
112	121	84	144
115	125	60	141
112	119	75	145
115	125	66	139
113	118	73	145
114	133	71	130
113	130	76	133
113	130	72	134
120	129	89	137
121	131	82	133
121	128	85	138
121	126	82	138
121	119	83	147
120	132	81	134
120	123	90	142
122	131	78	134
120	125	88	139
120	129	83	135
121	127	87	138
122	132	82	133
120	133	83	135
120	135	81	133
120	134	85	135
120	135	79	133
119	134	85	135
120	136	79	131
119	135	88	133
136	125	46	136
140	132	48	130
148	134	45	127
147	129	54	132
158	132	47	125
160	125	55	135
170	129	48	130
171	127	52	134
177	138	54	131
180	130	59	139
191	128	54	139
198	118	53	150
211	131	43	137
215	135	41	136
210	106	78	166
226	133	48	139
220	109	68	168
223	112	56	158
227	141	49	129
224	134	57	135
224	128	54	140
228	138	50	131
228	139	49	129
220	98	72	169
216	98	74	168
215	102	68	159
221	125	59	137
222	130	52	129
221	94	71	169
219	124	59	144
206	125	72	148
208	137	68	135
206	135	69	141
208	142	66	134
207	136	68	143
208	151	77	131
211	148	77	136
224	155	70	130
224	154	90	136
227	156	80	135
225	155	89	139
224	157	84	138
225	159	91	141
226	162	81	138
226	163	86	141
227	168	79	135
227	164	87	144
228	170	79	140
225	171	91	139
225	175	81	138
226	174	90	140
228	177	79	136
226	177	91	135
228	177	81	137
225	177	89	136
227	177	81	134
224	177	91	135
226	177	81	135
224	176	90	135
227	177	82	135
225	176	89	135
226	179	83	134
224	178	91	136
226	180	82	135
225	179	92	137
228	179	80	136
224	178	91	137
228	182	79	135
225	178	91	137
225	181	83	135
212	178	106	138
212	180	95	135
219	175	89	142
218	179	80	138
214	176	87	141
214	174	82	142
211	178	92	136
213	182	88	134
215	180	92	135
215	181	82	136
215	180	86	135
214	179	85	138
215	181	84	134
214	179	90	136
214	179	84	137
211	179	93	137
214	180	82	135
211	179	93	136
215	181	81	136
213	180	89	137
214	180	84	135
212	181	90	135
213	182	85	134
214	181	90	135
233	181	45	125
234	178	52	131
244	180	46	128
240	175	56	131
252	180	49	124
255	172	53	134
264	178	48	123
267	172	57	135
273	186	56	129
275	182	59	133
286	187	53	124
297	174	47	140
304	179	43	135
306	156	50	158
306	179	48	136
309	165	50	148
307	169	54	144
309	171	51	140
313	176	46	137
305	177	62	139
306	183	58	128
303	181	63	133
306	184	57	131
304	178	51	130
308	180	46	126
307	175	48	130
308	176	45	126
301	167	52	131
302	167	51	128
300	164	52	128
