384	434	451	114
378	430	453	117
378	427	454	116
377	426	455	112
376	426	457	110
376	425	457	107
375	422	461	107
373	415	465	109
375	410	465	112
377	406	466	114
377	404	470	115
382	396	463	117
384	397	462	111
381	397	466	110
382	392	467	113
381	391	470	113
383	387	469	117
388	382	466	126
390	375	465	128
394	378	463	122
397	371	462	133
405	371	455	136
422	366	441	139
427	361	437	139
441	350	431	157
448	339	429	173
450	331	434	188
447	346	444	178
443	328	450	199
450	328	455	202
464	321	449	209
470	307	450	224
480	308	451	224
488	310	452	216
492	307	456	216
498	302	455	218
500	296	459	223
528	293	434	225
509	287	449	286
548	282	406	279
576	275	374	250
603	265	346	272
536	262	410	313
581	261	372	270
593	259	358	275
586	255	359	293
570	254	380	287
613	252	346	266
579	273	387	240
645	272	332	212
653	251	340	223
677	251	331	217
697	296	313	166
679	209	357	251
729	243	318	206
745	251	314	193
733	287	336	157
724	197	360	248
732	281	361	164
723	206	388	234
714	219	409	220
707	220	426	221
691	222	452	232
685	223	468	216
677	281	481	169
669	292	466	153
660	266	509	178
647	287	526	152
635	282	543	160
620	284	561	162
610	285	587	158
604	286	585	156
605	285	588	154
606	285	590	151
606	286	593	149
610	288	598	157
613	288	600	154
616	293	602	149
619	295	605	147
628	297	608	146
638	299	603	144
647	301	602	151
658	302	598	151
666	305	598	150
673	306	595	148
681	304	591	158
687	300	588	182
692	300	583	184
698	298	577	188
699	297	575	194
703	294	567	182
709	287	561	193
709	283	558	204
711	284	535	208
708	277	525	213
707	273	511	214
710	270	491	217
712	265	474	220
704	261	475	230
683	260	482	233
703	259	444	237
660	254	483	247
682	254	465	259
691	257	455	254
688	258	503	265
696	262	472	268
1050	280	229	431
1055	269	221	447
1060	277	213	438
1042	277	230	440
1031	276	235	432
753	276	412	304
1017	275	244	439
783	269	374	329
1007	268	210	449
785	265	404	434
814	253	378	357
823	246	364	381
840	238	343	364
988	231	195	484
1020	227	155	482
1023	224	148	489
1018	219	148	496
1009	213	153	502
924	207	234	499
875	259	163	347
990	206	156	508
990	203	155	495
974	197	156	514
973	196	158	472
956	192	151	512
961	187	165	446
942	186	158	519
942	186	185	481
901	184	181	435
919	181	194	382
915	185	166	422
896	180	200	450
906	184	184	470
902	182	194	442
887	184	200	359
873	192	213	440
851	193	188	469
916	200	172	433
916	201	170	414
920	199	153	396
917	199	147	385
912	195	145	369
910	193	158	385
907	189	149	338
902	193	158	345
901	193	158	313
896	191	160	292
892	189	163	292
884	180	170	304
881	179	176	311
877	178	164	258
874	176	173	280
872	176	165	251
870	174	166	275
863	168	166	265
866	165	163	279
851	159	170	263
844	159	180	294
841	161	178	254
841	160	178	255
841	164	173	244
838	161	174	250
828	141	177	253
820	123	181	266
820	133	173	244
819	142	170	230
817	132	167	245
813	132	171	242
809	116	172	265
808	142	178	236
807	139	169	227
806	135	163	224
802	134	164	225
801	133	166	235
805	139	167	231
802	136	188	261
798	133	197	263
800	136	200	271
784	125	212	284
780	137	218	286
777	131	185	243
777	131	177	228
772	129	187	236
764	126	195	243
762	124	201	251
757	122	221	291
756	123	228	306
752	123	219	266
751	124	224	278
750	124	208	243
751	120	193	236
752	120	198	243
748	120	227	329
749	121	225	303
742	121	261	354
737	116	232	335
740	116	227	317
741	122	234	309
740	120	222	301
742	115	231	328
741	117	221	315
738	115	243	335
735	118	223	308
730	111	236	315
724	110	240	304
728	114	304	363
732	116	234	315
730	103	234	312
726	98	253	329
722	94	234	317
726	95	314	399
727	104	322	407
716	97	287	358
715	131	242	283
723	104	227	297
723	94	221	298
719	89	223	295
715	92	231	307
711	92	236	305
710	93	241	306
703	96	245	292
698	95	249	290
687	103	261	279
687	140	263	241
678	114	274	264
604	110	347	260
674	121	279	244
666	126	292	244
665	127	293	246
661	129	299	242
659	135	305	229
660	145	309	211
409	90	297	330
410	80	293	327
410	76	289	337
4	225	229	364
0	217	230	392
2	209	232	403
4	211	229	406
1	203	236	421
4	194	237	435
25	218	225	416
3	188	251	451
48	249	217	397
14	180	257	468
5	174	281	482
53	238	242	422
48	233	275	437
456	75	228	369
84	279	232	390
81	263	228	414
48	201	268	479
473	80	10	457
478	147	156	214
221	232	110	448
477	78	170	267
477	81	184	388
486	80	204	345
362	145	18	537
143	298	200	347
130	268	217	446
118	232	236	482
431	103	10	576
253	494	96	74
175	328	202	388
168	268	215	447
183	280	207	437
188	298	208	419
215	368	192	348
211	319	210	396
214	322	219	394
229	335	210	380
287	288	166	426
215	300	257	418
248	352	229	363
279	387	198	330
204	324	277	393
226	329	243	387
305	248	182	462
214	334	258	381
450	102	293	183
263	407	212	308
445	99	240	311
433	108	95	533
403	160	86	551
255	367	235	351
441	93	245	282
291	414	215	301
442	91	323	167
298	417	211	299
437	98	105	559
434	92	314	181
421	110	92	595
428	98	326	149
306	390	216	299
426	106	348	113
433	108	350	137
318	367	226	322
425	115	325	101
420	110	273	111
425	116	291	106
422	116	287	111
418	122	329	99
418	128	382	107
333	477	204	178
413	130	390	102
331	459	207	189
408	124	404	128
337	453	211	260
413	132	397	92
420	137	334	88
426	138	289	85
429	139	298	87
425	139	316	84
428	137	307	91
429	137	314	97
431	137	314	99
432	137	318	104
434	138	312	110
443	139	311	115
437	137	319	117
441	143	316	104
440	139	321	114
442	136	318	119
441	136	319	119
443	136	332	124
441	133	328	129
443	134	323	127
453	134	323	130
460	135	306	139
448	133	333	147
459	129	317	153
455	122	336	159
460	118	339	164
459	123	342	162
259	164	523	125
465	121	331	169
64	213	354	143
464	119	304	187
458	108	339	196
84	203	371	137
580	234	216	149
419	131	351	177
178	176	574	143
111	188	643	126
110	188	696	124
116	191	599	127
127	190	627	120
123	185	580	127
128	190	620	120
137	185	572	127
480	131	302	181
577	179	486	205
580	181	485	193
567	160	496	208
161	158	383	153
184	160	526	155
478	156	259	159
494	191	528	191
199	148	354	138
204	143	340	134
212	130	491	184
265	151	563	189
487	205	507	173
462	159	319	198
239	129	351	161
241	137	395	161
488	175	529	193
256	132	346	148
272	128	419	190
384	135	301	174
497	186	242	172
290	113	315	154
295	107	309	157
298	109	311	162
300	115	314	159
313	115	305	154
323	111	301	162
317	107	306	166
334	105	312	160
336	104	313	161
360	111	324	156
392	130	345	225
372	106	351	165
367	104	338	164
372	103	329	165
384	108	341	238
517	184	231	222
535	206	441	199
419	105	340	280
490	162	257	232
419	98	334	171
415	92	353	212
479	129	290	261
446	126	342	238
439	82	321	185
474	129	301	300
459	99	342	328
468	116	325	286
458	90	334	254
546	198	267	237
550	201	242	247
551	203	246	258
567	204	224	256
563	220	228	245
569	195	253	272
538	198	282	252
573	209	246	220
571	214	241	263
575	202	353	274
472	61	361	250
516	61	328	219
572	216	265	268
571	211	263	269
485	84	368	233
567	220	288	268
570	214	278	265
509	59	368	246
558	160	323	234
534	74	332	251
574	214	525	192
565	149	319	238
537	52	352	312
571	188	503	218
572	181	505	228
568	163	357	237
563	188	523	215
343	18	570	235
560	203	340	195
569	214	532	185
566	220	543	170
320	22	162	113
312	29	224	134
571	275	259	110
573	226	521	159
433	107	501	203
563	236	521	146
578	213	517	165
572	212	510	159
589	17	409	249
577	214	515	162
570	198	517	189
566	193	526	185
563	184	530	203
568	179	529	190
560	180	541	190
563	189	527	173
507	127	588	235
578	215	517	151
626	11	445	344
595	213	491	146
588	199	509	160
571	223	514	132
566	223	513	141
559	223	518	142
561	231	516	138
548	222	534	141
552	228	530	126
573	201	531	142
584	232	501	118
593	218	503	120
583	224	506	107
573	227	518	115
573	245	518	97
574	245	523	103
571	241	524	109
569	238	531	111
567	241	538	106
569	241	428	276
575	241	539	92
580	233	534	97
696	404	189	314
577	223	546	103
573	240	470	114
571	243	357	97
571	244	544	100
623	299	282	416
542	246	476	100
565	249	466	86
556	252	382	378
529	252	475	91
570	250	454	91
560	241	463	104
571	228	453	108
577	224	456	114
583	218	445	120
596	212	447	107
602	211	447	107
608	209	442	106
608	207	461	113
610	206	468	120
612	206	474	126
622	213	451	127
625	214	446	127
630	196	455	142
642	203	534	111
696	212	440	107
653	196	480	121
667	215	463	103
674	198	500	115
708	213	397	136
689	176	505	164
666	204	519	116
672	191	493	134
672	212	442	113
676	208	495	111
669	215	451	115
673	216	441	119
686	197	424	120
692	198	451	121
696	192	425	120
704	195	494	107
717	201	437	96
690	207	417	90
1082	438	97	267
1075	443	96	274
880	303	299	280
619	222	479	130
642	185	539	154
616	216	546	139
603	217	508	119
664	204	530	120
691	185	499	130
742	142	427	154
885	0	248	79
862	0	280	100
874	0	276	119
882	0	288	167
876	12	318	331
622	218	488	119
614	201	587	138
776	212	338	82
919	17	282	118
927	0	270	72
936	0	268	74
981	0	223	70
961	0	256	83
1005	0	226	87
1016	0	227	119
861	100	338	78
726	163	412	130
754	148	488	121
789	171	448	85
804	146	443	104
861	163	360	97
872	136	382	151
857	143	412	104
858	142	419	147
835	152	440	105
863	157	415	115
872	155	406	109
848	155	431	110
845	160	433	121
835	178	422	111
872	160	404	116
846	173	433	112
864	172	415	113
866	181	409	95
882	182	343	86
884	182	394	91
770	191	472	104
808	195	468	119
713	197	560	123
704	201	570	127
420	0	318	151
704	213	388	114
427	0	586	275
424	0	414	167
892	218	351	109
779	226	477	121
875	212	400	134
517	17	162	130
698	231	240	131
691	241	486	121
571	148	427	211
589	158	425	214
709	253	570	118
409	1	229	201
422	2	170	158
403	1	145	130
404	1	157	162
426	2	144	223
680	278	237	130
664	253	546	160
654	268	618	140
658	269	527	150
651	299	528	129
658	307	520	129
659	320	502	124
655	327	476	125
342	0	155	259
335	1	153	279
327	0	166	295
322	0	148	267
310	1	162	212
309	0	145	303
304	3	152	313
299	1	152	325
293	1	156	331
280	1	164	340
279	3	163	312
271	3	168	312
264	1	172	324
262	1	179	339
264	0	172	403
279	2	166	386
501	380	452	181
274	3	879	568
500	300	650	265
266	0	170	459
257	0	180	464
251	0	224	322
514	391	478	188
497	406	542	180
223	1	233	293
350	227	574	344
467	426	539	156
473	380	649	227
489	397	495	185
528	406	584	202
505	413	508	173
505	420	547	173
478	401	620	197
483	431	485	150
462	418	631	188
443	398	570	192
512	399	450	187
436	358	627	243
513	402	478	199
456	379	613	234
477	415	503	173
475	433	566	173
439	404	627	210
455	429	503	163
441	401	566	203
593	453	421	141
462	0	142	256
463	1	126	295
179	3	394	149
359	236	562	334
354	222	687	379
259	99	475	261
225	3	710	508
292	184	664	344
465	366	497	214
441	357	479	218
216	0	470	83
236	1	457	119
477	370	432	197
258	0	458	116
406	256	495	317
343	98	557	423
382	227	479	274
458	336	508	254
413	276	499	306
407	196	563	389
517	394	429	190
475	364	416	218
503	391	456	196
551	407	336	177
532	383	465	210
430	258	464	328
464	326	424	254
405	223	518	343
537	416	416	174
512	367	382	224
555	374	356	219
494	353	417	237
555	376	399	225
506	364	373	228
540	359	377	236
452	105	432	455
530	308	332	212
461	6	427	539
428	214	434	261
432	215	437	295
439	211	411	317
431	205	293	206
470	226	441	352
486	251	403	292
477	254	403	288
430	209	448	323
428	198	327	192
532	0	125	299
466	234	413	315
468	224	421	269
448	205	415	269
447	199	238	158
613	69	245	366
428	190	249	255
435	186	278	220
440	188	257	233
437	185	292	197
448	182	482	329
449	185	298	180
462	178	507	385
457	181	283	169
461	174	501	381
464	179	274	201
461	163	261	193
460	159	254	200
463	156	159	228
468	155	220	238
473	148	216	242
468	140	178	257
470	144	242	234
471	135	165	252
469	139	177	223
465	135	226	214
463	129	220	286
458	132	240	314
462	136	203	305
454	130	204	327
457	129	235	327
461	127	205	327
461	126	195	302
465	125	241	302
473	119	215	315
800	0	386	118
481	40	178	392
495	122	191	323
475	116	208	330
472	122	204	324
467	116	204	333
475	111	221	334
501	113	182	333
494	110	179	331
515	103	158	356
508	107	163	366
509	110	162	360
502	112	176	366
507	92	183	382
528	78	160	424
532	83	146	417
504	81	170	417
500	29	170	486
527	24	137	492
487	25	186	451
485	47	185	468
526	43	224	630
532	147	199	536
540	146	203	564
535	144	204	559
526	149	187	477
518	137	176	339
515	158	178	326
501	163	213	299
492	175	230	489
504	179	210	238
495	187	222	236
488	207	212	235
481	193	204	275
479	189	200	257
479	213	211	224
476	205	221	291
475	206	207	238
471	232	235	214
461	238	229	366
460	223	340	316
445	242	281	269
433	221	309	297
419	231	347	267
413	233	344	272
404	224	387	220
374	223	331	318
363	226	401	252
381	237	353	301
404	308	278	330
305	231	482	216
338	240	336	198
315	240	371	198
313	239	351	198
298	238	366	199
303	234	378	194
313	267	433	187
302	220	464	191
299	221	463	194
303	223	457	195
294	222	461	192
298	222	465	195
290	223	472	191
297	224	469	181
297	224	461	184
299	225	456	183
305	222	449	178
303	226	453	173
270	223	486	175
310	223	448	178
306	224	452	168
312	222	452	180
338	257	391	199
314	214	437	181
335	264	383	168
297	212	456	171
310	213	447	169
263	208	511	167
255	208	521	169
262	206	512	169
255	206	521	174
259	203	513	173
265	204	511	171
254	204	523	186
259	206	503	190
262	211	510	180
273	219	500	178
274	224	500	167
271	230	497	174
268	233	514	187
277	234	512	176
274	234	518	180
269	238	525	158
278	238	512	138
275	237	523	148
283	238	516	143
271	238	530	142
275	243	522	127
264	242	532	143
267	241	531	123
270	242	529	130
277	236	510	144
284	236	509	137
338	233	448	122
227	264	538	133
339	226	443	116
329	225	457	123
264	233	518	120
324	230	443	117
346	228	428	123
232	244	546	114
260	234	508	122
238	240	541	129
300	225	484	150
306	220	471	138
312	217	460	130
307	218	474	119
241	235	532	106
301	216	457	113
247	217	519	123
238	211	521	120
117	263	440	268
181	216	562	134
224	223	477	163
301	203	466	132
299	206	465	126
316	207	447	129
304	211	455	131
294	214	467	123
257	221	491	122
66	280	496	186
106	236	522	194
41	283	369	294
23	257	413	312
32	240	545	223
223	215	503	119
4	342	345	246
168	223	540	126
0	371	370	203
200	224	502	110
1	379	316	174
123	223	535	137
8	279	340	236
30	2	297	370
23	17	430	404
834	212	377	165
862	225	350	147
962	241	246	134
840	206	346	167
435	181	235	132
161	186	476	123
0	236	246	216
3	227	264	202
166	176	486	156
167	172	606	162
190	175	465	149
4	260	247	162
181	194	323	148
163	202	412	164
202	196	449	142
211	196	785	155
455	187	736	188
188	181	936	187
175	172	815	163
180	172	593	150
255	162	908	201
173	153	476	129
184	160	471	150
180	154	473	125
192	153	468	141
189	145	466	142
185	153	474	144
180	139	477	140
195	149	466	168
193	143	880	236
193	134	468	150
201	143	463	149
202	142	461	147
204	137	462	172
218	140	450	149
269	147	405	181
287	150	387	149
224	144	453	187
243	145	435	168
222	142	451	190
240	145	438	188
244	148	437	167
222	141	452	191
207	136	472	181
211	136	454	196
207	147	462	184
209	155	461	177
210	156	462	185
212	152	466	201
217	150	471	196
210	146	479	198
209	148	500	208
215	144	479	215
208	144	490	209
200	148	491	210
202	149	615	286
201	145	496	180
213	145	495	204
252	145	732	393
218	136	497	201
220	142	491	225
573	111	665	398
221	137	490	202
222	137	496	231
217	135	503	228
227	139	494	209
229	138	784	265
228	132	496	190
219	137	506	200
231	138	686	270
230	136	511	187
240	138	503	224
236	134	505	199
239	134	503	231
229	133	520	210
237	135	511	216
231	134	518	211
220	132	526	215
239	138	507	192
236	140	523	198
239	141	514	188
237	143	525	187
219	143	547	196
235	145	532	189
224	144	551	198
202	140	565	203
257	150	512	187
238	153	533	186
257	160	514	183
247	159	527	210
258	171	517	175
260	175	518	178
240	171	545	175
187	154	596	195
237	169	546	178
217	171	570	186
251	181	538	187
245	188	546	194
240	197	554	176
264	206	532	168
194	197	593	178
168	196	622	188
158	205	632	179
171	218	620	170
209	229	581	172
230	234	562	172
173	234	620	169
219	244	575	170
144	246	645	176
202	253	582	178
152	249	623	184
188	262	575	177
160	261	602	185
185	269	576	178
128	266	629	178
176	276	587	173
176	278	573	168
172	280	591	172
170	283	578	177
168	286	587	183
166	289	588	182
172	293	580	179
173	298	578	174
173	299	586	173
176	299	588	175
180	299	578	164
168	295	592	170
150	291	612	179
157	289	617	185
171	291	603	189
173	292	603	189
179	294	604	192
119	290	672	199
201	304	592	186
187	302	610	186
211	308	591	176
215	304	596	178
213	295	599	184
220	291	595	191
232	281	593	202
216	283	608	208
204	272	623	214
221	267	608	211
214	261	615	215
228	261	606	207
225	256	599	199
238	256	583	190
243	254	629	232
227	248	612	208
285	277	820	432
232	243	607	196
513	411	595	293
640	475	403	168
239	248	615	210
649	470	479	247
637	461	485	256
629	454	492	260
625	441	504	278
438	330	604	285
609	426	524	293
207	220	669	210
166	210	719	246
320	252	764	425
271	228	810	461
575	411	494	273
305	226	615	256
582	385	556	294
545	360	544	309
335	239	737	384
320	227	613	223
510	348	592	329
278	217	619	198
526	341	529	313
191	189	714	238
314	216	594	214
324	214	640	317
331	214	583	224
335	215	589	224
340	217	579	201
338	213	582	199
314	202	607	215
335	204	584	227
341	209	598	236
303	198	622	318
361	204	566	336
359	213	570	252
339	203	592	270
336	206	605	233
327	202	612	214
325	202	616	210
315	199	625	213
300	180	642	233
269	164	671	269
259	159	506	330
266	153	460	324
265	147	441	325
265	143	434	329
264	136	589	317
258	126	681	317
250	114	692	352
241	112	694	354
228	106	705	360
218	99	713	373
215	96	534	372
207	81	396	377
193	71	370	392
181	63	403	403
173	55	405	413
165	48	409	428
159	43	393	429
158	39	389	441
151	35	355	420
142	23	378	460
135	16	378	471
129	14	375	474
120	6	380	488
114	3	377	495
112	2	367	498
109	0	355	499
103	0	343	498
100	0	326	499
94	0	333	502
92	0	335	502
78	0	337	495
70	0	339	493
69	0	331	488
67	1	328	483
68	0	317	483
67	1	313	477
63	3	285	465
62	0	280	460
63	2	289	464
55	1	277	445
49	1	288	444
45	0	289	428
41	0	332	418
47	0	365	380
449	114	492	399
53	0	245	341
47	0	245	376
62	0	252	364
72	0	787	504
461	75	475	429
68	0	180	264
68	0	191	272
59	0	192	270
50	0	190	268
44	0	222	286
86	7	657	469
464	68	443	433
481	88	429	412
472	59	434	443
465	60	437	442
489	58	409	443
491	65	402	436
503	68	390	432
483	53	408	444
527	86	371	409
508	70	389	426
531	71	371	425
519	61	384	436
521	63	386	432
529	60	376	435
527	58	375	438
528	51	370	445
529	45	367	450
551	45	346	445
533	32	368	455
555	36	351	450
564	40	349	441
570	39	348	443
578	44	343	439
572	31	348	455
573	36	347	451
569	30	346	460
557	18	352	472
568	25	338	466
565	22	337	469
578	28	326	465
580	35	322	458
563	27	340	468
570	25	336	475
561	33	345	474
567	34	336	481
573	41	326	475
592	57	304	459
561	36	326	480
533	25	354	490
575	41	313	479
556	33	331	487
590	45	297	476
571	41	314	487
591	45	294	483
571	57	311	478
559	39	321	492
545	30	328	506
556	35	310	497
537	54	315	487
549	51	298	491
534	60	301	487
519	49	312	498
522	41	305	511
524	45	301	514
521	62	294	502
518	52	295	513
520	71	288	500
497	38	309	535
524	54	273	526
509	88	288	501
492	73	298	517
482	71	298	528
478	77	290	527
489	77	273	535
511	95	240	522
520	107	227	518
526	108	221	519
543	126	204	507
540	155	208	479
538	134	210	502
526	149	221	490
518	113	230	528
521	72	224	571
516	38	228	606
515	81	233	568
513	19	233	630
515	122	235	530
520	122	230	534
521	90	231	567
528	128	223	530
529	102	219	561
528	71	218	596
527	76	219	592
532	57	215	615
536	60	214	614
545	68	209	607
554	66	203	610
558	55	203	620
556	71	208	604
562	134	202	543
560	127	204	550
556	82	209	595
553	145	216	533
551	51	220	625
546	78	230	602
550	53	234	627
552	37	238	640
558	24	239	651
561	16	239	654
564	13	235	655
568	34	229	632
566	115	235	552
575	126	228	543
577	47	228	624
572	67	235	602
579	33	226	633
586	26	218	639
598	56	203	606
601	27	198	632
604	46	194	612
603	64	196	595
601	6	199	650
599	24	203	632
595	130	205	526
596	97	202	562
592	57	207	598
591	71	213	580
588	61	215	589
585	114	215	535
583	64	214	583
578	117	221	527
573	96	228	550
572	79	231	564
569	65	237	577
566	124	244	514
565	64	252	573
559	107	259	525
558	104	276	530
559	100	275	527
557	122	279	512
556	125	288	505
554	125	289	504
550	140	289	485
547	139	292	484
545	143	296	478
546	144	304	473
544	150	302	464
538	156	313	462
541	155	321	462
541	157	319	461
544	159	323	458
543	155	328	462
542	160	324	454
543	162	326	452
539	164	335	448
539	170	334	440
538	166	352	443
544	141	361	466
475	115	385	458
490	143	416	385
221	229	668	384
563	94	364	442
536	97	392	502
179	230	657	313
532	100	381	516
148	253	566	259
164	251	568	291
541	173	344	442
307	247	514	280
188	241	594	370
187	234	575	372
573	100	395	503
201	219	578	331
346	147	572	465
223	219	562	389
227	210	603	393
231	203	575	400
238	194	593	417
262	190	560	420
279	189	550	425
269	177	576	439
281	181	545	432
306	195	527	418
305	183	538	429
308	186	535	424
321	185	531	426
315	159	626	453
318	177	558	436
332	171	528	440
344	163	541	450
359	172	506	441
373	170	497	448
383	178	482	441
407	184	472	435
388	142	568	481
399	174	546	455
387	158	575	481
449	154	512	492
399	130	569	513
483	179	398	466
410	214	473	446
411	181	494	486
428	136	468	530
446	184	433	491
457	202	433	476
463	207	414	481
467	195	411	497
467	159	420	537
465	126	433	577
465	127	432	574
463	139	434	568
460	149	441	559
454	152	451	557
451	157	460	552
462	153	453	558
481	152	446	559
446	143	483	558
444	148	485	558
442	147	485	561
444	144	481	568
451	145	483	564
446	144	501	555
428	150	530	539
425	157	527	550
497	174	462	534
583	148	396	552
675	150	295	568
671	160	330	558
669	172	341	541
673	178	332	532
678	187	324	527
684	202	323	514
689	207	316	508
693	216	326	499
701	223	313	490
708	231	307	481
712	235	306	478
722	236	301	477
729	236	275	481
736	235	286	481
739	235	275	478
731	238	289	474
729	241	268	472
717	270	262	447
714	319	285	396
705	337	319	382
711	323	309	395
713	333	296	386
717	283	278	434
707	276	286	443
701	262	294	452
701	291	301	426
702	269	312	448
697	271	312	444
416	313	594	384
405	327	595	253
543	390	471	327
708	430	319	286
407	326	516	211
414	341	535	231
411	331	521	210
409	354	517	187
412	326	516	230
415	352	510	193
419	326	527	225
421	340	503	203
421	329	551	214
423	339	555	198
421	332	556	208
423	333	556	203
421	336	533	203
422	340	595	200
422	339	597	207
423	339	606	211
424	343	607	207
423	348	613	203
426	350	607	202
428	352	607	206
429	352	606	207
428	354	611	213
427	352	612	215
427	351	612	223
426	352	616	227
428	353	610	232
429	352	607	233
429	352	606	239
427	354	605	238
426	353	608	242
426	354	604	241
424	352	605	250
421	351	608	253
417	351	609	255
417	351	607	255
416	350	604	254
415	350	604	258
414	353	604	257
415	354	602	257
412	357	603	255
409	358	606	255
409	357	603	259
407	355	601	262
407	352	597	264
405	352	601	265
403	351	604	265
403	353	598	262
403	356	603	260
403	356	602	264
402	358	604	264
402	349	604	275
399	344	607	276
397	342	610	280
400	341	603	283
405	339	589	287
411	341	578	288
416	342	567	294
419	341	557	292
419	337	548	291
418	333	551	280
418	332	556	265
418	326	554	264
418	322	554	252
419	315	549	256
421	315	552	266
424	314	536	271
426	311	532	283
427	308	523	286
426	307	528	295
423	303	531	298
422	300	532	303
418	298	534	306
417	298	530	308
418	298	528	311
418	300	518	311
418	299	515	313
416	293	507	321
413	288	509	332
410	284	507	340
409	283	507	348
407	284	508	357
403	286	507	359
404	287	499	364
401	287	496	366
398	285	493	370
395	282	494	378
396	280	489	378
396	281	489	384
395	280	486	382
396	275	484	391
396	273	475	394
394	271	476	394
392	273	479	395
392	273	484	395
389	272	491	396
389	269	497	394
389	265	504	400
390	262	512	401
391	262	515	407
394	260	514	405
394	258	514	406
394	255	514	410
395	254	517	413
396	250	518	415
399	248	519	421
402	245	522	423
403	247	524	419
405	246	524	424
406	250	525	420
408	248	523	413
410	250	519	412
413	247	516	412
413	247	515	416
412	252	512	417
409	254	515	419
407	256	500	417
402	263	504	414
395	264	494	415
390	266	507	415
389	271	506	409
387	277	507	405
389	284	509	397
387	293	513	390
388	296	511	388
386	295	515	387
389	302	518	381
390	306	517	379
396	310	514	374
396	313	520	372
400	315	517	375
403	318	516	375
407	321	515	375
413	325	510	375
411	328	517	373
412	331	516	375
413	334	516	371
413	338	515	369
415	340	515	372
416	343	508	368
414	345	515	366
414	343	514	368
417	344	507	366
415	343	513	373
415	347	518	367
412	347	517	369
412	345	511	371
409	347	512	368
411	342	507	373
412	338	508	374
414	334	508	377
412	337	509	379
415	326	508	386
425	322	498	391
425	322	502	390
423	317	504	394
426	317	502	391
432	318	496	393
435	314	496	396
438	310	498	397
440	310	499	393
445	310	500	388
449	307	506	387
453	300	507	394
457	303	506	389
462	304	509	385
465	305	513	380
474	309	512	370
480	311	520	364
482	319	524	349
488	315	532	350
491	309	535	350
494	311	535	339
495	304	543	340
506	301	540	334
504	293	543	335
509	290	539	332
512	289	538	327
512	284	538	325
512	283	540	325
510	283	540	324
506	279	543	324
508	280	542	323
505	277	537	324
504	276	537	326
501	273	535	326
503	268	536	332
503	255	532	346
503	264	531	335
496	264	535	336
492	266	537	337
493	262	530	342
490	258	530	349
487	258	529	347
490	260	520	348
488	260	526	348
484	257	523	354
484	265	522	346
482	267	526	347
485	263	519	354
480	258	520	355
483	268	519	345
480	264	525	354
483	263	518	355
483	266	515	354
483	273	513	351
484	272	511	355
481	269	514	363
484	269	514	363
481	276	514	358
485	286	510	347
494	296	502	337
490	290	508	345
493	282	503	356
493	280	503	351
499	277	498	356
491	280	509	357
497	285	500	336
504	288	497	348
488	292	512	332
503	293	498	345
509	298	491	342
513	298	487	337
517	296	483	335
509	295	495	339
508	289	498	351
500	289	505	346
509	294	497	346
509	298	497	339
517	303	487	336
527	298	477	336
524	285	483	354
526	277	479	358
533	293	472	343
530	296	474	341
538	286	467	347
532	291	473	341
536	297	469	337
533	284	465	347
540	292	455	344
536	287	466	358
529	288	470	359
538	292	459	354
539	295	459	358
539	305	453	352
548	303	442	356
540	305	443	358
548	299	432	370
540	296	441	374
546	301	430	373
538	300	436	377
545	299	428	382
549	304	423	380
547	294	424	392
556	308	408	381
554	294	409	399
557	296	410	404
557	294	406	411
550	305	409	402
553	309	406	400
547	306	406	406
550	312	397	399
558	310	388	402
553	299	389	413
551	296	386	417
542	277	395	434
540	287	399	425
502	240	437	473
561	299	379	415
539	288	400	426
575	331	369	384
549	337	397	375
557	329	393	375
567	301	386	407
541	270	417	438
566	295	393	411
556	291	405	415
559	311	402	390
551	255	407	443
575	308	379	372
571	327	380	341
554	313	389	349
539	310	398	366
544	303	382	375
566	302	353	373
529	288	386	386
574	297	335	378
555	280	349	403
541	213	351	477
550	268	331	417
578	281	300	401
551	276	321	413
537	279	325	404
530	248	329	437
533	303	315	383
542	297	302	395
506	186	333	515
519	231	307	475
562	304	268	400
507	212	315	499
566	300	255	412
504	216	310	497
560	307	253	407
496	221	313	494
560	298	250	414
495	213	312	500
560	308	240	405
534	297	266	415
498	193	297	520
521	186	272	523
527	204	266	504
533	205	261	505
556	288	237	424
503	169	291	543
549	296	254	413
498	157	306	556
510	161	302	543
502	158	308	546
510	162	310	544
508	161	306	547
511	161	311	546
497	163	325	539
438	122	389	580
520	152	308	544
513	154	312	552
512	162	310	542
533	189	290	512
392	90	419	603
532	246	290	428
521	180	284	517
522	155	282	543
532	166	267	526
516	148	273	543
494	123	274	568
521	138	242	551
484	137	276	551
256	2	359	282
511	138	241	550
503	149	240	531
459	127	280	547
509	160	236	520
499	143	241	534
332	37	411	635
304	0	374	369
307	43	417	537
288	9	438	529
527	159	235	505
528	210	234	448
528	184	237	471
502	162	268	486
548	177	223	471
529	210	247	433
578	231	202	409
549	164	247	470
528	172	263	456
489	120	308	505
584	222	224	399
563	200	257	422
536	168	296	453
404	5	370	378
475	57	388	550
580	200	304	411
407	4	343	237
450	0	316	195
640	256	291	351
611	151	329	453
655	240	296	355
578	158	386	437
648	240	328	348
483	0	309	191
593	143	391	448
677	239	319	348
491	3	365	277
640	255	372	329
490	10	346	215
664	261	358	324
506	156	514	421
600	222	428	360
648	273	379	315
400	13	419	262
655	263	383	320
498	9	328	180
630	201	418	382
673	268	383	316
661	276	399	305
657	262	407	323
617	211	450	376
678	295	389	290
679	283	393	308
489	20	388	198
647	233	431	360
702	313	375	278
692	309	386	285
691	307	388	285
691	290	388	302
686	295	397	298
681	292	404	303
681	305	407	298
685	306	407	303
516	60	545	493
506	191	581	428
496	217	590	402
613	255	480	363
707	342	379	284
535	73	532	517
550	55	533	578
630	285	462	356
704	370	388	279
501	57	437	237
675	366	401	292
593	242	483	420
676	319	405	350
553	227	528	458
537	89	419	238
527	63	428	281
583	169	498	521
527	83	540	577
601	296	500	407
712	415	382	290
660	381	420	329
555	267	527	443
562	211	515	490
605	354	478	354
650	401	425	309
538	288	534	425
542	151	484	277
531	280	545	434
573	162	450	217
656	425	412	291
609	183	450	459
703	447	371	260
575	218	490	474
523	303	547	409
585	188	433	195
633	185	407	317
673	328	405	386
703	434	376	281
578	373	500	343
707	448	376	260
599	381	484	333
702	465	383	244
601	380	489	334
703	461	389	248
645	404	453	311
706	459	380	253
676	439	412	276
584	353	502	360
708	459	376	249
538	311	549	400
532	294	562	413
702	215	436	292
646	465	438	248
534	308	550	404
678	215	475	298
661	400	427	311
720	452	366	262
622	383	466	332
675	437	411	276
592	375	490	339
556	311	527	403
648	398	429	313
700	435	369	278
526	289	542	425
508	386	554	321
607	370	451	342
702	446	355	266
747	185	342	238
686	444	367	272
631	433	418	279
552	325	496	388
566	336	473	377
529	279	507	432
538	272	491	440
524	283	502	424
643	257	508	284
784	193	378	428
666	433	347	273
666	464	348	252
654	457	357	256
636	445	372	266
636	441	366	270
651	432	341	280
637	390	354	322
524	280	469	430
385	312	150	312
527	286	439	424
506	270	482	432
814	240	391	382
523	275	468	425
817	242	462	355
820	252	454	356
830	257	438	304
834	260	410	274
526	272	457	437
520	275	470	430
538	290	454	413
512	265	478	441
523	264	473	435
873	262	406	375
747	257	528	379
572	265	637	390
857	249	416	405
531	281	455	409
533	274	458	409
644	409	345	273
523	250	466	434
558	295	440	382
520	243	473	434
939	252	340	390
525	243	467	431
946	252	330	386
522	246	476	423
546	256	475	410
686	399	310	270
531	240	454	427
547	269	438	391
523	243	461	417
533	244	689	400
529	233	456	428
525	229	450	428
521	230	448	423
514	230	447	423
519	231	432	420
522	232	436	422
519	234	426	421
522	233	424	424
520	229	419	426
520	228	418	427
520	227	424	422
512	223	435	422
511	224	435	417
505	223	445	415
506	224	446	411
503	222	449	404
224	161	277	395
508	216	453	408
519	215	443	401
516	209	448	404
506	211	463	395
505	212	466	390
497	208	474	388
500	211	473	383
500	209	473	382
505	207	473	383
227	131	436	417
507	202	481	369
501	208	483	366
507	207	475	362
503	211	484	353
255	119	229	469
254	114	208	410
498	197	285	191
253	110	225	329
486	188	363	204
367	140	846	435
509	199	460	301
501	193	481	272
500	191	480	327
490	196	480	272
491	195	486	332
485	190	435	265
489	190	499	336
496	190	440	263
498	188	471	336
499	190	456	275
494	192	428	247
489	194	490	318
480	196	474	264
484	191	489	323
486	194	412	254
489	190	418	263
484	185	417	261
480	189	418	263
477	194	431	269
462	202	433	240
465	204	430	246
463	209	454	249
466	210	473	322
466	215	480	323
468	213	480	318
469	215	481	317
462	215	495	326
468	217	464	271
463	218	510	270
461	217	521	293
464	220	488	223
460	225	513	255
457	229	548	295
466	232	482	232
460	233	456	188
460	235	521	258
468	236	516	190
458	238	521	175
459	238	481	164
458	239	472	186
466	237	472	175
456	236	431	169
127	629	197	89
136	628	189	91
138	624	191	93
142	622	191	95
145	619	194	100
148	614	198	103
150	613	204	104
158	613	210	105
168	612	198	104
174	613	195	104
175	615	197	104
171	615	203	104
168	615	210	103
165	610	221	107
303	442	96	274
169	598	236	120
444	253	237	142
450	254	524	167
447	258	366	224
454	259	519	139
454	254	521	156
452	255	502	157
454	260	517	146
452	258	527	181
293	234	681	187
415	263	558	134
170	570	276	148
171	565	282	152
175	554	279	163
436	264	378	137
185	520	273	197
442	267	419	249
435	267	544	243
331	262	627	159
413	261	560	150
388	263	574	200
434	268	527	161
425	263	522	163
414	258	537	192
191	507	317	198
430	261	506	147
431	266	534	136
401	274	337	305
145	533	359	181
125	527	391	187
118	525	399	190
122	527	396	184
116	517	405	195
117	518	407	192
124	512	401	192
120	506	407	201
239	404	363	239
443	261	523	204
125	497	414	184
127	501	419	198
201	438	381	216
133	508	412	166
135	511	415	163
176	463	380	197
241	420	311	239
140	498	417	149
146	502	408	150
153	491	401	162
154	492	408	161
329	339	567	112
459	256	385	238
424	248	549	201
480	259	491	168
203	494	376	151
185	483	395	162
185	481	400	158
187	487	400	148
434	242	520	166
501	248	473	158
469	250	500	157
506	258	460	152
416	262	517	178
430	282	387	223
216	477	380	147
216	485	378	138
222	489	377	135
432	255	445	201
234	466	370	161
432	262	523	152
433	269	526	149
243	480	366	142
246	488	362	130
245	491	365	121
252	494	361	118
484	646	220	72
496	656	205	62
491	657	205	62
487	658	203	60
484	659	199	60
480	657	194	62
480	656	190	63
479	656	188	63
478	656	186	63
473	657	188	62
469	658	188	61
465	658	190	61
463	656	192	63
461	655	193	64
459	654	194	65
458	652	196	67
459	652	196	67
456	650	202	69
453	648	207	70
451	646	209	72
450	645	213	74
448	642	214	76
445	639	218	79
444	638	220	81
443	636	227	83
442	636	229	83
441	636	235	83
439	635	235	84
438	633	235	85
437	632	242	87
437	630	239	88
437	628	243	90
436	628	247	91
434	627	251	91
431	626	253	93
428	626	256	92
425	626	260	93
425	626	259	93
424	626	262	93
424	626	262	93
426	626	261	93
426	625	264	94
424	625	265	94
422	624	268	94
419	623	273	96
418	623	275	96
417	622	278	97
418	622	283	97
419	620	284	98
420	620	287	99
421	620	288	98
423	619	290	100
426	619	291	99
426	617	294	100
427	617	301	102
431	616	299	102
433	616	303	103
437	615	301	102
436	616	312	103
435	616	310	102
435	619	311	99
432	620	313	99
431	623	310	95
431	627	306	92
433	630	303	89
435	626	303	93
437	625	303	93
440	626	304	93
442	625	301	94
448	624	296	94
452	628	295	90
453	621	294	98
456	628	287	91
490	401	266	301
453	631	295	79
450	620	289	99
444	624	292	94
440	616	294	102
439	617	298	102
437	610	293	108
435	620	286	97
434	625	271	94
432	627	256	91
431	630	247	89
430	631	242	88
428	631	239	88
424	633	239	86
420	634	248	85
420	635	248	84
416	635	262	83
414	632	273	87
412	642	282	77
412	629	276	90
410	625	279	94
408	628	275	91
405	626	276	93
407	627	275	92
414	629	275	89
416	642	284	77
441	674	266	45
444	689	269	30
448	688	267	31
453	691	263	28
443	690	282	29
429	678	306	41
426	637	322	82
417	627	335	91
434	635	324	84
452	637	317	82
443	627	330	91
444	631	332	88
443	632	338	86
444	633	340	85
448	634	349	85
444	636	370	82
430	637	393	81
437	636	398	83
437	635	403	84
429	633	457	85
415	632	501	87
401	629	519	89
364	630	573	87
359	630	577	88
355	629	584	89
362	626	575	93
360	626	573	93
354	627	581	91
348	628	586	91
336	626	595	92
328	624	598	95
352	636	571	83
343	643	571	74
355	643	553	75
349	639	555	76
376	637	524	80
376	635	522	81
375	629	521	86
374	621	517	96
377	613	510	103
379	609	506	107
374	606	506	110
372	599	497	119
371	591	490	126
361	589	502	128
361	585	504	129
361	582	504	133
367	576	494	139
361	571	496	146
361	562	496	153
353	551	499	163
394	541	455	176
361	543	487	175
397	536	449	180
356	533	486	182
374	532	465	185
356	515	478	199
347	524	481	192
358	504	467	210
354	497	472	219
348	480	473	235
326	469	493	247
310	463	502	254
272	471	532	247
355	461	442	247
272	455	517	256
345	454	441	257
313	446	463	260
327	456	446	254
371	440	398	265
297	427	464	284
362	441	389	269
300	429	457	277
358	434	389	272
346	427	407	276
367	413	379	290
308	411	424	296
345	415	382	291
336	393	381	310
334	399	372	310
343	389	363	306
299	397	397	302
275	392	406	306
264	395	401	309
235	401	427	306
206	404	434	304
182	416	424	297
217	411	442	297
146	415	441	293
272	400	378	309
292	398	359	310
265	379	379	323
289	386	362	319
195	390	442	319
174	384	455	326
138	393	481	317
231	341	385	367
222	293	336	421
255	400	347	312
267	372	345	329
