740	387	54	62
740	388	53	60
740	388	54	60
739	389	54	59
739	389	54	59
740	389	53	59
740	388	53	59
740	389	53	59
741	387	53	59
741	388	53	59
742	388	53	59
741	387	53	60
742	387	53	59
742	387	53	59
742	386	54	59
743	386	53	59
742	385	53	60
743	387	53	58
743	384	53	60
744	385	53	60
744	384	53	61
746	385	53	60
747	385	53	60
746	385	54	60
747	385	54	60
748	386	54	60
749	388	54	59
750	386	53	60
749	387	54	60
750	387	54	59
750	387	55	60
751	387	53	60
752	388	53	59
752	389	53	59
752	389	53	59
751	387	54	60
750	387	55	59
749	386	55	59
750	387	53	58
750	387	54	58
749	387	54	59
749	387	54	59
748	386	54	59
749	387	53	58
747	386	54	59
747	387	52	59
748	387	52	58
746	385	54	60
746	386	54	59
745	385	55	60
744	384	55	61
745	385	53	60
743	385	54	60
743	385	53	60
742	385	54	60
742	386	54	59
741	385	54	60
741	385	54	60
739	385	54	60
740	386	53	59
738	385	53	61
738	386	53	59
736	385	54	60
736	385	53	61
735	385	53	61
734	384	54	62
735	385	53	61
733	385	53	61
732	386	53	61
731	385	53	60
730	386	54	60
729	386	54	60
729	386	54	60
728	386	54	61
728	386	54	61
727	387	54	60
726	388	55	60
726	389	54	61
726	389	54	61
727	390	54	60
725	389	55	61
724	390	54	61
725	391	54	60
724	391	55	60
725	392	54	59
725	392	54	59
725	392	55	60
725	391	54	61
725	391	55	61
725	392	54	61
725	393	54	61
726	393	54	62
726	392	54	62
726	393	54	61
726	392	54	62
725	394	54	61
726	394	53	61
727	394	53	61
727	394	53	61
728	395	52	61
729	396	53	59
729	395	52	60
730	396	53	59
730	395	53	60
732	395	53	60
732	395	53	60
733	395	53	60
733	396	54	59
734	397	54	59
735	397	53	60
737	397	53	59
738	396	53	60
739	395	54	61
739	395	54	60
741	396	54	59
741	395	54	60
742	394	55	60
743	393	54	59
745	395	54	58
746	393	53	57
747	393	53	58
749	394	53	57
749	393	53	58
749	394	52	57
749	394	54	58
750	394	53	58
750	392	53	59
751	394	53	57
749	393	54	58
751	394	53	57
752	394	52	58
752	393	53	58
752	395	53	57
752	394	53	58
752	395	53	57
751	395	53	57
751	394	53	58
750	395	53	58
749	394	54	58
750	395	54	56
748	394	54	57
748	394	54	57
748	394	54	57
747	393	54	58
747	393	54	58
747	393	54	58
746	393	54	58
746	393	54	58
745	392	54	58
746	391	53	58
743	391	55	58
743	391	55	58
744	390	54	58
744	390	54	59
744	390	53	59
747	389	49	60
754	394	41	46
756	402	41	29
759	372	42	58
719	399	83	66
736	390	70	69
743	389	44	46
742	385	51	58
741	384	55	62
741	383	54	62
741	384	53	61
740	384	53	61
740	384	54	60
738	383	54	61
738	382	54	61
738	381	54	62
739	381	54	60
738	379	53	62
737	378	54	61
737	376	53	61
737	377	53	61
737	375	53	60
737	373	54	61
737	373	53	61
737	372	53	61
736	371	54	61
736	371	54	60
737	370	53	61
737	370	53	61
738	371	52	60
738	371	53	59
738	370	53	60
738	369	53	60
738	370	52	60
736	370	54	59
736	372	54	58
735	370	54	60
734	371	53	59
733	371	53	59
731	371	53	59
730	372	53	58
727	371	54	60
726	374	54	57
725	371	54	59
723	373	54	58
720	371	54	59
718	371	54	58
718	371	53	58
717	370	53	59
715	370	53	59
714	370	52	59
713	370	52	59
713	370	52	59
711	370	51	59
709	369	52	59
707	371	52	58
705	369	52	59
705	369	50	60
704	370	50	59
701	369	51	60
700	368	51	60
697	368	51	61
698	368	50	59
697	367	49	61
697	374	47	53
694	381	42	46
701	385	27	45
706	380	27	50
711	380	27	33
719	368	20	43
727	377	20	34
685	386	19	43
685	387	24	42
685	385	28	44
685	371	36	58
685	369	42	60
685	365	47	63
684	366	51	65
683	365	51	65
683	364	51	65
682	364	50	65
681	364	51	65
680	363	51	66
680	363	51	65
679	363	52	65
678	362	52	64
678	363	53	65
677	362	53	65
677	363	52	62
679	363	53	62
681	362	53	62
681	361	54	63
684	362	56	64
687	361	59	68
692	361	63	73
699	361	64	76
700	360	69	79
703	359	72	82
706	359	74	85
709	357	76	87
712	356	75	88
714	356	77	90
716	356	76	90
719	355	78	91
720	354	77	92
721	355	76	93
723	356	75	91
726	357	75	91
729	357	75	89
731	357	74	89
733	357	73	90
735	358	73	89
737	359	74	88
738	360	75	87
741	361	76	88
744	361	78	89
750	362	78	89
754	362	80	91
758	363	82	92
761	364	83	93
764	365	83	92
768	365	83	93
768	365	84	95
770	365	83	94
770	366	86	95
772	367	87	95
772	367	88	97
775	370	88	97
779	370	89	97
779	371	91	99
779	372	91	99
780	373	93	100
780	372	93	103
779	373	93	104
778	375	93	102
777	375	92	102
776	375	90	102
774	371	93	103
787	371	79	103
806	369	59	77
672	293	169	135
500	499	140	99
546	535	124	171
639	486	61	224
502	495	96	93
500	492	82	89
498	490	84	87
502	484	77	87
503	480	78	89
504	475	78	88
503	470	93	91
503	466	99	90
504	463	101	91
505	461	102	92
741	343	43	96
774	333	77	110
774	333	76	108
777	332	74	108
778	334	73	107
778	333	74	106
778	334	73	106
779	334	72	106
782	332	72	108
784	343	71	97
795	303	46	137
924	231	74	79
977	325	60	94
1033	299	151	249
791	336	91	100
792	329	74	109
792	326	76	110
793	326	76	110
793	326	77	111
794	325	79	110
795	324	80	112
795	328	83	108
798	330	79	105
835	362	113	152
610	304	179	169
532	469	80	87
428	344	199	171
813	322	83	103
816	319	84	111
818	317	84	111
822	314	85	112
825	313	86	111
827	308	87	113
831	308	88	110
833	306	88	111
835	304	87	111
837	304	88	111
838	303	87	111
840	303	86	111
841	303	85	112
842	303	86	110
842	302	86	111
843	302	86	112
843	302	84	111
842	302	84	112
842	302	84	112
841	302	84	112
841	301	84	111
840	302	84	112
840	302	83	111
838	301	85	111
838	302	85	112
836	302	85	112
835	302	86	112
835	302	85	112
835	301	86	111
834	301	87	112
842	301	78	114
859	300	61	86
898	325	46	89
786	283	178	117
560	446	95	97
657	533	90	141
683	504	89	173
717	514	84	160
837	316	91	82
833	304	79	108
832	304	86	112
831	302	85	113
831	304	85	113
832	305	85	112
832	304	85	113
832	303	86	113
831	305	86	113
830	305	87	112
831	305	87	111
833	306	87	111
833	304	87	113
834	307	87	112
834	305	86	112
834	304	86	112
835	306	86	111
835	304	80	113
834	339	64	80
694	387	39	80
646	385	93	87
625	386	98	97
837	327	65	168
820	297	109	108
830	303	87	112
839	309	84	105
654	508	66	74
557	451	84	92
571	351	163	133
510	326	156	206
412	315	271	223
840	307	79	105
830	305	86	111
830	305	86	112
829	306	86	112
828	306	85	111
828	308	87	110
829	307	86	112
825	310	84	110
821	311	82	107
817	314	81	104
810	319	77	97
816	326	75	94
804	326	72	89
798	320	69	91
797	322	70	92
797	322	70	91
796	322	70	92
796	323	71	92
795	323	70	91
795	324	71	91
795	324	70	91
794	324	71	90
793	324	69	89
792	325	70	90
792	326	70	89
790	326	68	89
790	327	70	88
788	325	69	89
788	327	70	89
789	327	70	88
789	326	69	89
790	326	70	88
790	325	69	89
790	325	70	89
791	324	71	89
791	323	71	90
791	322	71	90
791	323	72	89
791	322	72	89
791	321	71	90
791	322	72	90
789	320	72	90
790	321	72	89
790	318	72	90
790	320	72	89
789	317	72	90
789	318	72	89
789	316	72	90
789	317	72	89
788	317	72	89
788	316	72	89
787	314	72	89
787	314	72	89
786	314	73	89
786	313	73	89
785	312	73	89
785	311	74	90
784	311	74	90
783	311	72	90
783	310	73	89
782	309	72	89
781	309	74	89
782	308	73	88
781	307	72	88
780	307	73	88
779	306	73	88
779	306	73	88
779	306	74	87
778	306	74	88
777	306	74	87
777	306	73	88
777	306	73	89
778	306	73	88
777	307	73	87
779	309	71	86
779	309	70	87
779	310	71	86
778	312	71	85
778	312	70	86
777	314	70	86
777	314	70	86
777	316	69	85
776	316	69	85
776	315	70	87
776	315	69	86
775	315	70	87
776	314	70	86
776	313	70	87
777	313	69	87
777	312	69	86
777	310	68	87
778	309	68	86
779	308	68	86
779	308	67	86
779	307	67	87
780	307	67	86
779	306	67	88
780	306	67	87
780	306	66	87
780	307	67	86
780	307	66	86
779	306	67	86
779	306	66	85
777	309	54	83
775	324	49	67
777	332	30	53
698	318	57	57
591	413	60	63
614	377	80	60
623	369	70	66
626	369	67	67
789	302	27	87
776	303	68	89
775	304	69	87
775	304	69	87
775	304	69	87
774	303	69	88
774	303	70	88
774	303	70	89
774	303	70	90
775	303	70	90
775	303	70	91
775	304	69	92
775	304	70	92
774	304	69	92
775	303	70	90
776	303	69	91
777	303	69	91
776	304	68	92
776	305	69	91
776	305	69	92
777	305	68	92
777	306	67	93
779	307	66	93
778	308	66	93
779	309	65	92
778	310	65	92
778	310	64	91
778	311	65	91
778	312	64	91
777	312	65	91
777	313	65	91
778	314	64	91
778	315	64	90
778	317	63	88
776	316	65	88
776	316	65	88
776	316	66	88
777	316	66	89
777	314	66	90
778	313	66	92
777	312	66	92
777	311	67	93
777	311	67	93
777	310	68	93
777	310	68	93
777	310	68	93
777	310	68	93
776	310	68	93
777	311	69	93
777	311	68	93
776	311	68	93
776	312	68	93
776	313	68	92
776	314	68	92
776	315	67	92
776	315	60	92
776	314	55	93
777	320	46	84
772	321	35	82
659	387	39	64
560	438	87	65
559	440	82	72
559	437	84	74
559	438	82	75
559	421	83	92
773	324	33	83
781	319	64	93
779	319	67	94
778	320	67	92
779	320	69	92
779	321	68	91
778	321	69	91
779	321	69	90
780	322	70	89
780	323	69	91
780	324	69	89
781	324	69	90
781	324	69	89
780	324	69	90
781	324	70	89
781	325	69	90
781	325	71	89
781	328	70	88
781	327	70	88
782	327	70	89
782	326	70	91
784	326	70	91
784	327	70	91
786	327	70	92
786	327	69	92
786	326	69	92
787	326	69	92
788	328	70	92
788	328	69	92
789	329	68	93
789	329	68	92
790	330	69	92
790	329	68	91
790	330	69	92
790	329	70	92
790	329	70	92
790	329	70	91
790	329	71	90
790	328	71	90
790	328	70	91
789	328	71	90
789	327	71	91
790	328	72	92
789	329	71	92
789	330	72	91
789	330	72	90
789	330	72	89
788	331	71	89
788	331	72	88
788	331	73	88
788	330	73	87
787	329	73	88
786	329	74	88
787	329	74	87
789	327	72	88
787	326	74	87
786	325	75	89
787	323	75	88
787	324	73	89
787	323	74	89
787	323	74	88
787	322	73	89
784	322	75	90
784	322	75	89
785	323	74	89
785	323	72	88
784	324	74	88
784	326	74	87
782	326	73	87
783	327	74	87
783	328	73	87
784	328	73	87
788	328	69	85
797	327	60	80
807	326	50	72
817	324	41	62
828	326	29	53
831	312	36	58
781	261	67	39
689	354	47	45
642	384	64	64
642	383	65	65
590	438	41	72
620	375	88	73
784	349	59	56
784	351	40	60
784	351	45	64
784	332	57	83
783	331	68	85
783	331	72	87
797	335	57	81
809	333	45	60
755	330	111	49
633	385	73	66
638	386	68	66
781	333	50	60
779	331	68	88
777	332	69	86
776	331	71	86
775	330	70	87
774	331	71	86
772	330	70	86
771	330	69	86
770	330	69	85
770	332	69	86
769	331	69	87
769	332	68	87
768	333	68	87
768	334	68	87
767	336	68	86
767	338	69	84
765	342	71	82
766	342	68	83
770	342	67	82
783	341	52	80
797	341	39	60
816	350	29	49
842	306	55	54
737	245	34	95
815	299	73	79
669	385	41	78
797	348	25	61
802	343	45	89
809	330	70	101
813	321	83	109
816	319	89	111
818	315	92	113
820	312	93	114
821	311	93	116
822	311	93	115
823	310	94	115
825	310	95	115
827	309	94	116
831	310	94	117
832	309	96	118
833	308	96	120
835	308	98	121
837	307	98	123
840	309	99	123
843	310	99	122
846	310	100	122
849	310	100	123
852	309	100	122
854	308	101	123
855	307	101	121
855	307	100	119
855	306	100	118
855	305	100	115
855	304	100	115
856	303	100	116
856	303	100	115
856	302	101	114
857	302	102	115
859	302	101	116
860	303	101	116
860	303	100	117
869	305	90	115
916	324	46	63
984	226	70	65
1018	215	59	50
1045	177	39	61
1049	173	72	72
911	219	46	59
850	331	51	39
858	307	77	110
859	305	98	112
858	303	98	113
861	302	98	113
871	298	87	118
889	300	70	104
895	297	64	78
912	299	53	68
924	293	52	45
990	231	70	52
936	234	105	64
791	374	66	85
796	403	71	113
818	407	80	139
847	351	79	181
865	311	87	89
865	308	87	101
866	308	91	114
866	308	96	117
866	307	96	119
867	306	98	118
867	306	98	117
867	306	97	116
867	305	98	115
867	305	98	115
867	304	99	115
868	305	98	114
869	306	98	114
869	307	98	116
869	308	98	115
870	309	97	116
870	312	97	115
870	313	97	117
870	313	99	117
872	315	98	116
872	317	97	116
874	320	97	115
876	320	97	115
877	322	97	115
878	322	97	116
879	321	97	116
880	321	96	116
881	320	97	117
882	319	96	118
885	319	95	117
886	318	95	118
889	320	93	117
891	321	93	114
891	320	94	118
891	320	94	117
893	321	94	116
893	321	94	118
894	322	94	116
897	322	94	117
899	323	93	117
900	322	94	117
901	322	95	117
902	320	96	120
903	317	96	121
911	317	89	120
933	316	67	109
952	312	50	77
951	276	131	24
950	217	158	88
744	385	91	154
697	535	80	161
719	376	92	106
658	327	220	212
683	282	148	110
909	335	56	92
910	319	82	112
931	311	73	115
955	309	55	78
972	312	61	79
1010	210	115	110
797	357	41	120
723	391	86	88
721	391	88	87
719	389	91	88
919	326	55	79
921	305	76	120
921	303	95	122
921	303	99	121
921	302	101	122
925	303	100	119
928	303	101	120
933	303	102	119
939	302	102	120
943	303	103	119
950	301	103	119
957	300	103	120
964	299	102	120
971	299	103	121
978	299	103	122
986	297	103	122
992	299	104	122
1000	300	103	122
1005	301	103	122
1012	302	101	122
1016	302	101	122
1020	303	102	122
1024	302	102	123
1028	301	103	124
1033	300	102	124
1051	299	86	117
1082	298	58	80
969	250	173	201
864	272	313	34
769	443	81	91
741	455	107	101
746	405	137	121
1048	299	69	107
1049	299	85	119
1045	299	99	121
1047	300	98	123
1047	300	97	122
1044	301	101	122
1043	301	101	122
1043	301	101	121
1044	302	102	122
1043	302	102	122
1042	302	103	123
1041	303	104	123
1042	303	103	123
1041	304	104	123
1039	304	104	123
1038	305	104	123
1037	307	104	123
1035	307	105	122
1033	308	105	122
1032	309	104	122
1029	309	104	122
1027	309	102	122
1025	309	103	121
1021	310	102	122
1017	310	101	121
1013	310	101	120
1009	310	101	121
1004	311	100	121
999	310	101	122
992	309	98	123
987	309	100	123
982	309	101	124
977	309	102	123
973	310	102	123
969	309	101	123
964	309	102	123
960	310	102	122
956	310	102	122
952	310	101	122
948	310	100	121
945	311	99	121
941	311	100	121
937	310	98	121
933	310	99	121
930	310	98	121
925	310	97	122
921	309	98	122
919	309	98	122
916	311	99	122
913	310	99	122
912	312	100	121
911	312	100	122
910	311	99	122
909	312	100	122
909	312	99	122
909	313	99	121
909	313	99	121
907	313	98	121
906	313	98	121
906	312	98	120
906	311	97	120
906	311	98	120
907	310	97	121
907	308	98	122
907	307	98	121
908	306	98	122
909	306	98	121
910	305	99	120
909	305	100	119
909	304	100	119
909	304	99	118
908	304	99	117
907	304	100	117
906	303	100	120
905	302	100	120
904	302	100	121
904	302	100	122
901	300	99	122
899	300	99	121
897	299	97	122
894	297	98	122
891	296	97	123
889	295	97	123
886	294	97	123
884	293	98	122
880	293	99	121
878	292	99	120
875	290	99	120
873	290	99	119
872	290	100	120
871	290	99	120
872	289	99	120
870	289	100	121
870	291	99	122
870	291	98	120
869	291	99	121
869	292	99	120
869	293	99	121
870	292	98	122
869	293	98	122
869	293	99	122
868	294	99	121
867	296	100	121
867	296	99	120
868	297	99	120
867	298	99	121
867	298	99	119
867	299	99	119
866	299	100	120
866	314	96	105
868	340	74	82
874	379	50	45
951	287	57	46
903	301	62	85
867	301	96	120
865	301	98	121
866	301	97	120
865	301	98	122
865	301	98	122
865	301	99	123
864	302	99	120
864	302	99	120
864	302	101	119
864	301	100	119
866	301	101	119
866	302	101	120
866	302	101	120
867	304	101	120
868	304	100	121
868	304	100	121
869	304	100	120
869	305	100	121
869	304	100	121
870	304	99	121
871	303	99	121
871	303	99	121
871	302	100	122
872	303	100	121
872	303	100	119
872	304	101	119
873	304	101	119
874	304	102	119
874	304	101	119
875	306	102	119
876	307	101	118
877	309	101	118
877	310	100	118
879	312	99	118
880	312	98	119
878	312	99	119
880	312	97	119
879	313	99	120
878	312	89	118
882	346	72	91
882	358	64	79
743	408	85	111
685	401	110	105
677	402	99	101
920	308	41	87
917	313	62	91
895	314	83	114
881	313	99	120
880	312	100	121
881	312	100	121
881	312	101	122
883	313	100	121
882	313	100	122
883	313	100	122
883	313	99	122
883	311	99	122
884	312	99	122
886	312	98	121
885	312	99	121
886	312	98	121
886	312	98	121
887	311	97	122
887	310	98	122
888	310	98	123
888	310	98	123
888	310	99	123
889	310	99	123
889	311	99	122
889	312	99	123
889	313	99	123
889	314	99	122
890	314	100	123
890	315	100	122
890	316	99	122
889	317	99	122
891	319	99	121
892	321	99	120
893	323	98	120
892	324	99	121
892	325	97	120
890	326	98	120
889	328	98	119
888	329	97	121
887	329	98	121
887	330	97	121
887	332	97	120
888	332	97	120
887	333	96	120
888	333	96	120
886	334	96	121
885	334	96	119
883	334	98	119
884	335	97	119
883	335	96	119
883	336	96	118
883	338	96	118
883	340	96	118
882	341	96	118
883	343	95	118
882	346	96	116
882	348	95	115
882	353	95	115
882	354	94	114
881	357	93	113
880	359	93	112
879	362	93	111
879	365	92	109
879	368	92	108
877	372	92	105
877	375	91	105
876	375	91	105
876	375	89	104
877	374	89	105
877	374	88	106
876	370	87	108
877	368	87	108
878	365	87	110
880	363	86	112
880	360	83	112
881	360	84	111
882	365	83	105
904	373	63	83
761	240	45	127
663	426	110	55
594	495	101	99
594	496	111	98
593	476	110	118
867	616	49	102
884	585	70	133
686	424	94	91
593	497	107	99
592	496	110	99
592	495	111	100
591	495	110	99
406	514	186	95
591	495	104	100
533	441	219	102
901	354	92	108
903	353	102	111
905	354	102	109
907	356	100	107
907	354	100	108
907	352	100	108
908	354	98	105
908	353	98	106
908	352	98	107
907	352	98	108
905	356	100	103
908	359	96	89
882	355	121	96
911	358	88	104
939	358	62	87
1041	435	102	130
1007	401	152	121
810	360	320	161
589	480	127	121
790	376	150	56
888	361	93	90
890	363	98	100
889	365	100	112
887	367	101	112
884	365	100	115
883	365	101	115
880	364	101	116
879	364	101	116
878	364	100	116
876	364	100	116
872	365	100	117
871	365	99	117
869	366	97	118
867	368	97	118
865	369	96	118
864	373	95	116
864	374	93	116
862	377	93	115
861	383	91	112
860	383	91	113
859	386	90	112
856	386	89	113
855	387	87	113
853	385	87	115
852	385	86	115
851	385	86	115
851	385	86	114
850	385	85	114
850	387	83	112
850	386	82	112
849	388	80	113
849	389	79	113
847	389	78	114
846	390	77	114
846	392	77	114
846	394	76	112
846	396	73	112
847	396	73	113
849	398	71	111
849	395	68	112
848	394	69	113
847	393	67	113
847	395	68	108
847	390	69	111
847	389	70	109
849	384	70	111
851	382	70	112
853	380	71	111
855	376	71	112
856	373	73	115
857	373	74	116
857	371	77	114
859	369	78	116
859	366	82	116
858	365	85	117
861	365	89	116
862	363	89	117
865	363	90	117
866	362	91	116
868	362	93	117
869	360	95	120
871	360	96	121
871	360	98	121
871	361	98	119
873	362	99	117
874	361	100	116
876	363	101	115
877	362	102	115
879	360	103	115
879	359	104	114
881	357	104	114
882	354	104	113
883	353	105	112
884	353	105	111
888	353	103	111
907	360	85	96
932	367	61	75
940	376	52	52
1045	276	45	48
1084	244	38	46
1092	269	62	78
954	232	39	92
885	354	89	66
891	362	81	89
892	358	90	109
890	364	101	107
889	362	102	108
889	362	104	110
886	361	102	110
885	364	99	107
885	361	86	110
882	377	71	88
879	367	67	86
1053	227	38	93
1044	245	167	141
766	274	89	80
678	431	93	82
732	291	52	91
680	381	41	118
586	505	85	98
586	504	54	104
588	523	91	196
870	371	77	113
869	373	97	113
871	377	94	111
869	381	94	109
869	382	93	108
867	382	93	108
868	384	92	108
867	383	92	109
868	383	91	109
869	380	91	111
870	379	91	111
871	376	91	112
874	373	91	113
875	373	91	111
878	372	90	112
889	371	81	85
1015	255	75	83
1182	107	56	71
1072	169	130	117
840	390	105	125
890	362	90	97
888	358	90	101
890	359	91	118
892	361	91	117
893	360	94	118
894	363	93	116
894	363	95	119
894	362	97	121
896	361	98	123
898	361	99	123
899	363	100	124
901	363	100	122
903	364	101	121
909	364	97	120
910	364	99	116
911	362	99	116
912	362	99	115
913	364	98	115
913	363	100	113
914	363	101	113
917	364	100	112
918	365	101	112
919	365	101	112
920	366	102	112
921	367	102	112
923	369	102	112
924	370	100	112
923	372	101	112
922	372	102	111
923	373	100	112
923	375	101	112
923	375	102	112
924	375	102	114
925	374	102	115
924	374	101	115
924	374	100	116
924	373	100	116
924	373	100	115
924	372	99	116
923	371	99	117
923	370	99	118
923	370	99	117
923	371	98	117
923	373	97	116
923	374	97	116
922	375	97	116
921	376	96	116
921	376	95	116
920	378	94	117
921	379	93	115
920	381	93	117
919	382	93	115
919	383	93	114
918	384	92	113
918	386	91	113
917	385	91	114
916	386	91	114
916	387	90	113
916	384	90	115
916	384	90	115
915	382	91	116
915	381	91	116
915	379	91	116
916	378	91	117
916	378	91	116
916	376	91	117
916	375	92	117
916	373	92	118
916	373	94	117
917	373	93	117
917	372	95	119
919	372	94	119
920	372	94	119
921	371	93	120
921	371	95	119
922	371	97	121
922	371	97	123
923	371	98	122
924	372	98	122
924	372	99	122
925	371	100	122
926	372	99	123
926	371	100	122
926	370	100	123
926	369	100	120
926	369	101	119
927	369	98	118
926	368	99	118
925	368	100	119
924	367	101	119
923	367	101	119
923	367	100	120
922	367	101	121
920	366	101	121
919	365	101	121
919	364	101	122
919	364	100	122
918	363	101	122
916	363	101	122
916	364	101	122
915	363	101	122
914	362	100	122
913	362	100	122
912	361	100	122
911	361	100	122
910	360	100	122
909	361	99	121
908	361	98	121
907	361	98	121
906	361	97	120
905	361	97	120
904	360	97	120
903	359	97	120
901	360	97	121
901	359	96	120
899	359	96	121
899	360	96	121
897	361	96	121
896	361	96	121
895	362	95	120
894	363	94	121
895	364	94	120
894	365	94	120
893	366	94	118
893	368	94	117
893	368	93	118
893	368	93	117
892	368	93	117
892	370	92	115
893	371	92	115
893	371	92	115
893	372	91	115
893	372	92	115
893	372	93	115
893	371	92	116
894	370	92	116
894	371	92	115
894	370	92	115
895	372	92	115
895	369	93	117
896	370	92	116
897	369	92	116
898	368	93	118
899	368	93	117
898	368	93	117
899	367	94	118
900	368	95	118
900	368	94	118
901	368	95	118
901	367	95	118
903	367	95	118
904	366	95	119
904	365	95	119
904	364	96	119
905	363	96	118
906	362	96	118
906	361	95	118
907	361	95	119
907	361	94	119
907	361	93	119
907	358	94	121
907	359	93	120
907	359	93	120
906	360	94	120
906	361	94	120
906	363	93	118
906	362	94	120
907	362	94	120
907	363	94	121
909	362	92	121
908	363	93	120
910	363	92	121
909	363	96	121
909	363	95	121
909	362	95	122
908	363	97	121
908	364	95	120
907	365	96	119
907	364	96	119
908	363	95	120
908	363	97	120
907	363	98	121
907	363	99	120
908	363	98	120
908	364	97	120
908	364	97	120
909	364	97	119
909	364	97	121
909	364	96	121
910	365	96	121
909	366	94	120
909	367	95	120
909	367	94	120
908	368	94	120
907	369	94	120
906	371	96	120
905	372	96	120
904	375	96	119
904	377	97	118
903	379	97	119
902	382	97	118
902	384	96	117
901	387	96	117
901	389	95	116
898	389	96	116
897	389	95	115
895	390	95	115
895	392	95	114
895	391	95	114
896	390	95	115
897	390	95	114
897	389	96	114
897	388	96	114
898	388	97	114
899	389	96	114
900	388	96	114
901	389	97	114
901	387	97	115
902	386	98	116
902	387	98	116
903	385	98	117
903	385	98	116
904	387	99	115
904	387	99	115
904	388	100	115
904	387	100	117
904	387	101	117
904	387	102	118
904	387	101	119
903	386	102	119
903	387	101	119
903	387	102	119
903	387	102	118
902	387	101	118
901	387	101	118
899	385	101	119
898	384	100	119
896	383	99	119
894	382	99	120
892	381	98	121
891	380	99	120
890	382	98	121
889	382	98	121
888	383	98	122
885	384	96	121
884	384	95	120
881	384	94	121
879	383	94	121
878	383	93	122
877	382	93	121
877	382	93	122
877	382	93	121
876	381	92	119
874	380	92	121
872	381	95	119
871	379	93	119
870	379	95	119
868	379	96	121
866	378	98	122
864	377	99	122
864	378	99	121
858	378	96	120
854	377	98	119
849	375	97	121
845	377	99	119
839	376	96	119
833	376	99	119
826	374	97	118
819	372	95	120
811	371	95	121
805	370	101	120
807	368	95	122
805	365	101	125
817	361	101	131
833	359	118	144
845	357	121	148
847	356	133	149
864	351	146	167
871	352	149	178
869	348	149	183
863	346	156	187
853	347	156	186
842	344	156	185
832	344	154	187
820	344	154	184
808	343	153	183
799	341	152	183
791	340	152	182
784	337	151	183
779	334	152	184
775	329	151	186
771	325	151	188
767	322	153	189
765	318	152	189
762	315	152	189
760	311	152	189
757	308	152	189
755	306	153	190
756	304	151	190
756	302	151	190
755	298	153	192
753	296	152	194
750	295	151	194
748	294	151	195
745	292	153	194
738	291	151	196
733	289	153	195
731	286	153	196
728	283	155	196
722	279	155	195
713	274	158	197
706	273	152	194
698	270	152	193
691	268	155	193
687	266	153	193
684	264	153	193
683	263	151	193
680	261	153	191
677	258	153	196
673	256	155	198
667	254	154	197
661	249	157	196
658	248	157	195
654	246	156	196
652	243	158	195
648	241	157	195
643	238	157	195
641	234	156	195
639	231	155	195
637	227	155	195
639	223	153	195
644	224	148	195
645	222	148	196
644	223	150	195
645	223	150	193
649	223	147	192
651	224	147	194
652	225	148	195
653	226	148	193
654	226	149	195
655	228	149	195
656	229	150	194
657	230	149	193
656	232	150	193
656	233	152	192
654	235	153	191
655	236	154	191
655	236	154	192
658	236	151	193
659	237	152	193
658	238	153	194
657	240	154	194
657	242	152	195
659	248	150	191
658	253	151	190
659	259	150	190
657	264	151	190
657	271	151	188
656	279	151	185
656	284	150	184
657	292	151	181
657	297	150	179
656	303	151	177
654	307	152	176
655	313	151	172
656	317	151	172
656	321	151	171
656	318	153	175
658	316	153	175
660	312	153	177
661	307	153	179
664	304	152	179
666	299	151	181
666	294	152	183
667	291	153	184
667	289	154	185
670	287	153	185
671	284	153	188
672	283	153	188
674	284	153	190
674	284	153	190
675	288	154	189
676	288	153	190
676	292	153	191
677	293	154	193
679	295	152	192
679	296	153	190
682	296	151	188
684	295	150	188
684	295	151	188
685	294	152	189
684	293	156	190
687	292	156	190
688	293	156	190
688	292	158	188
689	294	157	184
706	296	139	180
745	300	102	122
528	321	132	125
359	497	390	46
691	318	150	132
693	300	126	172
689	302	152	188
689	300	154	192
690	300	154	191
691	302	152	193
691	304	151	192
691	304	149	191
692	305	149	190
692	304	148	193
691	303	149	192
692	303	149	195
690	303	151	194
689	303	142	196
689	308	148	191
712	303	121	197
693	315	147	185
689	336	152	167
683	329	128	133
447	631	249	66
695	355	146	141
697	312	137	190
680	316	156	184
679	315	155	190
677	317	156	190
677	317	154	194
674	318	153	196
674	317	152	195
673	317	152	196
672	316	151	196
671	318	151	197
670	318	150	197
670	320	149	196
666	321	151	197
663	322	150	194
662	323	150	194
659	323	151	192
656	324	151	192
654	326	151	192
652	328	153	191
649	330	153	190
647	333	152	191
644	335	153	188
641	337	152	189
639	341	150	187
638	344	148	188
636	349	149	183
636	352	148	178
635	347	147	188
632	349	149	185
631	346	151	187
630	345	151	185
630	343	151	188
630	342	152	188
631	340	151	190
631	339	152	189
633	340	151	187
634	340	150	187
636	339	150	185
636	336	149	187
635	335	151	188
637	335	149	188
638	335	149	188
638	334	149	188
639	335	150	188
640	336	150	188
641	336	148	190
642	338	148	191
642	339	149	192
643	339	150	195
645	340	149	193
645	339	150	194
645	339	149	195
645	339	150	194
645	340	150	190
645	342	152	189
647	343	151	189
647	343	151	188
647	343	151	189
647	342	152	189
646	342	152	189
646	342	151	189
645	342	150	191
644	341	150	190
643	341	149	190
642	341	149	192
641	339	148	195
639	340	148	194
637	341	148	193
634	340	149	191
633	342	149	189
632	343	150	188
632	344	150	187
631	343	150	188
632	344	150	187
632	344	149	189
632	345	148	189
631	345	148	190
632	348	147	191
632	348	147	190
632	351	147	191
632	354	147	188
632	354	147	189
630	356	148	187
631	356	149	188
631	357	149	187
632	359	150	187
633	360	149	187
634	362	149	187
636	364	148	188
638	369	147	188
639	378	146	186
641	386	145	181
643	398	144	171
645	397	144	175
646	395	144	177
648	393	147	179
652	398	149	173
658	395	150	178
663	398	151	175
671	394	154	178
679	393	154	177
687	389	153	177
696	381	154	180
703	375	157	182
711	367	157	183
721	359	157	183
730	349	156	186
738	343	157	185
746	336	157	186
754	328	156	186
761	325	157	187
767	320	158	187
775	318	157	186
781	314	156	188
785	315	155	187
788	311	155	190
791	310	156	190
794	308	157	191
795	307	157	192
795	307	158	191
796	306	158	192
796	307	158	191
795	305	158	192
795	307	158	191
795	308	159	191
793	308	159	189
790	308	160	189
786	309	160	189
783	308	159	190
779	310	158	189
775	310	159	190
771	309	158	190
767	311	157	189
763	310	156	189
759	310	153	189
756	309	152	188
754	309	150	187
748	309	150	187
745	308	152	190
741	309	150	186
738	306	152	188
736	306	150	185
733	304	153	189
730	304	153	189
729	303	153	190
725	305	154	187
725	303	153	190
725	305	154	187
724	307	154	186
725	307	153	188
725	309	152	188
725	312	152	187
723	312	153	188
724	314	152	187
724	317	152	187
723	320	151	187
723	322	151	187
720	323	153	187
719	327	154	187
718	327	155	186
718	329	154	185
716	330	155	185
715	332	154	185
716	334	152	184
716	337	151	184
716	338	151	183
716	336	150	184
717	336	149	184
717	335	149	184
719	334	149	185
719	332	150	186
721	333	150	186
723	330	149	187
724	330	149	186
725	329	150	186
726	326	150	187
729	325	151	187
731	323	151	189
732	321	152	189
734	320	152	189
736	318	151	190
738	320	151	189
740	319	151	191
742	319	150	193
743	320	151	192
743	319	152	193
744	319	152	193
745	319	152	194
746	320	151	193
746	319	152	193
744	319	154	194
745	322	154	191
745	321	154	192
744	322	155	191
742	322	156	192
741	322	156	190
740	323	156	189
738	325	156	185
737	325	156	185
735	326	157	185
733	326	158	185
732	327	158	185
731	328	157	187
728	328	157	185
726	327	158	186
725	328	157	185
722	328	157	186
719	329	158	186
715	328	158	185
712	328	157	187
710	329	157	186
705	329	159	185
702	328	157	186
700	327	158	186
697	326	157	187
693	325	156	187
690	325	156	188
687	325	155	188
684	327	153	190
679	328	154	189
676	329	153	190
671	331	153	188
668	332	152	191
665	335	150	186
662	335	150	189
657	337	152	188
653	338	150	189
650	340	149	188
648	342	147	187
647	342	146	188
646	341	143	189
644	340	142	187
642	337	142	190
641	335	142	189
640	332	142	187
639	330	143	187
638	329	148	186
638	328	147	188
636	324	150	189
635	322	153	190
635	322	154	190
637	321	155	189
639	321	158	186
644	323	160	180
648	324	160	177
650	323	162	177
654	326	164	176
659	325	164	177
658	325	168	176
662	327	167	179
667	328	166	178
672	329	163	177
674	331	164	176
674	332	168	177
680	332	167	176
684	335	168	174
688	337	170	173
697	335	167	174
702	333	168	177
711	330	166	178
725	329	161	177
734	325	159	179
742	326	159	176
748	322	158	180
754	321	158	180
760	319	157	182
766	317	156	182
769	315	157	186
773	315	157	187
777	313	154	190
777	312	154	191
780	311	153	193
780	312	153	193
781	311	152	195
781	312	151	196
782	311	150	195
782	312	148	196
780	314	149	192
781	311	149	193
784	310	146	194
785	310	146	196
787	311	145	194
787	316	145	187
785	317	147	188
787	321	147	185
790	327	148	184
792	334	149	180
794	346	151	177
800	352	149	178
806	361	149	176
814	370	148	173
825	377	151	174
839	386	150	171
856	392	149	168
872	398	150	163
889	403	151	160
908	405	151	159
926	406	152	157
947	405	151	158
967	402	153	159
988	394	155	162
1008	384	156	166
1028	377	157	168
1050	367	155	173
1069	359	155	178
1090	352	156	178
1105	348	160	179
1125	341	152	183
1140	336	139	183
1155	333	124	186
1166	338	113	181
1188	351	90	166
1204	368	75	146
1217	382	61	131
1225	398	52	112
1238	394	39	95
1248	400	30	88
1257	406	20	83
1263	397	16	94
1225	434	54	95
1079	470	32	129
946	467	141	156
821	564	190	152
827	558	184	157
831	559	180	158
833	470	279	246
837	562	269	153
840	560	176	154
842	515	181	201
844	554	176	161
846	452	297	265
849	559	211	155
851	557	177	157
851	511	184	206
848	555	183	161
850	560	180	157
850	557	203	157
851	565	183	152
850	562	194	154
850	569	187	145
850	570	190	146
850	573	188	142
848	576	189	139
846	579	188	137
845	579	187	137
843	581	185	135
841	577	187	138
839	580	185	135
836	580	194	135
831	579	188	137
825	578	187	138
819	577	184	140
1249	431	30	136
1247	440	30	131
1239	442	38	127
1233	443	45	121
1226	435	51	122
1218	431	58	122
1212	424	66	123
1204	414	74	127
1195	394	83	141
1186	369	93	160
1174	355	104	167
1159	343	120	174
1140	330	139	179
1122	321	148	183
1104	312	147	186
1086	306	148	187
1068	302	149	190
1051	301	145	187
1036	297	142	188
1024	297	135	191
1011	294	133	190
995	294	132	188
980	291	133	190
961	294	137	187
944	293	140	189
924	294	146	187
904	299	151	183
885	298	158	182
868	306	156	173
855	313	157	163
838	328	121	132
821	354	95	103
629	354	65	114
463	446	155	137
303	556	181	159
294	555	217	158
757	296	79	143
774	298	144	117
761	296	147	134
749	291	148	153
733	290	150	171
715	288	161	177
701	285	165	177
696	280	158	180
689	277	155	179
683	272	155	182
676	269	153	183
671	266	151	186
668	263	151	187
665	260	149	188
663	259	149	189
660	258	149	189
656	260	150	190
654	263	151	190
653	266	151	188
651	268	150	187
652	273	151	186
652	277	149	188
654	283	147	187
655	289	146	185
656	295	146	184
657	302	146	183
658	306	145	183
660	311	146	180
663	315	145	179
666	317	146	178
670	318	145	178
675	317	146	179
680	316	146	179
685	314	147	179
692	312	147	180
698	310	148	180
704	307	150	180
711	304	149	181
716	301	150	181
724	297	150	183
734	294	148	186
741	292	147	186
748	292	150	189
757	293	146	186
765	294	147	185
773	292	146	187
780	293	146	187
788	291	144	189
794	291	144	188
797	290	144	189
800	289	145	191
808	288	141	191
808	289	144	192
811	291	144	192
807	291	150	191
808	291	151	190
809	295	153	186
810	299	155	183
812	299	156	183
812	301	156	181
811	301	158	182
811	303	157	182
811	304	156	184
811	307	156	184
811	308	156	185
813	308	155	186
812	310	154	187
812	311	154	187
814	313	153	189
815	315	152	189
815	315	152	190
818	316	150	191
819	317	150	192
820	318	149	193
820	318	149	194
820	319	148	193
819	320	150	194
819	320	151	194
818	321	152	194
819	321	152	196
817	321	151	195
816	322	152	195
816	324	152	193
815	325	153	191
815	327	151	192
814	327	151	190
814	327	150	190
814	330	148	190
814	333	146	191
813	335	145	191
812	339	144	188
809	342	144	185
808	344	144	186
807	348	142	184
805	351	141	181
804	352	140	181
802	354	141	180
801	355	141	178
801	356	143	177
802	356	143	177
802	351	144	178
802	348	145	178
802	343	147	181
804	338	147	184
804	334	148	185
805	330	150	185
807	327	150	186
808	325	151	187
812	324	149	187
814	323	150	188
816	321	151	189
818	320	152	193
819	320	154	192
822	319	153	194
823	319	154	193
825	318	154	193
827	318	154	192
829	316	155	191
833	315	155	190
835	314	156	189
837	313	158	189
839	310	157	191
840	309	156	191
843	307	157	191
848	307	156	192
851	306	156	192
852	305	158	193
856	303	158	195
859	304	157	195
864	303	157	195
870	305	156	195
879	306	155	195
