0.039027
0.043694
0.068913
0.042596
0.087265
0.040725
0.040538
0.047146
0.046788
0.084285
0.040363
0.055568
0.067963
0.044877
0.054131
0.038261
0.103693
0.070528
0.098783
0.115714
0.048605
0.051999
0.043960
0.056825
0.071599
0.046345
0.071813
0.071441
0.053052
0.064293
0.075382
0.054131
0.065620
0.069816
0.044811
0.077780
0.045688
0.062872
0.084078
0.064570
0.036319
0.056210
0.048368
0.061497
0.035632
0.081725
0.034343
0.048844
0.053062
0.055879
0.068662
0.043615
0.079729
0.118045
0.072524
0.049298
0.051925
0.045545
0.063264
0.070699
0.037218
0.069387
0.061060
0.057158
0.076926
0.045988
0.059689
0.074244
0.046673
0.060217
0.035471
0.049480
0.046550
0.063709
0.048634
0.065046
0.052838
0.037991
0.076419
0.043960
0.042964
0.037470
0.062467
0.043662
0.040585
0.040812
0.046166
0.052832
0.054811
0.125685
0.035873
0.065749
0.078006
0.077162
0.043605
0.036637
0.056694
0.058718
0.051555
0.063829
0.057761
0.034487
0.058411
0.041101
0.034844
0.060782
0.054341
0.036216
0.071250
0.038776
0.041061
0.043551
0.044926
0.059813
0.066249
0.046560
0.051881
0.037786
0.044057
0.048370
0.069307
0.035834
0.044130
0.047840
0.065974
0.115323
0.042037
0.048523
0.065077
0.082538
0.058854
0.069212
0.069456
0.041498
0.069043
0.037438
0.046397
0.050085
0.065047
0.052241
0.047772
0.044114
0.042390
0.073145
0.044271
0.056930
0.051883
0.050633
0.044399
0.050977
0.040052
0.050631
0.037010
0.076112
0.052759
0.057270
0.075071
0.044001
0.046560
0.062380
0.047559
0.106297
0.039320
0.050663
0.044733
0.058852
0.041303
0.055274
0.046146
0.097288
0.048645
0.045989
0.050675
0.056177
0.061886
0.039701
0.050748
0.046376
0.085104
0.043542
0.047071
0.061422
0.035427
0.050385
0.044064
0.083799
0.048803
0.059860
0.066340
0.046536
0.067659
0.042865
0.037719
0.047537
0.062569
0.080635
0.112342
0.047658
0.042109
0.043160
0.097491
0.061367
0.041321
0.065251
0.075317
0.037987
0.084189
0.055362
0.043923
0.084269
0.034717
0.073771
0.064672
0.077567
0.045759
0.051452
0.041103
0.067944
0.047451
0.085315
0.050746
0.042298
0.085326
0.063895
0.042678
0.038976
0.065587
0.073135
0.049427
0.073555
0.072958
0.088634
0.124521
0.050454
0.049230
0.065748
0.036609
0.054600
0.052337
0.061343
0.038444
0.079551
0.080989
0.049696
0.059648
0.065138
0.053976
0.069551
0.045650
0.050817
0.063343
0.043844
0.088618
0.050865
0.049631
0.063724
0.041072
0.062238
0.041851
0.045244
0.047337
0.086198
0.049748
0.046624
0.038276
0.054518
0.077560
0.116595
0.058952
0.035331
0.064762
0.045675
0.077854
0.043768
0.048392
0.042721
0.052155
0.037751
0.038450
0.063978
0.042798
0.038219
0.063685
0.077272
0.049801
0.057377
0.072563
0.044243
0.039974
0.040825
0.078389
0.047602
0.060293
0.085073
0.051873
0.045537
0.072917
0.041096
0.052958
0.049151
0.068750
0.035561
0.076833
0.083444
0.127773
0.074382
0.045605
0.042405
0.045042
0.058035
0.045018
0.070282
0.053538
0.042824
0.044348
0.046169
0.090986
0.046607
0.045136
0.038447
0.054075
0.048413
0.064611
0.056026
0.037931
0.064661
0.043958
0.054104
0.041671
0.065669
0.044245
0.065512
0.041168
0.063891
0.037889
0.070147
0.079017
0.055046
0.058305
0.077637
0.109051
0.045434
0.038727
0.062206
0.048824
0.052869
0.041215
0.068777
0.042965
0.063387
0.044422
0.039891
0.048826
0.070300
0.053243
0.048406
0.060707
0.041780
0.036676
0.053048
0.074800
0.044908
0.061460
0.039903
0.060615
0.051138
0.046093
0.035545
0.054070
0.072765
0.041937
0.034580
0.048952
0.045164
0.046072
0.046722
0.049129
0.164074
0.052844
0.060508
0.060615
0.042199
0.039161
0.061461
0.058022
0.039184
0.040602
0.051898
0.088367
0.055362
0.041928
0.059622
0.047717
0.079990
0.040807
0.064947
0.038097
0.052509
0.072761
0.036841
0.095600
0.071698
0.070899
0.040920
0.077176
0.047534
0.052048
0.044162
0.056431
0.070705
0.049508
0.052722
0.100103
0.083207
0.045154
0.048130
0.048091
0.068554
0.050387
0.065349
0.072921
0.049481
0.078160
0.064802
0.034433
0.084981
0.065634
0.043988
0.082885
0.050129
0.054737
0.079454
0.040223
0.070714
0.056074
0.061449
0.086160
0.071246
0.049670
0.050841
0.051725
0.047018
0.080435
0.085354
0.043557
0.072181
0.053019
0.203558
0.038461
0.084612
0.047808
0.049146
0.036659
0.086799
0.102134
0.057026
0.044578
0.052779
0.048268
0.077430
0.051347
0.045379
0.090433
0.045354
0.040559
0.045550
0.064884
0.068660
0.044467
0.077762
0.047954
0.048197
0.042876
0.063570
0.084246
0.044099
0.047986
0.041533
0.048682
0.057353
0.111104
0.114248
0.037218
0.054901
0.049345
0.069626
0.047100
0.042046
0.064115
0.049236
0.075831
0.080181
0.052633
0.071311
0.052207
0.043073
0.060908
0.054563
0.081915
0.048776
0.040099
0.041637
0.078225
0.067765
0.055012
0.053583
0.086693
0.049485
0.040766
0.047673
0.066292
0.035029
0.066058
0.193424
0.053738
0.046168
0.058815
0.047717
0.074838
0.052453
0.043651
0.038586
0.068692
0.061111
0.053247
0.065728
0.071671
0.044724
0.063425
0.052196
0.065654
0.069580
0.038963
0.057674
0.059741
0.074664
0.048341
0.050903
0.078540
0.061160
0.052497
0.068900
0.049150
0.049400
0.037556
0.076206
0.065239
0.113397
0.045412
0.039876
0.043519
0.050620
0.064589
0.042897
0.075369
0.043045
0.055174
0.054178
0.059481
0.073734
0.039541
0.037758
0.057359
0.069588
0.049920
0.046957
0.038023
0.060774
0.053740
0.054267
0.060903
0.057478
0.069699
0.041270
0.063596
0.070086
0.038014
0.067789
0.047648
0.060342
0.062300
0.049814
0.074987
0.044462
0.152195
0.110231
0.083122
0.046103
0.046296
0.046904
0.041273
0.056046
0.036806
0.046446
0.044758
0.033851
0.047066
0.067755
0.041008
0.052185
0.067415
0.046484
0.074306
0.038376
0.044694
0.039680
0.047556
0.046549
0.035218
0.052654
0.081802
0.038475
0.056724
0.039905
0.071099
0.074386
0.039369
0.041047
0.077026
0.041539
0.048317
0.113484
0.109305
0.042432
0.053730
0.094095
0.097363
0.084961
0.043956
0.041618
0.036300
0.067268
0.045984
0.052518
0.039970
0.062017
0.070544
0.045404
0.043402
0.054986
0.066883
0.041442
0.043861
0.049232
0.074440
0.054904
0.036572
0.067919
0.052935
0.051162
0.034888
0.056678
0.040187
0.043467
0.042269
0.064719
0.081920
0.124140
0.044157
0.060749
0.045765
0.053794
0.061340
0.045270
0.065123
0.040558
0.055646
0.052947
0.055351
0.037548
0.039570
0.045846
0.081012
0.037149
0.050003
0.065823
0.046748
0.046789
0.042981
0.061831
0.037407
0.066860
0.041585
0.055658
0.042568
0.069881
0.043976
0.055340
0.037417
0.067636
0.038295
0.047418
0.054435
0.034007
0.160509
0.046218
0.049684
0.042749
0.077019
0.044609
0.044764
0.036627
0.057799
0.046758
0.052714
0.038677
0.075293
0.035236
0.060500
0.040571
0.046871
0.064160
0.039881
0.059663
0.047449
0.066995
0.065706
0.039653
0.066536
0.040321
0.063138
0.042325
0.054599
0.050477
0.070330
0.044983
0.054868
0.083078
0.054581
0.065768
0.153372
0.049099
0.046736
0.048810
0.079058
0.065641
0.049281
0.044194
0.038542
0.062406
0.039608
0.089770
0.048119
0.051341
0.089301
0.085640
0.039534
0.053596
0.053283
0.035404
0.093044
0.075536
0.041466
0.047887
0.039331
0.080733
0.044190
0.057194
0.058445
0.050317
0.074257
0.044158
0.051706
0.037964
0.069594
0.070381
0.121301
0.111706
0.068748
0.042469
0.063070
0.074980
0.038039
0.044838
0.050322
0.065776
0.045223
0.060160
0.042001
0.061993
0.046227
0.063796
0.071007
0.051023
0.062803
0.067561
0.051366
0.066025
0.044604
0.065697
0.060071
0.052884
0.063236
0.042351
0.070976
0.041426
0.059657
0.040805
0.059757
0.091805
0.168873
0.085413
0.067470
0.057522
0.042800
0.078044
0.054547
0.048229
0.080084
0.067390
0.049935
0.046414
0.092067
0.056828
0.052282
0.083711
0.093339
0.046733
0.050416
0.054386
0.044356
0.069941
0.047638
0.058255
0.071577
0.045508
0.047897
0.046748
0.075770
0.044226
0.053268
0.084063
0.125157
0.075519
0.034428
0.049637
0.051801
0.078818
0.057689
0.041487
0.037050
0.048032
0.078979
0.045910
0.044335
0.038424
0.073314
0.046304
0.060809
0.061456
0.042684
0.070937
0.070432
0.041898
0.047204
0.049537
0.066614
0.041420
0.073369
0.040401
0.053188
0.040005
0.060881
0.048141
0.043175
0.035451
0.050056
0.048340
0.040927
0.063241
0.110792
0.049955
0.045325
0.089138
0.078412
0.043465
0.063334
0.036989
0.049310
0.084196
0.075287
0.040138
0.074610
0.047858
0.072180
0.071789
0.085795
0.040035
0.089625
0.056060
0.040489
0.069753
0.042863
0.046345
0.072256
0.049110
0.057562
0.035276
0.071421
0.067173
0.041712
0.076281
0.049593
0.056075
0.037879
0.067480
0.051370
0.122478
0.036090
0.087529
0.065948
0.034194
0.064126
0.037921
0.035954
0.052783
0.073261
0.044903
0.041472
0.059994
0.043617
0.078663
0.039617
0.083091
0.076941
0.045547
0.043403
0.052828
0.039745
0.068928
0.053395
0.078970
0.094041
0.056885
0.051128
0.054304
0.038913
0.076667
0.051789
0.055747
0.083037
0.108441
0.108902
0.073256
0.051032
0.050350
0.051445
0.057215
0.070261
0.057625
0.066784
0.049528
0.052175
0.082214
0.053197
0.053593
0.048752
0.053463
0.047585
0.048661
0.047265
0.043017
0.038742
0.054840
0.042767
0.041853
0.043272
0.037342
0.046884
0.047333
0.042197
0.090873
0.081312
0.072045
0.041816
0.062870
0.034447
0.085285
0.071131
0.048212
0.085083
0.077648
0.041781
0.078331
0.081679
0.054640
0.054466
0.087495
0.089878
0.042570
0.044852
0.095395
0.083159
0.047478
0.045251
0.061703
0.051301
0.039363
0.051317
0.049830
0.070893
0.050251
0.054329
0.133647
0.115345
0.182686
0.114642
0.041335
0.060097
0.046639
0.043383
0.036009
0.081544
0.057552
0.050875
0.043602
0.043341
0.084548
0.052122
0.038452
0.040070
0.057607
0.039547
0.062203
0.035731
0.072160
0.052312
0.051530
0.087218
0.040308
0.061086
0.060874
0.038606
0.050317
0.046063
0.067101
0.041291
0.038599
0.051542
0.081434
0.072273
0.117042
0.043867
0.076832
0.061600
0.041779
0.054377
0.047435
0.047314
0.038160
0.074779
0.046349
0.042086
0.033872
0.076588
0.047266
0.046525
0.037994
0.068231
0.060251
0.050366
0.073597
0.053286
0.052552
0.072948
0.054199
0.080740
0.058024
0.037696
0.049939
0.038852
0.079825
0.055043
0.058211
0.059002
0.036548
0.159484
0.042178
0.074362
0.045519
0.043393
0.040550
0.079719
0.038888
0.046375
0.042719
0.050634
0.038172
0.059439
0.046805
0.050704
0.040565
0.080385
0.046430
0.043036
0.083032
0.040621
0.038515
0.037522
0.053009
0.044094
0.066961
0.051227
0.049093
0.084198
0.051613
0.049910
0.054687
0.071476
0.042352
0.059589
0.088585
0.163334
0.048372
0.038708
0.064498
0.069274
0.038467
0.038118
0.036575
0.070381
0.037839
0.037346
0.036331
0.035538
0.033353
0.032619
0.033000
0.056282
0.034246
0.059266
0.045407
0.035510
0.033340
0.060890
0.034858
0.032385
0.043575
0.048079
0.034769
0.081135
0.084149
0.047172
0.083732
0.085535
0.079531
0.046164
0.076707
0.078340
0.036500
0.064716
0.035631
0.073807
0.097137
0.046147
0.082251
0.037864
0.080837
0.085145
0.086398
0.077394
0.036837
0.038258
0.044525
0.034825
0.044420
0.033017
0.032795
0.048206
0.031922
0.049116
0.039304
0.033313
0.033926
0.100354
0.178822
0.114252
0.032100
0.034219
0.035227
0.031936
0.034273
0.042805
0.055904
0.053527
0.049057
0.084198
0.049854
0.046980
0.073404
0.047113
0.048991
0.046727
0.075059
0.181065
0.055367
0.052585
0.072112
0.038293
0.041150
0.095903
0.041584
0.058887
0.048547
0.069833
0.045025
0.075355
0.065835
0.041155
0.056165
0.049487
0.060494
0.067332
0.043516
0.055288
0.046253
0.070972
0.048073
0.051597
0.032969
0.077563
0.082362
0.036365
0.041234
0.046103
0.060159
0.038676
0.051242
0.043715
0.037629
0.042583
0.079993
0.117673
0.079746
0.041085
0.075914
0.042646
0.052472
0.077311
0.040864
0.048122
0.042950
0.076014
0.045319
0.040750
0.039385
0.066552
0.069851
0.045001
0.051997
0.042457
0.069933
0.061815
0.047025
0.082967
0.044646
0.067785
0.087876
0.046011
0.062676
0.086115
0.070819
0.042706
0.038396
0.048945
0.105103
0.040282
0.047039
0.082778
0.084921
0.116202
0.041898
0.044000
0.066552
0.045639
0.056571
0.033770
0.059034
0.039194
0.034425
0.046804
0.068928
0.049686
0.058639
0.040830
0.071699
0.082424
0.035721
0.082575
0.068331
0.049181
0.054920
0.047874
0.058839
0.067491
0.037168
0.068090
0.047808
0.056621
0.040069
0.074688
0.034796
0.068600
0.075831
0.041558
0.037864
0.043953
0.090240
0.048493
0.068018
0.040116
0.083249
0.055040
0.044611
0.065806
0.084283
0.050516
0.072825
0.046927
0.043499
0.063238
0.042795
0.065899
0.043869
0.044324
0.058722
0.046240
0.059804
0.040541
0.064127
0.038655
0.065334
0.047409
0.064523
0.068671
0.039926
0.079666
0.042477
0.072244
0.087348
0.067737
0.038345
0.080594
0.174763
0.052744
0.059624
0.035750
0.066461
0.044770
0.057953
0.043569
0.055868
0.059462
0.039717
0.052138
0.050119
0.070827
0.041912
0.037810
0.039914
0.076276
0.049202
0.046243
0.042943
0.075987
0.074416
0.052172
0.064726
0.042768
0.057540
0.074769
0.052786
0.052965
0.080371
0.042289
0.045809
0.046668
0.164189
0.048517
0.044023
0.051248
0.075094
0.064579
0.051730
0.064256
0.044835
0.040688
0.038365
0.083545
0.047011
0.045718
0.068229
0.039730
0.052113
0.047178
0.074562
0.047592
0.049546
0.089269
0.047085
0.076955
0.044261
0.081506
0.051557
0.070928
0.033407
0.061507
0.035369
0.076774
0.053241
0.054830
0.055461
0.125783
0.101431
0.065714
0.041177
0.078557
0.067165
0.044680
0.055753
0.042645
0.054712
0.049416
0.082212
0.074266
0.044621
0.059941
0.038877
0.083865
0.051518
0.045388
0.067204
0.044052
0.082841
0.081972
0.042301
0.058565
0.060622
0.044661
0.080812
0.049785
0.070121
0.074650
0.042104
0.060634
0.067999
0.038992
0.063718
0.116379
0.108877
0.040305
0.066602
0.054081
0.045955
0.075000
0.045170
0.054103
0.072713
0.072666
0.050004
0.067827
0.048030
0.069002
0.094142
0.056711
0.051209
0.052142
0.042312
0.051867
0.042095
0.069351
0.047706
0.073741
0.060172
0.055186
0.081889
0.076042
0.062634
0.048961
0.059165
0.110283
0.090871
0.049264
0.066122
0.040128
0.069811
0.048195
0.042907
0.065457
0.041975
0.079571
0.050118
0.050735
0.062212
0.047017
0.067631
0.067540
0.056318
0.068130
0.049214
0.048719
0.072991
0.055820
0.060403
0.036393
0.077480
0.057411
0.058869
0.064803
0.043095
0.042336
0.037864
0.071858
0.050407
0.044543
0.107274
0.109199
0.051907
0.047361
0.065439
0.039954
0.074976
0.034543
0.049409
0.044423
0.054671
0.042108
0.042213
0.039923
0.040978
0.052222
0.073519
0.046277
0.048749
0.041540
0.071877
0.040969
0.054309
0.080494
0.046653
0.069000
0.042662
0.051035
0.040224
0.046807
0.075529
0.044139
0.053352
0.073203
0.039640
0.058130
0.120814
0.045805
0.071389
0.057623
0.043450
0.052446
0.041585
0.041394
0.061399
0.071721
0.042104
0.048180
0.046778
0.074977
0.072165
0.039958
0.037107
0.044287
0.056507
0.042200
0.051134
0.042325
0.058153
0.047628
0.072792
0.067796
0.049267
0.056702
0.054430
0.074203
0.054282
0.048834
0.101927
0.050004
0.040876
0.055332
0.116330
0.080065
0.048543
0.062224
0.049101
0.057994
0.044453
0.039032
0.046560
0.058790
0.063203
0.047957
0.061097
0.079122
0.053498
0.072233
0.065533
0.049618
0.049004
0.043900
0.100410
0.043308
0.041775
0.064456
0.048212
0.051617
0.041754
0.071282
0.039681
0.062372
0.047711
0.062972
0.079438
0.041299
0.055708
0.037155
0.058089
0.046443
0.118356
0.044047
0.083650
0.082329
0.042496
0.042131
0.076687
0.049307
0.099921
0.049078
0.052236
0.058533
0.039014
0.072708
0.050539
0.056725
0.081921
0.042934
0.041900
0.049498
0.086098
0.086764
0.051742
0.045277
0.084367
0.066499
0.041940
0.052113
0.049091
0.063001
0.044257
0.079408
0.043588
0.099138
0.141067
0.062954
0.048084
0.057805
0.043188
0.081060
0.051734
0.051658
0.076054
0.042682
0.068212
0.037043
0.053314
0.074874
0.045881
0.066982
0.051661
0.061204
0.076474
0.053547
0.057385
0.069948
0.045189
0.043550
0.040268
0.063180
0.085995
0.041790
0.056680
0.036090
0.069580
0.084521
0.053434
0.107644
0.047378
0.075570
0.071042
0.045355
0.060339
0.050987
0.064404
0.040193
0.054349
0.038163
0.065740
0.040967
0.071330
0.054106
0.051854
0.060457
0.040884
0.066980
0.037303
0.068582
0.068103
0.045532
0.050458
0.042273
0.048359
0.041021
0.083573
0.052822
0.047862
0.060132
0.048288
0.076490
0.053193
0.045994
0.063915
0.043915
0.052913
0.044751
0.172904
0.046885
0.060183
0.079264
0.080129
0.047101
0.047287
0.047504
0.064273
0.040934
0.040871
0.056240
0.071923
0.065973
0.049446
0.053514
0.057600
0.066285
0.063328
0.049620
0.054796
0.048747
0.068164
0.046227
0.068809
0.055092
0.047398
0.055931
0.043138
0.073138
0.041075
0.062981
0.041752
0.039512
0.053321
0.127934
0.048051
0.052472
0.041886
0.086366
0.035754
0.050391
0.065338
0.047818
0.067199
0.040471
0.054547
0.048606
0.067338
0.066476
0.053939
0.076851
0.054670
0.051719
0.087028
0.063188
0.048898
0.051566
0.044802
0.068902
0.052947
0.065247
0.084790
0.069366
0.040020
0.055376
0.053558
0.084290
0.050984
0.103775
0.129372
0.076344
0.043173
0.069914
0.073109
0.047383
0.067147
0.036038
0.044652
0.087215
0.042950
0.069494
0.070146
0.042419
0.060335
0.043247
0.066460
0.041066
0.062604
0.082000
0.044469
0.064057
0.047060
0.046673
0.068571
0.047492
0.062667
0.042647
0.067888
0.074292
0.048266
0.044672
0.041561
0.050796
0.040002
0.075593
0.117901
0.058835
0.051007
0.090117
0.051104
0.048633
0.066963
0.039668
0.069613
0.038132
0.058411
0.044079
0.043867
0.038992
0.072961
0.063389
0.048197
0.059081
0.038780
0.057755
0.049710
0.079666
0.075117
0.049041
0.052659
0.071040
0.046551
0.084804
0.060502
0.052495
0.087866
0.052436
0.048760
0.073224
0.088475
0.092158
0.049455
0.094867
0.081971
0.056997
0.046137
0.076771
0.046228
0.062577
0.057480
0.050605
0.079016
0.040586
0.053641
0.047731
0.056050
0.058796
0.058517
0.075819
0.067395
0.041753
0.057521
0.054659
0.067227
0.066725
0.044190
0.034517
0.044593
0.055628
0.040730
0.095766
0.055362
0.049860
0.073625
0.050450
0.130234
0.034315
0.041758
0.043538
0.037800
0.053845
0.036690
0.044323
0.056352
0.044061
0.052797
0.037815
0.060886
0.039605
0.036700
0.055022
0.068209
0.047039
0.043406
0.057862
0.072884
0.066558
0.041626
0.057283
0.036786
0.053342
0.048535
0.081677
0.038487
0.053865
0.045496
0.043228
0.039411
0.039860
0.050410
0.082782
0.059199
0.110755
0.041525
0.079376
0.055033
0.046708
0.069043
0.036371
0.036938
0.048443
0.068380
0.038383
0.080009
0.041655
0.053184
0.036232
0.048316
0.053209
0.051540
0.066362
0.037401
0.070929
0.046638
0.058621
0.058401
0.050788
0.074346
0.064640
0.047034
0.061813
0.041853
0.060839
0.047875
0.075446
0.082942
0.043460
0.064283
0.159875
0.041757
0.051415
0.053807
0.073496
0.058572
0.040622
0.081135
0.053376
0.071904
0.059834
0.041836
0.072200
0.047798
0.041519
0.036634
0.077732
0.034799
0.064941
0.065776
0.066839
0.049202
0.072417
0.040932
0.068101
0.044379
0.068064
0.048309
0.051292
0.074368
0.049512
0.050276
0.043505
0.063260
0.072072
0.121700
0.063084
0.048873
0.076340
0.046448
0.039560
0.034854
0.077056
0.043400
0.039725
0.033714
0.060050
0.045808
0.044841
0.040001
0.056917
0.041305
0.061721
0.048061
0.069596
0.040358
0.054406
0.049615
0.058913
0.073966
0.049170
0.048824
0.039864
0.045366
0.052688
0.070687
0.057318
0.056340
0.075115
0.055134
0.121592
0.081598
0.048385
0.065181
0.044613
0.058566
0.041297
0.066389
0.037818
0.053668
0.045177
0.058869
0.038149
0.076062
0.076253
0.051142
0.049044
0.059539
0.045601
0.038239
0.037876
0.041327
0.064603
0.044734
0.040581
0.038738
0.059030
0.047583
0.052884
0.042467
0.069026
0.058948
0.049732
0.058885
0.046179
0.052135
0.096774
0.122599
0.055770
0.051333
0.054856
0.041765
0.060663
0.046314
0.052572
0.046360
0.085839
0.083570
0.049890
0.054755
0.067448
0.054165
0.074679
0.086682
0.045371
0.048669
0.040521
0.068875
0.037368
0.045158
0.055302
0.050182
0.068670
0.043744
0.043737
0.044359
0.076792
0.074069
0.051654
0.072989
0.068216
0.118905
0.069844
0.046153
0.089830
0.079296
0.053634
0.052699
0.058179
0.046445
0.043930
0.058341
0.049127
0.045814
0.046851
0.046853
0.056755
0.052067
0.072670
0.052949
0.039591
0.038341
0.077856
0.050887
0.052709
0.068254
0.050267
0.045447
0.034885
0.073986
0.046910
0.052998
0.039581
0.070645
0.159142
0.043585
0.068261
0.050388
0.054809
0.041229
0.040238
0.046307
0.061224
0.066885
0.050280
0.042151
0.044306
0.075873
0.038931
0.057776
0.055143
0.058368
0.069462
0.048270
0.066022
0.051762
0.051026
0.064617
0.044615
0.077124
0.042534
0.057861
0.054260
0.042166
0.068789
0.184285
0.051441
0.061351
0.048931
0.066209
0.047437
0.057445
0.061120
0.050550
0.056466
0.053326
0.073458
0.069902
0.061217
0.068077
0.093191
0.056094
0.049534
0.088364
0.036114
0.064763
0.075472
0.043595
0.056357
0.038789
0.044694
0.039029
0.048214
0.073274
0.049603
0.067482
0.062737
0.035565
0.078444
0.171830
0.052091
0.076701
0.068053
0.056556
0.055264
0.080930
0.060249
0.040575
0.057794
0.046502
0.090936
0.087732
0.048604
0.055875
0.069278
0.035772
0.051485
0.046161
0.089134
0.057524
0.049411
0.063593
0.043336
0.068733
0.049379
0.055593
0.080706
0.042659
0.066033
0.044395
0.048113
0.071647
0.048035
0.082140
0.065007
0.121626
0.084262
0.045410
0.077713
0.067840
0.046734
0.052761
0.038388
0.085148
0.040393
0.048298
0.065008
0.041871
0.045409
0.049037
0.063740
0.040336
0.056439
0.056061
0.067929
0.044494
0.038206
0.040293
0.049296
0.047259
0.048362
0.037883
0.041698
0.052018
0.057566
0.047919
0.045344
0.040991
0.051038
0.047212
0.173308
0.049455
0.054078
0.046747
0.035007
0.047370
0.077533
0.083385
0.080997
0.091978
0.088760
0.042655
0.082934
0.085230
0.088970
0.086190
0.048356
0.079690
0.075196
0.054311
0.087749
0.149343
0.050236
0.086304
0.088628
0.089561
0.071082
0.041354
0.051298
0.043469
0.044600
0.051718
0.058524
0.045355
0.047111
0.145514
0.104867
0.054830
0.104691
0.117849
0.164608
0.046612
0.036764
0.046447
0.063777
0.046466
0.062077
0.048283
0.064993
0.058678
0.070882
0.059592
0.040334
0.041189
0.037611
0.063984
0.050116
0.054649
0.088111
0.049861
0.053469
0.053254
0.068736
0.054129
0.046192
0.076285
0.042844
0.047892
0.038105
0.070985
0.052737
0.106034
0.098277
0.048088
0.087994
0.056828
0.049958
0.067545
0.040964
0.072813
0.054443
0.051068
0.069947
0.037514
0.069346
0.053542
0.051534
0.047436
0.051239
0.071974
0.044094
0.044782
0.047831
0.078525
0.039660
0.051206
0.047973
0.066848
0.047724
0.052346
0.085618
0.050141
0.054325
0.075958
0.046110
0.055608
0.105174
0.112096
0.064061
0.050169
0.104958
0.055362
0.054418
0.058391
0.069405
0.042456
0.063381
0.043266
0.059161
0.068837
0.040071
0.054275
0.048028
0.059975
0.044708
0.070904
0.047977
0.046925
0.044800
0.049972
0.070762
0.048109
0.058687
0.047691
0.049037
0.066850
0.050328
0.053312
0.036789
0.081651
0.107004
0.092333
0.073073
0.047980
0.053881
0.041607
0.040926
0.047871
0.049879
0.062224
0.043988
0.041906
0.045088
0.076141
0.043873
0.052803
0.040656
0.057727
0.041701
0.064364
0.051225
0.053820
0.090848
0.051163
0.052042
0.058503
0.038692
0.050561
0.052149
0.082810
0.042085
0.055032
0.041654
0.059624
0.055043
0.038579
0.063616
0.121614
0.068187
0.051086
0.076465
0.050448
0.051234
0.066819
0.051535
0.069102
0.041240
0.075075
0.064797
0.037021
0.044086
0.043038
0.061189
0.039831
0.053094
0.042244
0.055594
0.043488
0.034446
0.054006
0.091728
0.057631
0.041937
0.039978
0.048777
0.066360
0.040135
0.064513
0.047104
0.061371
0.061276
0.043220
0.059497
0.041204
0.063027
0.124515
0.093966
0.044704
0.064368
0.069202
0.043506
0.064739
0.055432
0.055982
0.077144
0.040477
0.060417
0.038826
0.060487
0.047822
0.058858
0.060335
0.043156
0.039279
0.046288
0.062788
0.044881
0.049437
0.050133
0.083354
0.062978
0.051356
0.075945
0.050400
0.063814
0.079479
0.039328
0.068049
0.056488
0.041451
0.161078
0.053217
0.064095
0.040131
0.070773
0.037656
0.048755
0.052060
0.046615
0.087716
0.042729
0.039247
0.061145
0.046548
0.065154
0.044682
0.057177
0.040391
0.067658
0.046026
0.051452
0.040672
0.060445
0.034778
0.057433
0.066925
0.044274
0.040249
0.042838
0.036990
0.070031
0.053756
0.048349
0.065932
0.046021
0.085762
0.102247
0.052582
0.056283
0.038426
0.072394
0.040156
0.062309
0.060372
0.046257
0.052712
0.041284
0.035227
0.060759
0.071082
0.053199
0.059354
0.067797
0.050606
0.067104
0.072810
0.041343
0.056075
0.052190
0.068404
0.077795
0.045914
0.081864
0.047522
0.049127
0.065821
0.042823
0.060992
0.040922
0.161977
0.051745
0.064476
0.062168
0.049267
0.085884
0.046949
0.051140
0.078173
0.045427
0.041878
0.047133
0.072450
0.050005
0.059666
0.078026
0.050651
0.043477
0.048184
0.069652
0.091547
0.052314
0.045132
0.043429
0.068230
0.082968
0.055029
0.053191
0.058819
0.048128
0.151656
0.036792
0.046876
0.049096
0.046221
0.054976
0.078344
0.057193
0.050570
0.072427
0.044411
0.062961
0.037979
0.039789
0.062618
0.058414
0.076586
0.070881
0.040814
0.037893
0.055105
0.081949
0.065331
0.037248
0.047300
0.063883
0.050762
0.080321
0.041751
0.062956
0.039382
0.054313
0.072191
0.045523
0.065876
0.045362
0.129943
0.083714
0.049551
0.058721
0.069327
0.045824
0.067664
0.039395
0.044337
0.049407
0.072685
0.039294
0.052001
0.035894
0.061558
0.047680
0.078536
0.070838
0.040913
0.063644
0.042856
0.063174
0.079951
0.046362
0.062249
0.063120
0.039861
0.060151
0.052101
0.065307
0.048869
0.066508
0.056991
0.042963
0.088519
0.059856
0.126381
0.089716
0.046612
0.040821
0.048868
0.080807
0.043343
0.048203
0.084684
0.065155
0.041829
0.054949
0.054920
0.078762
0.089437
0.043539
0.036470
0.045065
0.072359
0.041618
0.054444
0.068861
0.041955
0.052038
0.055300
0.083324
0.045807
0.053468
0.082313
0.054156
0.053042
0.084947
0.067548
0.044309
0.066403
0.122509
0.057433
0.053465
0.056265
0.041188
0.080935
0.050187
0.051143
0.064013
0.041778
0.040292
0.042972
0.057572
0.044765
0.061748
0.043680
0.042124
0.057908
0.071126
0.063445
0.041811
0.038212
0.048440
0.043553
0.067741
0.078452
0.066900
0.050872
0.076159
0.051717
0.043382
0.034875
0.041946
0.041952
0.056241
0.042962
0.062875
0.080385
0.072688
0.042693
0.087699
0.066664
0.039451
0.071259
0.047725
0.042520
0.043484
0.043176
0.040711
0.050694
0.068919
0.041054
0.080316
0.038972
0.071951
0.064401
0.051132
0.070062
0.034910
0.061316
0.070088
0.033672
0.045772
0.042930
0.067354
0.050221
0.079378
0.061506
0.043323
0.048038
0.128180
0.078536
0.049559
0.044461
0.046253
0.051131
0.051178
0.070526
0.040134
0.058947
0.059285
0.049294
0.068583
0.039537
0.041268
0.042369
0.035484
0.057574
0.068992
0.040836
0.038750
0.059552
0.078851
0.051186
0.045044
0.039313
0.036604
0.056232
0.052752
0.061894
0.038725
0.051369
0.042830
0.053344
0.045018
0.165823
0.078275
0.051687
0.043916
0.044703
0.075200
0.036880
0.046862
0.035363
0.053167
0.047012
0.046664
0.036702
0.046822
0.059037
0.052605
0.050728
0.066353
0.037226
0.049786
0.038806
0.047102
0.047471
0.048740
0.040223
0.044160
0.042327
0.041234
0.057244
0.045538
0.051529
0.035321
0.073311
0.064651
0.039111
0.062824
0.079026
0.123019
0.038172
0.067955
0.042530
0.047762
0.036716
0.076908
0.046199
0.041715
0.058799
0.039320
0.078415
0.046715
0.049061
0.033768
0.071714
0.052034
0.037915
0.040004
0.055419
0.041907
0.067212
0.044085
0.039957
0.065398
0.039471
0.074336
0.055333
0.072845
0.042989
0.054418
0.091631
0.043953
0.044392
0.073838
0.048182
0.067805
0.190605
0.048250
0.057456
0.035687
0.070460
0.076679
0.041933
0.052170
0.047854
0.059606
0.064880
0.036875
0.071811
0.042619
0.050215
0.038579
0.053681
0.042375
0.051211
0.047844
0.045280
0.037777
0.071204
0.042846
0.037539
0.053707
0.065627
0.053040
0.053352
0.036040
0.072580
0.058910
0.055393
0.080243
0.043927
0.048915
0.098098
0.059430
0.094131
0.075738
0.070968
0.044789
0.046112
0.049958
0.071846
0.042705
0.056430
0.050194
0.054866
0.066201
0.041459
0.050153
0.041970
0.060914
0.042185
0.050039
0.041801
0.073176
0.043013
0.073985
0.057534
0.046761
0.065801
0.036247
0.083133
0.047641
0.046185
0.039438
0.050117
0.070900
0.039231
0.041054
0.134706
0.082488
0.045133
0.097545
0.072928
0.050271
0.057639
0.034356
0.063814
0.059597
0.040249
0.041961
0.052063
0.038553
0.050670
0.045388
0.064210
0.095564
0.063998
0.037697
0.053976
0.044428
0.060666
0.042522
0.058920
0.043672
0.046715
0.036993
0.069382
0.045166
0.070174
0.036420
0.040957
0.059792
0.048512
0.087157
0.096026
0.084054
0.047122
0.040036
0.042286
0.049737
0.086797
0.034899
0.037894
0.042435
0.071964
0.049281
0.037181
0.042130
0.069195
0.048876
0.050795
0.085019
0.044160
0.053791
0.055893
0.056407
0.059388
0.035063
0.075195
0.035911
0.074659
0.047036
0.046134
0.041543
0.035812
0.036328
0.090032
0.040199
0.062727
0.066312
0.046483
0.068671
0.043006
0.080120
0.041741
0.066094
0.052207
0.044632
0.068622
0.040067
0.058495
0.047359
0.073504
0.044090
0.042868
0.040080
0.063389
0.071639
0.051588
0.064459
0.044537
0.044124
0.045879
0.064734
0.047375
0.048941
0.048779
0.038549
0.038938
0.058080
0.041085
0.037087
0.032824
0.046002
0.041157
0.067445
0.036600
0.058976
0.044807
0.078868
0.111090
0.037941
0.054576
0.066421
0.042958
0.045083
0.043142
0.061126
0.039503
0.054243
0.045194
0.054689
0.045496
0.078970
0.040944
0.040763
0.046901
0.075017
0.053298
0.035823
0.043486
0.041282
0.067118
0.039325
0.047619
0.040854
0.040248
0.061184
0.066856
0.051700
0.068984
0.046662
0.040047
0.039961
0.065911
0.106865
0.092427
0.034549
0.057318
0.074778
0.039582
0.053269
0.037580
0.064544
0.036357
0.048520
0.038948
0.045281
0.051189
0.063483
0.047918
0.045356
0.040512
0.070232
0.036882
0.044410
0.048984
0.087517
0.063565
0.037288
0.056350
0.040270
0.041365
0.052421
0.057619
0.040983
0.036584
0.039316
0.041573
0.035909
0.042542
0.062164
0.090189
0.102469
0.035373
0.076717
0.038455
0.039945
0.045791
0.052054
0.050328
0.050156
0.049959
0.039513
0.037654
0.040097
0.035267
0.061182
0.035903
0.043751
0.035922
0.085975
0.035213
0.039342
0.041652
0.034168
0.064079
0.031707
0.045659
0.032495
0.045209
