0.057087
0.081036
0.053319
0.053288
0.083010
0.082379
0.068740
0.048455
0.076047
0.075171
0.063272
0.058054
0.068754
0.084320
0.081981
0.064485
0.045868
0.078983
0.084683
0.075267
0.042988
0.073057
0.082942
0.076085
0.038851
0.074337
0.076197
0.048477
0.048774
0.176216
0.080184
0.036484
0.062976
0.076272
0.045294
0.051788
0.054186
0.054542
0.068953
0.067855
0.048688
0.045079
0.042390
0.057505
0.072456
0.043635
0.050889
0.041707
0.045434
0.040725
0.043244
0.051078
0.035584
0.046469
0.050179
0.066686
0.046575
0.051556
0.067238
0.045574
0.046154
0.074077
0.047379
0.078589
0.067951
0.049492
0.056245
0.058738
0.042209
0.043688
0.035657
0.090992
0.048757
0.046588
0.066385
0.062211
0.045647
0.082630
0.063234
0.044237
0.058578
0.069673
0.048916
0.058826
0.042065
0.037790
0.060365
0.046741
0.052137
0.044991
0.066512
0.117601
0.067719
0.042303
0.058986
0.035912
0.074975
0.060625
0.040970
0.066797
0.078509
0.050192
0.063504
0.078498
0.043449
0.041340
0.042586
0.047582
0.069786
0.049747
0.049928
0.080495
0.070489
0.046064
0.048258
0.047672
0.057998
0.087102
0.079403
0.047868
0.051965
0.078617
0.048989
0.135120
0.081048
0.052864
0.071620
0.079962
0.057417
0.056149
0.075684
0.049209
0.043607
0.093422
0.081991
0.083224
0.059092
0.048151
0.065712
0.065038
0.048977
0.050187
0.078208
0.067609
0.052484
0.049616
0.080018
0.057012
0.048650
0.079187
0.067961
0.043470
0.063916
0.058308
0.053670
0.117784
0.049344
0.060803
0.062859
0.050107
0.060015
0.084711
0.063750
0.048001
0.070583
0.073600
0.041474
0.061031
0.076650
0.038458
0.067943
0.077227
0.039658
0.059649
0.056093
0.050272
0.076119
0.082488
0.058409
0.055883
0.070526
0.062641
0.050821
0.055960
0.070640
0.102712
0.097786
0.070724
0.040208
0.093573
0.066601
0.052316
0.052788
0.050723
0.044958
0.051869
0.040343
0.053517
0.069681
0.040144
0.094354
0.036808
0.046315
0.058960
0.042956
0.038971
0.037963
0.062267
0.038855
0.042740
0.080911
0.046812
0.054325
0.096344
0.048888
0.124445
0.043273
0.056837
0.072293
0.080702
0.048651
0.046612
0.075787
0.047357
0.063053
0.045031
0.086630
0.052185
0.044761
0.088263
0.052062
0.077986
0.037957
0.065438
0.078205
0.042536
0.070807
0.058652
0.047522
0.075143
0.077435
0.041360
0.043657
0.089620
0.075840
0.068655
0.048268
0.055299
0.176327
0.042263
0.042254
0.044227
0.094608
0.077920
0.057230
0.046553
0.065222
0.047098
0.042802
0.074808
0.054670
0.048659
0.066502
0.048800
0.053558
0.060793
0.046798
0.062193
0.062515
0.037234
0.062029
0.038566
0.050575
0.073267
0.050443
0.051076
0.081771
0.052327
0.051979
0.085752
0.176859
0.043646
0.064613
0.083840
0.077927
0.050369
0.061097
0.055524
0.050337
0.074261
0.061057
0.043648
0.077308
0.057055
0.050916
0.045668
0.063338
0.047375
0.048077
0.078588
0.043095
0.048909
0.089221
0.052964
0.051084
0.073888
0.069066
0.047401
0.052014
0.075017
0.090943
0.048657
0.075879
0.059227
0.052370
0.075803
0.061872
0.044316
0.061724
0.043765
0.050460
0.085632
0.063427
0.041911
0.045653
0.047789
0.071309
0.053118
0.047917
0.061088
0.044388
0.038715
0.041368
0.042444
0.037075
0.046645
0.036447
0.050842
0.041996
0.046865
0.036913
0.044822
0.034990
0.056912
0.039196
0.035209
0.058065
0.034599
0.042647
0.037184
0.045873
0.078386
0.080774
0.040218
0.041991
0.079892
0.083865
0.091652
0.037237
0.038742
0.089336
0.080121
0.038635
0.040117
0.084079
0.083458
0.040804
0.044486
0.076460
0.040303
0.040936
0.037719
0.054091
0.037162
0.046603
0.039947
0.041958
0.037406
0.070204
0.103136
0.043048
0.054574
0.108153
0.124721
0.105139
0.042898
0.044740
0.071290
0.077939
0.038246
0.044980
0.050287
0.080979
0.084227
0.062256
0.045987
0.078152
0.068481
0.048897
0.042531
0.077382
0.066693
0.045468
0.069923
0.071863
0.046447
0.055928
0.042038
0.042920
0.086697
0.064418
0.127500
0.060757
0.045581
0.077863
0.050194
0.049642
0.078398
0.072935
0.086716
0.047917
0.058158
0.065440
0.052110
0.059489
0.078659
0.041077
0.058459
0.065866
0.045441
0.063409
0.071940
0.074160
0.050629
0.066558
0.081517
0.050593
0.048812
0.059195
0.077263
0.052732
0.159155
0.060291
0.041577
0.076087
0.043194
0.050338
0.081231
0.049379
0.054527
0.084294
0.075155
0.051867
0.046591
0.050099
0.048056
0.077266
0.048816
0.050270
0.077568
0.051098
0.044260
0.066760
0.041147
0.065652
0.085334
0.046488
0.043473
0.047498
0.042380
0.067166
0.086370
0.165993
0.043360
0.078482
0.042969
0.044300
0.075065
0.040915
0.059073
0.087024
0.067147
0.081514
0.045545
0.054760
0.055445
0.046965
0.070845
0.045037
0.057241
0.072650
0.043060
0.053590
0.042390
0.055206
0.056032
0.042886
0.074122
0.052984
0.048256
0.089691
0.054999
0.107174
0.048630
0.052841
0.084529
0.066605
0.039355
0.066813
0.069631
0.043560
0.058833
0.036246
0.042234
0.081730
0.039563
0.056499
0.076547
0.049106
0.053139
0.077461
0.042966
0.060222
0.103284
0.061567
0.066589
0.042141
0.075014
0.045579
0.051461
0.057297
0.042470
0.055929
0.081938
0.095265
0.112915
0.046035
0.052351
0.077213
0.055001
0.044328
0.056151
0.077082
0.052849
0.053579
0.069831
0.044676
0.070191
0.047172
0.045066
0.046210
0.043991
0.044559
0.073618
0.070849
0.047620
0.050481
0.047317
0.041706
0.066232
0.041699
0.054630
0.068416
0.041574
0.055558
0.043375
0.073488
0.158091
0.060418
0.048725
0.079234
0.048949
0.047465
0.080517
0.067963
0.043529
0.062542
0.062941
0.046860
0.076436
0.064031
0.043942
0.078401
0.070293
0.040421
0.056236
0.073298
0.038863
0.077074
0.036894
0.046708
0.071794
0.044337
0.058488
0.070019
0.074079
0.040682
0.063066
0.043325
0.059017
0.189118
0.106980
0.042799
0.045783
0.046796
0.093145
0.070029
0.066365
0.052644
0.065411
0.042909
0.044308
0.066674
0.036797
0.064207
0.056473
0.042651
0.070321
0.048223
0.045830
0.079767
0.057090
0.039068
0.041284
0.041318
0.048065
0.043420
0.047196
0.040838
0.053196
0.045741
0.074982
0.145675
0.043534
0.068235
0.047898
0.051550
0.058598
0.041016
0.055574
0.043910
0.065573
0.072793
0.048487
0.051733
0.048325
0.048807
0.069593
0.044228
0.077151
0.074429
0.045851
0.051864
0.074789
0.045446
0.053653
0.065285
0.051485
0.049528
0.067327
0.047600
0.071960
0.039582
0.049247
0.118094
0.039618
0.060805
0.055492
0.043437
0.043011
0.049796
0.062952
0.046895
0.050321
0.040654
0.043468
0.042545
0.044116
0.058755
0.050378
0.063774
0.044109
0.046353
0.052173
0.041563
0.042426
0.040514
0.077023
0.052895
0.049025
0.066139
0.048501
0.045252
0.077755
0.054677
0.053281
0.149499
0.046471
0.058451
0.062842
0.048918
0.063408
0.086213
0.052748
0.055430
0.068506
0.068000
0.043366
0.076804
0.053392
0.046099
0.042951
0.044756
0.042277
0.055949
0.044108
0.068471
0.054960
0.048764
0.052269
0.070252
0.046647
0.055984
0.080338
0.045012
0.044232
0.090585
0.047768
0.044349
0.066213
0.047014
0.051221
0.075385
0.060948
0.056433
0.044406
0.064506
0.043761
0.066399
0.082682
0.051405
0.046657
0.065767
0.051414
0.061748
0.053931
0.050007
0.074961
0.052835
0.051422
0.044405
0.046598
0.072849
0.079067
0.049669
0.053142
0.172602
0.038921
0.042335
0.035627
0.051793
0.054093
0.044656
0.047463
0.049364
0.072907
0.055804
0.044142
0.059614
0.047905
0.076289
0.079942
0.036507
0.055706
0.056876
0.048307
0.064350
0.045180
0.049821
0.041106
0.046829
0.065258
0.050966
0.055947
0.082361
0.044737
0.058978
0.068910
0.066032
0.083364
0.052396
0.055866
0.079354
0.068077
0.036507
0.073724
0.052078
0.047854
0.060702
0.071143
0.066783
0.061562
0.067019
0.049380
0.069234
0.070371
0.050297
0.057781
0.065576
0.049442
0.054938
0.064431
0.041443
0.071693
0.065056
0.049055
0.063473
0.045717
0.043349
0.080532
0.045907
0.043989
0.152764
0.044284
0.043299
0.038028
0.044286
0.070303
0.043828
0.071645
0.059991
0.049991
0.048496
0.069456
0.045886
0.061021
0.075852
0.041078
0.039896
0.053231
0.043969
0.054735
0.040663
0.070658
0.069016
0.048135
0.062260
0.077192
0.046477
0.045041
0.042977
0.057275
0.060257
0.070030
0.078991
0.044763
0.042835
0.047349
0.035420
0.037818
0.045581
0.041965
0.061598
0.072174
0.067307
0.047550
0.051574
0.068385
0.044725
0.056649
0.054079
0.047529
0.040607
0.050251
0.073478
0.068379
0.046324
0.039180
0.043676
0.060902
0.073657
0.044623
0.043806
0.049060
0.053694
0.059469
0.047413
0.067513
0.040172
0.043586
0.041722
0.051381
0.052042
0.053041
0.065976
0.044836
0.054755
0.048001
0.048019
0.050477
0.043680
0.077602
0.048895
0.049109
0.076337
0.051479
0.048547
0.091779
0.047806
0.041758
0.037117
0.061416
0.056769
0.044601
0.053525
0.063060
0.044847
0.053908
0.042864
0.041569
0.041770
0.043551
0.043289
0.042589
0.040355
0.045077
0.053795
0.039641
0.037559
0.041654
0.043602
0.043592
0.045931
0.043854
0.077281
0.039030
0.038522
0.041146
0.055597
0.048218
0.046537
0.037581
0.040933
0.054492
0.048148
0.045820
0.046440
0.048759
0.047085
0.056306
0.047127
0.044193
0.041718
0.046242
0.045765
0.046262
0.053417
0.042431
0.054605
0.047613
0.043739
0.078384
0.064856
0.049642
0.068182
0.040705
0.046118
0.061136
0.041816
0.055128
0.041353
0.109717
0.118245
0.056051
0.041771
0.069327
0.035781
0.042581
0.069496
0.041417
0.056658
0.044012
0.065443
0.085459
0.099008
0.063323
0.052399
0.052428
0.050511
0.057343
0.051515
0.049120
0.049613
0.058696
0.070061
0.045492
0.053802
0.066168
0.052069
0.058069
0.097519
0.055070
0.043232
0.138246
0.044712
0.053402
0.045012
0.065039
0.074007
0.047529
0.067078
0.082717
0.042649
0.041976
0.071560
0.041561
0.077391
0.078495
0.063278
0.041648
0.054489
0.040215
0.059047
0.040613
0.040087
0.058552
0.051792
0.080457
0.049741
0.051506
0.061211
0.051389
0.053231
0.059048
0.071655
0.088007
0.136364
0.078776
0.064608
0.055137
0.067715
0.084997
0.065232
0.052619
0.070220
0.097224
0.080066
0.047329
0.044865
0.078795
0.057107
0.048572
0.074273
0.063971
0.046666
0.060077
0.058366
0.045312
0.070390
0.046882
0.048153
0.057939
0.040796
0.060223
0.045328
0.058160
0.076774
0.183552
0.053281
0.051491
0.094276
0.061974
0.047208
0.066240
0.056608
0.041885
0.050109
0.040024
0.049360
0.050696
0.067154
0.073864
0.055499
0.065010
0.070301
0.051949
0.050451
0.065007
0.044858
0.044960
0.079860
0.058658
0.047909
0.053535
0.042580
0.069465
0.069290
0.081145
0.143875
0.065956
0.076006
0.047693
0.051745
0.069953
0.046413
0.075203
0.074460
0.057031
0.046969
0.054063
0.045217
0.045583
0.045444
0.057868
0.059451
0.042876
0.054045
0.044576
0.044912
0.039620
0.048969
0.044991
0.054800
0.081865
0.045684
0.049016
0.057938
0.046506
0.123196
0.038718
0.048396
0.042083
0.061479
0.087978
0.090863
0.057280
0.075491
0.061010
0.066687
0.088608
0.093009
0.042972
0.042662
0.075440
0.042856
0.047813
0.070988
0.045835
0.068470
0.065272
0.045741
0.069318
0.056205
0.050689
0.070463
0.056832
0.048373
0.078410
0.128639
0.040478
0.050143
0.042125
0.056872
0.078306
0.050394
0.050694
0.072549
0.045635
0.059681
0.072471
0.043387
0.051673
0.048427
0.053308
0.078607
0.042933
0.045150
0.059056
0.042062
0.051159
0.074108
0.039656
0.053080
0.040270
0.052905
0.041723
0.073720
0.056222
0.039709
0.082213
0.066375
0.115391
0.042547
0.053645
0.070742
0.059901
0.044401
0.072988
0.059431
0.048064
0.104410
0.071558
0.082214
0.041083
0.047030
0.067153
0.043235
0.045366
0.061230
0.047184
0.046021
0.070544
0.042250
0.057176
0.070721
0.096375
0.040539
0.053894
0.082633
0.074927
0.044180
0.056154
0.125033
0.047711
0.045194
0.044723
0.044502
0.077475
0.067529
0.043396
0.073376
0.092338
0.064646
0.045359
0.061854
0.044670
0.047973
0.078794
0.055700
0.046623
0.072334
0.070402
0.054180
0.065946
0.066305
0.040013
0.070378
0.047837
0.048399
0.069978
0.048222
0.056027
0.082373
0.054630
0.113856
0.098638
0.038835
0.050422
0.067103
0.040774
0.048629
0.035390
0.064642
0.044432
0.047180
0.078828
0.043195
0.046699
0.062290
0.047028
0.054268
0.071465
0.046224
0.048956
0.073924
0.058089
0.038141
0.080560
0.038089
0.064898
0.083023
0.093484
0.043402
0.051193
0.084742
0.078559
0.047089
0.045184
0.089409
0.109098
0.046375
0.068688
0.076531
0.045594
0.053716
0.081743
0.045215
0.048159
0.065736
0.076577
0.047750
0.061477
0.074126
0.048299
0.068865
0.089765
0.067348
0.047379
0.074520
0.049232
0.044888
0.046158
0.049128
0.047258
0.079152
0.087621
0.082947
0.049803
0.051811
0.170279
0.121237
0.061056
0.047252
0.060616
0.068215
0.041211
0.064075
0.089172
0.041800
0.041505
0.067550
0.044404
0.068095
0.066467
0.040581
0.073267
0.070850
0.042692
0.072508
0.061081
0.044479
0.072019
0.064957
0.047221
0.066058
0.054568
0.057955
0.042061
0.044677
0.052973
0.074556
0.175091
0.046303
0.047915
0.047544
0.055058
0.069825
0.049047
0.045077
0.063986
0.042662
0.058872
0.077716
0.044808
0.067364
0.086387
0.046365
0.043903
0.045464
0.042739
0.057463
0.045906
0.059019
0.037546
0.043190
0.049644
0.045975
0.082616
0.043587
0.047197
0.077027
0.044852
0.049337
0.167109
0.063455
0.040806
0.076967
0.064196
0.047710
0.075388
0.064508
0.043352
0.056795
0.041956
0.069242
0.082558
0.047727
0.049006
0.079170
0.063966
0.098926
0.048122
0.051432
0.081165
0.080853
0.070182
0.049661
0.081164
0.067149
0.048430
0.109000
0.052119
0.089137
0.051411
0.043615
0.073327
0.049065
0.044303
0.067946
0.044681
0.062351
0.091778
0.062038
0.041343
0.073349
0.075304
0.049678
0.053711
0.045266
0.043814
0.078529
0.051301
0.050601
0.092532
0.044792
0.046970
0.092033
0.063584
0.059619
0.052066
0.128275
0.074203
0.043221
0.075612
0.073087
0.076776
0.056784
0.057232
0.067392
0.052693
0.056329
0.069185
0.042183
0.061880
0.073328
0.051072
0.060183
0.054578
0.046267
0.072424
0.057866
0.053645
0.073641
0.059131
0.041471
0.066715
0.037310
0.059271
0.056157
0.044721
0.061720
0.075389
0.117488
0.070062
0.047996
0.059244
