0.044312
0.102337
0.088377
0.085875
0.088193
0.091498
0.062729
0.058204
0.115932
0.056161
0.061703
0.072860
0.054327
0.059770
0.086169
0.083606
0.058820
0.058912
0.085333
0.083733
0.064970
0.057893
0.081890
0.078264
0.074637
0.058158
0.058926
0.069972
0.055066
0.053486
0.071385
0.054269
0.056997
0.073807
0.062712
0.056834
0.137022
0.053343
0.073468
0.082304
0.072063
0.049011
0.070547
0.069659
0.052587
0.065496
0.083224
0.064877
0.053497
0.068407
0.084958
0.062979
0.059014
0.092404
0.070582
0.068352
0.050807
0.076140
0.090494
0.054355
0.054267
0.074458
0.089108
0.055095
0.073656
0.062894
0.051229
0.076227
0.071846
0.045873
0.049310
0.053169
0.052883
0.055534
0.061541
0.065419
0.064087
0.066009
0.055809
0.082187
0.082666
0.061203
0.058259
0.066046
0.075314
0.078257
0.051870
0.057249
0.079690
0.055048
0.067112
0.165021
0.056666
0.063414
0.090695
0.089422
0.066636
0.047903
0.062444
0.044694
0.046619
0.045493
0.044756
0.045758
0.044770
0.044485
0.044427
0.044820
0.045989
0.049600
0.060365
0.062587
0.041074
0.074945
0.079217
0.088148
0.043678
0.089764
0.056445
0.056281
0.257128
0.051768
0.062976
0.092826
0.092851
0.087102
0.052060
0.048965
0.083387
0.047087
0.047865
0.047454
0.047281
0.047545
0.046643
0.052463
0.052642
0.044028
0.105541
0.107363
0.091184
0.044325
0.044348
0.048930
0.048715
0.105521
0.080197
0.098587
0.088659
0.088279
0.173645
0.108787
0.079104
0.110541
0.096576
0.085532
0.081809
0.107592
0.088577
0.112490
0.107467
0.092401
0.092520
0.105046
0.109052
0.111343
0.046588
0.066716
0.049611
0.052794
0.063757
0.053007
0.053194
0.058811
0.045902
0.064775
0.092810
0.181744
0.114196
0.169601
0.090796
0.112519
0.053898
0.062208
0.070651
0.083587
0.051896
0.062042
0.079895
0.043468
0.062175
0.067535
0.059735
0.071488
0.066342
0.091338
0.053771
0.072220
0.069815
0.047343
0.077991
0.060837
0.057603
0.072251
0.107324
0.057510
0.053526
0.071512
0.078324
0.058154
0.052397
0.179142
0.078855
0.080524
0.052339
0.068255
0.093338
0.079047
0.076836
0.051126
0.080442
0.105976
0.079438
0.063411
0.056245
0.052040
0.075194
0.054955
0.053366
0.082264
0.083338
0.077962
0.061478
0.061772
0.092534
0.068599
0.076475
0.097356
0.137073
0.086234
0.069170
0.055718
0.074693
0.080146
0.062078
0.051015
0.066384
0.076836
0.047565
0.046522
0.047120
0.049053
0.065148
0.050429
0.056840
0.088022
0.077398
0.050870
0.070664
0.087113
0.083642
0.082530
0.085642
0.051531
0.061896
0.084922
0.063603
0.111801
0.118971
0.086543
0.081926
0.081012
0.057579
0.062409
0.081225
0.085839
0.057275
0.065909
0.076480
0.072520
0.056422
0.065734
0.076670
0.066796
0.048548
0.083463
0.072183
0.048357
0.066438
0.088850
0.086849
0.063991
0.050782
0.076690
0.046237
0.053929
0.075674
0.102000
0.058243
0.083840
0.079782
0.051806
0.052686
0.081145
0.052998
0.056260
0.083273
0.077939
0.082630
0.060636
0.059781
0.089810
0.052744
0.048200
0.074412
0.085892
0.069826
0.060788
0.072262
0.093017
0.048514
0.051986
0.082461
0.093676
0.092341
0.166347
0.106144
0.092422
0.061788
0.062049
0.091167
0.075767
0.074749
0.062103
0.050176
0.055313
0.055399
0.084500
0.061799
0.086213
0.058383
0.067944
0.071715
0.054285
0.066154
0.080276
0.087691
0.075386
0.084257
0.201799
0.060714
0.066153
0.086150
0.090738
0.074177
0.075147
0.095891
0.061569
0.066017
0.059951
0.066766
0.092600
0.059958
0.063898
0.078961
0.082637
0.091824
0.065688
0.049015
0.050789
0.071250
0.076625
0.047667
0.138059
0.117735
0.054209
0.064548
0.063967
0.080275
0.053440
0.050878
0.065028
0.060025
0.072811
0.077193
0.055042
0.049591
0.072617
0.078264
0.078868
0.068989
0.064225
0.057671
0.065792
0.052231
0.077571
0.079411
0.056229
0.053905
0.171494
0.109955
0.074240
0.077282
0.060987
0.063241
0.080344
0.067791
0.082243
0.059241
0.071891
0.082738
0.066080
0.051390
0.081714
0.060946
0.080893
0.102932
0.072374
0.052962
0.080805
0.074035
0.155491
0.061738
0.075897
0.090914
0.079098
0.099742
0.081950
0.052910
0.053253
0.061625
0.084441
0.055778
0.072126
0.085601
0.085799
0.054950
0.050239
0.075081
0.073537
0.074668
0.065794
0.064358
0.077766
0.104192
0.085193
0.093942
0.179216
0.084413
0.101182
0.064852
0.070892
0.075221
0.079297
0.075979
0.069401
0.059453
0.059334
0.076952
0.065473
0.062213
0.075326
0.058558
0.056446
0.076547
0.092123
0.075658
0.064665
0.061067
0.063817
0.087649
0.049389
0.056773
0.169420
0.053740
0.065259
0.088045
0.066963
0.052034
0.075186
0.086343
0.051400
0.054841
0.086140
0.085921
0.084563
0.088874
0.066869
0.051174
0.072450
0.083432
0.070815
0.057118
0.083378
0.062303
0.052423
0.069025
0.094580
0.170089
0.072448
0.048726
0.067309
0.052817
0.055892
0.084563
0.086685
0.085029
0.058658
0.060099
0.089732
0.089291
0.089158
0.069260
0.085746
0.064585
0.058962
0.100534
0.077226
0.066411
0.054028
0.056674
0.079958
0.093311
0.176184
0.119776
0.083221
0.095306
0.085665
0.091215
0.066306
0.055234
0.079097
0.099605
0.077750
0.102077
0.083285
0.090169
0.072166
0.062548
0.063431
0.079152
0.079544
0.083534
0.078499
0.097380
0.071060
0.069313
0.064112
0.182086
0.102363
0.091983
0.066917
0.051754
0.082252
0.068652
0.086533
0.058325
0.062248
0.082895
0.090199
0.062501
0.053395
0.079428
0.092583
0.088583
0.067697
0.086477
0.105163
0.058874
0.062066
0.079809
0.073857
0.054866
0.066514
0.092685
0.166405
0.059436
0.066827
0.082595
0.085811
0.074430
0.061857
0.062958
0.097597
0.088294
0.088831
0.086298
0.095395
0.084069
0.086792
0.068632
0.055895
0.072199
0.095915
0.070116
0.058887
0.064942
0.083049
0.085577
0.092413
0.185112
0.092492
0.102161
0.079455
0.099859
0.060451
0.115077
0.088970
0.058917
0.129827
0.063088
0.064066
0.086527
0.071839
0.064486
0.083614
0.076936
0.083376
0.078641
0.059489
0.059490
0.066493
0.052000
0.102643
0.127238
0.084923
0.066309
0.056739
0.073963
0.092587
0.086386
0.062478
0.087358
0.055995
0.055857
0.066052
0.056685
0.074103
0.095876
0.069543
0.055110
0.066450
0.088879
0.065732
0.094335
0.065115
0.068645
0.091131
0.074679
0.103057
0.180426
0.050987
0.050235
0.079285
0.077545
0.091774
0.123683
0.074336
0.070182
0.083597
0.060488
0.077649
0.085081
0.083104
0.114023
0.087657
0.072026
0.077538
0.056277
0.073779
0.087786
0.052148
0.052078
0.082822
0.087998
0.065129
0.127197
0.110858
0.091073
0.094961
0.086056
0.092826
0.077730
0.068172
0.061238
0.074147
0.085684
0.095438
0.065283
0.058155
0.065435
0.106793
0.086085
0.089863
0.094736
0.076420
0.069016
0.098309
0.067947
0.117266
0.061216
0.158531
0.092816
0.072627
0.059527
0.062266
0.086915
0.048352
0.053940
0.051946
0.058812
0.070574
0.094537
0.101592
0.073454
0.078173
0.085930
0.065663
0.081922
0.088731
0.084460
0.078050
0.077925
0.078581
0.059928
0.071495
0.172490
0.057778
0.059295
0.064553
0.074720
0.057330
0.064315
0.054020
0.058608
0.079821
0.061337
0.053779
0.073853
0.085443
0.057500
0.050627
0.082712
0.071562
0.079342
0.058878
0.065586
0.078750
0.052743
0.053107
0.086075
0.069503
0.119130
0.061880
0.081051
0.084537
0.067184
0.054624
0.066482
0.066608
0.086507
0.065786
0.070227
0.083422
0.076912
0.079899
0.061085
0.077195
0.102782
0.071313
0.062466
0.075206
0.079192
0.078118
0.068294
0.058949
0.087956
0.174701
0.060013
0.070040
0.058308
0.089234
0.080377
0.053419
0.056755
0.084230
0.085203
0.057922
0.057789
0.079677
0.091132
0.093148
0.079174
0.081142
0.056392
0.072944
0.066432
0.052330
0.063054
0.078335
0.079032
0.063979
0.055502
0.142758
0.114752
0.078099
0.056454
0.069849
0.095957
0.096791
0.073816
0.075224
0.072321
0.057570
0.086430
0.087736
0.062289
0.091845
0.062855
0.065833
0.078031
0.090195
0.069568
0.057196
0.081216
0.096771
0.082137
0.101092
0.083115
0.160772
0.058611
0.074925
0.092451
0.102719
0.095160
0.084145
0.085664
0.072436
0.058374
0.070976
0.079169
0.052311
0.055615
0.052349
0.054883
0.050556
0.089749
0.081851
0.069064
0.055448
0.057907
0.070653
0.044974
0.058536
0.080535
0.058580
0.057899
0.175320
0.078652
0.050625
0.059453
0.078866
0.053492
0.054312
0.068543
0.049713
0.065565
0.082283
0.065887
0.052994
0.051105
0.076825
0.046481
0.085293
0.067423
0.058353
0.073973
0.090865
0.097505
0.095163
0.058281
0.078579
0.052866
0.077499
0.188317
0.102971
0.069336
0.088248
0.059511
0.062993
0.083492
0.056270
0.048165
0.089801
0.067468
0.049352
0.067468
0.081527
0.070907
0.054236
0.076820
0.083684
0.047942
0.054783
0.084135
0.068573
0.050836
0.066229
0.087587
0.060115
0.092296
0.053438
0.154998
0.126962
0.097023
0.084629
0.090431
0.099166
0.096361
0.082049
0.086229
0.080751
0.057039
0.055451
0.087019
0.095335
0.080553
0.099915
0.061272
0.059249
0.076731
0.086820
0.074275
0.070685
0.056201
0.073361
0.089657
0.052646
0.153042
0.093889
0.095494
0.080426
0.074001
0.093293
0.057577
0.062988
0.085227
0.093393
0.069871
0.089557
0.064751
0.066488
0.093783
0.103729
0.083702
0.102468
0.078917
0.078714
0.058877
0.060903
0.089912
0.070000
0.066757
0.116078
0.111303
0.062953
0.056837
0.078044
0.093353
0.089257
0.060277
0.052965
0.080007
0.080180
0.063302
0.049756
0.072216
0.062306
0.052696
0.076663
0.074626
0.091360
0.059741
0.059861
0.063293
0.079080
0.050588
0.075187
0.063905
0.098931
0.127729
0.087419
0.082518
0.073082
0.058634
0.073370
0.084024
0.094691
0.080339
0.070197
0.101756
0.087892
0.054943
0.077959
0.073222
0.088069
0.103167
0.067350
0.050288
0.092251
0.088671
0.092162
0.084763
0.098284
0.086891
0.189724
0.054144
0.057841
0.083385
0.086895
0.102553
0.059101
0.088156
0.055722
0.077240
0.091355
0.097107
0.071699
0.094759
0.063159
0.101799
0.127202
0.076033
0.098062
0.075526
0.065931
0.075099
0.087790
0.092711
0.141458
0.092363
0.052879
0.068878
0.081940
0.049592
0.058055
0.088355
0.092747
0.047879
0.057527
0.078001
0.088555
0.055389
0.065399
0.084758
0.092633
0.094996
0.093453
0.088034
0.085584
0.088700
0.067773
0.058903
0.078068
0.099599
0.080109
0.194040
0.088894
0.062332
0.055267
0.053381
0.088956
0.090921
0.094843
0.064173
0.083170
0.066081
0.063442
0.084138
0.083536
0.076995
0.083042
0.081071
0.059120
0.091158
0.063143
0.082356
0.072929
0.060059
0.091622
0.060304
0.126758
0.099572
0.063261
0.061812
0.061289
0.063015
0.066639
0.082059
0.063539
0.065327
0.070224
0.088340
0.067322
0.087507
0.055459
0.083008
0.064031
0.068818
0.060301
0.083024
0.058145
0.079495
0.105556
0.061077
0.079072
0.072770
0.049091
0.054963
0.074544
0.090362
0.066151
0.062416
0.076031
0.085726
0.094942
0.060584
0.062219
0.073169
0.087593
0.056362
0.056963
0.071574
0.080785
0.058119
0.068364
0.062734
0.081395
0.089420
0.181840
0.107273
0.095639
0.065524
0.062324
0.057894
0.087706
0.084229
0.086300
0.065348
0.064387
0.082836
0.085360
0.081541
0.099808
0.084199
0.060080
0.088887
0.076027
0.064897
0.081870
0.076343
0.077422
0.082877
0.058751
0.079213
0.138530
0.068234
0.052763
0.070306
0.094184
0.084933
0.093753
0.071888
0.062809
0.066002
0.099371
0.088909
0.090595
0.079710
0.065804
0.067985
0.070969
0.086648
0.072464
0.084663
0.065158
0.070752
0.087165
0.089413
0.097540
0.060387
0.061661
0.094440
0.074281
0.051243
0.067636
0.092617
0.092098
0.086056
0.060035
0.103828
0.086772
0.091111
0.095091
0.088223
0.049640
0.080499
0.086195
0.048855
0.062957
0.091520
0.082465
0.086161
0.180176
0.110596
0.097374
0.059983
0.057184
0.061421
0.079927
0.083462
0.100854
0.066336
0.059396
0.063413
0.091058
0.090218
0.075863
0.073102
0.058913
0.069130
0.079755
0.058329
0.056800
0.101595
0.071251
0.065211
0.061249
0.061342
0.055224
0.111305
0.111357
0.046314
0.051684
0.093433
0.073772
0.084070
0.060473
0.062797
0.073946
0.068600
0.055964
0.069865
0.088577
0.093327
0.076045
0.051147
0.052940
0.083714
0.066249
0.052415
0.056030
0.057142
0.076591
0.058047
0.052113
0.070059
0.050664
0.146866
0.058749
0.060886
0.059021
0.048578
0.079898
0.078221
0.054914
0.059989
0.082093
0.048027
0.054200
0.058881
0.082602
0.094126
0.073250
0.045573
0.062118
0.094899
0.050954
0.056236
0.078546
0.085481
0.099576
0.062219
0.057524
0.074954
0.082711
0.175987
0.086932
0.053808
0.072203
0.070188
0.068406
0.054513
0.069478
0.074185
0.074803
0.058880
0.068217
0.067664
0.053258
0.070293
0.083167
0.055333
0.069590
0.072594
0.075132
0.067240
0.054011
0.076389
0.098357
0.068178
0.070477
0.057750
0.081902
0.177896
0.094442
0.062997
0.054750
0.075263
0.080063
0.050362
0.051840
0.097835
0.085872
0.050719
0.049563
0.052908
0.046493
0.076751
0.081259
0.057899
0.056838
0.081424
0.082086
0.102083
0.065120
0.089648
0.055863
0.074406
0.082568
0.167908
0.059084
0.058395
0.084399
0.072903
0.086018
0.078424
0.056736
0.068304
0.080628
0.051703
0.047714
0.091500
0.068692
0.052998
0.054563
0.090470
0.061292
0.079806
0.056567
0.071761
0.105331
0.062110
0.083590
0.061524
0.068875
0.078728
0.189193
0.088785
0.056794
0.061918
0.082649
0.053775
0.071587
0.061623
0.079755
0.059140
0.056291
0.063881
0.076080
0.072965
0.059631
0.076562
0.084556
0.076944
0.061423
0.093100
0.059224
0.079525
0.082388
0.100768
0.157584
0.088385
0.056981
0.070087
0.087792
0.084857
0.098013
0.102484
0.074649
0.082366
0.087981
0.059420
0.056289
0.089999
0.079339
0.091719
0.059758
0.063143
0.081716
0.079434
0.055259
0.050792
0.049708
0.050710
0.050140
0.079788
0.078454
0.085260
0.125274
0.061011
0.060833
0.058691
0.084583
0.091042
0.098954
0.082258
0.085612
0.080478
0.057898
0.060771
0.076266
0.072557
0.087276
0.061754
0.076629
0.094210
0.104405
0.081662
0.098775
0.067880
0.200320
0.103219
0.084720
0.064885
0.069305
0.088895
0.086267
0.083897
0.070933
0.070807
0.059361
0.078517
0.068939
0.080901
0.073488
0.127169
0.061434
0.073112
0.071745
0.086136
0.054013
0.056989
0.052373
0.067056
0.183445
0.095804
0.062557
0.102333
0.062100
0.065991
0.053503
0.052933
0.088430
0.081285
0.078385
0.087939
0.072933
0.061483
0.087127
0.081905
0.100168
0.085352
0.083071
0.084348
0.087028
0.060609
0.066956
0.086358
0.095687
0.071030
0.118656
0.079899
0.073507
0.072880
0.062745
0.077084
0.079958
0.098285
0.069942
0.065745
0.068001
0.085202
0.085925
0.086538
0.059005
0.066822
0.080688
0.078026
0.105433
0.080204
0.051658
0.056025
0.091044
0.077658
0.059593
0.058979
0.159098
0.093966
0.053561
0.076984
0.063771
0.069322
0.094448
0.088310
0.080451
0.077672
0.065170
0.062744
0.082052
0.071307
0.067485
0.058165
0.067667
0.091248
0.086758
0.070773
0.062316
0.070205
0.072801
0.096675
0.071644
0.204435
0.099823
0.078707
0.058556
0.057548
0.062618
0.099817
0.080257
0.061281
0.070176
0.084056
0.090168
0.085107
0.054146
0.054916
0.096688
0.069093
0.094985
0.058627
0.060666
0.082330
0.090201
0.078182
0.089033
0.062098
0.055789
0.178931
0.061032
0.056578
0.075968
0.076382
0.063097
0.096376
0.054188
0.092468
0.080118
0.086692
0.078892
0.057876
0.059916
0.094010
0.076976
0.076024
0.063289
0.068943
0.100790
0.083605
0.077029
0.091361
0.113890
0.153959
0.150409
0.095179
0.061191
0.092415
0.087656
0.085474
0.088301
0.092890
0.085562
0.063601
0.059951
0.078027
0.083839
0.090259
0.077623
0.104868
0.069659
0.094503
0.084878
0.062054
0.072926
0.082498
0.094619
0.075262
0.192142
0.087921
0.061048
0.066942
0.074698
0.097142
0.057096
0.055862
0.073654
0.089995
0.070112
0.058031
0.062789
0.069266
0.086971
0.062678
0.068164
0.088581
0.091543
0.070077
0.100026
0.091102
0.053074
0.052998
0.090192
0.082073
0.158774
0.081423
0.108927
0.088942
0.132306
0.064167
0.071477
0.099112
0.085009
0.069188
0.109445
0.061110
0.054584
0.093491
0.068031
0.083226
0.075064
0.054759
0.050034
0.073592
0.052874
0.074326
0.061393
0.060727
0.136073
0.060771
0.053863
0.078633
0.081313
0.060292
0.052969
0.087771
0.060899
0.058871
0.068917
0.075893
0.087460
0.096651
0.111611
0.095546
0.093646
0.104462
0.083025
0.175638
0.091706
0.126009
0.094550
0.192421
0.139379
0.168849
0.111060
0.067626
0.067989
0.059931
0.066894
0.070162
0.062763
0.067095
0.095647
0.132065
0.110523
0.077215
0.060740
0.061946
0.080579
0.093952
0.096042
0.090306
0.173944
0.059244
0.095841
0.069712
0.078909
0.089374
0.097397
0.093443
0.078902
0.095064
0.061161
0.099497
0.073848
0.055761
0.088994
0.078727
0.102714
0.057895
0.097260
0.064955
0.064657
0.087875
0.153771
0.092990
0.060792
0.070390
0.092543
0.095841
0.076514
0.069262
0.094289
0.062875
0.078856
0.091303
0.092906
0.089618
0.094704
0.096283
0.082390
0.064839
0.061141
0.084777
0.084111
0.093063
0.060023
0.118100
0.121480
0.081264
0.113276
0.079248
0.090997
0.072670
0.089190
0.063499
0.054683
0.091341
0.057570
0.053433
0.060544
0.080558
0.066728
0.054374
0.075660
0.061604
0.053323
0.087240
0.071782
0.076932
0.050112
0.084631
0.088362
0.095094
0.161725
0.054931
0.062852
0.073013
0.057449
0.093690
0.063557
0.107270
0.102858
0.092723
0.096153
0.091388
0.057499
0.081299
0.102348
0.094996
0.084859
0.073650
0.091033
0.078852
0.083946
0.066678
0.080520
0.094748
0.081244
0.166982
0.085767
0.083390
0.057808
0.084585
0.087485
0.059166
0.051690
0.055336
