0.085071
0.057065
0.059571
0.094608
0.074726
0.068820
0.051180
0.072295
0.066899
0.049951
0.070817
0.069600
0.043932
0.082791
0.055059
0.057050
0.078771
0.064191
0.041640
0.069651
0.060184
0.049921
0.075305
0.069597
0.050091
0.076869
0.082223
0.071841
0.051999
0.075228
0.186536
0.060588
0.051428
0.075307
0.084086
0.052132
0.057529
0.089915
0.071795
0.052565
0.064276
0.074721
0.074802
0.051646
0.081067
0.092458
0.074023
0.072603
0.049146
0.078153
0.080916
0.051185
0.067112
0.098308
0.042436
0.042485
0.086368
0.058393
0.048833
0.153970
0.122170
0.079543
0.072768
0.055951
0.054731
0.075990
0.098531
0.054248
0.058482
0.074072
0.080546
0.054383
0.053488
0.066984
0.041132
0.074423
0.054044
0.049855
0.087669
0.084282
0.057200
0.068884
0.061356
0.087929
0.070792
0.042190
0.045329
0.079673
0.181883
0.044970
0.056186
0.072163
0.050912
0.059925
0.065477
0.048753
0.060654
0.044886
0.040952
0.055792
0.046904
0.077719
0.074364
0.042839
0.042544
0.050327
0.086604
0.069610
0.049289
0.049505
0.086532
0.052258
0.047886
0.078221
0.064785
0.046122
0.090566
0.093586
0.099445
0.053657
0.057919
0.084549
0.081275
0.064669
0.046356
0.063499
0.054737
0.067786
0.046987
0.071860
0.063315
0.047568
0.078525
0.078378
0.051011
0.066055
0.081904
0.071513
0.089111
0.058649
0.067289
0.068462
0.047212
0.050745
0.066381
0.046649
0.068612
0.043746
0.063638
0.049741
0.069959
0.079608
0.048737
0.058178
0.072531
0.055193
0.061284
0.090120
0.071672
0.083802
0.055252
0.070305
0.089823
0.064590
0.055524
0.068195
0.093660
0.050112
0.050871
0.080201
0.074336
0.043914
0.047693
0.063370
0.043908
0.071689
0.079774
0.106853
0.048677
0.057363
0.072113
0.082040
0.045296
0.065685
0.066061
0.048238
0.072492
0.088635
0.070025
0.045614
0.097020
0.054617
0.070392
0.095758
0.065506
0.045193
0.074964
0.051488
0.054137
0.071038
0.091147
0.068772
0.043542
0.076087
0.042842
0.048782
0.160470
0.054254
0.051828
0.086979
0.080093
0.053631
0.058870
0.079473
0.090697
0.053327
0.053461
0.088129
0.065218
0.054615
0.061842
0.100129
0.066115
0.047741
0.069800
0.084520
0.059903
0.046326
0.084717
0.049512
0.043752
0.070161
0.081068
0.048942
0.076112
0.167921
0.054454
0.060448
0.089374
0.052103
0.056292
0.084360
0.091766
0.060229
0.056598
0.068167
0.057167
0.052347
0.076055
0.095268
0.049672
0.059833
0.075635
0.052062
0.050597
0.083547
0.081338
0.050908
0.059956
0.074588
0.065724
0.056004
0.081143
0.055292
0.045478
0.162355
0.089163
0.052695
0.057010
0.062486
0.053279
0.058488
0.061076
0.048641
0.071950
0.051770
0.051894
0.079408
0.046323
0.063309
0.080703
0.053263
0.056637
0.076831
0.054296
0.052994
0.074174
0.053020
0.058490
0.044980
0.054057
0.048066
0.076412
0.073583
0.055414
0.151482
0.102485
0.075623
0.054971
0.059465
0.087107
0.039357
0.060551
0.075889
0.046730
0.068120
0.078626
0.050785
0.053758
0.083592
0.059428
0.047731
0.047852
0.081256
0.072274
0.058423
0.052396
0.075136
0.044330
0.052931
0.088357
0.096534
0.058997
0.052184
0.068351
0.087132
0.071593
0.106581
0.123960
0.069773
0.050877
0.058376
0.078874
0.065963
0.056641
0.066524
0.079856
0.080058
0.078570
0.051194
0.072233
0.074831
0.052061
0.064587
0.085795
0.061425
0.055352
0.076599
0.062463
0.044687
0.089361
0.066871
0.062573
0.047773
0.051975
0.041926
0.075589
0.051399
0.120795
0.076309
0.056943
0.075516
0.101180
0.043033
0.047157
0.088414
0.045518
0.048948
0.077871
0.068368
0.053270
0.056641
0.053604
0.054252
0.088151
0.062825
0.055269
0.064780
0.066895
0.053757
0.068563
0.085565
0.060859
0.048693
0.073416
0.040170
0.119466
0.071139
0.048042
0.072563
0.067179
0.042118
0.048833
0.052640
0.083702
0.078239
0.054244
0.050729
0.093506
0.057694
0.069543
0.047174
0.062019
0.075739
0.047097
0.075283
0.073997
0.082056
0.051709
0.073289
0.091147
0.054036
0.052003
0.065317
0.061224
0.048071
0.064500
0.083156
0.132422
0.059181
0.047938
0.072845
0.080029
0.077854
0.053127
0.065173
0.080122
0.045315
0.060406
0.090278
0.063668
0.043114
0.062460
0.046899
0.062486
0.076913
0.041953
0.065156
0.045523
0.051445
0.063403
0.040720
0.047359
0.043888
0.042017
0.041085
0.050812
0.040257
0.051562
0.047963
0.056653
0.171591
0.043071
0.076979
0.069638
0.040604
0.085730
0.166421
0.042829
0.078330
0.072430
0.037017
0.049459
0.090389
0.083902
0.060519
0.038539
0.056355
0.037686
0.071242
0.044385
0.045799
0.080959
0.078979
0.046879
0.044125
0.040011
0.065915
0.043079
0.039548
0.041548
0.052769
0.039163
0.063675
0.062428
0.192168
0.121599
0.180801
0.039198
0.038632
0.036635
0.096171
0.038899
0.048116
0.091237
0.076596
0.068487
0.054867
0.077135
0.083115
0.050171
0.061529
0.084883
0.064267
0.078150
0.044613
0.075416
0.049518
0.052242
0.069916
0.049923
0.073741
0.063993
0.068977
0.055024
0.079522
0.167960
0.065238
0.055667
0.069041
0.049017
0.057779
0.073218
0.053221
0.054068
0.084246
0.056191
0.045466
0.070991
0.067713
0.046370
0.078136
0.073718
0.055260
0.063708
0.057419
0.043365
0.050386
0.050816
0.082582
0.082933
0.178988
0.048943
0.064976
0.073329
0.056721
0.052779
0.054871
0.055272
0.075777
0.075667
0.047658
0.057383
0.057888
0.050271
0.068810
0.075345
0.057257
0.056632
0.060010
0.047874
0.082175
0.064208
0.050944
0.085217
0.061370
0.049387
0.070687
0.128617
0.048384
0.052680
0.065665
0.048842
0.067768
0.046368
0.053538
0.081205
0.055718
0.059781
0.082897
0.072256
0.048922
0.048967
0.069831
0.045127
0.049672
0.073958
0.045451
0.051370
0.045632
0.049467
0.046380
0.051790
0.075314
0.048160
0.056144
0.070978
0.047981
0.066911
0.094584
0.183654
0.092949
0.076017
0.051135
0.062099
0.066038
0.048201
0.067628
0.046691
0.051423
0.081891
0.064895
0.054728
0.067272
0.067034
0.040343
0.049693
0.044748
0.068291
0.053910
0.052411
0.083335
0.084906
0.050601
0.053978
0.087739
0.069604
0.046863
0.073371
0.083113
0.090950
0.111709
0.091651
0.061392
0.040166
0.077809
0.076497
0.067510
0.048159
0.083723
0.055243
0.055077
0.086832
0.076874
0.066515
0.054775
0.077692
0.074275
0.066524
0.043715
0.079455
0.053782
0.056073
0.080386
0.060961
0.051410
0.063428
0.049277
0.061897
0.067529
0.039052
0.073268
0.055547
0.116506
0.052854
0.047425
0.088808
0.051738
0.051028
0.079208
0.072934
0.044832
0.076563
0.078881
0.058762
0.058533
0.074123
0.097507
0.062013
0.045060
0.072181
0.049429
0.046968
0.070110
0.046291
0.053824
0.081161
0.050574
0.048431
0.061082
0.050846
0.069590
0.122811
0.066133
0.054250
0.078265
0.061263
0.045348
0.054567
0.066708
0.047832
0.059661
0.047389
0.075232
0.072356
0.059699
0.052899
0.077340
0.056897
0.049417
0.072990
0.074331
0.050666
0.056725
0.074696
0.046117
0.056084
0.077791
0.042420
0.054375
0.049045
0.076648
0.083088
0.052752
0.049491
0.072650
0.072479
0.051892
0.092650
0.070820
0.055634
0.054682
0.084028
0.054007
0.044339
0.050356
0.044947
0.065248
0.052190
0.060551
0.072623
0.046084
0.058533
0.093263
0.042103
0.053677
0.083846
0.061443
0.054583
0.067940
0.087591
0.059224
0.049443
0.072865
0.064490
0.207778
0.051821
0.068484
0.037926
0.058204
0.083356
0.040794
0.062815
0.076705
0.069919
0.050790
0.063489
0.044208
0.058579
0.070729
0.047746
0.062203
0.067248
0.043779
0.065412
0.041908
0.066736
0.064241
0.045706
0.075787
0.066484
0.038973
0.048827
0.055578
0.068269
0.038761
0.059560
0.172872
0.082145
0.044473
0.078607
0.068052
0.045159
0.062747
0.065531
0.056859
0.070262
0.066055
0.053302
0.071861
0.106144
0.061182
0.068176
0.056856
0.078394
0.071043
0.057971
0.051601
0.073710
0.074453
0.050440
0.069400
0.066033
0.050206
0.076071
0.085965
0.083707
0.080481
0.052769
0.081511
0.065816
0.080533
0.050418
0.082007
0.054964
0.047654
0.078165
0.059235
0.051848
0.078953
0.056176
0.049800
0.080199
0.086300
0.054387
0.052396
0.071871
0.047177
0.055693
0.074651
0.074088
0.049466
0.075836
0.069912
0.051579
0.074530
0.082959
0.181462
0.056211
0.055644
0.060675
0.047138
0.048369
0.048630
0.053156
0.046934
0.043777
0.044271
0.043691
0.050424
0.057930
0.051774
0.051746
0.056826
0.047978
0.048075
0.046468
0.053275
0.083766
0.074414
0.040467
0.045798
0.077681
0.054980
0.103491
0.048547
0.056620
0.054080
0.139971
0.117568
0.067972
0.052508
0.052813
0.091531
0.084358
0.059717
0.049917
0.048955
0.050981
0.049646
0.048259
0.045744
0.049479
0.047316
0.165718
0.120288
0.099470
0.053247
0.048892
0.051434
0.038524
0.079349
0.083169
0.059795
0.063770
0.075025
0.060102
0.053630
0.063702
0.080049
0.108216
0.086602
0.057263
0.051933
0.081147
0.052957
0.048520
0.079017
0.064164
0.045069
0.061328
0.039542
0.052634
0.062058
0.045428
0.049778
0.045274
0.049309
0.079986
0.047195
0.046768
0.088316
0.072928
0.055702
0.058726
0.072727
0.082415
0.057043
0.135360
0.057878
0.066551
0.085076
0.058699
0.053202
0.069957
0.079282
0.056392
0.060469
0.075785
0.047726
0.056708
0.068322
0.049196
0.072706
0.082675
0.072781
0.047008
0.075309
0.082712
0.077876
0.046500
0.054977
0.077140
0.047413
0.049656
0.043834
0.097633
0.130840
0.112325
0.044440
0.071067
0.063599
0.048775
0.075657
0.063504
0.046072
0.078620
0.069470
0.059444
0.056872
0.086110
0.076157
0.049427
0.058340
0.054464
0.050742
0.083066
0.071077
0.050805
0.052784
0.078315
0.051386
0.051518
0.080817
0.077241
0.065269
0.050572
0.068343
0.045471
0.104346
0.071343
0.055647
0.079346
0.041535
0.056196
0.087669
0.047184
0.050511
0.077679
0.048139
0.047106
0.083883
0.059181
0.042125
0.073541
0.038967
0.064191
0.052793
0.047882
0.063764
0.043057
0.071593
0.078203
0.060363
0.050014
0.069184
0.049196
0.055345
0.072731
0.178525
0.052009
0.038946
0.040262
0.077059
0.085501
0.044438
0.055327
0.075583
0.047232
0.050082
0.066278
0.092192
0.054585
0.081244
0.067279
0.050604
0.069595
0.073237
0.041775
0.066451
0.048691
0.059383
0.078681
0.052235
0.044811
0.089150
0.053085
0.051378
0.075972
0.064008
0.130831
0.074374
0.066529
0.048507
0.067226
0.071429
0.046111
0.055513
0.043422
0.051479
0.078836
0.046727
0.056745
0.049340
0.054130
0.073838
0.054227
0.051290
0.078430
0.060662
0.049931
0.079634
0.093514
0.046949
0.050161
0.074039
0.041057
0.059749
0.070122
0.047102
0.086581
0.078270
0.075699
0.112178
0.076460
0.053405
0.051533
0.052256
0.054088
0.069771
0.076507
0.051848
0.057455
0.066339
0.051924
0.077813
0.058009
0.054100
0.072163
0.062311
0.053918
0.080503
0.060705
0.090238
0.047369
0.073747
0.046065
0.050892
0.068239
0.047090
0.056188
0.057457
0.046129
0.057232
0.116744
0.080300
0.051319
0.052999
0.081480
0.045689
0.061880
0.094465
0.070812
0.048369
0.056007
0.066181
0.046288
0.050308
0.074125
0.046253
0.054793
0.080664
0.070783
0.048492
0.060051
0.060274
0.062304
0.053160
0.084679
0.072464
0.048558
0.051113
0.038662
0.070610
0.141779
0.054058
0.080978
0.048728
0.050595
0.064782
0.047604
0.062111
0.065179
0.048726
0.052389
0.056875
0.058374
0.059084
0.045923
0.054250
0.076064
0.087843
0.048354
0.064408
0.068890
0.045276
0.054181
0.075542
0.053390
0.056581
0.086046
0.051923
0.136178
0.109622
0.074755
0.062554
0.055181
0.073777
0.060752
0.050484
0.074048
0.058962
0.040207
0.074273
0.062795
0.042715
0.059485
0.048981
0.074009
0.066051
0.102991
0.070335
0.101104
0.054014
0.055929
0.072215
0.058536
0.053263
0.069296
0.051641
0.060193
0.159672
0.051986
0.066262
0.069573
0.050661
0.052956
0.085468
0.053546
0.047449
0.092517
0.053280
0.051762
0.055557
0.080698
0.042450
0.064373
0.068716
0.046629
0.077641
0.050715
0.055285
0.069712
0.051487
0.054744
0.071699
0.049823
0.063251
0.070294
0.086439
0.051006
0.110198
0.113609
0.054381
0.070533
0.088031
0.084160
0.089774
0.065887
0.047658
0.051399
0.047534
0.067040
0.080065
0.082034
0.047529
0.049620
0.047230
0.056736
0.072519
0.050663
0.063608
0.099983
0.062180
0.046552
0.071033
0.087709
0.069780
0.051160
0.055498
0.076068
0.111217
0.096045
0.098171
0.069022
0.051158
0.056262
0.078064
0.048966
0.052261
0.072749
0.039970
0.070530
0.056166
0.046815
0.077307
0.067138
0.045025
0.066897
0.043272
0.060874
0.092428
0.083519
0.064360
0.052450
0.071914
0.066705
0.052565
0.067944
0.165988
0.038408
0.056718
0.050449
0.074989
0.076238
0.053361
0.049789
0.069063
0.048074
0.069142
0.073573
0.043753
0.046992
0.054330
0.041600
0.070295
0.043706
0.051921
0.041262
0.070163
0.069757
0.046187
0.061803
0.066897
0.046468
0.071072
0.056305
0.050494
0.079001
0.066245
0.046695
0.077919
0.077627
0.181494
0.050331
0.067134
0.063931
0.091855
0.047578
0.082242
0.073998
0.074707
0.053133
0.053660
0.087366
0.087779
0.054254
0.046841
0.091458
0.091755
0.079986
0.076561
0.047195
0.045027
0.044483
0.078613
0.059543
0.045499
0.078056
0.057953
0.050538
0.160643
0.115860
0.081154
0.083700
0.049386
0.056104
0.069185
0.060264
0.055242
0.086171
0.052551
0.051148
0.077389
0.059233
0.090297
0.052014
0.077138
0.060190
0.050118
0.077616
0.063542
0.039922
0.086317
0.056757
0.038217
0.069187
0.049612
0.054370
0.067383
0.047928
0.076438
0.154002
0.046541
0.081369
0.065871
0.047220
0.050707
0.084574
0.072453
0.106063
0.070481
0.049366
0.086301
0.084886
0.072512
0.054540
0.063109
0.071381
0.081695
0.051888
0.080900
0.071248
0.080141
0.053425
0.076523
0.068754
0.039433
0.058393
0.053927
0.051441
0.070729
0.081324
0.086830
0.133229
0.078232
0.063639
0.056631
0.076573
0.065625
0.052321
0.068801
0.083584
0.076706
0.043188
0.076052
0.056219
0.050478
0.086937
0.076232
0.052214
0.051840
0.076701
0.045963
0.064956
0.071285
0.097111
0.058738
0.054062
0.080581
0.080194
0.053412
0.059214
0.076125
0.093831
0.109719
0.071632
0.042524
0.052829
0.065977
0.059008
0.052041
0.073125
0.085934
0.047038
0.073084
0.076058
0.058660
0.045439
0.069190
0.047040
0.067415
0.062593
0.080636
0.081640
0.061196
0.051865
0.048860
0.079532
0.085245
0.045507
0.133439
0.085455
0.044785
0.046567
0.072801
0.063359
0.046313
0.060360
0.076534
0.054139
0.072967
0.088045
0.076200
0.043157
0.049779
0.052082
0.069716
0.064602
0.045170
0.065753
0.075766
0.073911
0.044192
0.090013
0.073234
0.045978
0.050453
0.079520
0.071391
0.044701
0.050025
0.126316
0.049129
0.061244
0.046522
0.046605
0.041850
0.065157
0.058724
0.051960
0.091616
0.072967
0.042103
0.049027
0.068814
0.048792
0.050393
0.045923
0.066979
0.045420
0.068802
0.041739
0.041895
0.047807
0.078200
0.075031
0.047618
0.076887
0.073629
0.081934
0.102432
0.128045
0.082109
0.084041
0.052151
0.048425
0.086999
0.062254
0.054171
0.061656
0.072135
0.082697
0.057193
0.081393
0.081330
0.052939
0.048229
0.067308
0.075652
0.051073
0.083723
0.069597
0.055611
0.053146
0.069386
0.036951
0.050833
0.050459
0.069977
0.085467
0.045712
0.091680
0.042569
0.044397
0.071197
0.056626
0.047604
0.071641
0.081439
0.050724
0.063064
0.042698
0.039553
0.095425
0.088270
0.056346
0.047192
0.084375
0.061828
0.050204
0.078746
0.052574
0.044248
0.080138
0.054073
0.057659
0.094278
0.056117
0.071904
0.085810
0.046034
0.134336
0.079496
0.050119
0.067108
0.073296
0.054223
0.073213
0.094384
0.053806
0.043580
0.055464
0.047421
0.064926
0.057233
0.050288
0.063068
0.071148
0.049803
0.073503
0.074012
0.045819
0.060995
0.045461
0.047866
0.090129
0.081332
0.051207
0.057290
0.076825
0.070982
0.096304
0.115199
0.064182
0.050794
0.052940
0.072280
0.074110
0.051807
0.063227
0.044429
0.050716
0.075475
0.051358
0.052510
0.074933
0.048970
0.049249
0.067732
0.044604
0.069775
0.074558
0.037181
0.055015
0.064434
0.046251
0.072884
0.048195
0.052367
0.060221
0.043535
0.075262
0.064061
0.094406
0.054135
0.054112
0.081397
0.092221
0.052989
0.049885
0.068302
0.044041
0.043967
0.049200
0.050557
0.073067
0.059479
0.044837
0.058013
0.046006
0.062681
0.063482
0.049355
0.071834
0.064770
0.047343
0.046332
0.033542
0.083295
0.053619
0.046665
0.071662
0.043910
0.064991
0.075806
0.201644
0.073899
0.056663
0.060651
0.080415
0.049660
0.050208
0.082656
0.046013
0.046389
0.057019
0.049373
0.088139
0.049718
0.047479
0.074929
0.045992
0.051133
0.067500
0.049129
0.053181
0.063369
0.085548
0.051968
0.083408
0.082457
0.058390
0.049968
0.141834
0.052767
0.083660
0.072476
0.075910
0.054677
0.075552
0.084476
0.076213
0.051504
0.052922
0.082983
0.100599
0.075357
0.067117
0.061047
0.064078
0.069242
0.050984
0.067967
0.056784
0.045566
0.074780
0.048887
0.055815
0.079513
0.052449
0.052548
0.065495
0.191080
0.090227
0.048130
0.066125
0.088877
0.069875
0.052147
0.064580
0.087512
0.053204
0.042359
0.079267
0.075114
0.048533
0.077064
0.044895
0.050462
0.060912
0.047040
0.064807
0.038656
0.060370
0.056142
0.039708
0.049643
0.043370
0.046365
0.049517
0.055436
0.051353
0.056614
0.054545
0.045537
0.099666
0.056572
0.070778
0.051170
0.055252
0.094347
0.089779
0.094253
0.095734
0.092907
0.092327
0.067481
0.048141
0.079143
0.173984
0.084401
0.087733
0.102999
0.075816
0.114144
0.077204
0.051507
0.068757
0.052162
0.058943
0.074096
0.050068
0.048180
0.048055
0.133895
0.135588
0.185306
0.088396
0.046368
0.045419
0.041522
0.067217
0.081670
0.048939
0.051725
0.063697
0.045198
0.073981
0.058332
0.049173
0.075309
0.061448
0.043241
0.074356
0.052391
0.052423
0.066935
0.044773
0.057069
0.047323
0.055605
0.076939
0.068730
0.052556
0.058199
0.076018
0.108446
0.044903
0.052093
0.080961
0.079868
0.055494
0.055355
0.078159
0.049670
0.052891
0.069758
0.070447
0.055651
0.075549
0.063035
0.045459
0.051196
0.047369
0.049233
0.057733
0.043144
0.068036
0.060965
0.059076
0.081986
0.088068
0.054750
0.050586
0.070258
0.076535
0.124318
0.086442
0.078420
0.052842
0.055446
0.060630
0.053514
0.075826
0.050806
0.053887
0.070784
0.070194
0.049088
0.051952
0.042418
0.048907
0.085627
0.045744
0.051861
0.070709
0.091253
0.072766
0.044147
0.073252
0.071397
0.056721
0.058600
0.067982
0.047069
0.070980
0.125453
0.051872
0.062732
0.083176
0.060297
0.052555
0.066795
0.070999
0.060746
0.052629
0.073077
0.076864
0.057209
0.059768
0.061255
0.049381
0.050874
0.077009
0.059031
0.076402
0.053854
0.053545
0.076154
0.065941
0.081778
0.113509
0.076868
0.047627
0.056967
0.068443
0.048812
0.071796
0.081213
0.050864
0.057176
0.086894
0.053686
0.053449
0.071339
0.064273
0.044553
0.072177
0.041329
0.053807
0.047522
0.056607
0.086514
0.073548
0.048034
0.054353
0.044192
0.049566
0.076050
0.075538
0.045061
0.044807
0.042583
0.127075
0.052792
0.063025
0.085860
0.073335
0.045646
0.068496
0.063286
0.047040
0.069131
0.059139
0.057786
0.080364
0.074091
0.069419
0.056835
0.052472
0.050455
0.063338
0.076056
0.047708
0.054645
0.074347
0.049185
0.062885
0.077591
0.058756
0.051960
0.067351
0.071938
0.056648
0.154666
0.076880
0.052039
0.076119
0.065836
0.094464
0.080311
0.050157
0.069291
0.071234
0.055550
0.083318
0.069719
0.063919
0.049893
0.091695
0.080701
0.060041
0.045325
0.049928
0.044455
0.048726
0.071157
0.054884
0.057029
0.080320
0.085280
0.098811
0.066795
0.123050
0.093679
0.085072
0.069583
0.050447
0.073268
0.059980
0.059299
0.073858
0.078721
0.055872
0.053105
0.061707
0.056768
0.061422
0.076796
0.052813
0.055474
0.074387
0.070424
0.047893
0.079799
0.076448
0.054304
0.069392
0.074561
0.062561
0.049916
0.076023
0.081570
0.115039
0.088374
0.047884
0.044233
0.078112
0.047781
0.058496
0.069967
0.073597
0.048230
0.073138
0.043233
0.050856
0.062354
0.081813
0.044811
0.060253
0.044742
0.063450
0.069188
0.051428
0.063166
0.069016
0.053559
0.068335
0.083278
0.050934
0.050821
0.088877
0.079449
0.056214
0.054429
0.084572
0.106248
0.091958
0.083749
0.073492
0.049729
0.061620
0.073128
0.047510
0.069177
0.065038
0.045203
0.046353
0.040385
0.087595
