0.084915
0.066505
0.042139
0.037302
0.036592
0.038861
0.036426
0.036283
0.035726
0.034678
0.031656
0.033646
0.032446
0.031523
0.031768
0.031019
0.031713
0.033944
0.032133
0.032616
0.032859
0.033363
0.033323
0.030529
0.030938
0.033176
0.031188
0.032053
0.037808
0.033496
0.030646
0.029885
0.030584
0.029880
0.029762
0.030354
0.041812
0.087319
0.035348
0.033934
0.034139
0.034374
0.033484
0.033561
0.033701
0.035776
0.037242
0.032060
0.028665
0.027454
0.028615
0.027275
0.026886
0.027813
0.027119
0.026898
0.028210
0.029235
0.026852
0.028225
0.027422
0.027160
0.028921
0.027433
0.028176
0.030432
0.027320
0.026941
0.027542
0.027473
0.029594
0.028219
0.027809
0.027357
0.027952
0.028049
0.027401
0.028086
0.027783
0.027082
0.027923
0.029905
0.028903
0.027505
0.027364
0.027579
0.027133
0.027097
0.028354
0.027458
0.027861
0.029905
0.027917
0.030644
0.028696
0.028428
0.027645
0.029053
0.028151
0.027458
0.027789
0.028131
0.027117
0.028062
0.027601
0.029505
0.028883
0.028078
0.027589
0.027350
0.027386
0.027272
0.027772
0.027743
0.027185
0.028441
0.028495
0.030233
0.027991
0.027915
0.028129
0.027586
0.027278
0.027920
0.027899
0.027841
0.028969
0.028431
0.027478
0.028569
0.027941
0.027772
0.028676
0.027728
0.027502
0.028447
0.027892
0.027226
0.028886
0.028127
0.027159
0.030414
0.028009
0.027266
0.028281
0.028175
0.027766
0.028235
0.028120
0.027484
0.027704
0.027444
0.027396
0.028463
0.032273
0.028401
0.028759
0.028404
0.029380
0.028950
0.028682
0.028925
0.028562
0.028748
0.030142
0.034043
0.030821
0.029391
0.029330
0.029536
0.029502
0.029280
0.029124
0.028974
0.029098
0.028200
0.029780
0.029180
0.031273
0.028438
0.028745
0.028641
0.028351
0.028849
0.028666
0.028163
0.028183
0.028326
0.028508
0.028502
0.029027
0.028780
0.029030
0.030403
0.031991
0.030242
0.031705
0.032456
0.032988
0.032766
0.051387
0.034118
0.033495
0.040676
0.043461
0.035048
0.034467
0.036192
0.040813
0.039116
0.041580
0.039241
0.039810
0.038163
0.038995
0.038067
0.037377
0.040281
0.037601
0.038013
0.035616
0.034866
0.048509
0.039982
0.040266
0.037988
0.043988
0.038349
0.036647
0.036454
0.036474
0.035956
0.035918
0.035075
0.035757
0.035822
0.035993
0.034907
0.032135
0.032864
0.032803
0.031794
0.033547
0.032912
0.032818
0.032614
0.031875
0.031888
0.031443
0.032154
0.033537
0.032953
0.032870
0.032196
0.034612
0.035545
0.033105
0.032638
0.076874
0.037154
0.034877
0.036025
0.034367
0.035010
0.036670
0.035945
0.036549
0.030914
0.031098
0.032307
0.030822
0.031173
0.031288
0.030635
0.029942
0.032010
0.033470
0.031499
0.031727
0.031785
0.030756
0.029646
0.029251
0.031959
0.029332
0.029533
0.031555
0.029902
0.029477
0.029126
0.028580
0.031617
0.031593
0.029642
0.029814
0.029848
0.029333
0.029703
0.030027
0.029461
0.029365
0.029671
0.029053
0.029265
0.030884
0.029037
0.029139
0.029600
0.029980
0.030430
0.031257
0.029583
0.029240
0.029352
0.029291
0.030969
0.030481
0.029738
0.028844
0.029148
0.029546
0.032271
0.029150
0.029303
0.031582
0.029890
0.030607
0.030272
0.029351
0.029608
0.028889
0.029332
0.029881
0.029752
0.029014
0.029106
0.029410
0.029264
0.030303
0.030135
0.029375
0.029588
0.029903
0.039384
0.032758
0.030425
0.029737
0.028889
0.028543
0.030106
0.030344
0.029449
0.029522
0.029738
0.039289
0.029942
0.029457
0.028093
0.029912
0.031549
0.029758
0.032648
0.031212
0.030395
0.031074
0.030461
0.030883
0.037539
0.035114
0.035278
0.034219
0.034068
0.035477
0.034382
0.034426
0.030255
0.029228
0.030964
0.031338
0.030232
0.030419
0.030037
0.029720
0.030493
0.030417
0.029736
0.030040
0.029760
0.029729
0.029009
0.029248
0.029856
0.029781
0.029876
0.030749
0.030319
0.029448
0.030262
0.029875
0.031043
0.052342
0.032533
0.033021
0.032111
0.032377
0.034296
0.034982
0.034277
0.034899
0.034246
0.034050
0.034690
0.033886
0.032597
0.034606
0.032415
0.032438
0.035903
0.033796
0.032706
0.034086
0.033950
0.033497
0.032820
0.032141
0.032840
0.033006
0.031928
0.032831
0.032202
0.032301
0.031236
0.032394
0.035157
0.100941
0.035495
0.034144
0.034577
0.032860
0.033307
0.032786
0.032552
0.032525
0.032784
0.032435
0.032780
0.033458
0.027764
0.027882
0.027730
0.027967
0.027153
0.028722
0.028158
0.029809
0.028801
0.030612
0.030208
0.029376
0.029941
0.029546
0.029082
0.029816
0.029818
0.029751
0.029027
0.028729
0.029238
0.029278
0.030074
0.029633
0.030219
0.066020
0.029114
0.029431
0.029080
0.028648
0.031092
0.028717
0.033652
0.029334
0.028725
0.028478
0.029448
0.029185
0.029339
0.028904
0.029445
0.030385
0.029409
0.030066
0.030002
0.029590
0.028346
0.029098
0.029392
0.030544
0.030239
0.029042
0.028347
0.028202
0.028133
0.028262
0.028232
0.028288
0.028261
0.029561
0.028886
0.029621
0.029870
0.028827
0.028988
0.029385
0.029569
0.029982
0.029376
0.028660
0.029196
0.030222
0.029428
0.028978
0.028708
0.028569
0.028939
0.028648
0.028479
0.028504
0.028317
0.028544
0.028363
0.028744
0.028189
0.028059
0.028361
0.027611
0.028501
0.028407
0.027627
0.027997
0.027699
0.027966
0.028410
0.027847
0.027856
0.027991
0.028403
0.028111
0.027842
0.028328
0.028702
0.028145
0.028392
0.028559
0.028304
0.028256
0.028076
0.028385
0.027918
0.028166
0.028643
0.028716
0.028479
0.028668
0.027883
0.028507
0.028555
0.030720
0.028966
0.027896
0.028075
0.028046
0.028050
0.028644
0.028065
0.028882
0.028974
0.028365
0.028235
0.028189
0.028301
0.028424
0.028261
0.028001
0.027826
0.027705
0.027775
0.027337
0.027941
0.028658
0.027998
0.028634
0.027606
0.028060
0.028014
0.028176
0.028394
0.028040
0.028467
0.028065
0.027856
0.046227
0.029299
0.028741
0.028675
0.028765
0.028775
0.029478
0.028238
0.027553
0.028225
0.028748
0.028964
0.028687
0.029139
0.028606
0.029470
0.028206
0.028820
0.028671
0.027992
0.029519
0.028515
0.028582
0.027883
0.027953
0.029874
0.028894
0.028191
0.028288
0.028268
0.028064
0.028700
0.028482
0.028491
0.029744
0.028691
0.028285
0.028515
0.029628
0.028698
0.028824
0.028708
0.030551
0.028132
0.028635
0.028163
0.027661
0.027570
0.027391
0.027477
0.028655
0.027336
0.027404
0.027298
0.027780
0.027437
0.027622
0.027864
0.029668
0.027925
0.027847
0.027439
0.027891
0.028007
0.028321
0.090025
0.030886
0.029348
0.029286
0.029778
0.030938
0.029502
0.029103
0.029459
0.031020
0.029974
0.030335
0.030790
0.030172
0.029464
0.029031
0.030001
0.031832
0.030154
0.030963
0.029609
0.029405
0.030072
0.029123
0.029769
0.033012
0.031435
0.029626
0.029402
0.028478
0.028708
0.028719
0.029423
0.033314
0.032314
0.030111
0.029344
0.030220
0.029798
0.029484
0.029103
0.038947
0.041909
0.041751
0.037216
0.039221
0.039192
0.045724
0.037450
0.036601
0.036546
0.036605
0.037390
0.033840
0.036069
0.036673
0.033800
0.030510
0.031276
0.029439
0.031021
0.030791
0.030233
0.030174
0.029037
0.028335
0.029245
0.028461
0.033007
0.030900
0.029923
0.029347
0.028260
0.028591
0.028859
0.029496
0.028335
0.028342
0.028384
0.027939
0.028500
0.028224
0.028118
0.028920
0.028055
0.028259
0.030083
0.028175
0.030242
0.027933
0.033443
0.029759
0.028919
0.030043
0.030890
0.028715
0.028449
0.029938
0.028891
0.028912
0.028640
0.028444
0.028587
0.029870
0.030269
0.027948
0.027717
0.027841
0.030470
0.028334
0.028517
0.028914
0.028593
0.028602
0.028847
0.028456
0.028749
0.028669
0.028914
0.028798
0.029692
0.029585
0.028816
0.028564
0.029253
0.029248
0.028683
0.028857
0.028861
0.028513
0.028429
0.028419
0.028086
0.027668
0.028288
0.046681
0.029527
0.029245
0.029458
0.028546
0.028310
0.029312
0.028882
0.027695
0.029382
0.030719
0.028058
0.028394
0.029003
0.028807
0.029737
0.029059
0.029900
0.029766
0.027646
0.032022
0.029475
0.029020
0.028178
0.029755
0.027880
0.028274
0.028683
0.029384
0.029373
0.029808
0.030931
0.029380
0.028902
0.028469
0.031678
0.031123
0.029179
0.029629
0.029976
0.029197
0.029190
0.029333
0.030619
0.028692
0.029149
0.029011
0.029506
0.028446
0.028581
0.028293
0.029367
0.029714
0.029063
0.029071
0.029875
0.029487
0.029210
0.028884
0.030427
0.029463
0.029080
0.029181
0.030659
0.028779
0.029061
0.028904
0.030984
0.029675
0.028689
0.029017
0.029521
0.030514
0.031170
0.029175
0.030919
0.030194
0.029582
0.028680
0.028711
0.028955
0.029997
0.029284
0.029431
0.029757
0.031963
0.029847
0.029678
0.029183
0.031132
0.029457
0.028252
0.029624
0.037566
0.032603
0.028798
0.029713
0.030803
0.028819
0.029510
0.030444
0.029566
0.029512
0.028232
0.028748
0.030647
0.029038
0.028419
0.028544
0.028950
0.028188
0.028568
0.027929
0.028648
0.028828
0.028060
0.028975
0.028370
0.027632
0.029324
0.028615
0.028088
0.028004
0.028318
0.029130
0.028619
0.028372
0.029730
0.028121
0.028698
0.030172
0.028287
0.028759
0.030078
0.029738
0.030989
0.029463
0.029684
0.030627
0.028573
0.028589
0.029403
0.028944
0.028429
0.028770
0.031004
0.029043
0.028873
0.030287
0.029680
0.028766
0.028922
0.031326
0.028801
0.028820
0.029738
0.030052
0.029406
0.028718
0.027713
0.028685
0.027717
0.028060
0.028000
0.028146
0.028786
0.028268
0.028576
0.028396
0.027859
0.027786
0.027954
0.027866
0.028623
0.031938
0.030178
0.029163
0.029080
0.029176
0.031309
0.031094
0.029233
0.031777
0.030159
0.034686
0.030013
0.030846
0.029810
0.030818
0.029191
0.029667
0.032327
0.030833
0.029383
0.028879
0.030489
0.028697
0.032216
0.030439
0.030375
