509	296	81	67
510	293	80	71
510	291	79	72
510	291	80	71
510	291	80	70
511	291	80	69
511	302	81	69
519	308	82	70
532	311	82	70
536	309	80	72
536	309	80	73
537	311	80	72
536	313	80	74
536	316	78	73
533	317	81	73
535	316	78	74
534	314	78	74
532	310	80	77
532	310	78	75
533	306	75	77
536	302	73	80
538	301	74	83
543	299	69	82
542	297	73	84
545	299	76	83
549	296	68	83
448	306	170	73
391	309	75	72
552	301	51	79
550	303	71	78
552	300	73	80
552	299	74	81
553	297	77	80
561	300	73	76
550	293	83	82
554	294	104	79
518	297	104	70
551	296	86	73
532	297	69	72
550	293	88	73
549	293	82	72
547	292	83	72
545	295	84	72
542	291	85	75
539	295	79	73
438	289	108	78
535	292	93	77
540	292	82	74
536	289	86	77
538	289	87	76
534	286	90	77
538	284	91	76
537	283	82	78
533	284	88	78
533	285	89	74
531	283	89	76
536	283	86	75
531	282	91	77
536	283	88	77
535	282	89	78
534	282	91	78
534	282	94	78
534	282	100	78
533	282	84	77
538	279	91	81
537	281	83	77
533	279	102	78
532	278	97	77
538	279	104	78
535	274	105	81
537	277	87	77
537	279	95	78
537	278	88	77
539	280	88	79
540	282	91	79
543	284	86	76
543	284	88	80
543	286	90	80
544	287	94	81
539	285	98	82
543	288	91	79
542	285	89	81
546	286	93	78
551	283	87	80
552	281	80	83
553	283	83	80
552	279	89	84
551	282	99	82
555	284	103	82
556	284	94	83
555	286	115	84
551	288	104	83
551	290	100	82
550	290	87	79
550	286	86	85
550	290	83	81
548	287	86	88
549	285	85	87
550	288	81	85
549	288	80	88
554	287	82	87
562	292	81	85
568	294	85	87
575	297	89	89
583	296	88	89
585	296	83	90
585	299	81	86
582	295	81	90
576	300	83	87
571	299	84	90
569	300	84	90
566	296	86	92
565	299	99	89
556	293	97	91
560	296	137	88
559	292	89	89
561	291	96	90
563	288	87	91
563	286	88	91
567	287	86	90
568	289	83	90
567	288	86	91
567	291	85	89
565	291	88	90
557	295	96	85
552	297	102	81
559	296	95	85
551	294	99	84
562	289	87	87
555	287	89	87
557	288	89	85
558	287	89	85
558	287	90	86
557	289	89	84
554	289	91	84
553	288	90	85
548	289	94	87
548	289	94	88
549	291	94	88
551	291	88	90
550	293	89	88
550	294	90	90
550	294	89	91
547	295	96	90
548	295	90	88
545	295	94	88
548	293	91	91
549	291	87	91
552	290	86	93
551	293	85	86
553	288	86	92
554	293	85	90
558	294	82	89
558	295	83	91
560	296	86	90
560	298	86	89
562	296	86	89
565	297	84	92
567	300	84	92
566	301	87	94
565	303	90	93
565	303	90	93
569	306	85	89
565	302	85	90
568	305	83	86
566	302	85	91
565	304	83	87
567	305	85	87
567	304	87	90
567	305	86	92
591	315	126	84
566	310	91	87
613	314	107	83
572	314	80	87
576	314	76	90
576	311	77	94
579	310	75	95
582	307	73	97
584	306	71	97
586	305	70	96
586	306	73	93
588	306	71	90
590	305	72	87
589	305	73	88
594	304	73	90
594	302	74	90
608	302	128	91
598	309	68	86
597	306	67	89
602	314	68	83
598	310	70	88
601	308	68	89
602	307	65	89
601	304	66	91
601	300	67	93
602	300	69	91
604	303	66	82
602	302	68	85
603	300	68	84
602	298	71	86
646	302	82	81
602	294	71	88
655	300	76	84
602	299	71	82
651	302	78	80
602	302	66	82
605	299	66	86
604	297	65	88
603	295	65	86
602	293	66	87
603	292	64	83
603	291	65	83
604	289	67	83
604	286	67	85
605	283	65	87
606	280	60	87
607	281	59	86
607	282	61	87
605	284	67	86
603	286	68	84
603	287	68	83
604	285	68	83
602	287	70	82
604	284	70	84
602	285	69	82
603	285	66	78
603	284	65	78
602	281	67	80
601	280	67	80
599	277	68	80
599	277	67	79
599	277	68	80
598	279	66	78
598	283	65	76
595	285	67	75
597	286	67	74
594	287	68	74
594	286	70	75
590	287	65	70
594	286	67	71
593	289	69	70
592	284	71	72
592	281	72	72
591	279	67	72
591	277	73	74
592	278	68	71
591	277	71	70
593	280	69	69
592	281	72	70
593	278	73	73
594	280	71	71
592	277	76	73
591	281	69	69
592	280	72	70
592	281	71	70
594	279	71	72
591	281	75	71
591	278	74	71
591	276	73	71
592	274	71	70
593	275	69	69
593	276	72	70
594	275	70	69
595	275	70	70
595	275	70	71
598	275	68	71
601	276	65	72
599	277	61	71
604	280	69	70
601	284	61	67
602	282	70	68
602	285	69	69
601	283	68	67
601	282	69	69
600	281	67	71
602	277	68	73
603	280	64	70
603	279	68	72
604	283	69	68
606	283	67	68
605	284	66	69
609	281	70	72
612	283	72	72
613	281	74	74
617	289	67	68
612	287	69	69
612	289	69	68
612	285	72	71
612	283	73	72
615	277	74	75
616	278	66	73
615	279	80	72
616	278	76	71
617	279	78	69
618	282	80	68
619	282	79	69
618	282	76	68
618	282	80	69
619	284	82	69
621	286	75	67
622	290	76	67
623	292	75	65
622	292	74	67
622	290	75	68
619	290	74	70
619	289	80	70
622	289	72	70
623	290	78	73
626	291	76	71
629	289	72	72
629	290	72	72
627	290	73	72
625	286	77	75
623	287	79	74
622	289	81	73
621	290	74	71
619	294	71	68
617	292	73	69
617	291	72	70
614	290	76	71
612	285	80	76
610	285	81	76
609	287	78	73
607	287	74	72
605	286	69	71
602	287	68	71
602	287	66	70
597	289	69	68
592	286	121	63
590	287	73	69
590	291	67	64
589	293	69	63
587	289	71	66
588	290	71	67
585	286	71	70
581	285	74	70
583	286	71	68
580	284	69	69
579	283	66	68
575	282	68	69
576	282	61	69
574	279	67	70
572	280	62	67
570	282	64	67
567	284	64	65
565	285	62	65
564	286	61	66
558	286	66	68
555	285	65	70
550	285	70	70
547	287	72	70
540	289	75	68
535	291	72	65
532	290	68	65
529	289	66	65
523	288	66	64
521	289	63	62
514	289	69	62
511	288	64	62
506	287	65	64
504	285	66	65
499	284	70	66
493	284	73	67
487	285	78	69
486	288	76	65
479	287	82	66
473	291	83	63
471	288	71	64
467	290	67	61
459	289	74	62
458	290	74	60
454	290	71	60
452	291	62	59
453	292	132	54
446	291	68	63
444	297	68	60
440	290	72	67
439	296	69	65
435	297	77	67
433	298	77	67
429	302	127	59
427	302	101	62
426	304	67	65
421	300	70	69
421	303	67	67
418	298	68	71
418	302	66	69
419	302	67	68
418	303	66	67
411	303	71	66
407	303	69	65
403	304	70	62
401	302	74	64
396	300	75	65
395	301	75	64
394	303	74	68
394	309	73	63
392	312	95	58
470	307	67	58
394	313	64	64
394	316	63	63
393	313	65	66
394	311	62	69
391	313	63	68
394	316	63	66
398	318	59	67
395	322	61	64
394	320	63	67
394	323	63	65
394	323	64	66
394	325	65	67
396	326	64	68
397	327	64	67
399	328	58	66
402	328	57	66
401	328	55	66
401	330	53	66
399	331	54	68
399	336	52	69
400	340	52	69
406	342	50	67
409	338	49	68
407	340	51	66
408	341	50	67
407	340	50	67
409	343	49	65
410	343	50	66
414	341	50	68
417	339	52	70
421	338	51	70
425	341	49	65
430	343	47	62
434	341	46	62
439	337	45	65
442	335	45	65
446	334	45	66
450	334	45	67
453	335	43	67
455	334	45	67
457	331	46	66
458	332	47	63
459	331	48	67
462	329	48	69
463	330	49	66
466	331	48	66
468	331	49	67
469	330	51	67
472	329	49	66
474	331	47	63
477	330	45	62
481	329	45	61
482	329	47	64
486	329	46	63
487	328	43	63
490	329	41	63
491	331	42	62
494	331	43	63
495	331	46	63
496	333	48	62
497	331	49	65
500	330	48	65
505	329	45	65
505	331	48	61
506	330	48	62
508	328	53	63
514	328	48	61
521	330	45	58
524	330	44	58
526	331	44	58
529	329	43	59
532	331	44	59
535	331	44	60
536	332	45	61
536	333	47	62
540	333	47	63
543	333	45	63
544	331	47	64
546	332	44	63
547	332	42	63
549	330	41	64
549	330	41	63
549	329	40	62
548	329	44	62
549	332	43	59
550	331	43	60
550	331	42	61
552	331	43	62
554	332	44	61
555	333	43	61
556	333	42	61
557	334	44	64
560	335	40	62
560	334	42	62
561	333	42	62
560	332	45	62
561	332	45	63
561	330	47	62
562	329	49	63
562	328	50	64
564	328	50	65
565	327	52	65
568	328	53	64
568	328	54	63
569	327	55	62
569	327	55	62
569	326	57	62
569	327	55	61
567	324	62	63
567	326	60	61
566	323	64	63
566	320	65	63
566	318	61	63
565	317	61	62
566	314	62	62
566	312	62	62
568	314	59	62
567	312	62	63
565	310	62	62
565	312	61	61
568	314	63	61
566	310	65	65
567	313	63	63
568	312	65	63
568	311	65	64
569	313	65	63
569	311	66	64
569	311	67	63
568	310	70	63
569	309	70	62
571	307	71	63
572	307	73	62
572	306	70	63
572	308	73	60
572	308	70	60
576	307	67	62
579	306	63	63
580	306	63	63
582	305	62	63
583	305	61	63
584	304	61	63
584	304	61	63
583	306	64	63
584	305	63	63
583	302	65	64
584	303	64	62
585	301	63	62
585	301	62	63
586	300	63	64
585	303	63	62
584	304	66	63
586	304	67	63
585	306	68	63
583	307	71	64
584	311	72	63
583	314	75	62
583	317	77	61
584	317	73	62
584	317	71	62
585	317	66	62
587	315	63	65
589	316	61	64
590	316	60	63
589	318	61	63
590	318	61	63
592	318	62	64
591	321	63	63
592	322	64	64
593	321	66	65
594	323	64	64
595	325	63	64
596	325	63	64
597	327	64	65
597	326	62	65
597	328	63	64
598	327	63	66
597	328	67	64
597	325	69	66
598	326	69	65
595	325	71	65
595	324	70	66
596	325	68	64
598	325	66	64
598	325	65	65
596	325	65	66
523	325	123	67
376	327	51	58
378	329	49	58
433	331	84	57
587	330	50	65
585	329	70	67
585	328	69	67
583	328	72	67
584	326	71	67
586	324	66	67
587	323	67	68
586	323	67	67
586	322	68	68
585	324	70	68
587	325	70	68
586	326	70	68
583	326	75	69
582	327	80	70
582	327	81	70
581	327	85	70
582	327	84	71
581	326	86	71
581	326	84	70
582	325	80	70
582	326	77	68
581	324	75	68
582	323	74	69
578	325	76	69
581	324	74	70
580	326	78	69
579	326	80	69
577	328	82	69
577	329	81	69
579	329	80	69
578	329	83	70
579	326	82	71
578	326	83	71
581	326	78	69
581	323	78	70
585	323	78	70
587	321	78	70
588	320	82	69
587	321	84	69
588	320	86	71
586	320	88	71
586	324	94	69
585	324	93	69
587	326	92	69
588	324	86	71
589	325	81	70
590	324	80	73
592	323	78	73
592	323	77	73
593	322	79	74
593	324	79	71
594	325	77	69
600	325	70	69
596	323	75	71
595	323	76	72
592	322	79	73
592	324	77	71
593	325	75	70
594	327	76	70
592	329	73	69
596	329	70	71
595	327	73	71
596	327	72	73
597	325	71	74
598	322	71	75
606	324	64	72
608	326	63	66
567	325	101	67
574	325	99	66
601	318	74	72
528	325	84	63
534	328	102	63
608	321	71	69
540	324	73	63
541	324	72	65
544	323	65	64
542	322	73	65
552	321	122	67
546	320	66	66
606	315	71	70
547	317	122	66
551	312	63	68
612	309	74	71
614	311	75	68
617	310	69	68
618	308	71	68
621	309	68	66
625	307	67	68
625	308	64	68
626	306	65	70
627	306	63	71
629	309	66	69
628	310	67	69
630	307	69	72
631	309	59	71
629	307	69	70
631	308	66	70
635	306	63	70
633	304	61	69
634	304	66	70
634	301	65	70
634	300	66	69
633	302	66	67
634	303	67	67
633	302	69	66
634	304	65	65
633	304	67	65
632	303	67	65
632	303	67	65
632	302	68	65
632	302	69	64
633	300	66	66
632	298	70	68
634	299	68	67
635	295	68	68
638	294	63	68
631	293	66	68
636	295	62	67
636	296	63	68
637	299	62	65
634	301	63	66
633	305	65	64
632	303	68	68
631	304	71	68
631	301	71	70
629	301	72	70
628	300	73	70
628	301	73	69
628	298	73	71
629	300	72	68
627	299	74	69
629	299	73	68
628	299	72	68
628	301	73	67
631	301	71	68
633	302	67	67
630	304	68	67
630	302	67	70
625	303	69	71
626	304	70	71
631	304	66	72
638	306	58	69
639	312	57	63
640	308	54	67
640	306	54	69
641	303	53	69
639	302	55	70
641	303	53	69
643	303	52	69
643	304	52	69
643	313	52	62
644	314	50	62
644	312	48	64
643	310	49	65
644	310	49	65
641	305	54	71
645	309	51	66
645	310	51	65
647	307	50	69
646	305	52	71
647	303	54	71
652	303	51	69
652	302	53	69
654	301	53	69
587	303	97	69
506	304	55	65
509	304	55	67
396	312	51	58
396	312	81	59
506	309	62	66
393	312	58	58
507	313	51	62
397	311	56	60
420	313	138	62
674	310	31	68
678	311	46	69
678	313	48	67
681	313	46	67
682	309	46	69
644	310	46	66
646	310	83	64
511	310	62	64
651	309	34	70
549	312	27	64
512	314	60	63
641	316	46	69
528	317	50	63
512	316	59	63
393	317	41	55
381	315	61	56
383	313	56	58
382	313	58	57
383	313	60	58
382	314	56	57
382	316	59	57
380	316	61	57
384	318	64	57
387	318	57	56
388	319	59	56
390	321	57	56
389	321	54	56
389	324	54	55
389	325	52	54
388	323	56	56
389	321	55	58
388	321	52	58
390	320	48	60
391	319	47	60
391	320	51	58
393	320	49	58
392	322	50	56
392	322	49	57
394	323	49	58
396	324	48	56
396	325	49	57
395	327	50	58
396	330	47	54
397	330	44	53
397	327	46	53
398	327	44	52
396	325	45	53
396	325	45	54
395	325	49	55
394	325	49	56
393	324	46	54
393	325	46	52
392	325	45	52
392	325	45	52
390	324	49	54
391	325	47	53
390	327	47	52
391	329	47	51
390	329	48	52
390	329	47	54
391	327	45	55
390	326	44	54
390	323	48	56
391	321	47	57
391	323	48	55
391	320	49	57
392	321	45	55
393	323	44	53
393	324	41	51
391	322	44	52
392	324	45	53
393	325	43	53
393	325	42	54
394	329	42	52
395	331	42	50
394	332	42	50
425	330	66	54
540	330	57	62
545	326	65	66
637	326	73	64
538	326	69	64
536	325	69	64
542	325	151	65
636	322	72	67
635	325	78	66
541	326	98	65
537	324	70	67
633	325	77	68
636	326	70	70
533	329	70	64
613	329	91	67
535	330	74	64
636	329	70	67
534	332	74	64
635	330	72	66
536	328	73	66
634	326	76	68
635	326	74	69
619	325	90	69
573	324	139	70
538	321	66	70
629	324	84	68
540	321	86	70
635	325	83	68
540	326	68	69
554	324	157	73
539	323	65	73
540	325	66	71
542	327	64	71
543	326	64	72
545	324	67	72
549	326	162	71
639	325	77	70
559	325	144	71
555	323	66	70
645	327	77	69
635	326	87	70
557	328	76	68
650	325	76	71
558	330	64	68
587	330	138	69
560	329	76	70
559	332	64	68
558	329	62	73
558	330	67	71
559	327	62	73
558	326	63	74
558	327	63	73
559	325	64	74
559	327	65	71
561	325	63	73
561	324	61	73
562	330	61	71
561	325	61	77
562	327	63	75
562	332	64	71
562	331	63	74
563	333	67	72
630	335	92	71
563	337	78	68
596	331	129	74
563	333	68	71
567	332	129	72
565	332	69	72
566	329	73	76
424	335	45	62
415	339	52	57
415	337	55	58
417	337	56	59
419	338	54	60
420	338	53	61
420	336	51	60
420	337	50	59
420	337	51	60
422	338	51	58
424	338	54	60
423	336	49	60
425	340	53	57
423	338	52	59
424	338	52	58
457	335	98	63
566	331	76	73
541	332	102	74
423	335	54	62
560	333	27	68
566	339	81	67
428	335	47	63
425	343	54	56
424	342	54	59
423	344	54	57
427	341	55	61
425	340	54	62
427	339	53	62
430	340	50	60
430	339	50	60
430	340	52	59
434	339	50	58
434	334	58	62
433	335	56	61
432	334	57	63
433	336	55	59
436	337	61	59
436	340	55	57
435	340	57	59
434	338	62	63
436	334	76	67
436	338	62	63
437	334	59	64
437	334	76	64
589	327	50	78
591	331	79	75
591	331	77	73
591	326	74	78
521	326	116	74
597	322	66	78
597	326	65	74
600	326	66	76
601	321	64	81
600	329	70	73
600	323	67	80
470	326	77	69
604	332	67	72
605	325	67	80
462	322	44	69
351	334	68	57
473	326	59	64
354	331	69	59
503	328	36	61
464	329	47	57
465	329	76	58
465	323	47	63
357	331	65	59
467	328	48	62
359	334	103	60
466	330	48	63
357	337	100	60
465	330	48	67
352	336	62	63
463	333	52	65
499	331	117	68
461	331	53	67
343	340	73	62
459	332	56	68
338	339	78	63
460	332	58	68
337	340	72	63
458	332	61	68
333	344	75	61
414	338	105	64
334	347	79	61
316	351	129	59
454	342	62	65
331	350	72	63
449	343	65	66
323	351	78	62
355	350	161	59
320	350	99	64
447	343	70	63
