107	452	213	70
137	446	206	68
165	445	200	66
164	444	201	65
189	441	194	64
212	440	190	63
234	438	186	61
254	436	183	60
256	437	184	59
275	435	179	59
293	433	177	59
313	431	175	58
333	430	171	57
334	430	173	57
354	429	170	56
375	429	167	55
397	428	163	54
419	427	161	53
418	428	161	52
438	427	157	52
457	427	155	51
473	428	152	50
489	429	149	49
490	429	150	49
503	429	148	48
518	430	146	48
534	431	144	49
548	430	139	49
548	430	141	50
563	431	135	50
577	429	130	51
591	429	125	51
603	428	120	51
603	429	120	52
615	428	114	51
627	428	110	50
638	427	105	50
648	426	101	50
648	426	103	50
656	426	98	50
665	423	93	51
673	424	91	50
681	420	88	51
683	421	85	50
688	421	81	49
692	417	78	50
696	414	72	48
700	412	67	47
700	413	67	47
703	411	64	46
704	408	61	48
705	406	58	48
704	407	58	47
704	406	57	47
703	407	56	45
701	407	55	44
697	410	55	39
692	406	55	41
692	408	54	40
688	410	55	36
682	406	54	38
677	404	54	38
671	405	52	36
672	405	51	37
664	405	53	35
657	405	53	32
649	403	51	33
638	400	52	33
639	399	51	34
628	402	52	30
617	399	52	30
606	396	54	31
596	392	56	34
596	391	55	35
585	389	60	35
575	386	63	37
566	385	66	36
558	383	68	37
558	384	67	36
550	382	71	37
543	381	75	38
539	380	78	37
535	379	81	38
533	379	82	38
531	378	83	38
528	377	88	38
527	377	88	37
528	376	88	37
528	375	87	38
528	376	88	37
529	375	90	38
532	375	91	38
535	374	95	38
535	375	94	38
539	375	97	38
543	375	97	37
550	377	100	37
555	378	104	37
555	377	102	38
561	379	106	38
570	381	110	39
578	381	112	39
588	384	115	39
588	382	115	41
600	385	114	40
613	386	114	42
626	387	113	44
640	389	111	46
639	390	112	45
654	394	110	45
668	395	109	46
682	398	104	47
696	400	98	47
696	396	98	51
710	399	91	50
724	398	82	51
734	399	73	51
743	399	64	50
744	399	62	51
748	399	57	51
750	397	56	52
748	393	56	57
744	395	58	56
744	396	58	55
740	395	59	56
732	398	60	55
724	406	61	49
715	405	61	50
715	400	61	55
705	409	63	48
694	412	64	49
687	411	64	54
679	410	63	56
675	410	65	55
670	411	62	57
662	411	63	59
654	414	63	58
647	412	62	61
645	411	63	62
640	412	63	62
636	413	63	63
633	417	62	61
627	422	64	56
627	418	63	59
620	425	64	54
613	427	64	52
600	425	66	55
588	427	67	54
588	425	66	56
576	427	67	56
558	426	68	58
542	433	70	52
524	430	69	56
523	427	71	58
504	434	71	52
486	433	70	54
466	436	71	52
446	438	71	50
447	437	71	51
426	436	73	51
409	433	74	55
391	432	77	56
376	430	80	60
376	431	81	58
365	429	83	60
354	431	88	60
345	427	91	62
338	428	95	62
339	427	94	62
334	426	99	62
332	424	102	63
332	423	104	63
334	422	106	62
333	422	107	62
337	423	109	60
344	423	110	59
350	423	116	59
359	427	119	61
358	426	121	61
370	427	117	62
383	431	118	62
394	428	119	62
409	428	122	62
409	428	124	63
425	429	128	61
445	429	127	61
466	428	126	62
489	430	123	61
490	430	123	61
515	431	117	62
543	431	110	63
568	433	106	65
593	431	99	68
594	431	99	68
619	432	91	68
642	428	83	69
665	421	74	70
665	424	75	68
682	415	71	71
695	402	74	78
707	403	76	73
717	407	77	63
715	408	79	63
723	400	78	67
720	408	85	60
720	412	89	59
717	416	92	57
721	417	90	57
708	420	99	56
698	417	104	58
685	418	109	62
671	419	110	61
670	418	110	62
658	412	107	70
644	420	102	67
623	414	103	65
592	421	108	62
598	423	104	59
579	423	97	60
554	425	96	61
538	421	91	62
512	425	89	58
517	427	84	57
502	440	82	47
481	439	78	47
465	441	75	48
444	439	78	49
445	438	77	48
430	437	78	52
412	432	80	55
394	433	84	55
377	432	89	55
377	434	88	52
363	425	95	60
352	424	95	60
345	425	99	58
341	423	99	60
342	423	98	60
337	423	105	59
335	422	109	59
335	420	111	59
340	419	110	59
340	419	110	60
342	418	114	59
349	417	114	60
356	415	113	59
364	415	115	58
363	416	113	59
373	415	113	59
384	414	108	58
396	414	109	58
409	412	111	58
409	410	108	60
423	411	110	59
442	410	112	58
462	412	114	57
486	413	118	57
485	412	115	58
511	413	121	58
539	416	112	56
568	421	108	54
597	422	106	55
599	422	100	55
628	426	93	54
659	423	94	58
691	426	85	58
717	426	79	60
718	425	79	61
747	422	75	66
770	421	78	68
797	424	78	66
827	432	78	57
827	436	77	53
856	426	79	63
886	430	81	58
912	433	84	54
932	431	87	55
932	432	87	54
946	429	103	57
962	422	105	61
959	420	120	64
968	419	122	62
967	418	124	64
971	417	128	63
967	415	136	65
966	412	140	65
960	411	144	66
958	411	147	66
954	411	145	66
944	410	149	65
933	412	150	64
920	414	150	62
916	414	153	63
902	415	147	63
873	415	154	65
848	414	147	68
827	410	140	75
826	410	141	75
814	420	124	66
784	422	127	66
774	427	111	63
749	425	114	65
749	425	113	65
735	424	107	67
721	426	103	64
710	426	97	66
694	428	96	63
691	428	100	64
676	424	98	67
659	427	96	63
645	429	90	62
634	430	79	59
635	431	78	59
622	424	77	66
611	423	76	66
607	419	75	70
602	417	74	72
602	417	76	71
599	415	75	73
597	418	76	68
597	419	77	65
599	418	78	65
598	418	79	64
603	418	85	63
613	419	92	61
630	416	101	62
653	415	96	63
652	415	98	62
680	407	85	69
713	409	84	68
744	405	80	70
774	395	81	83
773	408	83	70
806	410	83	71
834	412	81	66
857	418	85	56
873	411	91	62
869	413	97	61
880	409	101	63
890	408	102	64
905	410	97	59
919	411	96	58
919	411	99	57
931	413	99	54
933	411	109	55
940	403	116	58
938	401	124	59
936	400	125	61
936	401	129	59
933	401	128	59
926	400	128	60
916	399	131	58
915	398	132	60
906	396	130	59
897	398	125	59
892	399	118	56
870	395	125	59
870	396	124	59
861	393	122	57
848	390	115	59
826	396	116	53
798	392	120	55
798	386	120	61
788	391	104	54
758	385	110	59
737	389	106	56
717	388	101	56
719	389	100	55
696	388	99	55
677	387	96	54
660	389	92	52
650	390	87	54
648	387	91	57
626	385	92	62
611	385	96	53
590	388	74	51
577	379	72	51
577	379	69	53
562	379	96	50
547	369	102	48
534	374	121	46
530	369	122	44
530	369	121	43
529	370	127	42
532	370	127	41
536	369	127	42
541	373	126	40
542	371	126	42
545	372	124	41
551	374	123	40
554	378	121	39
556	378	127	40
556	377	126	40
562	380	129	40
568	378	133	42
575	380	132	42
584	383	128	42
584	378	133	46
596	384	127	44
615	385	104	48
634	379	92	48
651	386	81	48
652	386	80	47
665	388	76	47
682	386	69	48
693	390	72	46
708	387	68	47
708	387	68	47
718	389	69	48
729	389	72	46
738	391	70	47
747	395	67	45
747	395	67	46
755	399	62	43
760	398	62	46
764	398	60	48
768	391	57	53
766	396	59	48
765	384	61	60
757	389	66	54
751	386	64	56
743	392	64	52
741	394	66	50
732	396	64	46
721	386	63	53
706	379	65	60
692	372	72	67
693	375	76	64
688	379	63	56
676	390	60	45
665	391	57	42
654	387	56	43
655	387	55	43
643	385	56	43
631	383	57	43
621	380	62	44
611	380	64	43
612	381	64	42
604	379	66	43
599	376	68	43
595	375	71	43
595	371	71	45
595	372	71	45
598	373	71	42
603	369	70	44
608	369	67	43
616	368	62	43
617	368	61	42
622	367	57	43
628	367	53	41
631	368	53	38
631	368	52	38
633	368	54	36
631	365	57	36
625	360	63	38
612	359	71	37
612	361	70	36
604	361	71	33
587	359	76	35
574	359	76	36
564	362	71	37
562	360	73	39
554	365	65	41
540	373	69	35
535	373	63	34
529	375	60	34
527	374	60	33
520	374	63	33
512	374	61	33
499	373	65	34
490	372	62	36
488	372	64	36
481	373	59	37
472	372	59	40
468	381	53	36
463	381	52	37
464	380	51	37
456	375	54	44
453	374	54	43
452	376	51	41
451	368	51	46
451	373	52	41
454	373	50	39
457	375	49	38
462	375	49	37
468	375	49	37
467	373	50	40
473	379	49	35
479	378	49	36
482	381	49	35
487	380	48	36
485	379	50	37
489	382	50	35
492	383	50	36
495	376	49	38
498	373	49	38
497	373	51	39
499	371	52	39
501	371	51	38
504	366	53	39
506	361	54	40
509	366	51	36
512	360	53	40
516	355	50	42
518	357	52	38
512	352	59	43
512	353	59	42
518	358	52	36
518	356	51	37
517	352	50	39
516	350	50	40
518	352	49	38
515	350	49	40
519	355	46	35
515	352	46	37
516	354	46	35
515	354	47	35
513	353	47	34
514	353	46	36
512	352	48	36
514	354	48	36
514	353	48	37
512	357	50	35
511	366	53	34
510	370	49	34
509	376	48	33
508	375	48	33
505	380	47	34
504	385	48	34
499	388	49	34
496	391	50	34
496	390	49	34
492	391	52	35
490	387	52	35
488	390	55	36
486	390	56	37
486	389	56	37
486	390	57	37
487	391	57	37
486	393	58	37
488	395	62	37
488	395	62	37
490	397	65	38
494	397	66	38
500	397	66	38
507	392	67	37
507	390	68	39
516	383	69	39
525	381	69	39
537	374	72	40
550	375	73	40
551	374	73	40
567	377	74	39
583	378	70	39
601	380	64	40
616	381	59	41
616	381	59	41
633	380	53	42
641	377	51	45
649	380	49	43
652	379	48	44
652	381	48	43
655	379	49	44
655	381	49	43
657	380	49	42
658	383	49	41
658	380	50	44
660	378	50	44
662	376	49	45
664	373	50	48
664	372	54	49
664	373	54	47
662	374	58	47
655	379	62	45
644	383	70	44
634	385	70	44
634	383	69	45
632	388	61	43
621	397	58	37
601	391	61	45
586	393	58	44
585	392	59	45
564	397	60	43
538	399	66	41
511	399	63	41
484	397	65	42
485	400	64	40
463	395	63	43
444	395	67	44
428	393	69	46
416	394	71	45
416	393	70	46
403	393	73	46
391	392	76	47
382	392	78	48
376	392	79	48
377	392	80	47
374	391	82	48
376	392	82	48
377	392	82	49
381	394	81	48
383	393	80	48
387	395	80	48
392	394	79	49
398	395	72	48
399	397	72	47
400	398	71	47
400	399	70	47
395	399	72	47
393	401	73	47
394	401	73	47
394	402	72	48
393	403	72	47
393	403	74	47
393	400	75	48
394	400	75	48
395	400	75	48
397	398	75	48
398	397	75	48
403	394	75	48
408	392	75	47
408	391	74	47
413	387	76	47
421	383	76	47
430	377	77	46
443	375	78	45
444	375	78	45
455	371	75	45
468	369	69	43
480	368	66	42
493	367	65	41
493	367	65	41
505	365	64	41
519	364	64	40
532	361	62	42
548	364	61	40
548	364	61	40
563	366	61	39
581	366	56	40
594	370	54	36
610	369	48	36
610	371	48	35
619	370	47	36
629	371	46	35
636	368	48	37
645	367	46	37
645	368	46	36
645	367	49	36
652	364	47	36
652	363	49	35
657	361	50	34
653	360	53	35
649	359	62	33
642	353	75	35
624	353	96	31
612	351	104	31
612	351	105	32
596	351	110	30
582	352	112	28
567	351	115	27
556	349	115	29
556	352	116	27
549	348	114	29
543	349	112	26
540	347	110	27
535	349	110	26
534	347	110	28
528	349	108	28
524	350	107	28
518	351	103	28
518	356	94	28
527	356	86	28
501	360	92	27
509	367	60	27
489	369	60	29
472	371	61	31
462	371	70	30
443	372	70	34
436	379	58	31
412	345	60	67
403	380	52	36
400	377	55	40
397	379	52	37
397	378	58	38
398	383	58	34
400	384	60	31
405	385	54	31
393	384	61	31
390	384	61	34
384	388	50	29
375	391	51	30
373	389	52	32
358	389	59	32
351	380	58	38
353	387	49	34
347	390	49	32
347	393	52	29
342	394	51	30
343	392	51	31
342	392	55	32
340	391	54	33
343	391	51	33
343	395	55	32
348	395	52	33
350	398	52	30
349	399	52	29
353	399	50	28
353	400	50	28
354	399	48	28
355	395	48	31
354	396	48	30
358	394	42	31
360	390	45	31
372	395	44	30
381	390	43	33
381	393	42	30
391	394	45	27
396	390	46	28
406	389	45	29
407	380	47	33
405	381	47	31
342	381	124	34
395	378	74	36
426	380	53	34
417	381	72	31
413	380	74	32
422	378	81	33
435	375	80	36
468	369	73	29
464	364	89	32
461	362	91	33
472	364	90	33
487	369	72	29
489	374	64	27
493	374	53	28
494	376	52	27
498	369	44	31
492	373	49	28
482	373	59	26
471	366	63	31
470	365	65	31
461	365	58	31
454	365	53	31
446	363	55	35
449	370	63	35
449	370	62	34
458	377	59	33
465	377	54	35
469	381	54	34
472	382	52	33
472	382	52	33
473	381	53	31
472	372	53	33
470	364	53	33
472	364	52	30
473	364	52	30
468	361	51	30
469	363	51	31
461	362	54	31
462	368	56	32
463	368	56	32
460	370	58	34
461	373	61	35
462	374	63	33
466	373	64	34
467	373	63	33
468	370	65	34
475	370	64	35
479	368	63	35
484	371	66	36
485	372	65	34
490	372	67	34
497	374	67	35
505	375	67	34
512	377	69	35
512	378	69	34
523	374	69	34
533	369	69	36
548	364	71	36
566	360	72	36
565	360	72	36
587	356	73	37
614	351	69	36
643	352	63	36
672	350	57	36
672	350	57	35
698	357	53	33
719	359	52	29
736	368	49	25
743	363	55	28
740	364	58	28
750	362	55	28
751	358	58	29
745	356	65	29
739	357	66	29
738	359	67	28
731	359	67	28
718	360	68	30
712	363	62	31
705	373	55	26
702	372	56	26
680	370	62	30
665	373	58	28
655	375	53	27
634	377	57	26
636	378	55	26
621	376	54	27
610	373	51	30
597	373	53	32
588	372	45	33
587	372	46	32
580	374	49	32
576	372	49	31
575	370	48	31
572	368	49	30
572	368	48	31
572	368	48	29
571	366	48	29
567	365	49	29
567	366	49	28
566	365	49	27
565	362	48	28
563	362	47	27
560	362	47	27
556	361	49	29
556	363	49	27
553	363	48	29
551	364	45	31
543	364	47	28
535	364	48	29
535	364	48	29
529	364	51	30
522	364	55	31
518	365	58	29
515	362	58	29
515	362	57	29
515	358	58	30
514	357	60	29
518	354	61	30
516	350	60	29
517	352	58	29
521	347	59	29
522	341	58	28
524	337	59	31
524	339	59	29
523	338	60	29
525	344	62	29
530	344	61	30
534	345	62	29
538	346	61	29
538	347	62	29
543	347	62	29
549	349	62	29
555	351	63	29
561	351	64	28
561	351	64	28
568	350	64	28
577	350	64	29
585	349	63	29
593	350	62	29
593	350	62	28
602	351	62	28
613	353	61	28
623	354	59	28
633	355	60	28
633	355	60	28
646	357	58	29
661	359	55	29
675	359	49	29
687	361	47	27
688	360	46	27
694	357	46	27
700	357	41	25
702	353	41	25
703	350	38	28
703	350	38	27
704	353	39	27
704	360	39	24
699	362	41	24
691	362	41	24
691	363	41	22
688	358	40	25
683	353	42	26
681	352	40	24
680	352	41	23
680	351	41	24
680	351	40	23
684	352	39	24
687	354	39	21
691	355	40	20
690	353	42	21
687	355	42	19
684	351	41	20
681	353	41	19
677	353	45	21
677	353	45	20
672	356	47	22
675	356	46	21
670	356	49	23
665	355	60	23
677	356	49	22
663	354	62	23
649	350	81	23
640	343	89	24
628	339	95	22
627	338	97	24
619	328	98	25
612	326	103	24
607	322	107	23
603	322	107	23
602	322	108	23
594	329	108	25
590	331	107	25
581	334	104	25
577	337	102	24
576	336	101	25
569	338	100	23
563	339	101	23
559	342	102	24
554	343	102	25
553	344	102	25
547	344	103	25
539	346	104	26
532	347	104	26
522	346	105	28
522	347	105	27
516	347	105	28
509	350	102	34
498	352	106	28
492	352	101	29
493	353	98	28
463	331	116	51
472	348	91	32
463	348	83	34
455	350	80	33
451	350	85	33
444	351	78	33
432	350	79	36
415	352	80	34
401	356	82	33
398	357	83	33
384	358	82	33
302	279	95	92
359	366	76	34
360	373	62	30
360	374	60	28
342	375	67	30
324	379	74	31
316	382	72	30
312	381	73	30
308	387	68	31
299	389	68	31
295	390	66	30
296	392	64	32
297	392	64	31
302	392	59	32
307	402	60	30
305	399	66	36
309	405	66	33
310	403	65	35
308	400	72	35
308	393	70	36
309	387	75	31
310	382	74	32
312	382	73	31
315	376	72	33
325	378	67	30
336	379	64	30
342	380	65	31
343	379	65	31
349	381	64	31
354	386	63	34
357	396	63	34
360	404	62	32
358	404	64	32
355	405	63	32
353	408	60	31
348	404	57	31
345	404	55	30
347	405	54	29
345	401	51	28
343	397	53	29
344	396	55	29
342	397	56	27
342	397	56	28
346	398	57	26
340	391	61	30
348	395	59	29
346	397	59	27
346	395	60	27
352	395	57	26
356	396	57	27
359	398	55	27
363	398	55	28
364	399	52	28
365	395	52	27
372	396	48	26
374	397	51	25
377	393	52	27
379	394	50	26
387	388	49	27
391	389	52	25
399	387	51	26
408	389	56	27
406	388	55	27
418	390	56	26
423	390	57	26
432	390	58	27
434	391	62	27
436	391	62	26
438	391	66	28
444	390	66	28
447	390	65	30
451	387	62	29
449	387	65	28
453	382	65	30
456	376	67	30
457	375	67	29
460	374	67	28
460	372	67	30
459	371	67	30
458	372	68	32
453	371	67	31
449	372	69	33
448	373	69	31
444	373	69	33
436	375	68	32
428	376	68	31
418	378	66	31
418	377	65	31
410	380	64	31
402	379	62	29
395	380	63	30
389	380	60	30
391	380	59	30
382	382	62	31
374	381	64	31
367	380	68	32
363	379	70	34
363	377	69	35
364	377	68	36
365	381	68	36
368	383	68	36
365	385	70	36
367	384	68	37
369	390	68	36
367	391	69	37
372	396	66	37
372	398	65	37
372	398	65	37
374	398	66	37
375	398	67	36
379	397	67	37
384	400	68	36
384	400	67	35
388	402	68	36
394	404	68	34
400	403	67	36
404	401	66	40
404	402	67	39
410	401	67	38
411	400	67	37
416	397	69	38
418	395	70	37
418	394	70	39
419	392	72	39
422	394	73	38
423	393	73	38
425	395	73	38
424	394	74	38
426	395	72	39
424	394	74	38
424	391	74	39
420	390	75	39
421	390	74	39
421	389	73	39
418	388	72	37
418	386	69	37
418	386	67	38
418	385	67	39
420	382	65	41
424	381	65	44
426	380	67	45
431	387	69	40
432	387	69	40
432	385	71	40
436	388	70	42
437	388	65	41
441	386	64	47
441	387	63	44
450	396	59	38
462	399	57	34
477	402	57	34
494	401	50	34
495	403	51	32
514	401	58	33
535	402	61	32
552	399	64	33
570	397	70	34
571	397	70	33
589	397	73	32
606	395	74	33
623	394	76	33
640	393	77	34
640	392	77	34
657	391	78	34
670	389	82	34
676	385	94	34
679	381	110	32
677	380	112	33
675	374	128	34
671	371	141	32
666	369	145	34
665	370	139	39
667	368	136	40
674	375	114	39
705	377	78	34
726	373	62	48
741	378	69	40
743	378	67	39
747	382	72	40
752	378	74	42
758	377	73	44
759	377	72	43
759	377	72	43
763	378	70	44
764	379	70	43
765	378	70	43
766	376	69	44
765	375	70	45
767	378	68	45
773	381	65	41
776	379	65	42
782	380	65	41
782	379	64	42
783	381	65	39
793	378	63	40
795	377	65	39
804	375	65	38
803	374	66	40
807	375	68	38
812	373	69	38
811	373	72	38
817	371	71	38
816	370	72	39
817	371	73	39
817	371	74	38
817	371	75	39
813	373	78	38
812	372	79	39
805	373	80	39
794	375	84	38
783	374	84	37
773	374	81	38
773	376	81	35
761	373	78	35
749	372	75	36
737	370	72	35
727	371	69	35
727	371	69	35
718	371	66	33
709	372	65	32
702	370	64	33
694	369	61	33
695	369	61	33
690	370	58	33
686	367	55	35
681	369	54	33
672	373	57	33
676	371	55	33
674	372	52	35
668	375	53	33
666	375	50	32
659	376	51	30
660	375	50	32
658	373	47	32
649	374	50	30
639	371	55	30
637	368	48	31
637	367	49	33
634	365	50	31
628	369	58	25
613	367	81	29
617	364	88	29
616	365	90	28
623	362	94	31
628	365	98	30
633	358	98	30
639	357	107	28
640	357	105	28
646	354	107	30
650	353	112	28
657	351	112	26
662	354	110	25
661	353	112	26
670	355	110	26
675	357	112	25
682	359	112	25
681	358	112	26
686	362	112	24
693	362	114	26
697	363	113	26
702	364	111	25
702	363	112	26
706	366	112	25
710	365	112	26
711	367	111	26
713	370	113	26
713	369	113	27
715	373	114	26
715	377	116	26
717	381	115	27
717	385	118	27
719	386	117	28
718	385	119	28
720	386	121	27
719	386	126	28
718	383	131	30
717	383	133	30
718	380	132	31
716	378	136	32
711	379	141	32
707	381	145	33
706	381	146	33
703	380	147	35
699	382	147	37
698	385	148	37
695	385	145	42
696	384	145	43
698	383	139	52
705	384	132	58
716	390	122	54
723	396	117	58
723	394	114	58
729	399	116	63
735	406	114	64
743	409	117	67
750	412	119	68
750	412	119	66
765	416	118	67
782	414	115	74
798	420	119	73
818	422	118	72
818	423	119	70
838	433	118	69
864	431	114	73
889	430	104	82
911	430	98	84
911	431	101	85
930	437	97	84
947	436	93	85
959	437	94	83
975	435	89	83
975	435	89	83
983	433	90	83
988	429	85	81
989	425	84	82
983	426	84	80
984	426	83	78
976	424	85	79
966	425	85	76
957	421	89	76
946	423	77	71
945	419	76	74
935	415	76	74
925	414	76	70
918	414	74	66
910	414	73	65
909	415	71	64
899	413	71	64
889	413	72	64
877	412	74	63
865	412	75	62
865	412	75	63
855	410	78	60
848	409	82	56
842	410	83	49
838	408	85	43
838	405	84	46
836	403	86	41
835	397	89	41
838	395	90	40
840	392	92	41
840	392	91	41
844	394	91	42
850	393	92	41
856	393	96	43
866	397	91	39
865	397	92	40
873	395	87	40
881	394	80	40
887	392	74	40
892	387	81	42
891	387	82	43
896	383	79	45
897	386	82	43
899	385	80	43
900	384	79	44
901	384	78	44
904	385	77	44
907	389	72	42
911	390	75	41
913	390	76	44
913	389	78	44
918	389	73	44
922	392	73	42
927	391	68	42
931	390	68	43
930	390	67	42
934	387	66	43
937	348	64	82
939	387	64	41
941	387	60	42
941	388	60	42
940	385	61	43
940	386	62	42
941	384	60	42
942	385	61	41
942	386	60	40
939	386	61	39
937	383	61	40
935	384	62	38
937	381	64	38
936	383	64	37
936	381	64	37
938	378	65	38
942	378	63	40
945	379	61	40
945	379	61	40
948	382	59	39
948	385	59	39
951	384	57	38
950	388	58	36
950	388	58	36
953	384	60	38
954	386	62	35
960	383	63	36
966	382	62	35
965	382	62	36
971	380	63	36
979	374	59	37
980	379	57	36
983	372	56	38
984	372	54	37
982	375	55	36
984	375	55	34
984	374	54	36
987	378	54	32
987	375	53	34
991	376	54	35
993	378	53	36
995	380	51	34
995	375	51	38
995	375	52	39
994	375	52	39
992	375	52	39
991	372	53	39
990	371	52	41
988	369	52	42
982	371	53	38
977	374	54	35
973	370	55	37
968	363	57	38
969	364	56	37
966	365	55	35
962	362	53	35
957	366	54	32
953	359	54	31
953	360	53	31
948	356	54	34
941	358	54	33
934	353	54	34
927	354	53	33
928	353	51	34
920	347	52	35
911	352	52	32
901	350	51	31
892	355	51	28
893	353	50	30
883	353	48	30
873	357	48	28
859	356	47	31
844	360	48	30
845	362	47	29
826	366	46	27
806	368	48	26
784	369	47	26
762	369	48	26
763	370	48	26
740	371	49	25
718	372	48	25
696	374	48	23
674	376	48	23
673	375	48	23
650	376	49	23
631	377	48	23
621	378	46	23
611	378	47	23
612	377	47	24
605	371	48	30
598	372	54	28
590	368	54	31
584	370	52	30
585	369	53	30
577	368	52	31
570	366	52	32
559	359	51	34
549	360	54	30
550	361	52	30
534	358	52	29
521	358	54	27
504	355	52	28
485	353	54	28
486	353	53	27
468	351	57	29
453	350	60	28
440	348	71	29
427	346	84	30
427	344	85	31
423	341	102	33
424	340	116	32
428	336	124	35
443	341	118	28
444	341	118	28
458	341	106	28
477	344	81	30
491	343	63	34
482	350	56	31
482	351	57	30
481	352	67	30
490	354	65	31
501	355	59	32
514	360	49	31
514	361	50	31
521	366	42	28
522	369	43	28
525	371	43	28
529	373	42	26
529	373	42	26
533	374	41	25
536	375	41	24
538	377	41	22
537	376	41	22
537	376	41	22
535	377	41	21
534	378	41	21
532	373	41	25
530	368	42	30
529	370	42	28
528	367	40	30
525	371	42	25
522	371	41	24
523	373	41	23
519	374	39	23
517	372	41	25
517	373	42	25
521	374	41	25
520	374	42	24
524	373	44	25
526	377	46	24
517	376	51	24
513	377	54	25
516	377	50	25
511	380	51	24
502	380	54	26
502	383	52	25
497	384	54	25
499	384	52	25
496	384	52	25
494	385	53	25
493	385	52	24
493	386	52	25
493	385	52	25
495	386	49	25
492	384	52	25
488	384	56	26
485	383	57	26
484	383	57	27
481	383	58	27
476	383	58	27
471	385	58	26
464	384	57	26
464	384	57	26
457	381	56	27
450	380	52	27
440	378	54	25
431	382	55	25
431	381	53	26
422	375	52	26
414	372	52	27
406	369	52	25
397	370	48	24
397	371	46	23
390	368	45	25
386	369	49	24
384	369	52	26
383	370	57	27
383	370	57	27
386	369	62	29
390	365	66	29
402	365	67	31
412	362	68	30
412	362	68	30
431	359	68	30
448	355	67	30
467	351	66	30
485	348	64	30
485	348	64	29
503	344	64	30
519	342	65	28
536	339	66	29
552	336	68	29
553	336	68	29
572	332	70	29
594	330	72	29
618	327	74	29
649	324	72	29
649	324	72	29
682	323	68	27
714	322	63	27
745	318	58	28
776	318	55	27
776	317	55	27
803	318	49	26
826	320	45	23
841	322	44	21
850	318	46	21
851	319	44	21
860	312	46	23
870	308	44	22
875	305	47	23
878	303	50	23
880	302	49	23
885	301	51	23
889	299	51	23
893	299	53	23
901	299	55	24
897	298	57	25
900	307	57	23
903	307	55	22
905	311	57	21
904	311	60	22
904	311	58	22
903	313	60	22
901	312	61	22
896	311	64	23
891	311	65	24
891	312	64	23
884	312	65	24
881	313	63	24
878	314	60	23
876	315	55	21
876	315	55	21
870	314	58	20
864	312	59	20
857	311	60	20
849	310	62	20
850	310	62	20
838	310	63	21
828	309	65	20
816	309	67	20
806	309	67	20
805	309	67	21
793	310	66	20
783	311	66	20
771	314	68	20
759	315	67	21
759	314	66	21
747	318	63	19
735	320	68	20
723	324	60	20
708	329	61	19
709	327	62	20
695	334	59	20
681	341	56	20
669	347	54	20
661	352	51	19
661	352	50	19
652	356	46	18
644	360	45	20
637	363	44	19
632	363	42	19
631	364	42	18
633	362	40	20
629	366	41	18
628	368	41	18
624	369	42	18
624	368	40	19
617	370	43	18
608	371	45	19
599	367	43	20
591	366	39	19
592	367	41	18
585	361	41	19
582	362	38	18
579	355	37	18
574	351	38	18
574	351	39	19
570	341	40	24
568	339	40	19
564	337	36	19
560	331	36	23
559	331	37	23
557	332	36	23
554	333	34	22
551	337	35	22
547	340	35	22
548	339	35	22
547	342	35	22
546	345	40	24
543	347	40	24
545	348	34	21
545	349	33	21
543	346	36	22
538	345	40	22
539	340	39	25
535	341	42	24
536	340	43	24
544	340	40	22
549	342	39	21
556	343	36	18
558	343	37	18
558	342	38	18
559	343	36	17
561	345	36	16
563	346	38	16
569	345	37	16
570	346	37	16
574	346	38	17
581	346	38	16
589	345	38	16
595	342	38	16
595	342	38	16
605	339	39	17
614	338	39	17
628	336	38	16
638	335	38	16
638	335	38	16
651	326	42	23
657	325	37	22
667	327	37	20
670	328	40	20
670	329	37	19
671	326	42	19
674	324	43	20
670	321	44	18
667	319	46	19
667	319	45	19
662	319	44	20
657	322	45	19
647	325	47	19
640	326	48	20
640	326	47	21
629	327	48	20
618	330	44	20
609	331	42	20
596	336	43	19
596	335	42	19
587	337	42	20
578	342	41	19
571	343	40	20
560	343	39	21
560	342	39	22
549	343	41	22
538	344	41	20
526	343	43	21
525	341	31	21
527	344	32	18
519	342	34	21
513	342	34	22
507	339	36	25
501	339	38	27
501	339	38	27
498	340	41	26
495	339	45	27
497	339	45	26
501	340	47	26
500	339	47	27
505	339	47	26
514	340	46	26
523	342	44	25
530	349	46	24
530	349	46	23
541	355	45	23
551	356	44	24
560	359	45	23
573	356	43	23
573	356	42	23
582	354	44	24
595	355	44	23
607	354	43	23
620	352	42	24
619	353	42	23
632	352	44	24
644	350	41	25
655	351	44	24
662	351	48	24
661	350	49	24
671	352	50	28
674	343	52	28
677	346	57	26
677	346	59	26
681	347	61	25
684	346	64	26
684	344	66	25
692	344	65	26
692	343	66	26
687	342	66	27
687	342	67	27
683	343	68	28
680	343	71	28
680	344	71	28
677	345	73	28
673	346	70	28
671	348	67	29
668	352	64	29
668	352	64	29
672	353	60	29
672	354	59	29
678	355	56	27
672	356	66	27
669	355	67	27
663	356	73	27
656	356	72	27
642	357	74	27
631	357	74	29
630	356	78	28
617	358	77	28
610	358	67	29
603	361	61	29
597	362	59	29
596	363	60	28
591	365	62	29
585	366	56	28
575	368	60	26
558	368	68	26
557	369	70	25
538	368	73	26
517	368	66	26
496	370	63	26
477	372	50	25
478	373	48	23
450	376	45	23
414	377	47	24
390	376	46	28
363	376	44	28
364	376	43	27
330	378	53	26
303	375	59	31
279	373	59	32
257	374	61	33
257	375	61	33
229	371	67	34
210	371	73	36
191	372	71	33
178	367	78	39
178	367	78	38
162	364	82	38
155	361	85	43
144	360	94	42
139	354	98	44
140	355	97	43
137	356	106	41
133	357	112	39
135	360	114	37
133	357	112	38
133	358	112	37
137	359	110	38
139	358	108	38
143	358	104	38
148	352	97	40
149	353	96	40
159	358	89	37
167	354	85	38
177	360	86	35
181	358	87	33
178	359	90	33
183	362	90	31
190	360	88	32
198	362	87	31
206	361	84	32
206	361	84	32
213	364	85	31
222	363	81	31
226	360	82	32
234	362	82	32
232	362	82	31
241	363	81	31
249	361	82	31
256	358	83	30
264	359	85	32
264	359	86	31
273	357	87	31
284	358	87	31
297	355	92	31
310	354	95	30
309	354	96	30
327	354	96	31
349	355	93	30
373	358	89	28
398	357	81	29
397	358	84	29
422	358	81	29
442	358	78	30
462	355	81	33
492	357	70	32
492	358	68	31
513	356	69	34
536	361	66	29
558	359	65	30
581	360	60	31
583	360	59	30
606	361	58	30
628	360	56	32
648	362	54	32
669	361	52	33
668	362	51	32
665	357	71	40
674	362	71	35
679	362	79	38
697	364	59	28
697	365	57	26
698	362	56	29
699	363	55	28
703	359	52	32
698	360	54	32
697	361	56	31
697	363	57	28
698	366	52	26
703	368	48	25
708	367	48	25
708	366	48	25
715	365	51	26
720	364	49	26
724	361	58	28
725	360	62	26
722	359	65	26
716	354	76	29
703	358	86	27
695	359	87	27
681	360	83	26
681	359	84	26
668	360	75	26
650	360	73	26
634	362	72	27
618	361	69	28
619	360	67	27
605	359	60	30
599	363	53	27
591	367	53	25
588	359	46	32
588	363	46	27
592	363	49	27
602	363	51	26
613	362	47	26
630	359	50	27
629	359	48	27
646	358	43	26
666	359	50	24
673	356	51	26
689	356	48	26
689	358	49	25
689	355	56	25
693	354	60	28
695	356	66	27
692	358	74	27
694	359	73	26
690	357	76	27
685	358	79	29
679	359	78	28
674	361	77	28
674	362	77	28
666	362	77	27
657	362	76	28
648	363	73	27
640	366	71	27
640	366	71	27
631	366	69	28
627	367	64	28
618	368	62	27
610	370	62	27
610	370	63	27
599	369	63	28
587	370	62	28
578	369	59	28
574	367	52	30
575	368	52	30
566	369	53	27
558	363	50	30
550	360	69	30
547	357	85	29
547	356	84	31
546	352	95	31
553	347	101	31
561	346	96	28
569	343	100	28
569	342	102	29
573	340	103	29
578	339	102	30
584	339	105	29
591	339	99	28
592	339	99	28
596	338	99	28
601	337	105	28
614	336	99	29
618	333	101	28
618	333	101	28
622	333	101	28
627	333	102	27
632	332	101	28
638	333	97	28
638	333	97	28
647	339	91	29
657	343	82	32
668	347	77	33
684	354	74	29
684	354	71	29
701	353	63	33
709	357	67	32
720	354	67	32
732	353	65	32
732	355	64	30
743	354	59	30
750	351	58	30
757	346	59	31
763	341	62	32
764	344	62	31
769	339	65	31
778	336	69	31
785	333	72	30
795	333	74	29
795	334	74	29
803	334	74	28
812	335	72	29
820	335	73	29
829	338	75	28
829	337	73	29
839	343	72	27
851	347	71	25
857	347	74	26
866	348	73	26
867	348	73	26
876	348	71	27
881	347	73	28
889	349	73	27
895	347	72	28
896	347	71	28
903	348	71	28
910	351	70	27
919	352	67	28
919	351	67	29
925	353	64	29
931	359	62	29
931	363	62	28
933	368	63	29
933	367	63	30
933	371	63	29
933	371	63	30
934	376	63	30
933	374	61	30
933	374	61	30
926	378	59	30
919	374	59	30
909	377	58	29
901	372	56	30
901	373	56	29
886	375	56	29
877	374	54	26
862	371	57	26
846	371	57	26
846	370	57	26
824	370	56	26
800	369	57	27
770	369	57	28
743	368	60	28
744	368	58	28
715	371	61	27
688	368	53	31
656	368	57	32
631	368	59	31
632	366	58	32
613	370	54	30
590	368	54	32
574	371	55	31
559	369	54	34
559	369	54	34
547	371	55	34
539	371	58	35
532	374	59	35
522	373	64	37
523	374	64	36
517	373	67	38
511	372	70	38
509	373	71	38
508	371	71	38
508	371	70	38
512	373	70	39
516	375	69	40
523	378	68	41
532	381	64	40
532	381	63	40
539	387	59	38
547	389	54	39
555	393	49	39
559	396	52	39
559	394	53	40
565	395	51	42
565	397	54	42
570	402	53	40
562	405	62	39
561	405	63	38
559	406	67	40
556	408	73	39
554	411	72	39
546	412	79	39
548	412	78	39
538	413	79	42
529	414	83	41
518	414	83	40
507	413	81	40
508	412	81	41
496	410	81	40
485	409	78	40
474	405	79	39
463	405	79	40
464	404	78	40
455	403	78	39
447	403	79	38
437	404	80	39
429	405	79	42
432	406	77	40
422	409	79	41
413	412	81	41
407	414	78	43
399	418	81	41
398	419	82	41
394	422	78	41
385	424	77	42
375	428	78	41
369	429	75	41
374	431	70	40
366	433	74	41
365	435	67	43
363	439	63	43
362	442	62	41
361	441	64	41
362	445	61	42
363	444	61	44
361	442	64	44
366	444	68	41
364	444	64	42
365	442	65	41
365	437	70	44
363	432	68	48
363	427	66	50
358	416	70	62
368	432	62	45
365	437	69	40
370	434	60	38
375	443	57	39
374	443	57	38
378	445	54	37
380	438	56	42
385	439	59	39
395	435	61	41
395	432	62	43
405	431	65	42
421	422	71	44
435	415	76	44
455	412	75	43
456	411	72	43
479	407	75	42
498	402	72	42
524	399	67	40
543	395	70	37
545	393	62	38
565	389	66	36
584	382	63	37
605	378	64	36
625	371	60	37
627	370	55	38
650	368	59	35
673	365	56	34
696	363	59	32
718	358	57	33
718	359	56	32
739	354	54	31
752	352	59	31
758	349	67	31
768	346	67	31
769	347	67	30
770	341	74	34
776	337	74	31
776	335	80	28
775	332	88	27
776	331	88	27
772	328	92	26
766	324	99	26
759	321	104	25
753	317	107	25
752	318	107	24
745	315	110	27
737	312	111	29
728	311	111	32
721	313	112	32
720	313	111	32
713	316	111	33
705	316	111	33
702	316	111	34
701	314	109	35
701	313	109	35
701	315	108	35
701	318	106	34
701	319	104	35
697	323	101	35
698	324	101	34
691	330	99	32
683	337	97	32
673	344	94	30
664	355	83	29
665	355	83	29
655	364	81	28
651	374	73	27
642	382	72	28
638	385	74	25
638	385	76	26
634	390	77	28
636	390	64	28
637	392	64	27
639	392	63	27
640	394	62	26
643	393	62	27
645	395	60	25
648	394	56	26
648	394	56	26
648	394	56	26
647	393	55	26
646	392	55	25
643	388	55	27
641	385	54	27
640	385	55	26
638	380	52	28
635	382	51	25
630	381	49	24
628	382	49	22
628	382	48	22
624	386	48	20
618	387	49	20
614	386	49	22
612	387	48	22
611	387	50	22
609	386	49	22
610	388	50	23
611	387	52	22
616	387	52	23
616	388	52	22
616	386	53	24
622	385	54	23
625	384	53	23
630	383	52	24
630	383	52	24
634	380	52	24
636	377	50	25
640	376	51	24
642	373	49	24
640	373	49	23
644	370	48	24
646	369	50	24
650	367	50	24
653	364	49	26
652	365	50	25
657	363	50	25
660	361	50	25
664	359	51	25
668	358	51	25
668	358	50	25
673	357	51	25
677	356	50	24
683	356	46	24
687	355	46	23
688	356	46	23
691	351	44	26
695	351	41	24
697	351	39	23
698	349	38	22
698	350	39	22
697	347	40	23
694	345	41	23
691	341	42	24
687	341	43	23
687	342	45	24
683	343	45	23
678	345	45	23
674	347	44	24
669	349	40	25
670	351	44	23
665	348	39	25
661	351	40	24
657	353	39	22
657	352	40	22
653	347	39	26
651	351	44	22
651	352	46	20
646	350	49	22
646	348	48	23
644	347	44	24
644	346	46	24
642	346	46	24
642	345	44	23
642	346	44	23
640	345	46	23
638	347	44	24
638	340	43	25
635	349	44	24
635	349	43	24
633	345	43	25
631	347	43	24
629	345	45	25
626	344	45	24
626	344	43	24
622	345	43	24
619	344	44	24
619	346	44	26
612	345	47	25
612	345	44	25
609	345	43	26
607	344	45	26
604	344	46	25
604	343	46	25
604	343	46	25
601	342	46	25
601	340	47	26
599	341	46	25
600	342	46	27
600	343	45	26
597	345	47	25
597	347	45	27
594	350	46	26
592	352	44	25
592	353	46	24
590	353	45	25
588	354	47	25
585	354	45	26
583	354	44	28
583	354	44	28
581	356	45	28
577	359	46	28
574	359	46	28
572	361	46	28
572	361	46	28
567	362	47	27
565	364	48	27
560	364	48	27
558	365	50	27
558	365	50	27
555	366	51	26
550	366	51	27
547	366	52	27
546	366	52	28
545	366	52	28
545	368	55	27
543	367	56	28
