0.040328
0.143395
0.051010
0.081244
0.070169
0.062586
0.061154
0.070369
0.054287
0.046833
0.069933
0.078312
0.060911
0.050524
0.054157
0.082838
0.046563
0.053496
0.173032
0.051327
0.053822
0.073898
0.070153
0.051148
0.064223
0.079231
0.040349
0.040402
0.056403
0.048645
0.082054
0.062083
0.040396
0.069088
0.083565
0.052759
0.053320
0.077140
0.051073
0.054396
0.093164
0.073298
0.041224
0.051422
0.066557
0.038792
0.031123
0.044492
0.062141
0.035150
0.050208
0.113198
0.103577
0.082502
0.045530
0.058234
0.071259
0.061451
0.042497
0.043091
0.054822
0.044264
0.074311
0.059599
0.047012
0.064600
0.050246
0.039336
0.036786
0.067502
0.084680
0.064269
0.049445
0.048627
0.036698
0.071067
0.052197
0.051317
0.076660
0.078090
0.051746
0.056674
0.111642
0.062858
0.050074
0.088436
0.043296
0.049755
0.062907
0.045110
0.053720
0.049387
0.049413
0.077751
0.051568
0.059631
0.044415
0.051155
0.054946
0.048089
0.048603
0.048306
0.052836
0.048869
0.059300
0.061178
0.063107
0.034901
0.094530
0.088245
0.079016
0.112149
0.066369
0.057883
0.049932
0.085138
0.073609
0.089486
0.068144
0.048050
0.049477
0.051837
0.083882
0.099652
0.049604
0.045188
0.104481
0.111167
0.048618
0.048081
0.047807
0.049569
0.050938
0.054519
0.052239
0.056323
0.046268
0.071046
0.104943
0.124184
0.127479
0.103442
0.057629
0.079811
0.043012
0.075973
0.079131
0.043252
0.071698
0.077551
0.054319
0.054468
0.073518
0.062268
0.050488
0.071549
0.069495
0.056219
0.053751
0.078631
0.039589
0.059130
0.085364
0.076022
0.045815
0.057315
0.076237
0.063369
0.096447
0.095405
0.048542
0.064923
0.052902
0.052507
0.049755
0.069181
0.069468
0.044346
0.074956
0.058902
0.048941
0.083532
0.085551
0.047065
0.044256
0.060720
0.066444
0.041854
0.043816
0.080003
0.048866
0.046421
0.074329
0.049058
0.051162
0.055149
0.044535
0.075731
0.081083
0.107081
0.112399
0.078258
0.087366
0.073538
0.036854
0.073112
0.046474
0.054757
0.080679
0.083349
0.062811
0.051156
0.069060
0.073335
0.045551
0.063016
0.073042
0.072902
0.039847
0.082247
0.055223
0.039774
0.074031
0.069736
0.047132
0.065376
0.076606
0.086975
0.111468
0.080087
0.049557
0.057689
0.071947
0.052131
0.060641
0.064504
0.049196
0.055034
0.066696
0.051874
0.075118
0.070129
0.051964
0.055746
0.075490
0.069394
0.053325
0.064200
0.062620
0.044075
0.072594
0.067607
0.053375
0.069145
0.082736
0.046878
0.045765
0.070347
0.051924
0.134603
0.060640
0.053131
0.071492
0.088106
0.044020
0.039761
0.042660
0.054761
0.088116
0.081330
0.053723
0.041699
0.057495
0.037203
0.070616
0.070547
0.055337
0.093895
0.047519
0.046295
0.088216
0.046938
0.060722
0.058846
0.050922
0.083292
0.049324
0.057527
0.060653
0.170039
0.043211
0.047659
0.040696
0.043133
0.053484
0.064329
0.053786
0.070011
0.056810
0.053906
0.076026
0.080611
0.099979
0.051366
0.052703
0.069809
0.071214
0.047861
0.035689
0.080868
0.044924
0.066729
0.044972
0.047241
0.066902
0.051483
0.045785
0.074988
0.064921
0.088437
0.110617
0.073748
0.049171
0.068355
0.096429
0.046710
0.054699
0.072177
0.045496
0.053457
0.082778
0.047394
0.048776
0.050299
0.083638
0.059823
0.040287
0.063870
0.051662
0.048134
0.080899
0.049323
0.051480
0.084089
0.048232
0.070600
0.052050
0.073195
0.048059
0.155474
0.050474
0.081219
0.064835
0.047045
0.070329
0.066073
0.045503
0.056380
0.070961
0.071110
0.052510
0.051313
0.070678
0.050294
0.072029
0.051551
0.052507
0.072486
0.053612
0.046208
0.077960
0.060090
0.047775
0.076516
0.056604
0.035170
0.069634
0.042220
0.043473
0.120121
0.049270
0.081830
0.054665
0.042227
0.084917
0.040288
0.042926
0.085396
0.054351
0.048402
0.050855
0.051111
0.078101
0.072737
0.049139
0.051124
0.053108
0.052457
0.068644
0.074149
0.079816
0.084658
0.093774
0.087716
0.055364
0.082903
0.059306
0.083642
0.045611
0.101118
0.079693
0.054174
0.054514
0.067293
0.070842
0.049670
0.063858
0.082769
0.070657
0.055370
0.064924
0.076897
0.050978
0.043806
0.067031
0.049384
0.069831
0.063655
0.050479
0.066076
0.078397
0.052871
0.050647
0.070540
0.063728
0.068675
0.058839
0.132198
0.056329
0.049253
0.078507
0.068855
0.084811
0.052488
0.079086
0.078984
0.059485
0.055639
0.066939
0.081805
0.052405
0.057189
0.089534
0.072287
0.064676
0.052755
0.065718
0.083344
0.044641
0.067876
0.081062
0.058962
0.052242
0.052975
0.043335
0.097696
0.134033
0.057760
0.044145
0.059303
0.045782
0.049142
0.072371
0.037795
0.047491
0.062512
0.042886
0.054063
0.079463
0.077712
0.046279
0.058496
0.061777
0.054103
0.075876
0.075307
0.051314
0.047358
0.077400
0.053191
0.058687
0.049203
0.066441
0.046543
0.052691
0.063897
0.057333
0.125066
0.071415
0.059385
0.071749
0.084875
0.088440
0.047601
0.058765
0.077379
0.098288
0.056389
0.063722
0.064560
0.086480
0.080799
0.046669
0.061064
0.078128
0.066613
0.043185
0.043397
0.052479
0.064783
0.056549
0.055670
0.062141
0.072769
0.117896
0.107121
0.084998
0.069880
0.052859
0.060256
0.074486
0.045588
0.070224
0.071712
0.063346
0.049908
0.068286
0.058896
0.051833
0.075693
0.056770
0.048171
0.083824
0.053195
0.057483
0.073001
0.090504
0.066742
0.044046
0.045060
0.089134
0.057607
0.044795
0.139209
0.049479
0.048837
0.042470
0.061530
0.057543
0.044915
0.062803
0.060346
0.046936
0.056179
0.044884
0.039906
0.046496
0.037995
0.042954
0.097887
0.041507
0.044064
0.091120
0.096201
0.094064
0.156359
0.088547
0.096200
0.109449
0.082325
0.075782
0.042822
0.067773
0.080788
0.197948
0.094336
0.088427
0.082386
0.084637
0.040913
0.088470
0.044986
0.082220
0.090046
0.073571
0.082827
0.038391
0.102220
0.041982
0.073885
0.087076
0.043685
0.057718
0.056764
0.038367
0.050580
0.041476
0.055569
0.046712
0.129539
0.112284
0.168902
0.112879
0.181254
0.039245
0.056893
0.086264
0.091812
0.121880
0.086385
0.051487
0.057019
0.073542
0.066635
0.052743
0.049909
0.060049
0.051901
0.064549
0.054659
0.057076
0.059424
0.071393
0.052714
0.053187
0.080570
0.050082
0.049169
0.076300
0.063977
0.050847
0.076754
0.069823
0.046032
0.057156
0.099307
0.153074
0.041409
0.070198
0.075047
0.055608
0.051514
0.109158
0.067850
0.058667
0.055562
0.062578
0.075996
0.051063
0.055222
0.058402
0.050486
0.070253
0.073113
0.056729
0.064853
0.075750
0.039575
0.048917
0.066829
0.049565
0.057290
0.149962
0.054734
0.059693
0.085217
0.055446
0.059514
0.061308
0.083744
0.056956
0.049477
0.074773
0.051189
0.043463
0.046236
0.043836
0.075284
0.060799
0.055669
0.072355
0.055663
0.054720
0.073916
0.074828
0.045139
0.053708
0.077486
0.047400
0.057292
0.138499
0.122058
0.080220
0.063946
0.042147
0.078528
0.086289
0.054049
0.061357
0.066579
0.054581
0.052237
0.065363
0.069226
0.048133
0.057366
0.073627
0.049459
0.058687
0.083440
0.058133
0.055717
0.070091
0.081017
0.046085
0.046642
0.057174
0.049646
0.051056
0.043365
0.156917
0.068970
0.055098
0.070432
0.083491
0.061127
0.057537
0.064111
0.086278
0.046252
0.062634
0.082589
0.083467
0.050854
0.053987
0.066888
0.050513
0.062772
0.082309
0.053035
0.053421
0.086552
0.052273
0.052368
0.080146
0.073058
0.089288
0.095314
0.092799
0.053571
0.051304
0.075149
0.053543
0.054598
0.057033
0.052392
0.053520
0.071217
0.077264
0.052948
0.066334
0.076630
0.041396
0.051105
0.076651
0.049252
0.057656
0.084555
0.074185
0.051583
0.054427
0.086552
0.066161
0.090992
0.105128
0.078631
0.050518
0.059848
0.069192
0.048028
0.048294
0.073927
0.052030
0.059266
0.069390
0.057937
0.064981
0.050213
0.053161
0.078854
0.097361
0.056381
0.083226
0.084337
0.058538
0.076086
0.077756
0.078887
0.072260
0.123395
0.072298
0.056955
0.054708
0.076821
0.095346
0.071644
0.068445
0.050875
0.063685
0.069021
0.045312
0.064205
0.072381
0.058559
0.064516
0.070799
0.075063
0.046231
0.048159
0.065933
0.046676
0.067148
0.078916
0.070324
0.055265
0.068942
0.083276
0.078774
0.123162
0.072425
0.044426
0.069781
0.084136
0.059057
0.052958
0.067034
0.066516
0.055591
0.075887
0.077458
0.060414
0.057530
0.055936
0.080520
0.051732
0.055800
0.084389
0.090216
0.058496
0.053136
0.070513
0.056293
0.056085
0.074357
0.080780
0.109222
0.089415
0.078377
0.064598
0.046170
0.080202
0.069963
0.047196
0.065289
0.089615
0.050055
0.052032
0.068787
0.070667
0.048689
0.069081
0.083847
0.082954
0.052618
0.061266
0.069123
0.068116
0.087836
0.053368
0.051577
0.083102
0.112596
0.066018
0.052818
0.060520
0.080524
0.048554
0.067960
0.066827
0.078505
0.050602
0.060681
0.083705
0.046664
0.047453
0.064243
0.047937
0.056070
0.055385
0.052861
0.068048
0.055271
0.055476
0.065584
0.072435
0.045136
0.048697
0.047111
0.056359
0.078081
0.057031
0.051963
0.055333
0.057760
0.055186
0.071589
0.062200
0.049567
0.063579
0.080160
0.047895
0.064148
0.070831
0.069935
0.092707
0.042946
0.055731
0.051996
0.059189
0.090408
0.082806
0.057095
0.038633
0.062260
0.042961
0.058905
0.080360
0.098760
0.045801
0.059008
0.055820
0.064911
0.076603
0.058796
0.058686
0.070165
0.071443
0.061480
0.063168
0.054590
0.053173
0.059759
0.033359
0.059431
0.076288
0.045880
0.065641
0.094409
0.054970
0.050169
0.077301
0.084088
0.062167
0.049620
0.089606
0.055205
0.050908
0.125915
0.061418
0.050537
0.063648
0.045127
0.060171
0.077997
0.050632
0.057606
0.083543
0.054327
0.056146
0.071394
0.068013
0.056010
0.054651
0.074179
0.054871
0.048932
0.051558
0.051909
0.065780
0.052740
0.110496
0.053619
0.070833
0.056236
0.094149
0.125308
0.057306
0.047288
0.069133
0.055368
0.047127
0.069743
0.049435
0.048087
0.067946
0.045627
0.066239
0.087248
0.067484
0.052601
0.050449
0.044343
0.058719
0.063705
0.053001
0.073685
0.084077
0.052237
0.057759
0.072562
0.086570
0.079398
0.118610
0.082801
0.064604
0.056561
0.059900
0.081901
0.060704
0.040648
0.067263
0.058030
0.054626
0.074744
0.073261
0.075307
0.056556
0.052284
0.075355
0.048459
0.060810
0.085536
0.055300
0.058890
0.083421
0.097702
0.071142
0.058789
0.056746
0.155812
0.068626
0.054094
0.075200
0.065427
0.045660
0.072515
0.063981
0.083881
0.054183
0.047649
0.071514
0.046705
0.076441
0.075299
0.069189
0.047571
0.090228
0.067647
0.053317
0.061220
0.095055
0.090332
0.081263
0.055121
0.052917
0.077564
0.083002
0.054255
0.055146
0.087254
0.060983
0.056046
0.056099
0.088631
0.067756
0.064293
0.055804
0.074912
0.076920
0.062426
0.057551
0.068951
0.067685
0.046457
0.070662
0.067412
0.065547
0.056072
0.076504
0.084680
0.063484
0.058985
0.067423
0.081637
0.065659
0.100843
0.114414
0.046597
0.052485
0.079461
0.055816
0.038180
0.073363
0.040539
0.054956
0.070080
0.050519
0.063125
0.058052
0.037528
0.070148
0.052565
0.057852
0.071723
0.052301
0.057166
0.055655
0.051996
0.070423
0.073742
0.042303
0.058897
0.072178
0.048987
0.041464
0.043501
0.049595
0.128592
0.091380
0.058098
0.051736
0.067530
0.065618
0.058571
0.052445
0.062834
0.049779
0.075922
0.056080
0.055018
0.082252
0.089212
0.068432
0.046247
0.067234
0.066295
0.083800
0.050117
0.063370
0.096007
0.159734
0.104326
0.070398
0.039281
0.051875
0.053086
0.052412
0.067323
0.061044
0.054048
0.087088
0.091485
0.081177
0.086510
0.054849
0.059017
0.066940
0.040322
0.042197
0.079833
0.056899
0.053928
0.080250
0.084983
0.054641
0.058668
0.074297
0.077220
0.072925
0.056436
0.186986
0.065155
0.057997
0.052686
0.057928
0.082144
0.086491
0.095155
0.080580
0.065310
0.039618
0.076909
0.061462
0.056086
0.053379
0.080774
0.083668
0.051221
0.050536
0.048314
0.061567
0.082169
0.094301
0.041327
0.049159
0.069831
0.048499
0.055225
0.133723
0.043772
0.050188
0.065737
0.040644
0.062118
0.072026
0.046071
0.049782
0.069013
0.041858
0.043407
0.041353
0.056601
0.045856
0.053336
0.070613
0.042972
0.077252
0.072587
0.046510
0.042293
0.083042
0.053384
0.061641
0.070962
0.051063
0.053694
0.078690
0.177602
0.045153
0.061413
0.043483
0.068039
0.087241
0.056001
0.047715
0.060114
0.069646
0.060205
0.062849
0.078296
0.053381
0.048936
0.050107
0.039554
0.051923
0.052250
0.060483
0.075648
0.059667
0.067305
0.058606
0.078078
0.055033
0.050392
0.070874
0.115625
0.062997
0.046561
0.048912
0.039600
0.068041
0.044255
0.046710
0.095665
0.060655
0.051354
0.048332
0.060885
0.044534
0.064496
0.048620
0.041322
0.090530
0.046882
0.053641
0.052014
0.042782
0.077537
0.080103
0.102946
0.052517
0.049334
0.077168
0.157001
0.054650
0.071089
0.075469
0.086762
0.055436
0.059606
0.084863
0.053653
0.048368
0.074073
0.078343
0.056414
0.054179
0.087690
0.084632
0.057974
0.053359
0.079072
0.082105
0.073067
0.045772
0.063528
0.089898
0.056624
0.044931
0.056555
0.055097
0.117619
0.127872
0.059497
0.056601
0.083169
0.069593
0.056722
0.052859
0.068990
0.073586
0.056700
0.062158
0.057783
0.056107
0.075853
0.077805
0.064387
0.041006
0.052645
0.055467
0.058764
0.082177
0.059965
0.055990
0.074107
0.071184
0.045659
0.058739
0.068480
0.047530
0.065628
0.170057
0.050987
0.058557
0.043774
0.046698
0.074597
0.072473
0.055848
0.060597
0.064294
0.050849
0.068243
0.079089
0.059312
0.048893
0.079671
0.052538
0.052595
0.084473
0.093305
0.075953
0.054306
0.051546
0.063598
0.041519
0.060264
0.080885
0.174874
0.068025
0.053192
0.084779
0.068898
0.045537
0.075821
0.098776
0.045677
0.048676
0.085546
0.076488
0.066060
0.068613
0.073556
0.067894
0.093227
0.067042
0.061619
0.080337
0.048856
0.059982
0.035748
0.076064
0.056404
0.096023
0.056857
0.125313
0.078070
0.080575
0.045320
0.076038
0.059025
0.059835
0.072024
0.073145
0.065024
0.049215
0.074120
0.076574
0.072715
0.052389
0.062023
0.082250
0.081840
0.064718
0.053611
0.052602
0.071821
0.065996
0.044086
0.086582
0.071091
0.076818
0.046228
0.057434
0.041818
0.140550
0.092458
0.086383
0.075043
0.055231
0.059264
0.088044
0.059564
0.052118
0.073152
0.079509
0.056779
0.054678
0.090005
0.057626
0.046717
0.073813
0.076862
0.052850
0.061319
0.073704
0.045758
0.039773
0.056915
0.060999
0.068590
0.071569
0.102835
0.089043
0.083383
0.055629
0.055766
0.057203
0.042415
0.069594
0.080139
0.053485
0.058936
0.085949
0.054200
0.050341
0.067313
0.073762
0.055434
0.066139
0.077682
0.053740
0.062442
0.070455
0.085289
0.048704
0.061621
0.080905
0.144536
0.060071
0.071681
0.093073
0.079125
0.051728
0.055784
0.077388
0.057827
0.052785
0.058779
0.074461
0.043634
0.044537
0.052341
0.054027
0.065656
0.073289
0.046861
0.052241
0.045081
0.053806
0.050386
0.079171
0.065967
0.060689
0.068726
0.066161
0.040715
0.044554
0.059030
0.103013
0.055783
0.052319
0.068894
0.070413
0.043359
0.048445
0.055064
0.070123
0.077477
0.043759
0.056177
0.090240
0.096140
0.065338
0.063328
0.066198
0.082114
0.058269
0.061512
0.063985
0.080988
0.045984
0.051454
0.055098
0.058437
0.064509
0.052397
0.050412
0.163550
0.048616
0.043844
0.044036
0.054652
0.052204
0.057889
0.059228
0.077797
0.046683
0.073215
0.095104
0.090204
0.093217
0.069042
0.096886
0.087219
0.056432
0.105185
0.043286
0.081310
0.095939
0.097941
0.096119
0.097080
0.089955
0.067550
0.086763
0.066197
0.054701
0.064865
0.100397
0.128517
0.161777
0.097244
0.052342
0.055128
0.053912
0.053791
0.077699
0.087887
0.057912
0.056754
0.081050
0.058010
0.053287
0.069607
0.073118
0.062181
0.050337
0.086051
0.072070
0.123498
0.058523
0.076501
0.067104
0.063154
0.061424
0.054455
0.073975
0.064736
0.064209
0.094281
0.078058
0.079750
0.063743
0.084917
0.067142
0.066359
0.085608
0.084520
0.081522
0.076706
0.058099
0.082006
0.084905
0.151119
0.134455
0.087243
0.073845
0.082541
0.054374
0.083760
0.086011
0.087284
0.082832
0.090498
0.088146
0.068092
0.049963
0.081081
0.067127
0.055339
0.054963
0.077469
0.079957
0.081689
0.063133
0.067851
0.070542
0.080076
0.057636
0.061258
0.169737
0.059580
0.051147
0.101694
0.075959
0.090436
0.068473
0.061296
0.083075
0.076591
0.086478
0.075830
0.074579
0.052714
0.075278
0.077374
0.069560
0.081078
0.062983
0.061358
0.089801
0.058144
0.061975
0.070818
0.063598
0.073620
0.095961
0.129201
0.070854
0.046262
0.057233
0.071138
0.080371
0.067988
0.058859
0.077454
0.067769
0.054059
0.063109
0.082485
0.051600
0.058012
0.077623
0.061461
0.077089
0.064144
0.065411
0.078316
0.061856
0.062834
0.076517
0.081733
0.060954
0.087711
0.128632
0.063250
0.051786
0.070313
0.081225
0.058804
0.050548
0.074096
0.084265
0.050581
0.075108
0.084107
0.089304
0.055736
0.056709
0.055538
0.074921
0.097931
0.061999
0.085925
0.062454
0.065829
0.096170
0.101482
0.083811
0.097936
0.072171
0.061613
0.084875
0.065825
0.061993
0.060385
0.070826
0.053716
0.050833
0.059116
0.050056
0.058234
0.059163
0.103357
0.096862
0.098817
0.104599
0.079794
0.100028
0.073366
0.077776
0.052673
0.079300
0.098531
0.063145
0.056024
0.160731
0.093935
0.095854
0.107358
0.143331
0.056795
0.121030
0.057409
0.052741
0.050352
0.065736
0.058833
0.058870
0.064325
0.056696
0.050320
0.122601
0.172152
0.112277
0.059088
0.054239
0.060276
0.073788
0.067334
0.100481
0.049834
0.072063
0.072507
0.047327
0.064016
0.055078
0.089532
0.077429
0.074353
0.071735
0.045905
0.090070
0.083342
0.087846
0.063386
0.048489
0.076574
0.088020
0.067041
0.054662
0.065201
0.056849
0.057855
0.074855
0.067756
0.072580
0.054756
0.063329
0.058686
0.051200
0.070255
0.053064
0.055323
0.081909
0.045892
0.059674
0.068923
0.061946
0.044690
0.045841
0.043948
0.064365
0.068684
0.052475
0.064527
0.076998
0.054624
0.054505
0.048785
0.049516
0.060611
0.067532
0.055753
0.054408
0.069927
0.062202
0.049178
0.060819
0.042385
0.049547
0.065972
0.072107
0.062208
0.075919
0.169210
0.045399
0.060340
0.062844
0.045133
0.057061
0.039055
0.070221
0.082625
0.067011
0.056273
0.059879
0.070748
0.056266
0.062590
0.080424
0.056363
0.056429
0.078249
0.088613
0.076275
0.073192
0.058116
0.075727
0.079230
0.065412
0.084746
0.062853
0.073792
0.163886
0.067681
0.062998
0.048430
0.081389
0.062638
0.052485
0.070637
0.073835
0.053289
0.059835
0.064598
0.057172
0.059234
0.061229
0.057190
0.052147
0.080771
0.059912
0.053068
0.076873
0.065132
0.056269
0.063947
0.077203
0.063219
0.058365
0.226956
0.036973
0.075386
0.081936
0.055563
0.060156
0.075801
0.043474
0.076108
0.068645
0.048905
0.056486
0.086900
0.056434
0.054739
0.067746
0.074540
0.052479
0.058707
0.082335
0.049963
0.049667
0.071214
0.047383
0.057826
0.059145
0.045156
0.067948
0.095761
0.050285
0.081410
0.068951
0.052952
0.056569
0.073754
0.054520
0.050405
0.069040
0.047276
0.051742
0.053258
0.050979
0.076012
0.049219
0.053558
0.066646
0.050809
0.063094
0.053933
0.044827
0.070179
0.050445
0.040824
0.038312
0.054902
0.111809
0.045200
0.076551
0.062602
0.052894
0.045472
0.051621
0.048855
0.051000
0.054186
0.065183
0.049174
0.052476
0.056086
0.037539
0.063204
0.068326
0.051946
0.057091
0.048404
0.053532
0.050838
0.099379
0.062124
0.054189
0.065387
0.083322
0.120207
0.068780
0.053675
0.061513
0.085853
0.081475
0.042642
0.042377
0.056604
0.047148
0.085025
0.072749
0.051632
0.052395
0.036503
0.069942
0.046942
0.072924
0.050932
0.052758
0.082097
0.048882
0.052327
0.061424
0.044535
0.047442
0.045745
0.071992
0.051561
0.062713
0.143988
0.061766
0.059094
0.074727
0.053772
0.047567
0.044906
0.047190
0.066988
0.049432
0.049567
0.070019
0.056009
0.045977
0.055743
0.044054
0.056653
0.038149
0.062094
0.052730
0.048118
0.042128
0.037963
0.044473
0.047642
0.045801
0.063827
0.053074
0.047281
0.058853
0.070792
0.039959
0.050571
0.043827
0.057966
0.045812
0.038023
0.045460
0.046974
0.039299
0.058194
0.057658
0.052396
0.048226
0.051925
0.060143
0.042633
0.047379
0.064289
0.043868
0.051558
0.052982
0.064867
0.084093
0.069496
0.049164
0.053910
0.048269
0.048916
0.050853
0.049342
0.066325
0.043572
0.056943
0.057403
0.037950
0.044747
0.046955
0.053606
0.041577
0.063291
0.052655
0.048113
0.048810
0.048588
0.051356
0.046551
0.056522
0.065571
0.053313
0.048663
0.051470
0.049974
0.048075
0.045552
0.044244
0.055983
0.052047
0.042345
0.050111
0.056274
0.049112
0.064083
0.050087
0.051548
0.076807
0.053967
0.046014
0.043928
0.044256
0.073175
0.060782
0.047209
0.073660
0.063001
0.056178
0.054908
0.065286
0.051944
0.066652
0.041452
0.053507
0.154140
0.054618
0.065655
0.078354
0.053606
0.053244
0.081759
0.072943
0.044945
0.043087
0.053738
0.047344
0.047601
0.055689
0.045600
0.067972
0.059100
0.049499
0.059386
0.049341
0.051314
0.073514
0.066632
0.045212
0.041115
0.043177
0.071329
0.050400
0.052347
0.062887
0.037791
0.123680
0.051685
0.049829
0.048510
0.040855
0.038768
0.038317
0.038335
0.044800
0.041092
0.039730
0.039654
0.038032
0.037602
0.046370
0.078910
0.097194
0.039965
0.061443
0.073975
0.039491
0.039415
0.106538
0.067412
0.069407
0.037949
0.053419
0.036424
0.073329
0.065528
0.036770
0.038526
0.069783
0.041618
0.064088
0.070903
0.040860
0.042879
0.037553
0.037432
0.035851
0.057929
0.057142
0.057026
0.053043
0.110950
0.193976
0.111173
0.073274
0.039538
0.042868
0.045846
0.072225
0.081234
0.058569
0.052349
0.071571
0.090496
0.055661
0.051824
0.073394
0.053932
0.046227
0.066106
0.049880
0.046836
0.069629
0.043252
0.048660
0.054571
0.046418
0.066510
0.050351
0.048165
0.063550
0.041758
0.055869
0.058252
0.045527
0.055792
0.049603
0.048862
0.051104
0.052486
0.052638
0.048280
0.049502
0.047181
0.051530
0.072006
0.051307
0.056900
0.050198
0.050168
0.060982
0.067505
0.056140
0.061332
0.086218
0.044289
0.051016
0.047802
0.052140
0.065619
0.164192
0.055573
0.056381
0.055723
0.044689
0.051634
0.050028
0.049141
0.053859
0.045428
0.062049
0.051879
0.045956
