147.0,110.0,34,33
149.54393196105957,112.08094024658203,31.073223,37.31819
152.59436988830566,116.59345626831055,31.126247,36.025642
155.63959789276123,117.63351058959961,30.808924,36.33764
158.98048400878906,117.54633522033691,30.842178,36.04391
161.20464706420898,117.5116138458252,31.121834,36.13319
160.9588327407837,118.1493968963623,30.915098,35.917774
161.47622776031494,119.09358978271484,30.847181,36.00447
163.2716464996338,119.69680404663086,30.13676,35.91355
164.31483364105225,119.83894348144531,30.16327,35.908005
166.96472644805908,118.62163734436035,30.54856,36.044598
165.07653141021729,114.36709022521973,30.679243,36.96908
160.66028594970703,111.99637031555176,30.104836,35.36442
157.22614574432373,108.5141830444336,29.399424,36.20896
158.19767570495605,106.64425086975098,28.375645,35.307888
155.61631202697754,77.87124824523926,29.5919,37.529964
152.8464126586914,71.77144622802734,30.623856,35.848747
147.75718116760254,69.73111915588379,30.51675,35.293888
142.46890449523926,68.46832084655762,31.125538,34.798428
136.5432472229004,67.44521522521973,30.925125,34.822636
129.933687210083,66.58467292785645,29.998241,34.871174
130.5685739517212,65.99356651306152,29.483564,34.59994
129.64186763763428,66.06433868408203,29.894655,34.29232
128.92079734802246,64.45317077636719,29.776035,35.08219
130.74929237365723,62.8865966796875,30.365887,35.063835
141.52131366729736,65.66281127929688,31.524084,36.94552
148.17512035369873,70.51820945739746,30.033533,35.29153
153.51365089416504,78.36305236816406,30.849194,36.97048
158.66878414154053,89.46292114257812,31.532244,36.115685
162.0818395614624,98.99357795715332,30.344957,35.515293
166.01762580871582,121.68307113647461,28.96928,35.1584
166.70614528656006,127.84697914123535,29.801561,34.09119
168.25518131256104,124.72707557678223,29.449232,35.58594
167.38156604766846,112.57518863677979,29.481558,28.183226
166.3120927810669,93.4231481552124,28.624418,27.795649
164.34369468688965,58.84096717834473,30.120548,36.38301
163.87096214294434,52.58846664428711,30.165958,34.43092
162.87208557128906,51.22980499267578,29.920845,34.0172
161.98327541351318,50.93073081970215,29.620012,34.240776
162.21438217163086,54.017276763916016,28.604279,34.20892
161.32213401794434,71.2734546661377,29.611195,35.689514
162.8351535797119,89.09413719177246,29.655926,33.549904
161.8857364654541,105.87126541137695,29.64928,31.965466
163.17253875732422,121.00798988342285,28.415054,35.542786
161.683256149292,123.58435440063477,30.159748,35.006924
160.59607982635498,101.70356369018555,29.370874,34.96339
160.73706150054932,92.0178108215332,29.633543,34.80926
158.73783206939697,90.14821815490723,30.476194,33.610405
158.1701955795288,90.7305908203125,30.063066,33.92944
158.03249549865723,95.99814224243164,28.813282,35.3595
156.77941608428955,112.63243865966797,29.238348,34.293926
156.25388145446777,124.85958099365234,28.754337,34.11317
157.93609619140625,137.76370239257812,28.457031,34.43208
158.2280683517456,156.8941421508789,28.564974,32.730083
157.91402626037598,167.58746719360352,29.452175,35.87885
158.462420463562,157.29782676696777,28.122904,29.9057
157.7344617843628,139.5005111694336,28.457613,31.783146
156.8884792327881,123.56960678100586,28.759106,36.895107
154.72120475769043,113.85677528381348,29.499828,35.589676
154.04995155334473,109.61306571960449,29.972416,34.185066
150.6427116394043,107.6422119140625,29.728485,34.076458
149.57173442840576,111.70686531066895,29.876467,35.064796
147.4149808883667,117.72286415100098,30.154016,36.183052
146.15424156188965,129.50480270385742,30.406376,36.930515
145.4177827835083,141.2738552093506,29.538885,36.8983
142.676589012146,145.5994167327881,31.437288,33.98378
140.16979217529297,127.11874198913574,29.197815,30.020378
136.0664348602295,107.72248458862305,28.365887,30.736431
132.50486373901367,86.58732414245605,30.285057,34.057625
128.2744140625,76.24954986572266,29.657043,35.833645
123.54434013366699,72.1264762878418,28.928898,35.100185
122.65623664855957,75.16780471801758,27.97768,35.798336
121.89983558654785,85.8128833770752,28.648762,32.799774
121.76581478118896,103.62509346008301,29.083208,33.835526
123.2455825805664,119.4068660736084,27.832558,33.85656
123.68817520141602,145.1847858428955,29.842537,36.48828
123.49323654174805,140.64056205749512,29.046867,33.27954
125.95728492736816,122.81399250030518,26.765606,30.50461
131.6752519607544,100.8457260131836,29.36489,36.017437
137.06779766082764,86.99069023132324,30.321634,36.00186
143.4199733734131,74.04058456420898,30.114384,35.478825
149.4247169494629,73.47493934631348,29.198784,34.72654
154.77684688568115,75.7641716003418,28.715288,35.51035
159.23843002319336,81.32813835144043,28.383156,34.24408
162.03136157989502,88.23225593566895,29.794485,35.239265
172.29254627227783,111.86628913879395,29.045904,38.242363
173.4880027770996,119.37804794311523,29.39666,34.354603
174.42844772338867,113.06941890716553,28.289543,31.318861
175.40851497650146,97.49509620666504,28.784311,35.85462
176.46887111663818,83.2806625366211,30.11796,36.24055
179.76788711547852,71.72513389587402,30.136215,35.242493
180.66395473480225,72.19207191467285,29.418924,34.594704
181.2516164779663,77.29140090942383,29.020472,35.59682
181.30143451690674,85.9781322479248,29.55966,35.54991
182.3791675567627,104.45476531982422,29.14603,30.43089
178.22826290130615,139.1173095703125,31.2492,35.501842
175.66622829437256,143.0576572418213,31.419977,36.203896
172.92858695983887,132.64224433898926,29.515728,35.190422
169.26533699035645,116.76642608642578,29.892841,37.78039
165.16323471069336,107.87272262573242,29.751572,36.09821
161.94111156463623,98.88010215759277,29.083765,34.733856
160.04089069366455,96.20456314086914,28.989912,34.815563
157.94419479370117,98.2334098815918,28.214256,34.63142
155.59880256652832,103.44735336303711,28.867771,36.07011
154.54327201843262,111.45407485961914,29.418255,37.185665
151.55056190490723,131.37861824035645,29.814823,34.47104
148.38339614868164,127.82151317596436,30.003342,31.759184
141.79688358306885,112.4941873550415,29.331778,30.13389
137.4502820968628,91.76343536376953,29.608164,37.32429
133.2355842590332,85.98851585388184,30.290428,34.37171
129.13606548309326,80.20903205871582,29.247293,34.010406
125.17293167114258,81.92329788208008,29.926704,34.84959
122.50716400146484,86.33491516113281,28.661194,35.44681
121.97980403900146,96.1287670135498,28.486124,37.84777
123.01484775543213,111.32890701293945,29.67002,34.869457
124.13113784790039,131.10886573791504,29.427841,34.796066
122.8427038192749,121.84200096130371,30.096262,35.957375
122.70633125305176,109.29774284362793,28.61182,35.115173
122.45749568939209,98.57907485961914,28.23411,35.69695
125.7544355392456,93.22275924682617,30.536745,34.368557
131.98585033416748,90.63683319091797,28.99283,34.013935
133.04787063598633,95.0580825805664,29.03038,35.47649
135.46617031097412,103.69997787475586,30.17367,35.20976
141.50962734222412,115.24644470214844,29.620508,34.769627
150.0494794845581,130.4344253540039,29.429338,33.008595
159.78457736968994,145.5199031829834,30.535635,35.63639
164.61331844329834,136.06318950653076,30.230783,31.937826
169.0967092514038,118.87615776062012,28.700205,34.273544
171.11509799957275,104.1948471069336,29.240911,36.71902
173.0698881149292,96.99293899536133,29.249285,35.63898
174.8769121170044,89.27758979797363,29.667768,33.761322
174.28463459014893,90.23611068725586,28.95056,34.40463
171.52788162231445,95.81067085266113,28.823875,35.430008
168.68300914764404,106.05012512207031,28.91611,33.927814
166.31343269348145,119.81966781616211,28.8457,34.820126
163.99926567077637,134.57258224487305,29.340717,34.655422
163.16780185699463,123.90707206726074,29.15714,31.623337
162.47787952423096,106.79264831542969,29.79276,34.92352
161.587646484375,95.44311904907227,29.608658,36.18437
162.25817394256592,90.14005851745605,28.606256,35.24362
160.68621063232422,85.97453308105469,29.182846,33.788967
158.7618408203125,88.96658515930176,28.980972,34.329414
156.40497589111328,94.84164619445801,29.329353,35.703514
153.98015975952148,105.39303207397461,30.03994,35.767216
152.27978706359863,115.02532958984375,30.495983,37.06802
152.35773468017578,122.40417289733887,29.521164,36.043747
151.46797275543213,110.02586650848389,29.369352,31.297926
149.23401260375977,91.95719909667969,29.796112,36.274677
145.13953018188477,83.67727851867676,29.613861,35.41562
138.68196964263916,83.3083610534668,29.706778,33.301266
126.32103157043457,91.08183860778809,28.6086,34.66842
123.3347578048706,100.70515441894531,29.01317,35.708286
122.38257694244385,114.80343055725098,29.310125,34.630203
119.82715797424316,132.7989044189453,28.946552,32.05747
118.13052368164062,146.52249336242676,29.504768,34.499725
120.17411804199219,153.58913040161133,30.052147,35.77348
120.79515552520752,140.72201347351074,29.112059,36.783325
121.40468883514404,127.9354305267334,29.403917,35.39386
123.73299026489258,123.49703788757324,30.550522,34.0008
130.0266571044922,118.9729175567627,28.617638,34.459244
140.3734655380249,120.78924751281738,30.147074,34.35121
145.01103591918945,126.26788330078125,29.676666,34.048496
152.52043437957764,135.84980392456055,29.309542,33.432796
160.27911949157715,152.1497507095337,26.401241,29.524752
163.15962600708008,164.29778671264648,29.953072,33.442516
172.20568370819092,162.47174263000488,28.7427,34.30616
175.66569709777832,145.57109260559082,27.77502,32.877213
178.8555908203125,132.21684455871582,28.304031,35.367813
183.7780361175537,123.49637794494629,29.510258,36.079384
189.8879337310791,118.24635124206543,29.084164,34.414818
194.8589153289795,116.37509346008301,28.356663,34.156166
194.8009443283081,121.11730194091797,27.65697,34.441418
192.45620441436768,128.69233894348145,28.59358,35.96888
188.23458766937256,141.4408187866211,28.730013,35.80589
180.09057807922363,151.9028549194336,30.149761,35.604656
166.54477882385254,145.9571123123169,28.57703,29.803652
159.67059230804443,125.37849235534668,27.513681,30.227638
152.73293113708496,103.7104082107544,27.321774,31.167849
147.17096710205078,89.18522834777832,29.498886,35.16745
143.51078987121582,81.0336685180664,29.622807,34.810314
138.4532241821289,76.52203369140625,29.520111,35.111164
136.67704105377197,80.95246124267578,30.03575,36.22301
138.1109504699707,90.82855987548828,29.67675,36.27535
139.6735439300537,109.422776222229,29.022861,31.88547
138.4501895904541,119.37287330627441,31.294353,37.015198
140.05482578277588,112.42173385620117,30.476744,36.758984
142.41235637664795,102.54268455505371,28.46197,34.360283
143.25840950012207,96.49505996704102,28.904446,34.63351
144.66649532318115,92.35976791381836,29.75426,34.372463
147.54330158233643,92.33983421325684,30.021933,34.971
155.69401168823242,106.4557876586914,28.952202,34.155293
157.1478796005249,113.95750999450684,28.97539,35.737755
158.46510696411133,131.43857192993164,28.553993,31.62106
158.20369720458984,149.06957340240479,28.591995,30.690065
159.0121555328369,161.86002731323242,29.43835,35.79237
159.15486907958984,153.3019313812256,28.703522,32.383873
157.8104772567749,139.68324661254883,29.881975,34.451694
157.81508541107178,133.23118209838867,29.08652,32.91972
157.6174545288086,132.85941123962402,28.825394,32.741173
157.26483154296875,134.84025192260742,28.438614,32.816387
158.05794715881348,146.05548477172852,28.86562,35.08523
157.8497724533081,157.10528564453125,28.692469,34.05579
158.07301235198975,175.1288299560547,29.202715,31.940739
160.0330228805542,194.83263111114502,27.920755,29.984385
161.0977268218994,209.53053283691406,29.317791,35.027683
162.14164447784424,202.21485137939453,28.367956,34.81438
162.63671779632568,184.0608367919922,27.729868,37.253056
161.15056991577148,171.30540466308594,28.333397,36.394276
160.74737548828125,160.83086776733398,27.902328,34.198833
160.65026473999023,151.03956031799316,28.048233,35.27645
159.49591159820557,140.59982872009277,28.234968,33.46849
159.00012588500977,141.97402954101562,28.496567,33.808735
160.2150535583496,146.1070728302002,27.426086,35.239838
160.6311740875244,157.1762981414795,28.985188,36.63613
161.21350383758545,167.6350040435791,28.363115,35.52336
162.74729824066162,151.6894817352295,29.040644,35.710556
161.37887382507324,120.25962829589844,29.631565,34.98515
161.78892421722412,102.38192176818848,27.79703,34.04763
161.70430850982666,88.12793731689453,28.914495,35.46767
161.4388551712036,82.88222694396973,28.857328,33.877502
159.16202926635742,84.07810974121094,28.595963,34.884815
157.32905960083008,91.26945304870605,28.538948,35.65055
156.58130168914795,105.28804397583008,28.249544,35.71229
159.14999389648438,127.26412677764893,27.133888,30.174387
157.42144775390625,137.03517723083496,28.83535,34.85618
151.9978723526001,124.14029693603516,28.793554,33.01089
147.75366878509521,108.25286674499512,30.04954,36.156837
145.28893756866455,99.62315559387207,29.560537,34.992935
142.1851692199707,94.94129753112793,29.863983,34.624855
139.8097162246704,94.48045349121094,29.750715,33.632633
135.83973789215088,101.28741836547852,29.166822,35.455135
135.19149684906006,110.43793487548828,29.270098,36.52869
135.72549152374268,125.29793357849121,28.806051,36.723457
135.184645652771,135.5027847290039,30.130953,35.239353
138.08532238006592,134.8732967376709,30.969446,36.00106
144.00734329223633,106.75873184204102,29.101677,36.14407
144.92783451080322,98.25650024414062,28.91693,34.872852
147.2328462600708,93.79908752441406,29.054129,35.096035
152.73162746429443,90.55859375,28.530382,33.462666
159.79437923431396,89.74586868286133,28.169725,34.079082
162.72911548614502,101.34568214416504,28.541708,35.64113
168.21266078948975,113.74064826965332,29.379442,33.6837
174.73883628845215,124.61956214904785,30.997944,35.123886
179.4406623840332,129.3085594177246,30.188774,34.206234
180.27522468566895,122.61808586120605,30.130276,32.818558
183.02834224700928,90.33950805664062,30.375277,36.29729
183.48705196380615,85.50850296020508,29.450716,35.43265
184.41737174987793,82.93563079833984,28.472569,33.87531
185.64628982543945,82.06612777709961,29.237206,33.949726
187.3890619277954,83.22983360290527,30.12161,35.1369
192.92123794555664,94.86146926879883,29.625542,36.619984
196.68750762939453,109.5496654510498,28.554962,34.867798
198.8807544708252,121.69200897216797,29.815075,36.089046
202.17894172668457,125.9781322479248,29.160137,34.162567
203.19020748138428,118.48747444152832,28.634111,34.988235
202.5970230102539,90.15730857849121,28.62796,35.743355
201.41347885131836,83.58503341674805,29.140327,34.600834
198.3429069519043,83.1201400756836,27.653984,33.333904
190.79285526275635,82.8677978515625,29.000372,34.381573
185.31608486175537,85.91343688964844,30.18381,34.056362
179.4303903579712,100.87300109863281,29.67317,36.063335
176.32625484466553,113.2362232208252,28.896402,37.218117
174.2716007232666,124.36527824401855,29.327671,34.38481
171.2712116241455,123.76108360290527,29.01125,35.138702
166.10265159606934,113.05962181091309,29.823895,35.977486
163.11144351959229,87.72640419006348,28.07945,34.542946
161.7122507095337,84.27386856079102,28.329962,33.640812
160.24261379241943,83.04340171813965,28.57512,33.06395
158.75651264190674,85.38451957702637,28.125158,32.970306
157.48244762420654,90.45271873474121,27.810282,33.95598
154.5557746887207,112.36582946777344,28.349129,37.40765
152.63527965545654,125.00765419006348,28.735056,36.274483
149.55373287200928,136.26657104492188,29.448008,33.641674
146.7641191482544,133.17491722106934,30.223219,35.053955
137.77334117889404,121.16151237487793,31.125795,33.782463
118.2864294052124,103.61799240112305,28.500597,34.37089
117.35679054260254,99.65534019470215,28.12508,34.09957
116.73967933654785,98.8123607635498,27.843975,33.142883
114.82188320159912,100.61527824401855,27.610544,33.8972
112.88890361785889,104.62604904174805,27.570398,34.78786
119.68547534942627,125.65758895874023,28.490408,34.09551
123.27655124664307,137.08139991760254,29.664396,35.09562
127.07541942596436,143.23714637756348,29.268167,33.897636
131.935152053833,136.7771511077881,31.793972,34.883247
139.57934379577637,119.86208152770996,31.16071,33.789215
145.79631805419922,88.13446807861328,28.656403,36.028217
150.1551389694214,80.6146297454834,28.437311,34.532616
155.38001441955566,77.29618644714355,27.859692,33.736298
158.95070362091064,76.64518356323242,27.976217,33.527477
163.60406303405762,81.59075164794922,27.183704,34.258778
167.67196559906006,100.76239395141602,27.589998,36.786785
167.3681354522705,114.94555473327637,28.444561,36.15998
166.48920154571533,123.03024482727051,28.334326,33.133514
165.22357749938965,118.86539459228516,28.25182,33.673847
164.5320053100586,105.27725410461426,28.110413,33.706245
163.91350841522217,80.47139358520508,27.2661,33.449406
162.46325874328613,77.1876049041748,27.582752,32.666016
161.86897563934326,76.89880561828613,27.20637,32.616554
160.2238893508911,79.4247989654541,27.512304,33.362816
157.39477920532227,85.74776840209961,27.655502,34.698093
150.07645320892334,108.06641387939453,27.060938,36.26164
146.98830127716064,121.67528533935547,28.518644,35.151684
145.60223197937012,127.33564567565918,28.68401,32.88057
144.43006896972656,121.31671714782715,28.387703,34.99308
142.08511352539062,107.66668128967285,28.726662,34.385857
143.2829475402832,100.10540008544922,28.3573,32.410854
144.34528350830078,101.43621253967285,27.95121,33.856583
146.90918827056885,108.16497039794922,27.29946,33.82494
147.6524076461792,115.50715255737305,27.439775,34.076626
148.70005989074707,123.04753684997559,27.17419,34.342705
149.0570526123047,149.73845291137695,26.819283,34.416668
148.4254093170166,160.63885688781738,27.73006,36.138565
147.46157360076904,171.2821445465088,28.272738,33.641647
