298.0,149.0,67,122
294.4326171875,149.40163803100586,74.00052,115.750465
295.30584716796875,147.16600799560547,73.771545,116.94594
294.7086601257324,145.62137985229492,74.21485,116.71339
294.55799102783203,143.76990509033203,74.41823,120.295334
293.73816680908203,141.82070541381836,72.79619,120.32795
294.9330635070801,141.60966110229492,71.36816,121.40147
294.0754623413086,139.68275833129883,75.65236,122.13323
294.3349723815918,139.94207382202148,69.478096,125.28452
296.2249183654785,139.21416473388672,75.892265,128.40404
294.76824951171875,138.94104766845703,74.94269,132.40834
294.76878356933594,135.35498809814453,81.38623,127.47896
289.2285690307617,137.98174285888672,74.61177,146.64143
289.84741592407227,134.46434783935547,87.75048,142.70451
284.4254951477051,138.4523162841797,95.81841,191.95728
280.5719413757324,139.01705169677734,104.911385,198.19579
278.4530715942383,139.50104522705078,127.40175,203.68184
277.5118637084961,138.98509216308594,119.35936,205.31824
276.6348762512207,136.07076263427734,127.250786,209.19048
277.60128021240234,135.6614532470703,130.31248,208.68073
274.2899398803711,132.1676254272461,134.23308,211.18187
273.2373046875,129.65099334716797,137.8848,212.03996
278.8509979248047,127.74763488769531,133.88745,207.09656
274.07752990722656,128.43891143798828,143.80109,212.4734
277.1163635253906,130.2008514404297,143.11838,206.08453
277.0914077758789,124.55406188964844,139.25716,210.29791
278.1572265625,124.96161651611328,137.71347,206.91219
279.67537689208984,131.82849884033203,140.97618,199.68861
275.71910095214844,125.90576171875,136.62408,204.32614
275.35892486572266,128.05225372314453,139.54024,202.20058
280.3141174316406,123.4295654296875,131.20169,205.09457
280.84236907958984,117.32064819335938,132.11028,210.06454
281.75475311279297,130.9164581298828,129.06859,195.70416
284.186279296875,116.48201751708984,124.20035,207.83336
283.47657775878906,148.11698150634766,122.459595,175.80635
289.86153411865234,122.9514389038086,116.503586,198.00676
288.53945541381836,122.51595306396484,118.11637,197.24278
292.1260108947754,120.23596954345703,117.23025,197.3769
292.9685287475586,118.51470184326172,108.48576,198.13646
290.0994071960449,121.712646484375,100.24964,193.05838
295.74056243896484,123.77582550048828,112.921555,189.37746
292.3699607849121,122.2100601196289,111.3021,190.09566
295.8667106628418,121.8941879272461,105.63587,189.5601
299.57312774658203,126.28628540039062,103.59169,184.22226
299.3316879272461,127.55304718017578,109.04991,182.76552
302.84449768066406,126.59220886230469,105.64197,181.48499
302.6360740661621,127.29193115234375,97.317055,179.78189
306.572998046875,128.95166015625,90.03128,175.827
306.2129783630371,129.80403900146484,91.78593,174.19707
306.7328796386719,130.0568618774414,94.44205,173.43959
307.8624610900879,130.6366958618164,100.529686,170.80074
308.6003303527832,126.39227294921875,94.68157,173.83347
310.1068687438965,129.15174102783203,92.97196,172.0107
311.2807807922363,129.5895233154297,96.51556,169.28625
312.448429107666,129.79804229736328,85.67568,170.79231
314.02048110961914,129.39085388183594,88.14547,170.42807
317.47571563720703,130.10293579101562,81.65767,168.52985
320.75084686279297,131.58699798583984,70.877396,166.13011
325.38782501220703,132.38719940185547,93.12923,166.44514
320.34195709228516,135.69210815429688,94.13255,163.013
323.0901336669922,131.9373016357422,92.86771,163.85483
324.40414810180664,134.33953094482422,78.22222,163.09767
331.21618270874023,135.17352294921875,87.5546,161.5715
328.4988899230957,135.17169952392578,97.338036,162.0547
329.4137496948242,135.61693572998047,96.49367,161.3239
332.81838607788086,137.54644775390625,94.67713,158.40945
334.0485038757324,135.9282989501953,96.329445,159.9302
337.12317276000977,136.10761260986328,93.07073,159.50359
341.5376205444336,136.25666046142578,90.37724,157.89961
343.18247985839844,137.45894622802734,89.55722,156.45628
347.7641906738281,137.18109893798828,86.52411,155.72823
344.22056579589844,135.07117462158203,85.43057,157.08046
349.4901885986328,137.45289611816406,87.26401,155.25641
347.6975517272949,135.18718719482422,87.683174,155.847
352.6029472351074,137.40612030029297,85.13804,152.92561
352.1712341308594,134.44277954101562,86.02231,156.58505
351.40130615234375,135.07444763183594,81.1951,155.88855
353.94996643066406,136.91686248779297,73.3887,152.58958
357.6255187988281,134.81948852539062,74.681946,154.30524
358.4887504577637,136.58844757080078,71.431465,152.64009
360.21825408935547,134.22554779052734,66.336685,154.88664
361.391902923584,133.98905181884766,63.182167,154.08531
361.7177543640137,135.06027221679688,69.30921,152.87436
364.6359977722168,135.2671890258789,82.92011,150.78658
361.97570037841797,131.16661071777344,82.539444,153.59589
366.9901123046875,136.82598876953125,82.74075,147.40598
366.7069969177246,129.52053833007812,87.52686,154.89136
368.8729934692383,132.13011169433594,88.75517,152.10593
369.6262016296387,134.17518615722656,91.88404,151.78683
371.4157295227051,133.38894653320312,91.31335,150.76852
375.55902099609375,126.6977310180664,87.70389,156.57942
373.5092658996582,129.978271484375,91.41656,155.32446
376.4175262451172,131.27609252929688,91.33707,153.91632
379.05544662475586,130.5159149169922,86.99973,155.13785
380.36031341552734,130.6939926147461,88.52077,155.17131
380.6894416809082,130.07154846191406,88.77978,156.29465
382.3541488647461,135.18399047851562,90.295425,151.03455
382.21427154541016,131.02320098876953,93.72203,155.62587
381.7592544555664,130.92901611328125,96.784744,157.31744
382.9496154785156,129.87313842773438,100.818085,160.28076
383.7318420410156,129.00669860839844,100.59921,161.13303
383.2361640930176,127.35821533203125,103.376274,164.14874
384.34166717529297,129.58611297607422,101.88811,162.38869
385.4421615600586,127.0805435180664,98.05107,164.22661
386.2861442565918,123.71967315673828,96.16114,166.71983
384.57632064819336,123.59048461914062,93.44431,167.32758
383.66768646240234,121.37054443359375,96.53209,169.50824
381.8506278991699,122.67012023925781,97.93879,169.88455
381.0021858215332,119.11603546142578,98.75219,172.07872
378.8119583129883,120.07203674316406,87.03883,174.73367
379.4243354797363,119.96151733398438,99.527885,173.22162
377.67806243896484,120.54198455810547,104.538315,173.42616
375.48311614990234,120.28831481933594,103.67424,173.33102
376.38850021362305,117.72611236572266,107.08289,178.5944
375.39370346069336,117.94898986816406,100.92832,175.9578
374.36017990112305,115.6693344116211,102.127754,178.98769
373.96363067626953,116.45506286621094,99.0627,178.69266
373.3586616516113,116.92224884033203,108.21075,179.30717
370.37440490722656,114.74642944335938,102.44757,182.94904
369.98156356811523,115.46842956542969,104.0333,181.86392
368.28063201904297,115.38616943359375,104.083115,184.18
365.4499740600586,113.56261444091797,107.72508,184.56624
365.2869987487793,116.21965026855469,107.91938,184.26663
363.9520835876465,115.05476379394531,106.23051,185.39542
363.16773223876953,114.309814453125,111.09566,188.1402
361.915283203125,110.97177124023438,113.02597,191.68616
361.6280708312988,110.14723205566406,106.681694,192.57388
360.62000274658203,109.02474212646484,109.06856,195.28938
358.7647171020508,105.96526336669922,95.42384,198.49422
357.0419502258301,107.086669921875,114.2951,198.04114
353.63736724853516,102.08922576904297,110.127945,205.80714
355.12078857421875,106.28130340576172,113.15817,199.61165
352.7789421081543,106.74261474609375,111.97938,201.72827
351.46175384521484,108.15306091308594,122.46788,200.08646
351.1756896972656,104.19458770751953,117.78696,204.68785
347.9857864379883,107.4147720336914,117.86354,202.60722
348.9755210876465,108.04411315917969,123.27689,202.56223
346.0715522766113,105.70504760742188,96.396904,209.40546
348.87381744384766,109.36483764648438,90.457596,203.2815
349.7114028930664,108.99758911132812,86.195145,203.25543
347.85506439208984,111.4033203125,85.38054,201.63129
350.05031967163086,112.17668151855469,85.64689,197.44882
350.93701171875,112.04944610595703,88.54794,201.72704
345.8236656188965,113.50237274169922,92.05271,201.649
345.7499694824219,112.21183776855469,95.425446,199.93039
348.357852935791,109.49897766113281,94.782005,205.80063
345.0224075317383,107.89926147460938,88.7162,207.3808
343.13111877441406,107.53905487060547,105.86145,211.46974
344.61142349243164,108.98968505859375,102.60714,209.39203
344.67817306518555,115.60092163085938,97.03315,202.12311
347.3768768310547,112.40919494628906,102.334045,207.6423
343.2639808654785,113.08818054199219,99.16238,207.74466
343.4442939758301,115.14380645751953,110.16967,207.84306
342.4491996765137,111.06573486328125,115.02888,213.04144
343.06079483032227,112.29307556152344,116.31368,208.28879
338.37168884277344,118.34442901611328,124.40228,204.46788
339.6920700073242,122.37712860107422,117.932785,197.37453
337.64034271240234,126.88219451904297,108.11894,189.9178
334.7918243408203,125.4913101196289,113.44,188.39738
334.82837295532227,125.27655029296875,111.92977,185.15265
335.50316619873047,130.25104522705078,109.84874,177.39403
333.57944107055664,133.6988754272461,104.87643,173.32704
334.0230255126953,136.62823486328125,106.9668,167.86407
331.8072509765625,133.9428939819336,104.82376,169.96565
332.5247001647949,133.66656494140625,98.85285,167.95575
334.11581802368164,136.77034759521484,98.75149,162.96443
335.149845123291,138.21023559570312,96.73208,161.50183
332.5577812194824,135.13406372070312,95.38087,162.45517
333.1950035095215,138.26313018798828,95.85581,158.41939
332.2928009033203,137.14599609375,92.8978,157.61633
332.2677879333496,137.98971557617188,86.8552,156.1691
334.4097213745117,136.4976348876953,92.399734,157.39423
331.80121994018555,140.208984375,96.44126,153.98654
334.2752151489258,135.18374633789062,93.08473,159.57831
333.81311798095703,136.3938446044922,94.98695,158.71399
334.8904037475586,134.4970474243164,94.77055,161.26091
334.12674713134766,135.07498168945312,85.72264,163.01685
333.7003059387207,137.28192901611328,86.8731,162.04774
332.2437438964844,137.38427734375,87.94998,161.84625
331.3682975769043,137.41645050048828,105.760506,163.78633
332.0868034362793,135.61243438720703,95.252815,165.90535
334.1261672973633,135.2125244140625,100.71492,163.8215
331.650634765625,134.27865600585938,82.77377,165.96738
334.56712341308594,133.92888641357422,69.36063,166.8557
331.9095153808594,136.52704620361328,110.27374,166.60799
328.8197250366211,131.56439971923828,108.90492,174.41481
334.5745849609375,132.85979461669922,97.40454,170.2481
329.2388916015625,135.46468353271484,85.706116,169.81242
330.4848976135254,132.38965606689453,75.2467,171.23936
329.8481330871582,135.1649627685547,67.11504,171.22784
327.1086540222168,134.98116302490234,66.564064,172.92378
324.98538970947266,133.91248321533203,71.388535,175.00996
322.2819709777832,133.86487579345703,66.05175,174.292
318.51965713500977,131.7746810913086,74.169945,175.88298
314.53418350219727,130.39713287353516,76.17046,178.23625
311.5116271972656,128.0982666015625,67.798584,179.22433
312.08465576171875,126.87222290039062,69.26468,181.94855
311.4523582458496,127.20431518554688,72.57865,182.81363
312.9943733215332,124.74353790283203,78.750786,185.20232
312.4734191894531,124.45537567138672,84.74936,184.45863
312.39144134521484,125.24030303955078,69.511215,184.848
312.9633445739746,126.52778625488281,67.57459,183.67374
314.48178482055664,128.1378402709961,64.41137,182.99236
312.8514213562012,133.24132537841797,78.67765,179.42638
313.6469078063965,130.0772705078125,67.31599,182.74179
314.2563819885254,130.96351623535156,67.00878,180.31216
316.27126693725586,129.26480102539062,64.52207,181.1437
315.6598320007324,128.66764068603516,68.07966,182.14723
317.6397476196289,126.61583709716797,69.78804,183.33006
317.8905448913574,127.93811798095703,72.16917,182.33385
316.8393974304199,129.32062530517578,78.536476,180.34868
318.07727813720703,128.04981994628906,68.2401,181.51309
319.72615814208984,130.0982894897461,66.31496,180.07225
319.73716735839844,128.40895080566406,68.21863,181.284
320.16198348999023,129.91646575927734,75.170265,178.29219
319.6083335876465,129.3909454345703,78.46671,178.41998
322.53173065185547,128.45681762695312,112.4901,180.36996
320.91100692749023,126.80931091308594,114.02433,180.36682
321.9350891113281,132.93321228027344,115.12283,174.66156
328.9674949645996,121.5404052734375,105.35258,182.21304
322.9551811218262,130.40677642822266,115.43098,178.61275
328.15621185302734,116.61747741699219,108.09154,188.75824
326.12596893310547,130.71649169921875,112.20909,178.08548
330.9884719848633,120.17183685302734,104.859024,185.82567
335.2071075439453,115.38143157958984,100.927185,190.83574
341.2879295349121,110.81541442871094,95.88767,196.12183
345.5574035644531,114.22230529785156,91.33688,194.88763
350.5453758239746,110.49351501464844,87.18522,199.76526
353.99864959716797,114.09412384033203,84.22386,197.91866
356.83570861816406,113.30316162109375,78.300476,198.35263
361.9432830810547,109.85797882080078,75.2608,201.40327
360.4965362548828,111.5672378540039,77.53235,197.79475
360.07126235961914,107.93150329589844,78.676476,208.36987
364.65085220336914,105.7023696899414,77.66549,213.38094
364.10444259643555,105.72499084472656,76.47822,213.4945
365.33741760253906,104.41781616210938,75.85382,215.8129
365.5509567260742,105.1710433959961,74.91997,213.13115
365.42895889282227,107.06792449951172,75.33303,212.64977
366.18601989746094,107.93022918701172,75.12482,212.2169
365.83739852905273,108.98282623291016,74.307045,211.42317
365.51665115356445,109.8635482788086,76.182365,210.38554
367.33298110961914,110.18123626708984,73.97201,209.59544
365.3843231201172,110.86450958251953,77.99524,210.19838
367.0729789733887,110.36270904541016,77.172615,211.03267
368.0686378479004,110.16114807128906,76.292564,210.76569
368.1944885253906,111.01714324951172,76.27341,209.38304
370.4133644104004,114.23892974853516,73.261314,208.865
365.06511306762695,113.2682113647461,77.497856,209.86534
367.6296157836914,114.44051361083984,73.88039,208.40501
362.05083084106445,115.38329315185547,79.1571,205.82481
363.5830993652344,116.32569885253906,74.31528,205.59552
363.71744537353516,115.1966781616211,77.90968,205.45049
364.7562561035156,118.26544952392578,76.42172,180.21193
366.8533058166504,118.59014129638672,69.40304,199.88042
366.12392807006836,117.21732330322266,73.91679,199.74312
366.4882583618164,115.76383972167969,75.31447,200.18896
368.3031196594238,116.56201171875,72.89178,197.24911
363.6575050354004,115.23503112792969,81.32082,199.35437
365.8344917297363,114.0260238647461,82.122246,200.46123
365.0187110900879,113.14291381835938,83.342186,203.87479
367.85000228881836,111.66400146484375,80.62205,205.74356
364.593692779541,111.83465576171875,85.25863,205.47507
369.94600677490234,111.86321258544922,75.26091,205.994
368.99864959716797,112.34990692138672,81.87535,204.53221
374.54649353027344,111.19425964355469,90.85156,205.27277
375.09871673583984,110.81982421875,97.11565,206.97421
371.39805603027344,111.14373016357422,117.584595,206.04857
376.8910598754883,109.81324768066406,110.08327,205.8382
378.17366790771484,107.9826889038086,104.146286,209.6353
376.06761932373047,106.41928100585938,106.500046,211.98428
376.03532791137695,107.8386001586914,113.470146,211.68098
377.8426818847656,108.40117645263672,128.91019,208.86113
377.7924499511719,112.41493225097656,113.93936,206.66394
379.4168472290039,112.42266082763672,118.6429,204.67216
378.60634994506836,112.77904510498047,120.71537,204.20421
382.7690620422363,111.15926361083984,114.8167,209.80437
375.0765609741211,111.37916564941406,128.43681,206.32196
375.1698532104492,106.37173461914062,124.39836,211.44418
372.8414764404297,105.15000915527344,123.267944,212.40918
370.6892852783203,101.6475830078125,124.04901,216.26205
368.6734313964844,105.49998474121094,125.93515,212.36151
366.29493713378906,88.17304992675781,126.58154,231.37292
365.12561798095703,104.26128387451172,128.96223,213.81639
358.80628967285156,102.30448150634766,132.93018,216.09767
358.92467498779297,103.39606475830078,128.67558,213.50594
354.22938537597656,100.93537139892578,128.3161,214.90523
355.2864570617676,103.57428741455078,122.98998,213.98976
351.1791877746582,103.10649871826172,105.44787,214.61833
352.46360778808594,107.0652084350586,122.23572,215.29613
345.8288040161133,108.6469497680664,103.7693,211.53731
343.51709365844727,111.82276916503906,98.85409,210.23816
338.1210594177246,115.34412384033203,99.95829,206.73457
334.71845626831055,116.92575073242188,100.15131,205.19162
329.3934745788574,117.47266387939453,99.08112,204.30733
325.73988342285156,118.26925659179688,86.21832,205.30777
323.0534324645996,112.89940643310547,87.32389,212.35149
316.99583435058594,114.57671356201172,85.81177,210.93083
314.36997985839844,107.65990447998047,100.38129,218.92656
311.89799880981445,105.86187744140625,111.46911,220.25076
315.8949203491211,106.8642578125,99.07152,218.86472
308.5871162414551,101.73827362060547,98.737785,224.89568
308.52146911621094,101.4774169921875,95.41614,226.43442
306.8600158691406,102.06366729736328,97.04837,224.73189
307.5855941772461,103.80400085449219,97.70708,224.59595
309.6601142883301,99.97698974609375,94.95367,227.52725
305.8656234741211,102.83440399169922,95.8878,224.56248
308.31008529663086,103.4098892211914,91.74821,223.91084
307.7591094970703,105.46050262451172,91.85382,223.64354
305.6452827453613,105.08319854736328,92.34905,225.20882
303.1863136291504,105.90799713134766,95.125084,224.84138
301.52657318115234,103.37615203857422,96.267136,229.03075
300.9925727844238,105.2345962524414,92.88439,228.09206
299.5478096008301,101.54786682128906,106.993095,232.9408
300.57969665527344,103.25462341308594,108.839355,232.47876
304.167911529541,98.62046813964844,103.385155,239.92786
305.89476013183594,94.37149810791016,102.815735,245.54982
303.32421112060547,91.83113098144531,105.76872,248.143
306.3276824951172,87.31441497802734,104.009705,254.32652
305.41284561157227,84.17767333984375,106.577415,257.8046
300.47448348999023,81.3826904296875,111.55869,260.8923
298.11377334594727,79.09565734863281,114.4396,262.81116
293.80733489990234,75.65916442871094,120.91106,263.97235
289.03286361694336,73.88560485839844,126.04429,266.1701
296.99002838134766,73.57438659667969,115.92787,264.84192
296.2328300476074,72.56694030761719,118.27656,268.5365
297.3132781982422,71.88407897949219,117.99609,267.78906
297.02103424072266,76.88427734375,119.55519,260.41354
291.3439292907715,79.15760803222656,124.90751,259.22974
283.31529235839844,82.28086853027344,134.9945,253.32379
280.88318634033203,85.7809829711914,136.70186,248.23903
276.5916442871094,85.78021240234375,143.03232,253.34799
275.7926940917969,85.36824798583984,140.49582,254.93394
265.1830520629883,85.53900909423828,153.79482,254.90102
270.45604705810547,79.86860656738281,154.08623,262.61664
266.6362991333008,75.27461242675781,154.25105,266.638
265.54168701171875,74.87240600585938,150.81607,270.11386
264.2335968017578,71.69639587402344,145.55011,270.58307
268.4738883972168,68.73870849609375,117.81043,274.59067
270.251708984375,68.25973510742188,126.082184,273.59256
270.5697441101074,67.97805786132812,109.75892,275.32315
267.79034423828125,63.36431884765625,115.24838,282.60214
268.2056427001953,66.99032592773438,112.87854,278.50235
268.1200523376465,58.16236877441406,117.999916,286.48407
262.794132232666,59.1988525390625,122.788414,285.92667
259.49048614501953,54.495849609375,127.991104,288.57773
256.0895690917969,57.162811279296875,134.15988,285.98575
270.18902587890625,56.30824279785156,112.230255,284.60828
271.04615020751953,60.59205627441406,112.958145,278.2129
278.88730239868164,68.25399780273438,101.50436,269.43088
281.2000961303711,68.53123474121094,104.53459,270.3379
289.3737373352051,67.36273193359375,101.01867,272.2203
288.7275199890137,69.19964599609375,104.49189,277.1794
286.8201484680176,67.34980773925781,107.57806,280.78662
286.8482666015625,66.78118896484375,110.97366,279.8527
286.7705764770508,63.89617919921875,111.51729,282.3984
289.2657775878906,60.07371520996094,110.19595,287.4132
293.53213119506836,59.67047119140625,105.66038,287.89902
285.10283279418945,59.50634765625,111.214165,288.93417
291.6982002258301,58.70570373535156,105.79229,289.67102
285.79734802246094,55.69868469238281,106.05621,291.23907
295.3676414489746,55.84375,96.250465,292.6202
285.87767028808594,54.6988525390625,96.87781,295.2388
285.41883850097656,55.019866943359375,101.361694,294.3611
289.1216850280762,54.361663818359375,99.91822,295.49887
284.42397689819336,51.13508605957031,103.8812,295.94305
277.79558181762695,45.29142761230469,113.382256,300.74127
