912.5,387.5,205,197
903.9310016155341,376.32176713872275,207.85055551526978,201.99852123402908
891.9338867721864,377.70860736774506,208.56756924432352,205.09708084251278
877.9986821754529,372.9178279541078,211.88217513884015,208.03851487196633
876.1359535541301,370.87330784183257,215.13511298375022,208.01619597710143
869.24762681876,364.2047938033469,216.21562616518406,211.14789320537903
857.2702389874659,359.4233385446572,214.46449782081407,214.03693315925122
849.7310105801287,353.3995065206201,213.44240303026402,217.23190269591188
845.8571570834318,350.5110656321974,213.0632532197635,220.17024582605933
845.8169416830074,345.38485749544986,212.2059119850137,223.53111585016467
840.2960714914566,338.3733470981005,210.5983184142578,230.25372589733533
837.5997878865298,337.5297476614371,210.89066685122327,235.48518598777946
836.1293849185175,342.08291487685335,207.00010910926926,243.16747155206411
833.9642304471361,343.0983645175454,204.03436607296732,250.57416000871712
835.0508231216826,340.9813257410441,204.16739624854762,255.3310026617221
831.2285444503561,342.9974452953329,203.3728294838396,258.2722490229625
822.1984793808607,345.0123472202402,203.84890658327976,257.71316832530863
813.184161509411,345.5912033088212,203.50254041883068,257.6887409553518
803.845374843379,342.9120155213942,206.0254735531406,257.1670253398676
804.7158533951939,342.8029417884304,206.98560440117106,256.6124453759285
795.3005230059173,351.824590122328,208.12895400723892,252.1771141774936
783.5659981746402,353.8866375395039,211.4736426315851,249.62775939536505
772.9050407535254,358.64939660770045,218.73242614141722,242.60904000317362
762.752572737455,365.9000757757509,226.49176700449055,235.36685315297353
760.9064633386329,363.62296995921014,232.2025063957782,231.28058760557417
758.5642069746175,376.61265670988,237.25325256206213,227.30926883751079
755.099418962254,386.97699351863145,241.45950476476753,226.84504338590145
753.1162803833892,394.835217255373,245.72098113790952,223.73037394281394
750.0243573432704,403.8054674504666,244.92571840772231,216.87794251472377
749.7164486173328,406.70421802933134,247.16578460265475,213.43685925135776
746.7246795795397,406.34102494796525,247.78304116884158,211.73333403904417
743.4352172777205,412.0720953393643,249.3450461595952,209.2238175772299
740.6493121617839,418.095611472074,251.52287255052616,205.53800662528718
732.1010248585776,416.5219140332731,254.7785333843558,202.41359097127273
730.0451203124172,417.97769855579065,255.8195838955151,199.95787196118977
709.5698852745811,413.18136448978726,259.868522751705,201.0343390739095
701.069236594387,405.14448295515814,263.02933930764965,204.81338149344842
690.3553677434503,395.2177613367409,263.8631801436784,209.84340897405727
678.2441363671949,382.309840859242,264.74841602851353,214.65985074387447
674.4807727993164,381.695211376154,268.2967868028813,219.09256158192238
670.1970374835372,375.6791011090828,270.8923579250097,223.15579894269447
661.6767931544655,368.39915361313234,271.5998349559559,226.01458404842595
658.1219887499035,360.1074309845778,275.30246944943656,230.5897065897758
653.3934638169826,360.00323641305226,278.44601032785147,233.08308795084434
653.17989323025,358.928563951842,282.36597629417884,235.71316713215504
648.9527527297741,359.60954846889217,285.5384255537975,235.93856765925005
642.6701688944206,360.23803965132095,290.4594415368824,239.4000377480058
633.4211431858225,355.59608219786594,292.74083531552867,244.247728194314
631.138595263139,354.0324363554325,292.2555862168957,248.78067454798892
631.0997999650307,354.8546612276924,294.03182598112676,251.30881362869496
626.7775858174025,348.20132994755886,292.3506917992713,255.3240390399141
618.1301865116955,351.29727304210553,291.4634435204266,255.19091540117483
611.3577174937955,352.4828426992267,295.08650750990097,256.47147968304756
601.3240588959683,352.8034269273633,299.75586690373643,258.31547253124825
600.3363266714691,354.8855833528852,302.14127672150164,258.4097737434674
593.7626468841117,351.52968012121613,303.81868466657755,260.27398785298476
591.7012742501963,351.40878497498517,308.0547952716611,260.6535394998931
592.7246937703221,351.7687130736606,315.971688950831,260.1758068616596
595.4698144611451,353.0777155422967,322.31664883261266,256.4251840931572
591.0023081777197,353.4626612053072,327.37712679252985,255.22911615952745
597.1554573320606,350.27995150412914,333.345456169395,251.3989522183777
597.8686364868872,353.81175314452946,335.572783906342,247.83631071812516
601.0560329258313,357.1461747290109,338.9027849585075,241.66462062271154
600.5256795696855,365.6555438435321,340.6683081314087,234.74946859056848
601.1081427702987,369.2138420498412,339.7937872122359,228.82862193762435
604.1634151272484,370.4833088427296,338.81208008378576,224.1795318157452
595.2424846776782,370.87476797836825,341.4199789239052,222.79929441833883
594.1006162690123,368.95166341082023,341.191283166011,220.34654334454208
585.5478668107926,366.6293130850412,341.21388871086856,218.97989145703758
585.1648904178517,362.22292268486865,338.4246442578283,219.95943937774405
581.5700927158999,356.28638937195547,339.2332014727974,221.46267968673695
579.0152265133884,348.46408118054194,339.0310642565438,224.29436119407575
578.7144008019352,348.4338629040811,335.7335839045478,225.4364971183353
577.3549396129424,346.649753080491,335.4221844460616,228.22047687732427
576.0822853819502,346.0804974256358,336.78063496927973,228.69987334938804
573.8241732191251,341.8329228781438,339.24563410953556,232.0112737222958
571.1962178401047,342.9180158858094,341.7078799353252,233.38962758390247
568.5425727840335,338.20265352598346,346.6020416714607,234.9140603418844
556.5244023223042,346.75162107587573,348.26860682282444,234.06747945962917
555.5762031584528,344.5970508352084,349.61567437955796,234.87699902650462
547.2805423439278,350.5524310663618,351.38766007110803,234.42097813481536
543.8701487854779,353.7887242676351,350.6111585794568,232.93611365228236
528.4725343345259,356.2387882946623,352.49861350980314,229.08057869400722
513.2413245752609,362.1341446435704,354.22159401771285,225.16341498071876
508.362922694672,365.644325527711,356.3408116621,222.45280138519752
483.38497460387975,373.01823318914984,364.77443001165324,210.38941236999804
463.4210733917793,379.02177958884477,367.3844910418112,202.29584896666535
442.956211249559,379.8198413461577,367.1815325259589,199.00344735679406
424.51209231573705,381.8079095008236,366.47487979912034,196.35771485224132
423.03687995950946,385.21695706416466,365.26034269669515,194.4006355222206
398.556304975689,384.9981442507674,366.7256430549611,191.64689304598778
372.46772190540406,385.16704955418,369.74092107297236,188.66628997585994
356.7096099564982,388.6262629549491,370.18283276070116,187.120377422216
361.49041417547045,391.27560458344755,363.38539258523826,184.81118133639225
355.71505763544536,394.0980871416035,360.2613381710868,182.66559561651883
342.8154104707976,392.07454963631733,355.4394452902993,180.25342446849146
333.71806047779535,404.8896073265632,350.4876189396339,176.6718625547966
326.4452100518931,392.50899188587005,350.4566853843949,174.43067110341912
323.404417095209,377.1018573714878,346.23419605667425,176.2187884750791
316.87489755958416,395.1032330437412,347.23582107305333,174.32989821455666
322.6229881234752,378.1070657857095,345.7759434654739,174.47365332388188
335.66993914426155,388.72303615633575,338.6573507958494,174.755952847522
351.5901459496869,365.0473141414034,333.3549029595348,178.85906008539456
389.5055211461492,341.94539459052316,323.53679447334855,186.9031053333952
408.5624957160866,315.2866728029601,307.037658184426,202.7086317942635
440.6391657590432,295.5065022928674,293.88871262976267,216.68764537609437
470.0546585797569,280.47304285064877,282.847273954888,230.44105718045347
497.05570213315195,266.4968110620599,273.29584373896705,241.18506853289978
518.7640699512783,254.04526381140343,266.61309018889585,245.77815212417858
517.7477596588112,251.35260322751128,262.2882345393942,246.63268105563475
551.1428823024011,243.87891115603426,255.08467824757582,245.7446693856005
578.3916685224555,235.49730731664891,244.4307680694298,245.36974878373155
604.7379397045083,224.730111342381,233.26725555151552,245.95865657089038
632.1262690628123,221.69941900681712,222.2390824000932,243.57769180811925
635.6919515314205,223.18393028448872,214.70093981275878,240.62093765725243
663.0184973800169,223.29387160481497,205.43048895418895,238.9957589293349
700.282220918921,225.8370070160307,195.32043079239656,237.53664388769567
723.4805023161683,245.23247912200435,186.53722172714993,233.56608846969368
743.9654001904349,249.8425519491752,176.87289167685898,230.7605264983659
754.0779606235391,253.14349724629082,170.62492744974966,228.23141699010267
768.6079916764447,274.6008479353536,164.36485885895297,221.59907950357865
793.475315892079,283.4604287533933,158.35545304243055,219.3069980219183
813.5834239694632,301.3746403954683,155.445930918424,213.5738353578854
830.4041470456176,314.26314700580303,153.6229967290058,205.63625580725983
831.6799968251235,319.72854266082834,151.05136152296834,199.75685133040017
846.3440332308868,332.1008981675199,147.29921453846805,196.6514950228276
863.5521789355294,343.8792165292265,143.76484871206878,194.085546623389
881.2574891432862,350.1592170159675,140.9123566534886,193.8216109804124
903.5605078649797,355.4347891123735,139.41284463124413,190.40671585299958
903.8253461767708,358.10119803176514,137.89588191681102,187.4721240369366
917.7866379098762,364.2813872706224,137.77962054837877,185.40026160383883
930.4766337867367,369.16795928931185,138.73385921763136,183.25679438530756
946.4823493218893,387.6539522094334,141.5775726480585,173.9052537965293
961.4654651272978,403.0816265504572,142.02220682093295,166.39538317234306
961.2837571568409,400.33976943768727,141.96593727886793,162.64292090709918
976.5865195932082,411.8192684827893,144.35003642957068,155.68094735302793
985.8358386583732,411.1535536767233,149.5902727346657,151.0674950491138
983.0612110603963,405.0043349513316,154.0251377958079,147.74044231129858
992.112709110326,423.4104630947361,161.45681920144182,135.89692458039775
992.1135093429501,415.1542082545887,161.0706524291256,134.6201295274162
994.9896813019773,430.5353662860726,167.586970963769,124.46985303048851
1000.0448073729156,440.66312011576696,173.98394195116498,116.1263164633239
999.9608119248609,451.9675628945206,179.3178335545192,107.69298708867791
995.4170522603732,453.684459095363,185.7200515796309,101.76302941141935
995.2311746132092,465.4341178401372,190.62890194384428,94.34281920641689
983.9518841555911,464.40716950781484,198.79040720600432,90.35231374856406
973.3097742223824,463.1978082782517,206.60085693082004,89.2771523594999
964.8379138247258,462.184608203599,211.16233838439754,90.1728187803966
951.5644952177585,459.4726747236274,216.9565568086594,92.44325885473495
949.558844916051,456.52748857897683,219.58884518501583,95.5127032856834
935.3496474385736,453.35561919070153,225.40112289143556,98.22419723687086
918.269473928171,451.3298417114958,227.69466006726998,102.85386223451644
906.6273092051558,450.1609213884862,228.48047724523386,107.32224682775549
899.7331295431279,449.5618174352453,230.82578427741964,111.91563710537679
898.7217349201189,449.7964407294979,234.61297174063878,113.98056376707004
892.4158722541175,446.3742788949017,236.72638889087898,117.55117265545495
887.3195969734995,446.23303915376346,237.57012067312337,120.64242994687453
882.041266992906,445.298982617188,237.0743657402062,122.99787318851102
878.825591413194,444.39589980772706,235.08819828390762,126.59605435995363
879.2091166843259,441.7588738940109,234.58493095812042,129.79154511980482
877.7896741678601,441.3296141180008,233.02089240706766,131.92251428444257
876.3707902667429,440.2219179718985,231.2834334255495,133.46776154185704
874.5771615486481,438.9520257197522,230.05945829490554,133.8861750153422
872.780362575829,438.510056680409,228.9909821514935,135.01901535528583
873.0353308027921,437.41363373119776,228.0730539306375,136.35304004046284
872.2105986968319,439.75111405800874,228.1695756281385,138.1146767341004
874.5856471643192,438.61738607508073,226.9859555150633,140.2604381947417
875.1471040389738,440.7291589849542,225.12045491463425,141.51174302959683
878.6185090678331,442.90298133423903,223.26704848621847,140.89177806048878
878.7851535404525,444.0033360382809,221.8881547159598,139.46082783056667
881.6896841174519,448.2870417324069,220.30246697504705,138.10845998708396
885.4336709553005,452.88164019334187,220.33417856775185,136.12360447680464
887.2002690296142,455.2254666044804,220.1244160567436,137.7724551602343
888.0531253975237,461.3150566828397,217.17729413837606,136.86037819870614
888.7823286400476,462.1793180864863,214.50454946992534,136.17048015490167
883.7566668187449,464.50179507773703,216.65639276966567,136.29802859473307
878.6771340292386,465.4480704368901,217.36395078031893,136.07999360060913
878.6056097652081,465.1641597102026,216.7103263681255,136.1839937024558
873.5977847854779,463.33527624477955,213.76464019172175,137.6185245493176
871.4439784204741,469.21442516103014,221.36790197339565,131.48059710484745
864.7493473270562,473.19094510350897,224.27045075080758,127.21208437862691
859.4050744076792,477.291180021597,228.18312292852028,124.71414874121194
856.933769404421,480.3290306125745,231.84669569786925,122.18641213216337
849.0652291187546,483.2209642539618,234.87140062833316,120.77997385787258
846.1590878660012,484.10389413182776,236.42509958815504,119.38216592909464
844.4210562091059,483.9992488955003,237.02192882639935,119.04218511621565
847.5822181211041,482.14760575259925,234.67506076335872,120.2299184044287
846.7126809728211,482.03063654943776,231.2394371839483,122.28424930018488
853.9934937686162,478.26441269515624,223.91329285456513,123.99355686439986
852.127230754638,478.05741716203073,221.07684248023855,125.96177873986258
862.0730673515404,476.30606721267037,212.64726073235676,127.73331120293722
878.0738069008084,470.7289103983451,196.97033035513414,134.2848678545065
890.8171868526205,471.83999903154404,181.2787975022914,139.14585623370795
903.721633302208,474.6926194940752,168.28607338821138,141.2536870363984
908.5783291630759,477.4765953257944,158.70383915410662,142.03467288440405
917.0055775751747,480.9328545084662,152.6922530965105,142.16476325700594
925.1721703234084,485.06045963421565,152.59570090082445,140.44061846952687
936.055685454675,491.9851417673567,155.4789887840431,134.52516743414066
940.8612209318733,499.6770640062589,161.959197813167,129.42800031687108
938.6758626707752,502.3466619377121,166.75229317342541,125.86665520107306
937.258091744261,504.458813480084,171.37894458837405,122.1355092944928
937.2311765359088,509.30465345001505,179.6515765034914,116.6461999982464
935.2621427217598,513.4239519874036,187.01447456849618,112.4674488478468
929.4300916019484,517.7958606039019,196.82271550192823,107.53633593957244
926.0690185272753,520.3130606937266,204.034353829238,104.33048895969112
917.5432923821022,523.133225531719,210.23588393940832,102.82504888636753
905.3256271179441,524.2196369669758,218.54637659235826,101.8514143674849
893.8689348397055,524.7078172055551,226.65296602859624,101.54944796142851
876.3438330811232,526.6784769999484,236.1393286796719,100.37522322318206
878.642470258714,526.319524727053,240.04085174117756,100.69519553754651
869.3530049559713,524.7132768195861,241.7566842021315,102.01477610360953
856.8625956268983,523.8798425450913,242.20099811479426,104.44052008222957
850.1362645703098,528.0902697042523,243.98423521729,105.69472794347291
842.7997457621098,528.9958007088175,244.9597506702989,107.23143638684206
843.2514477450729,523.5752446599514,246.8903978365746,108.9017158506019
834.1934619689378,526.1291003642561,247.15931586101303,110.7595262544315
822.0764871393044,528.21384743282,247.12278822535794,112.682396428522
814.7439870085745,531.0626843066053,248.90155515704473,114.61930853834266
808.902570040465,532.3774739372876,251.96459996972874,116.52702509530697
806.1489460772423,526.6373252127974,254.9746698184764,118.4868967477786
805.3565173569375,523.5114086386536,255.917285721515,121.81284088086844
796.4814796633958,518.7016634226994,255.9392403047652,126.2910354028952
798.7943778452913,510.0619237353311,259.32647113213653,131.43078527781495
796.8257938052857,502.05524986214374,262.08074891616536,136.12926505086205
801.4978356731957,487.8283898296728,256.91367857756205,151.20062179640698
803.4874462939666,472.3312523466582,252.328952048373,162.77235800511193
802.9384152938807,459.14043946207767,253.07079463764853,172.58776253709044
810.7216035036334,447.3778063230992,254.82862170935394,179.96067171360684
811.0644470943013,431.19433320991936,256.7683150440705,187.24539023305744
809.8992959436824,424.981399943688,256.6720278563251,191.41411946693606
810.4999052320959,416.6007700961509,259.1956835375394,193.4867976953355
810.9528281785044,408.6234390423704,259.4574199182058,194.04227557590676
812.9336213677509,401.5679846824023,262.4500919816379,193.36609399432933
814.058734057055,400.6253321012066,263.9481836062799,193.23522007194288
816.8549420037897,398.7636742935738,265.5945367672232,193.95322133708032
821.6239047620749,397.8748069070615,266.54888172031843,192.9169848290533
824.5304028844675,401.4116269713996,268.94114765967606,192.59438086752186
823.870160491159,404.56943621131427,270.8276893534701,192.27100806182574
824.1193353723055,401.5736220222864,272.2821650182325,192.4555928874829
823.6482987023663,410.3256035519913,271.7637508731788,191.40569705829768
825.2467464307009,419.99328941410994,270.5582631685468,188.50770898579378
829.1893027487156,433.2681255688784,269.4285640647744,186.99074770530956
826.7670486050432,446.5477692277138,271.9452565810163,183.40963268988492
824.297027517295,447.87470424622376,275.44759610072055,181.18628864120538
818.694107479333,455.55289252923495,279.01508425937783,178.61729610838606
814.5794792511062,457.56603726935805,279.3895161728319,176.7890394841275
814.135893665425,464.7925557261809,275.70649834501836,173.64438841948066
809.6133274988078,470.15226314892516,273.62060822494465,169.92238863975757
808.1412305715072,469.9093023790482,270.8435057691211,167.85734439353132
802.4223171756144,475.83167009723456,270.20069558275725,166.16882557855752
791.102161617767,486.5448539430845,279.51296752914055,157.07159282795874
785.5518081637456,490.2207950855993,285.3131459108771,151.17773862100833
777.062900988361,489.9556748114109,285.6204318497811,148.24085804511756
777.4266140699848,490.7889536337028,285.57970829559576,146.39163161031246
776.1135645324134,492.2030670369896,283.81374709089243,146.4551181845526
779.8759672314629,490.83063652497924,277.83308644243465,146.13709750042818
782.5702319145569,489.90080268386714,272.49953532025336,145.98170451942906
785.1328360961395,492.82126619390226,264.8868146070057,146.83139839855923
786.9902266644829,495.3489708244165,258.9738358670934,144.81468661868615
785.8602070765303,497.5228167098844,257.22539115627984,143.23154005000566
784.7275022664453,495.7791046136258,257.71990076538714,143.83473696667437
782.1061496516038,493.36487741179565,258.40955643070845,144.6643536609078
777.5031744078774,491.03858199201323,259.40372064801966,146.58334126141327
779.0369264502469,488.36235918542786,260.4735890570247,149.2445134237326
777.8676040732539,483.9983849533568,260.4103294664519,152.97462148336425
772.78810557323,473.6436808641348,264.0075240792622,158.54328354517003
771.0847091541128,462.88811956548113,267.9017746101197,164.83992383504324
763.118669786465,455.702016287654,273.05328140785423,171.0265749326287
759.7544525491762,450.9027945364963,275.7642808085792,175.10871012729638
757.2430647250843,439.92791960672554,277.21185256119435,180.62784742275096
758.7992078303796,430.8143204598249,278.5190857750421,186.08112184265087
756.3879434671354,420.5702271523049,281.4307767320222,191.1541387418096
758.6053939008711,416.4663608743168,282.92358592085566,194.2247238711805
756.8250048433728,414.85218185945206,284.3175916702824,196.48844634993418
759.296993164169,417.360794506067,284.28282380325663,198.73140105319476
769.2415872283948,414.76624168728074,276.303526803345,208.3081614721088
779.4734366792959,412.69289347296086,270.2338107888109,214.4892757684091
785.8869349648321,410.96452264938847,264.779106259517,218.59974154952226
787.9178726824939,407.5804268613307,260.9128038560957,222.22883567347412
795.400461349498,413.5757712312273,258.22782652666524,223.06904617226732
797.1336068710136,409.7050806190908,256.13572378758147,226.25642272735092
794.883336115796,413.99806707814685,255.32521345246593,227.07161481778365
793.7310601728311,416.42613555926135,256.6312764949548,227.3384608343755
791.3186816334346,418.34662917802575,257.9021483522664,227.49160969189364
790.1696952938563,422.68431802273153,261.98907111706313,225.62428549598184
786.0477995701829,423.6415417209713,268.431489321078,225.13993782522562
782.6891036109855,430.5175116591696,275.85138074833054,220.9786485073007
779.7875412168701,436.68481282349086,283.09487168551016,213.47067390998143
777.2325137818133,439.66972147432,287.81561404990157,209.28186401741885
779.5419798063062,448.7519830916709,290.2552705057069,204.4842879567894
777.6356379488758,455.70046522270036,292.96500460127453,198.07151320507597
778.2134945372763,463.775230362839,291.5342914781178,193.08984867797244
771.7412323090638,466.65414337618495,290.41468038309023,190.32643841132082
767.1877294827884,468.76544676789524,289.6123461308556,188.03108201318474
765.7037225635413,470.50296739376176,284.5563807823381,186.1548505997466
762.1417911344065,472.4967570707555,280.87231174058337,183.98485111121477
750.5439875332709,479.26547802194045,286.3743287786701,174.85220485551238
730.4143815039699,481.5466821268037,287.5734288377603,168.12196951642187
731.5266978036009,484.90092861409437,285.2591415544316,163.3130853923197
725.030223077282,487.94012242675353,286.4488101766859,160.7051295716583
717.0910844225883,486.62189052634824,287.1873579862565,159.83847604954713
706.2630141903144,484.03829646533165,283.8787462535387,160.2669652122297
698.3157106845546,484.5334779575752,284.3878247006053,161.76462527042142
699.3862389093363,482.7331287184567,282.82690168915224,164.02753981597252
695.8533606883565,481.00628197682795,279.6480311322104,167.1927450005756
695.4536770935688,478.01223622655095,276.18656601206294,169.96222144604536
695.0321828599971,474.9219199350568,272.3010164428599,171.75615912089154
689.5303186095609,472.49350206816104,268.0667688695134,172.12811154627244
689.1865024539798,467.3857910189506,265.86701843493313,174.52766240598473
688.1104576021895,465.601662127136,264.1571617941379,175.91730461954558
679.2267342851244,463.3177007399438,260.92179890373205,175.5437887190033
672.6355379415729,464.56880488070465,257.47439651637217,176.54222488290094
669.7587742326508,467.3858269436659,251.99446446155997,175.6180649236959
670.0411488327377,465.6282242324926,248.2893794631227,175.2838819850653
662.8275907676624,470.6866942264314,244.98758705445488,173.49053132213882
653.2765909379633,475.2316080273057,240.39044997984428,171.4112012904282
641.98455799261,481.3610937791351,236.44628711078536,168.65840578164244
632.3063149635909,485.8804274904853,232.3645350249026,165.59959914156525
634.5350580476232,487.8568331161331,228.24010018072866,163.2028660858416
623.1574689177637,491.9951628644012,224.51146420094568,159.67239761408564
614.7313640390898,496.07977890495033,224.4612176747242,157.9746940631083
604.5209381377238,500.2769126324461,220.6315907329494,156.99162617781886
588.8013442633547,495.04451757477005,212.70060407372844,163.8654801092415
589.8025309315569,492.0673874228015,208.86061882364305,166.85024297093304
580.9481455899518,492.41043502472303,208.0450460162529,170.35892144110124
567.7214995557345,489.3122858155452,205.9961885027782,171.6122114366054
552.8930701194497,489.2064485776989,204.37249546494738,172.3860012239207
541.262715695147,484.98696898367905,201.5052879774932,173.90306729214825
541.7345541209077,482.85474867149924,198.75585825255112,175.5519039927103
531.4182351370627,479.22470980289995,197.56654149306846,177.17476754610158
522.8450361333466,476.48022759278143,195.69996762244875,178.9342238047938
511.8121924608386,469.8283109021875,195.36877386394906,183.06789498505384
506.8569066594589,463.04549844253506,196.40517611703805,186.96972824786457
505.43882200686767,462.6149838554476,198.45570083136585,189.3606824107862
502.28741399768614,458.6443272877593,201.2471254484381,191.02980974370308
492.3270806833452,445.9184599092578,198.91601442819422,193.1433029235576
487.75019429916085,434.8688966721098,192.4617425722343,197.0988136751974
517.2095853762485,427.5644974568381,189.97170568783437,196.46290595187116
518.680215043687,420.97748706111895,186.93113389849537,197.1598645179676
529.537091950659,453.0917336729956,200.59828523591835,180.6696563589116
476.13158968325206,393.9072930449661,193.93310874045892,189.28517305198244
464.84206547638814,383.0396092475421,188.07599611292704,190.84044115952565
453.4403275769117,349.39024504451737,183.05596841761707,193.42907892836809
461.0745322102156,342.4869015062552,179.39610445435414,198.5800939315282
455.5608546061291,327.93420501100815,172.95344509038352,199.6591273639168
463.20436259723755,315.7349081104337,168.69661862232678,202.89512732351295
462.9322692497795,306.76484467788123,163.34882562287643,205.03357743843475
477.56325975093586,292.5306494596372,158.1549293373606,208.20953699723736
477.2480193112951,285.5621871202633,155.41403584797456,210.680541227682
479.1593981893961,274.5075726962723,153.11387671600198,212.0726317852586
482.59327436296826,266.1346780664961,151.45553980464862,212.5754305510365
484.2589280657803,257.73212109618817,150.69029294208488,211.48111707771204
486.45245555376266,249.85013906292775,150.46782975536573,211.76620979871285
487.75208463085505,248.38592550080702,150.85776933219904,212.3182395516622
490.0768618446371,247.81020499771273,150.76265444931266,212.45864857256788
488.4731987749267,249.26308548770285,149.45751797276665,210.6405892708637
489.92328213959786,250.34124116591562,147.9760687469721,211.4763864978885
491.33082997253484,249.0247196031745,148.81218911121897,207.82311370540197
492.8979443147325,249.67313442807173,148.1329219651384,206.45292151142854
497.1419397464548,257.5004786813762,146.8885152577302,203.97490212560814
498.0540395133607,252.29511162850594,146.6236273522601,199.1544407815196
499.4355492140833,260.9459657116836,146.58287891639102,191.1707677408968
501.29517318280506,262.96747308141767,145.71827933061687,184.93242738840678
501.8515636619867,265.53829103548776,144.59714931403533,182.4691035434837
504.0931599971793,269.01846543515563,144.48243065030283,176.17553950748416
507.1955474682313,276.55027881122373,142.32118474185972,171.4054794591443
514.5017154811743,283.6382674619926,137.40708613510213,168.70136495057537
520.5462859902161,287.21019650189595,134.1166979017476,168.52542145206743
521.076647457929,287.9118863075844,132.54285520914647,169.02370645536803
525.7182439244115,293.5240927279575,131.1268593129245,166.2776843082863
529.7737617988575,304.7472618110339,128.8851139159001,163.63190041764616
533.4396308106952,312.9334449546277,127.05128829914612,160.20952821767787
535.5558043356145,324.1834274834381,126.07536782210713,154.29402627956398
536.9684566783199,323.8043951369027,122.23559625494462,149.0662959515775
537.8722813413103,337.6858670036455,119.08909047029957,143.1267317346935
538.3912974135383,349.3383819258104,116.83252278335571,138.21465385569581
537.5527691787255,357.66784676575224,116.19885189511692,136.81514075601228
542.285104225537,363.4737940117884,116.13561765354456,136.5348493141719
536.9895310518549,359.61016521470026,116.02522019292546,136.43719149926008
534.4015524729917,372.50512261615256,116.02173971332257,136.43418770709764
534.5320329653617,382.00937438386524,116.02065995679108,136.4317762432055
528.8235161831306,388.80478750167276,116.02150623487665,136.43060779109874
526.5513342224572,398.066485761275,116.0216225289651,136.43019673026834
515.4789652943193,404.1343027951125,116.0332045624868,136.41743978356504
513.2945150127556,407.90327928928457,116.03945663852315,136.41076254442734
515.2607346480725,409.31499880195224,116.04143699984749,136.40881595263997
515.5978038992381,410.1537875898047,116.04261799033317,136.40777314885426
520.4453491184219,411.0586563842802,116.04358773262965,136.40704058195232
524.2188916975998,412.70509389652887,116.04520433742694,136.4057245383967
527.1869357792327,414.1740338099635,116.04605970519751,136.40507339118443
527.0282610330487,416.73843759632865,116.0466404619184,136.40461464581622
528.6030917687194,422.74659933399994,116.04667271807023,136.40458851086674
537.3331687738162,529.6716403146697,115.73842186034244,131.5271627995272
521.2715688240132,544.7809962568215,117.55368795257536,127.7672712582411
534.9655830577913,557.6731782386338,118.6388860322605,126.48398685394281
545.9388093197676,556.5649184654667,117.455033453376,125.09180660169284
548.0292833151057,554.2386252618015,115.24452644647215,123.68825115569084
548.3597646350202,569.8846336181462,110.01415252887219,127.6953028939293
550.3437066732662,570.924367701578,105.8839392107468,130.17067624546766
551.0999428814671,577.1223724021622,103.70321098837567,133.85082727520734
551.555009367132,584.9393691376339,101.9615440485972,137.22504494012827
548.7594550042292,591.9738418880218,101.13658135945539,136.04214298793661
547.4495290064988,596.280658517064,101.49692164570294,132.26164342736172
547.0089150840163,598.40909436835,100.69043658287683,129.41162385091135
545.4715706708953,601.9708404631654,100.90059556102015,125.88032264219203
543.2022891976005,603.3409775220492,100.80357367637191,122.70580037502914
543.7768367151243,603.5367623136747,99.9796948750544,119.77819883033725
543.5970446535814,604.611219412411,98.5160908124486,119.54279412097058
547.6968265528201,604.6694520216942,97.41525519390274,118.07799888149958
546.9860205383424,610.9884096705509,96.76091183192813,114.01216991801456
545.3389769383314,615.4679045230596,95.7692209862957,110.09488057615647
552.6250889756985,621.6217131795712,95.51188586572397,105.74991737690263
545.1781261419954,617.3705860665169,94.05785773674353,104.78558835105815
551.0570856127449,621.4679053815795,93.42754232612825,102.9559056230326
545.8445976016241,624.7032199303812,93.15587451902438,100.39133865158874
539.9567651290215,618.5779947980086,92.85623066448584,100.25718827699063
542.2190324530204,623.9210081019634,92.75118826120854,98.0100731070696
544.0152955312262,627.9955859898748,93.41394021530104,95.75262618210716
538.4357178305212,631.8605036392611,93.81438189448203,93.29138800934167
532.2115672564141,625.114025209304,93.7993871061118,93.68352909624551
529.0817875232876,629.2728881915878,93.29741569620512,92.94682253322843
527.2849400416715,633.4436351899885,93.07650637705818,90.58386943379617
525.1060202421008,638.9569179028383,91.99342848428655,86.88222847709096
524.840201534807,643.198174065339,91.06736373899273,83.935594333547
523.7579479803952,636.9595034930393,88.83084507572158,84.045963508542
520.9188874158563,633.803577334358,87.43082070080166,85.40445669885972
517.6324404902352,627.7324839899949,86.12399767887483,89.16448510816713
512.8135526047819,619.9409541129756,85.340098721388,94.84487686293795
512.3737762128173,612.7713587297492,84.98408024009629,101.21194114547382
515.6075139703612,622.9527587378527,87.83326465237684,101.2436075294132
517.7898584504604,612.2840464895525,86.15445349216611,104.12128852625784
518.1392246759578,589.572320030556,84.73572530409542,106.61302452530538
515.9662195162459,562.7440469653302,84.99299432102899,107.31322986596214
515.5336938876408,552.2056126289007,85.3097757699471,111.62005230469023
515.6548935077201,528.7360110458533,86.56475237569755,112.4673212666834
515.194189189254,479.74504741971884,87.6651576500934,115.45075150967506
521.9613693749618,442.9973544520748,88.91178024986891,115.66839696644753
524.0613392660604,417.37721405412543,89.54158432982396,115.39704675038327
524.8083426789849,410.1253896195077,89.8458923137741,117.4059217548727
526.5011910436094,388.44796786425815,91.19680075191403,116.45002002611398
527.7165439210344,368.8652230025657,93.42169077648305,114.18353724583673
527.5637922347627,344.2996774265907,97.53746922684617,112.71146753963252
528.4367445596204,320.92776806470505,101.28943168452236,109.2052595605229
530.2149408034727,315.11712147445786,101.80473738559942,108.33841835686198
535.6535264380211,295.8359178024765,101.58824974839939,110.89019795424275
538.7549799871576,285.5174405966276,101.65196710080998,111.36982662131157
541.247724258402,266.24693381051793,100.81110469891595,114.5236903827399
546.449826471155,253.67484615604286,100.01441942318999,114.34766763260804
547.726406850301,248.0868420366942,99.27882625179672,115.76762766879067
551.8028339254328,238.9741483689548,99.42448074563737,115.69997186767287
556.2732052593303,229.51514090396438,99.60807050582079,115.05100262101793
561.7399687262363,223.1384919482144,99.7235261922481,114.11874888914627
567.4247324846378,220.85100801043092,99.3551154280695,112.48424458530044
570.2187933490135,221.03743299608882,98.30658072019209,111.09314593673088
576.6460289753772,217.2130710941587,98.11618817992806,108.43540554533966
579.6115922970267,212.05755305482523,96.59060963233223,106.63801934464868
582.3061514281421,205.77492887407746,95.09963513841205,105.17860473464766
586.1232565833604,196.09264266509643,92.24288969461361,107.63307430837145
588.5528042429654,191.7191336051078,89.57074815843887,109.60047035040682
591.2392905215331,184.71276818063862,87.83790087596162,112.59439760284857
593.0394644977828,180.58520143510725,88.90930346896405,113.48922244675552
593.5526000136886,183.18317265884065,93.45796787340129,112.70100247243327
593.096958097043,192.08410431180195,103.78288791427292,108.85560584131537
586.2293679229813,199.3313096625592,112.80757135993045,106.18657165042103
585.2211725727079,202.7432787674589,122.1257794776219,106.66750118506744
586.1178946042353,204.91681554973147,130.30526727644462,110.41226073514626
588.0894814856982,204.30352552066267,136.11034733584555,116.87802946439594
588.2475192261481,209.8219383372833,139.14948978860053,120.81884875150374
586.6840925977781,211.5488126067504,141.277886865245,124.28865224885496
585.0086979788475,212.943550417091,143.99976341580435,123.47632504183198
588.2629952632726,204.38247713678481,134.9269343517912,131.30661006832565
592.9300472603043,204.6737781543905,129.2430834152077,137.08720583661156
602.7901375659978,210.9141328240226,128.16066105882564,138.092621489718
598.9663720710166,213.15888460025164,126.36738565993309,138.63435267847086
602.8412202316504,222.11125360594997,128.51833173368502,139.6016105929775
603.1037368013706,237.69007679579545,128.80315137315623,141.20492765322797
608.2786950354525,243.45396810170152,133.0394136845943,143.82893852133526
612.7876040061325,259.7794902622161,133.592323091562,145.8274799241831
613.30209549727,256.9366374759363,134.791997354923,147.28995751898987
619.4850380147163,270.9381333724613,136.9937325974351,150.9940713625366
624.7426173635338,286.28271412111854,140.40446959071812,155.43406025584716
629.5539003985211,306.5510147177686,144.3230927144691,156.38559153935364
627.6380464089929,303.7168074341364,146.55639509393154,159.23113275266
632.9997331396908,326.01284538802395,146.22017335067542,158.57485548990434
636.0136796003524,335.87125387742526,144.72550310467577,161.65886935216628
641.0362349223303,364.728083752076,143.1877796219747,162.63112650349956
644.7668476451427,391.3952868644375,142.44642808153174,160.1881616239914
646.4068728294891,396.86996145565604,140.8630967632465,157.4921779582168
652.7873654531757,410.0680744313303,137.70952766882726,154.37492272525225
655.5724889118312,417.44596894739396,137.81868167238417,151.29098103656963
664.4113872804626,432.33506736269067,135.27004104779246,144.2322723498971
655.2997998629311,437.2642950168048,134.33881219633187,142.94105394199852
652.1624372190456,440.2885622406445,132.36960666745256,139.7962417805433
647.8287543785127,436.11813992142754,132.18634254199964,139.71095898520045
651.4320388270152,446.2283821252612,132.0907417579403,139.6472414690127
651.1419458333855,486.0762461823962,130.0515262902741,137.32529265161773
653.1655041959939,508.0138408050563,128.41103817376094,135.68212092338732
653.5726403635607,513.4690850588446,126.80432834482625,133.9259092636501
639.3076666881997,538.5561254018353,126.66634318517231,133.15481319680936
642.0105586056748,547.6779621094659,126.65493991968026,132.85281687505392
643.8118261555564,576.1795526106815,127.07561296124375,131.8618810508453
643.0742594189031,566.8912241000937,126.81301247439875,130.11310815563905
655.4674158409043,574.725438529955,125.67999133266683,128.8879700063657
656.6804098271759,563.7039302829867,123.18284615054827,124.80606470159647
666.060542485813,560.7088808476383,118.8975840757669,119.53677274129947
661.3668750869772,570.3770917790509,113.34681138289896,116.8197375514479
659.91399429121,592.7650697326684,107.05780979083967,114.06290090690823
662.6201006466431,598.7171699489413,102.64773068783785,110.57424498425019
663.9508825825382,602.5372652706686,97.57270799188993,110.91626783795729
662.3738698335948,604.7358184137879,93.27529267861942,110.90030083013067
658.9815946604558,613.6213338598166,90.63276287047844,110.56652198275114
660.1695539840861,621.1100783632488,89.71945065327168,107.32427581951443
659.6609746694536,624.0419249360817,88.81991487984189,103.9272484186302
659.1689737314933,623.4076359916171,88.86107117280042,101.61905814769295
657.6072220234821,624.1942500763655,89.89297178654614,99.65098550578803
655.6789108556156,622.335109941944,91.27135792385383,99.12215826883264
652.029989092202,621.0523638333941,93.36825702700577,100.02588884443014
651.8840011204308,619.5690352203146,94.84046883328008,101.1025215277806
649.1393621083424,615.2909387213919,96.48306287842234,102.60217737428937
645.7928641128696,608.329472234015,97.7624999094071,104.9515744298535
640.053001502106,598.8027987839051,99.23441835298007,106.67231406078626
634.9983724824205,590.0694491138476,99.18879777601816,108.80003463350629
633.6771509185928,590.6016750955395,99.22263814145123,110.52301224127429
628.1314268235703,579.175108488608,100.48279990113713,112.21506032635314
621.7518248553166,568.727763089257,101.69730798345768,114.33332099505006
617.1026508901662,559.7114156592152,105.43567027609389,115.67518562442082
607.2268637157554,549.3330285491623,106.7673303793098,116.49896881669454
603.5779052787259,543.7350492583763,107.36069603342861,119.51966113239746
598.1099906359862,532.7505263510328,108.71502621917674,122.85505902838322
590.8611762177618,520.7362814226614,110.39214514504185,123.03172317101487
584.0286165751011,509.4009616240814,112.0342932771041,122.79477380943459
576.8902359361736,495.20368680169923,112.85921701528623,124.65131953269008
574.3009781085373,488.7109068256223,113.76573140407945,126.35042623777362
569.2727325461467,479.64014243011525,114.4814260582183,127.55028937937365
565.2047198596829,469.66383101503123,114.54897380053077,128.04942862799876
560.5369429164501,457.3739111873033,114.80965090171799,127.30669748267341
553.9537672570028,446.8422537195083,115.21364164779763,126.4073068060808
550.6724939157799,447.331083386493,115.25511451203671,123.92209031840963
547.4485658812869,440.007074869734,114.6017013358751,122.37833107629277
544.4439410952771,432.35708950034825,113.991862734982,118.77340031054764
541.6979111106954,428.7425956396253,113.36478637067982,115.20618918708391
536.518206673688,424.0944619467159,113.09214568414761,110.90965833987046
534.9081895424335,422.6413603834872,112.57691969847237,108.6070368317759
531.4469193519174,423.2167792423374,113.06602225525549,104.61543435310443
527.0396480743467,423.77824966541834,111.1239987627284,101.30714594987472
522.5390213547194,425.32760759256075,109.71555848402667,99.15706626979181
516.5442959117715,426.7740865722178,107.54414358623089,98.59865296913853
517.0848645975711,427.80517620786014,106.29061299694885,97.61973161144337
511.636247399471,432.03953134718233,104.16293551265579,97.9037564707385
509.4291103178872,439.79768641099207,102.13850613883625,98.2672471396278
508.03657871989617,446.4584975526601,101.98244465716022,98.37801220828152
504.9498380260708,454.8592979172339,101.45413094364523,97.87360882105281
504.8761373338357,455.8870303780676,100.23780118225663,96.94658797496984
502.4987075580366,461.71287103719726,98.83541176000833,96.35899261709875
495.53759094677974,470.687823091499,98.52094301718998,95.12957038105381
490.94633080315174,478.85434622112683,98.09805940429953,94.21128852609505
488.63458300875834,488.209782608379,96.20356249659591,93.38777537073128
487.5105924859862,486.5190996544827,95.56762382625875,92.79373487021397
484.4218934633059,496.0887354669118,94.8790736713936,91.99635930248465
479.14844983265004,501.20194358796783,92.99719563576927,91.45007306525538
472.4234136734364,510.3547085149288,91.62965530618624,92.05838827358929
467.54457819232846,516.0469564669202,91.91791060372933,91.37296616111041
466.733447277173,517.3266590606783,92.62218425292596,90.74369467396511
459.77602394175375,519.8664811925044,92.79013608733871,90.44794685654085
453.7822044928444,523.2826847589944,93.51174467357293,89.59760397069232
447.340174018114,526.860699695875,93.43347671220613,89.14028835321758
437.4941648077345,530.1598637964751,93.42154234365856,89.42331305347622
437.11857224176265,530.8204555208752,92.85497201486304,88.54682635889331
431.4736238982093,532.591166617502,94.68693718341501,89.2602488311668
424.18759450503876,533.8975928613042,96.31915565298365,91.88842274508217
419.0564960133546,537.4773874038433,98.97170011712592,92.07227180850262
413.8674343359833,541.53697458278,103.06956100162314,92.06269751776799
412.76786758953847,541.3777030949194,106.2309245808394,91.98602328343468
403.5546484035077,541.342132879834,107.87420941896539,92.97736620727304
397.2525162732621,541.7655944457401,108.72318460169787,94.8712224753326
389.2661432660822,540.1539943355349,109.98117841879193,96.7594106174579
380.27510627767924,536.5640279782191,110.46995863339093,99.32089221362034
378.1421402756944,535.5649418847557,108.43793464752301,102.13507052456649
370.40580396450116,529.5380927471343,107.78320973267799,105.67878382971665
363.40430516219135,521.26539052824,106.28591742030545,108.89549487761258
354.98901986180607,513.8390442762046,106.73278860396167,111.11333783334362
348.2903952785424,504.86827442036093,106.04212425730543,114.09704330125656
347.36420106719635,500.1675918205125,105.79698970598324,117.74351376752458
343.9013011108609,490.66714092772116,105.32278141705507,119.45226696301923
341.3155866341966,482.9130490282028,106.1730605443338,118.94610177829134
340.1889039705257,467.8098245066547,108.70685767871683,118.57990944870683
344.767555738059,443.0903632683983,107.22479036877834,120.42620344621588
349.23212452346536,437.2308240151218,106.46870749309505,122.53924195185324
346.6634969092948,427.2388837010911,103.39690872821112,122.47807863460218
343.4209368009143,412.4412670804984,101.17243898678117,123.38395221087056
343.8416337089932,387.4176563702481,99.1354296406094,125.47575599831458
361.8146731118672,348.3908879677539,98.48608469106246,129.0085484795725
368.5123637973447,342.40214209874966,99.02758343180187,132.91024409026156
373.2880824517245,320.218499910201,99.13972034179224,134.2986008550542
372.99949901634983,298.69927355394225,99.30258572771832,132.9167425934506
373.4329092168911,281.6069664927554,100.00399667085883,130.8142358967325
377.6029866747733,261.1311971493302,99.09345916003215,130.36283192611222
379.0170906507719,264.7063801509038,97.80301027366309,128.76983134044548
382.79719954975695,240.27640191153677,96.63065420436112,127.81540335873035
384.9983607453396,229.25259231343375,96.092240580896,126.11619447571276
388.35172195694497,212.45417164555587,98.73795231601049,126.12749885468139
390.94708710765843,196.4622724288219,101.47532736889262,126.45135084649891
388.8451276327365,191.11461448928733,104.2732087496905,127.81051750986985
389.8081638741128,180.65428164827088,105.51524210762088,129.04190363562833
393.6175085351863,167.76119698684968,113.44329141004664,124.84518759775294
394.43093393709154,153.50643682097143,122.14739897263016,122.73255560101822
394.4752297718286,143.20149149254422,130.10076801940357,121.33613865594398
394.37736047766833,140.01184426800467,136.73624726553052,121.48705099442739
393.8368132498565,130.20376476829705,142.75418511638742,121.993474504951
395.48413722011406,120.30316025505137,148.1250101601862,121.7792988573701
399.3158078955331,105.69017225119208,152.06105883925528,122.72780904477617
404.2881531338536,95.94093245241523,152.7646856996505,123.4512890237996
401.9593920084436,92.48923635216224,153.33489191424604,125.18638297982926
405.15148340979255,89.71780341828052,153.94090009436684,123.27830442391715
409.093408774521,87.58325897689795,152.55485877500524,121.62523792643327
414.3883548914372,84.77427823141558,147.97509599292442,119.44365937452082
426.523047319974,68.84584874792486,134.10562301634403,126.05112869306475
430.99197232520225,68.83285642467196,124.90935617439412,128.71893090930323
436.34692358217126,62.34012176210899,114.72224397322313,133.34389131566695
432.33275424101424,57.41855161372044,107.39763446675548,138.8019255257131
433.1017558073178,55.28382571178081,98.08296135505296,143.1061280780181
437.6093729288832,52.02401149497652,91.33239104662965,146.84092308038277
440.2441150240915,51.83489574871872,87.17179285970738,149.031625605041
441.2457298990126,52.13651321389652,88.66497538708691,149.74039142618076
439.70600196445145,53.875244909021404,96.00444960490302,148.0737738878292
436.3832338202998,58.786351442665236,106.77503500743367,144.86627353569045
434.65708955317035,62.11833256547476,117.597770700506,142.37760759668151
430.6437381121192,61.94894495894238,125.59284871037084,142.70589131751956
425.88514915309264,66.46276106942875,134.68170759146338,141.29180117647235
421.25277958341405,74.57675341611326,143.88364779862576,139.18470900782256
419.1114836674769,79.50027608350536,152.07681621245516,138.4739361034583
417.47580217110516,84.52079301641528,158.27116809680012,137.29959478066823
415.9789174786523,84.47240780858245,162.74742229921077,139.54729941569425
414.1209057669108,90.78703603721814,165.8165039416497,139.5905254489624
415.0735095275773,98.1843138989523,166.8617699672985,138.65595221603365
421.82954963031085,112.23778837705922,164.7466795842191,137.00612987725145
428.15559802081293,125.55217252734317,163.9921000074996,133.75871114028217
428.0458364360097,131.36201511630958,165.36176179366788,131.73523072003982
432.79109278763724,141.86326460261236,163.50872601149447,129.7365788696266
439.0040915229753,155.0453484903373,157.9988233207866,130.36181577252148
444.2522984361869,170.6583339546136,151.9350276355377,132.4910541945548
452.6504582511167,204.22031826505562,143.5930756433124,133.956746218202
453.8263431807385,210.09371121510375,138.5680553472859,133.03674445201688
461.55029056283456,226.9412293218607,130.96084261281797,134.81910997190138
466.91040751276756,243.403287101395,124.95376684359765,133.21841970580158
470.91346985224726,254.43476326735205,121.18364747088224,128.9206059999861
484.56868265974765,264.29754111158627,117.07900379252689,125.23337466759679
484.13101832584556,262.13915877228965,113.21547662155548,122.84386531359726
493.66078673008684,268.3860985217514,111.78786921065591,120.25436470566488
506.0073476454862,277.55584991986933,112.21807844980344,117.39613746790074
509.34313200966085,289.049613937305,112.6945514466129,116.15558437809777
513.6733343724712,275.6238597066749,111.8467883416282,115.02807939636472
514.0711692738071,276.39545758077185,111.44030417619213,114.19805304409456
503.51262569268783,265.1622659449608,111.70308607109652,113.84062573832405
518.6447282047957,264.95673063525305,111.68033231030864,113.78181845904649
519.194314073308,264.081930734816,111.68217626027283,113.75695198375176
518.4601258223701,263.4996914649159,111.6826062327602,113.74018781916045
518.0610464776139,263.0469909423419,111.6845288244599,113.71938102386582
502.3775257550141,261.57334682995224,111.81070646961066,113.63668310553291
504.0051744179017,260.86105404986483,111.91320032921448,113.60730610123933
507.1245976857685,259.1940285506218,111.94523067794141,113.59722968311472
510.51131710598935,258.8762823872712,111.95748214511681,113.58632322708584
512.7628991864364,257.65998888267336,111.96023648703053,113.57533413879315
496.9567551030019,258.6423068166724,112.03207360409459,113.55343346595497
496.86471215701,261.02472618623653,112.04905224181176,113.59067488124556
496.55452431907275,263.9749044947548,112.06244294473245,113.62726131840824
495.0970244756088,268.45702517220207,112.0694531297072,113.65774137617247
496.37454579149954,272.7974957364191,112.07588935115146,113.69236211449872
522.220858198248,304.4642928471703,112.26316642364067,115.30233326164847
521.62045984483,307.87734691589344,112.51023731565769,118.31856845458555
517.4790128482351,320.701102171041,113.26638408213209,120.23959851741064
515.5299139978689,319.73031607944625,113.46936083559892,121.28978055577515
513.5546501413389,319.2569988467311,113.48993688087333,122.11620987215092
519.3382823558499,320.16399555213405,113.73733157050386,123.02092998330237
524.3377309613403,320.2369019757748,114.67528013894174,124.1388848552897
528.6873845252459,334.30057266041536,115.6508101235574,124.69922277678012
522.2154124681067,331.6265411257039,116.19256593674946,124.95696144434744
527.9298646475404,330.05800746887326,116.63592262524536,125.19905857940464
519.0902372942552,326.666957071625,117.16134394253348,125.51221482434056
513.1504745187245,322.83564982548296,117.23121048938326,125.74974806357298
510.0907150953979,317.99887627400017,117.27353750635515,125.91075625662643
505.0477167233068,314.26170111022924,117.2705411780277,126.00733997497639
504.7833107672018,310.60733165305345,117.26792975993062,126.16635679002373
504.37087268867276,307.2034591584934,117.28674518557777,126.46075081555136
501.9487035837096,306.66830400994905,117.28995456936279,126.55134201025733
499.2518947791284,305.3949190302376,117.32213771883882,126.74664436027484
497.69182171331863,304.56719594263194,117.37918851926632,126.85228405984678
497.09207760189605,304.9111880110561,117.4569888530124,126.98056711536216
492.8682348929774,304.2146526315395,117.50446484396979,127.08436568525507
489.6069724948225,301.9063454542119,117.51695555595953,127.19273504860777
483.04485414206897,312.2993205188514,117.54132730174975,127.35474481923107
478.3392259957315,309.4520748228209,117.57968835364102,127.4222554297369
476.39038323703767,306.5789193547534,117.61162761133937,127.51477636877114
473.6536922839283,305.7474283182404,117.63572496403032,127.59190403067187
471.4605665679656,303.64677721070177,117.65692608009871,127.63621428713105
467.2276937930529,301.4023099656915,117.66894390775624,127.71256351866768
462.9479858392678,300.2129224139359,117.67602407619061,127.75134156903248
461.06582473920486,299.43478774727697,117.69066790297971,127.80759075598043
455.80688413186556,299.5689072011581,117.6876655574777,127.83961394176217
453.1543785229166,298.0689449899903,117.68419365159625,127.89767554251875
448.25144655573297,297.069022671932,117.69638120962074,127.9168196857766
443.9665013195369,297.8595428421544,117.7069626762756,127.93576995163966
441.6182928783744,298.8800878359947,117.71043074039385,127.98246616162152
438.4283843042233,299.4511117468604,117.72634961141327,128.05892253033488
433.79318741461066,299.10479753914706,117.74871940382212,128.06719407749463
430.0227365508372,298.09337979609893,117.78523279900215,128.0813077351302
426.62256922342283,297.4108319763341,117.79276750418491,128.09447204111788
424.90110169943915,296.8330361493278,117.79249791081008,128.122144498048
422.4802885267043,299.45234070008706,117.81243512740399,128.17703629679806
419.3768078792884,299.5015790467539,117.83756696972127,128.2027404642819
415.0245143531546,299.4845950968539,117.83778924537746,128.2325293785941
412.8080492160966,301.06648357785025,117.84101962172736,128.28852165602717
409.42231604217966,302.3115347558278,117.83701523591861,128.33772975539435
405.8849793680186,303.45738260443784,117.85164429560548,128.4433443151322
403.40595965081815,304.50312187647404,117.8570918339493,128.5774989154385
401.2983545485057,304.87447870954503,117.86938112487788,128.6077925229705
398.2615658622876,304.2486319837876,117.89724984100309,128.70717154997052
397.6707858800192,302.172218400306,117.93317563119294,128.77394582234146
395.0268557516209,300.5732096567289,117.97228853920421,128.87235369607708
393.659025203213,298.0249539152199,118.0019361949341,128.92666222957118
391.6231283084717,299.17287326560495,118.00340699399932,128.99066535237904
389.22488570805865,299.5875724124125,118.03385806854358,129.02011795512237
387.0092313690892,298.83657737379406,118.05349844585385,129.08769483770286
384.5641808062021,298.8172509308723,118.06809078638024,129.1080462403027
383.10232680832496,298.228591820937,118.09704532601884,129.1493935100466
380.6869065811925,298.4774695187788,118.125872383067,129.19830312719952
379.69321269347006,297.8970587142015,118.1550813998906,129.30522830919958
379.1741897182007,298.29343693725053,118.20754082641967,129.42847032196377
379.7514870978144,299.40550789629424,118.23910114798757,129.4708641628486
378.9210928096902,299.5368506990292,118.27700509307901,129.55969450615112
379.032269532403,300.17064008949075,118.31532397850972,129.6327904831854
378.2856255319918,299.72474715866275,118.34126268848438,129.72231135641906
378.49441459744105,300.8197938312156,118.40067370763317,129.79146340697378
379.12253469831245,299.99011582818594,118.50953150546307,129.89641455825864
380.1541472053951,300.5795415219267,118.57370212118063,129.96910883842534
380.64908341616433,300.6634251129857,118.66365784276196,130.13335985289018
380.1053917915122,300.5515497557438,118.71878293910446,130.25320819763638
379.45787093958324,300.7842792092896,118.75602382547281,130.3834746480773
379.3263980841593,301.0035690029814,118.80512180973719,130.56661120239434
379.4270879757659,300.76384791852286,118.8771552674335,130.6923265670551
377.69966084768606,301.3786645673806,118.90717574902656,130.83120852240648
378.2098602638819,303.4491706993951,118.96295594419222,130.92530177290394
379.23939044236414,305.07111411024835,119.08829852988531,131.14927636515313
378.32450203896514,305.6957081348498,119.23679973052788,131.43002725218375
377.7910949763365,307.81964402610254,119.3506554507672,131.71767888429005
376.87498144105086,319.1127180739973,119.45634410161504,132.13937189873002
375.9925357159142,325.4364673825868,119.59618476873106,132.4504037075765
374.7676736632812,319.10972289050426,119.65930098863639,132.90045393289142
373.8474760147343,327.2325739452915,119.72407224894124,133.12053017414706
383.5688818277246,321.1887035214996,120.05163492105625,133.7267322491479
377.99301311880396,317.9042130700621,120.10540614474469,133.88687917146248
375.2352035389907,315.820534101126,120.1058609290661,134.06835959544924
384.7060666082807,312.96033221460544,120.20187168318628,134.40183719432648
381.6500303831457,323.0664320134763,120.31010177963553,134.735602791287
389.6146837889172,321.43703659469975,120.46611639448408,134.9757910192057
384.8741705399047,321.0848887418118,120.49209909978448,135.13588189385817
381.64615631602663,319.3858649145765,120.48157958153719,135.33669825560426
390.52196149552884,318.17807925816464,120.54240628002785,135.5587318563307
389.7108760860601,316.1863172104031,120.54697737324204,135.61820180604084
400.0089725396859,314.06894624516,120.63247849675223,135.87715490481617
400.62101793632695,313.9053258229579,120.64562980609314,135.94660092199763
399.91209527612915,313.77229192740174,120.65442478106783,136.0035829059056
401.36169306760405,313.179916633512,120.58748885311688,136.21787826440274
402.13554000585486,316.8882910768987,120.55918472518854,136.30597928836542
405.6774863959757,316.34647601953077,120.49999306341611,136.44096273848191
407.9597990333777,314.13223282328,120.48206492835212,136.49101208874706
410.327945320405,313.40610930466914,120.47007273881896,136.53577495219406
413.67816573335364,314.7983705427011,120.45478968880062,136.57533294335428
419.8367449477311,316.7718728449421,120.40196212399826,136.67517139078265
425.3785384991789,316.57222747283777,120.38520279515062,136.7074341072185
430.774355180905,317.7700448542717,120.36990228692304,136.73181348734067
435.6650536715851,316.91763248646095,120.36229852608274,136.74906026008685
439.50948843393064,318.2865904926568,120.3561296353944,136.7601936728203
444.45707472557945,322.18364410847164,120.35441637216513,136.76337485900677
448.88678468175317,323.1970700316339,120.34519520554528,136.7745226426565
453.5239475300248,325.7624816196418,120.33499914767383,136.78685885613663
459.15631948535025,326.37679190763885,120.33289619008687,136.79059220584747
464.55592760419756,325.6487983657768,120.32620715118377,136.79845595373317
471.36449606324817,326.8983776077739,120.3229971205948,136.80271400797756
476.99160623181444,327.56775274927725,120.3220974774319,136.80387411296377
481.8413445293352,329.92725891067715,120.32124072491975,136.8048129429654
487.1609974811448,330.8407190739716,120.32036350934982,136.80595240889508
492.20122070036507,329.24225533194596,120.32013633970818,136.80616310751557
506.81418800655155,459.6176104412873,117.61086241764276,131.13725525699698
496.6938155365842,471.4284868647343,120.55314162881773,123.72830720441445
469.18974890844936,474.6862821834168,125.72696626081978,111.6772675390344
468.02380998765005,470.8794912510652,124.51448632577662,108.07965345799778
454.39621682382295,486.5583726668062,133.36300685142885,97.4947330337424
445.72350228925677,486.3080918387734,138.04538813003393,92.38257467714317
441.8586514889842,481.45475185276456,141.44423769887123,92.52733543681947
439.74634088316344,476.8400434010547,144.17326715083107,96.24538835708499
438.48620269063275,474.50071345513163,147.82426093262862,99.35260790984256
439.8036951242591,471.88181066380037,148.57425626709704,100.84298555213644
434.3801925312838,454.0666780667153,141.85788216532796,110.44741570907519
432.1865505032647,433.033097470905,136.27269879888087,119.83030031988527
431.1558043779678,414.2044625309679,133.78827592267402,127.86134568193724
430.93297727570285,401.0967460572016,132.68978776174833,135.0159036905049
425.9135557334644,388.3666741886972,134.20176870175501,139.57030478225016
418.12710735091514,375.35865031400374,137.64611684472226,142.51367301198363
414.2331242012439,363.4049718606592,141.20264879881927,143.71657931137295
412.2574030923654,350.3875894205082,143.73992838077314,144.44565151894534
410.9925216254855,343.9433162528873,146.9488147757794,142.31561932482927
408.38350709889534,336.13505854930344,148.36791795234228,142.0020257079492
404.0693326964131,324.90382998939504,148.10535374766326,144.5747466522289
398.98576986866004,309.797249779491,149.6592200876786,146.85261387440517
394.4260991287067,295.61844245990244,153.1379093878673,148.75266320596512
396.6559676998544,291.69724976880536,153.3465606122711,149.50173250997324
389.59176857393635,276.9028760469896,157.92278811062818,152.23485098631954
383.2073568856598,261.4968008046294,163.53621788671745,155.12633763742184
382.2067252610948,248.57008563133485,168.8951068587326,157.5994560180685
392.9226886244832,232.8791527152846,172.4071899128395,159.79698804889952
391.5946910587626,224.67383135989073,176.22615379904914,161.85714972636202
400.79703714240964,213.20203070676996,176.99759955594934,163.4961665294297
410.1766933558373,201.0969388070522,175.81408897845924,166.25127792591115
422.3361590864565,191.4476953578313,170.15596226575605,168.77186222120355
435.6880628129254,181.3901271245679,163.50981205463944,170.52324060057214
444.03384140361635,181.241576884262,159.66288511465163,169.48114284948684
453.95505963291265,171.50832206274328,156.12220646855909,171.47493520736805
463.99564035937976,161.6301751057046,152.4880798514402,171.40265970921394
473.3922232644346,151.20095921346444,149.52470892505852,167.7377856007499
486.19829104758287,143.77932942790557,146.05821468566643,163.78034593785887
488.8573065794035,142.89472192056468,144.63073208966128,159.63505785500652
496.29217197612036,142.25997108979777,142.2195641471797,155.15680732690404
504.4562682372192,146.28186138081222,139.61142911246972,148.2885592050879
510.16961884791067,141.48325830230715,135.4117548304789,145.9442360881112
516.9812684625994,144.0469724635289,132.37103330648483,142.3763538786819
518.060948946839,144.52401446255294,129.75662681674638,140.0550313590579
525.4649156706017,143.79419182659313,131.36419782478723,139.16512328434362
533.4198348589457,140.70509610480235,140.0239185453892,137.77145489134682
535.4673429650652,137.7685613277914,150.4319197586875,137.41931473238657
539.2958998044082,138.32393524195197,160.78802209867803,136.7808123588536
537.5602662750814,137.51018641467874,168.2170189737686,136.41881700097179
538.8169893020006,143.32983337249894,174.13326423462743,134.96161575195737
540.0221200107981,149.71413284421908,178.7449978846288,132.38920764256252
541.713186043863,154.1284837961125,177.96602953767632,132.1527584700989
545.3230017466935,163.92271879079428,173.7359897305259,130.14207206533007
545.817946906888,168.34053644789472,171.1683664894905,127.76368019366458
550.2660009418298,176.25979133520974,164.06653799495467,125.4533677075477
551.8423089117396,172.87504558398865,151.07713006294756,133.47473329923096
547.5821287237995,171.66704500672554,140.3457528442231,144.79056145723615
546.0224390888282,182.1379382387551,132.8383592336118,152.37920483326488
549.0762159240745,178.2970781194261,128.1625613442927,157.14978892156282
553.9801283716748,192.79604353408902,124.66699946102456,159.36467814533756
557.091185902123,215.4558542430941,125.1255084083067,157.69233074466138
565.5326662719988,232.89918913855166,128.30721060190479,155.58437799476187
574.603078246714,250.21784928133616,132.52573876429102,152.1061897129771
576.9685659225163,252.64513948315906,130.94111522695619,149.20629070581566
578.0028175149275,271.0245032806357,137.9405546614576,148.05012124684862
574.7559068612077,298.7616194309402,150.72894260021434,146.21958096284126
569.257476740361,315.8602691153186,160.7499375970424,146.7029036949146
568.200794889699,333.4087528071906,167.898103258358,149.5269873365612
565.2410621518396,341.19709474854,175.7238493708639,150.36429919666026
566.1538834221066,374.972356290934,183.8515282872392,153.85148057964568
566.9733913833509,396.8548641613851,189.37251221216283,157.300396876097
563.7946835098915,415.22084802315806,196.97267848455624,158.7190715475706
555.1789449360157,424.7648836259836,205.03321427946344,160.2797163148199
552.3342144069221,427.5873252227703,211.46307171807513,162.3827169179384
547.6547786169915,431.07270417654377,216.0725131183404,165.13005002143876
542.3157595197935,437.12783399991065,218.7729693348922,167.59029170221964
539.0683591347016,447.26400650608696,222.92406945772183,168.14104010417373
532.4688194894449,456.3593737004091,229.2402079790398,168.28574349018768
530.9921996991831,456.205647678221,232.82864347049394,169.11704859814716
527.0471704810916,463.31616686541116,234.9222307877498,167.58165437354717
525.8948016298523,467.3604301133885,237.2568213834321,163.53479820001078
521.308706044905,469.2809139717889,241.81924654685685,161.6206575563071
520.4070152703346,471.52875935759096,245.79163563574676,159.95702926753694
518.137224594999,473.0309228552626,250.31667861168847,159.51396511818663
522.210391292494,472.3565641556339,252.96810236544113,158.5857467016328
523.2032901412003,466.43789847191186,253.91608009298568,156.8964467137913
522.7459391182039,467.0612795095668,255.77198716369804,155.68155914242178
525.2569313066235,466.39229835026316,255.6414913389521,153.44699929763794
525.1790850495184,468.9502514783375,255.84356548689112,151.96614143092404
528.0345196108185,465.2975374534134,260.4954073170498,151.15006946551347
532.0865161764498,469.98284990016504,271.5939860546837,141.20292538074509
528.9726167497383,463.6971041285872,270.46392434292113,143.78172206916443
530.4986969882035,458.3032265278036,266.4594629598093,145.02814216483569
528.4855055672264,460.96730713201276,272.8842341875364,139.36526150713567
525.1155594056079,462.39962282797865,273.1690579225165,135.78827515714647
530.216469080476,463.7031543405346,273.3759242569842,133.6890199828723
534.1404561948234,461.4517443766402,271.96237538229354,132.36649630180486
531.4275581567731,462.3164523268323,269.65523030772874,132.9569599332811
530.2179292098145,463.7644380739255,267.6665997891702,132.6701476702806
534.4212118550622,462.876332988732,268.48200982521297,134.75593318976001
534.9546736960936,465.96294254526634,272.62196242107404,133.45093345230168
534.8688000559763,456.0628158206287,276.3100742757409,138.03797107363508
535.6532017128125,451.5465344465014,275.913711848566,141.4360814789026
534.2472271215103,449.32796474841,277.20653652326627,144.64261849147178
530.3817712244852,449.4112757043432,274.37349587133264,146.56052836366302
529.1259657559139,445.0742697961231,276.021530277065,152.07831282986837
525.210829328153,442.1151904449205,277.71157629161394,155.47532690374874
522.6409660620565,439.9260381320228,277.8619024369966,157.49489716026605
525.0425542879983,439.90569804317204,277.26691451889593,158.99656502507855
511.73041754748795,441.549855374357,275.2134746057516,159.21440251572375
507.0742390055094,445.0789922636087,275.51585911738204,159.56304154087027
504.80729852477026,447.63885394629955,276.5719056157408,161.245221900159
499.57901639543593,451.8130933688748,279.58424980833894,162.7957985359655
497.4304867936445,453.92359378449004,284.9573628697251,162.74202163509395
492.0157358447466,458.10977252642743,286.3698906998329,163.34428973868248
479.23429107237837,464.6487414965725,295.48465631268454,162.61343012175666
474.23911507998605,470.21768575494906,302.4333601479788,160.30208636666123
465.98894500364014,474.86131985333844,302.962585188366,158.74777457933678
461.07422202125576,476.7007127086881,310.1844485840125,156.0138355583386
451.53045477428407,479.867557914325,310.7942990569598,156.32292735836845
445.8722883615733,486.4808907904704,320.1761091343878,155.13436184869235
441.64077977528154,487.80310039561505,324.6082429947459,155.44480880928626
412.2347128867778,490.370183846911,324.6149110735113,154.55146612925913
409.06810512752264,492.3820565444493,328.49042157111705,153.0176346746122
400.8442234895126,494.8191714652846,330.47094165255703,152.14685331926972
391.74013721701664,494.7770441200854,327.3065289009181,155.1188748477419
373.73308174455747,492.2787204125706,315.65446018885405,158.5888425085143
362.5459543823325,491.9093021594384,305.28220917599924,163.83813128528635
372.1168093523526,493.4029202146098,295.46925270733357,166.17122960945295
359.2159365061391,491.92253132645044,288.828089159038,168.88480485526833
358.9591500165386,493.3975787132598,285.6644880468998,171.9466925225982
350.8890542057328,491.66292748164744,281.7439382439509,177.85716210198802
343.8069318496886,477.069901628067,270.5204494965666,195.03940292658064
347.4320113873947,470.4041882764319,262.88501604070893,206.41241161818544
346.27708505089925,448.66562553308734,254.27002206452994,218.21238637855618
345.9880336133775,427.6531857947416,251.07627292312444,227.62845543044298
361.19947762159654,408.5228335060966,243.9789388007294,237.76812538554057
378.9289635042786,388.0143859370778,234.9171704807997,244.5920502476992
377.01046147576255,380.1127172983432,229.74747306841044,247.4992531486426
393.042247297258,366.05409136685535,224.28015577417455,251.9927161780002
379.63865085317536,321.2265905823404,227.9062764272324,256.49747970992064
370.1547117458485,298.47059242743705,235.66840608384166,254.71284897504955
366.42551286504045,275.41974006948715,244.1492044630573,254.55806107620336
358.38050624302906,268.533022643247,250.92727274553215,255.32285373202825
355.45088514457336,251.6191035386979,260.18962139347803,259.1671599892222
355.6592380807057,238.21416910939504,265.81993214184945,259.2260770808602
342.0418213468159,215.34165578936103,275.59056272876967,259.5571976235161
332.5979369953546,195.58695986219726,283.68705354625524,264.71420681793154
327.99131936161064,193.98229377404434,291.00335716548875,266.5546675438132
328.24310465436866,188.67918817294225,293.7106279972853,270.83740290830985
338.81884104056473,173.70402754343615,292.25957751188054,273.90599313399684
345.8140123815218,167.18584599213833,288.58067529780084,272.33843053163645
349.516960033102,168.2539099872576,290.11508379713064,265.6946187874306
352.47097599601716,165.35961888806838,288.08373582172453,261.42969413461276
354.7794802171286,155.82324341345202,288.13388502949556,259.29409776328885
366.062063121184,152.79619590852394,285.58721287372856,261.4117604115422
375.23821600687603,155.48484587693457,282.4176921365241,265.250353266469
383.88302873180345,151.0344038335407,280.4072672405633,269.4709685887609
383.9877011891758,146.86449606264358,278.06813559600596,271.82195642517183
389.35985892895906,139.13611343506557,275.9129819893033,278.34590612857005
391.93152022947004,135.74372019869344,275.4548386218324,282.00011122237754
395.41698392833587,132.21311036209852,280.329347320292,282.7723718692307
391.1985370875185,131.63282342470598,283.78457539065977,278.56363345763884
390.9104426099153,132.25074721290866,284.90601845715605,277.70327371544863
389.82450043569673,133.61109121224968,282.8407306788232,277.1046996598666
393.3581414640238,136.14989444556937,282.0231534599681,272.8720823141874
397.63801491656227,140.27876867199868,281.40599154634634,267.12087630555794
405.82940505298393,149.4538366026642,278.5097339480635,258.5614556618172
408.91520644949776,155.25453270427073,276.3399946346501,252.77620601765568
415.376847086148,163.9432452567749,272.9724518104463,249.22691068101895
422.8653716774601,178.15565379179714,269.6615641649925,245.7658997633182
434.6749868655006,199.89705756658054,267.38906306747594,241.77849550354628
444.63262801249095,220.6324094599184,265.9014636500822,236.53214169245655
447.8786708581687,226.95294139648243,266.31390800709704,234.17654019878404
451.65277164008296,249.5564415489792,266.8068593973701,228.02539850585106
458.0574664644821,273.555505057119,268.34552749545907,225.61756918854613
462.1210119675185,298.00208773796186,266.93135381726705,227.99168059077635
466.1640039779993,328.86747424454927,266.90757797196466,232.52605955514065
465.57705531080916,333.1601852297964,270.97253255922885,232.6353359183866
472.5221064826221,360.92357450130237,270.12570128036117,233.81862130970086
476.1952948010189,385.09561196600947,269.1699229406867,236.18440432096043
484.71045901289153,414.60257661928176,267.5055155374494,237.8174514853631
494.6256204945064,439.96250303516706,267.134304741578,236.40539131716667
490.8721230742551,438.16170533131174,269.10504279191946,234.62106286242016
503.5914676395141,460.57309399772663,267.1199612206056,228.53739456889696
507.5452103164219,475.55078084633743,264.00725087594526,218.6940432715777
504.8345333598811,480.84068799058133,261.15199059987896,211.98705865876434
498.0501061113817,490.53568755526214,256.6752480204617,206.41075066862385
498.6894467481581,492.77040458613556,254.0143096429889,201.62718329059862
489.38011755458604,496.29007852752954,248.9426813937805,199.74779138620414
474.6854491703845,501.1718241734658,245.08611133234956,199.77047963687323
457.2307150645604,504.65697900495786,242.05738908379277,201.3942566209228
442.190348865555,509.3526818469079,242.12740981188162,202.86022226728392
439.78835488158745,502.63209163096445,242.3080953201,202.53175986927582
424.11322733914454,507.10075557172985,242.71135753084025,202.95690929029627
407.2583981254855,496.98899139018044,245.88708422598063,203.00538691792144
379.8967907536691,487.72450459588777,250.8729942821134,202.597472765418
357.1722388935085,479.9967587181351,251.857189402581,202.88131744908486
352.9227312188308,475.3502734287931,251.5240170993486,204.1545994215066
335.90378560077806,469.4829856543372,256.0530067393847,205.02996877077254
314.3971769506009,464.3474170885931,259.3054398905691,204.96432821518795
288.7628062649738,461.270117981274,259.03621739463586,205.10462656028884
283.5230715242186,460.45972782510717,258.8660982912464,204.8765175217314
256.23079424799874,460.0906711031571,260.86694312688917,208.15480139676856
230.27979075819653,463.0808293866617,262.90458929716743,207.99770031437848
208.61347243208465,462.1036935079786,263.76281112395174,210.25048497758073
187.74724917917553,462.15560038216637,263.4197075504243,212.96256726344595
185.62878968486285,460.4963804892287,262.23383267384577,213.68079304480466
165.2351009229086,461.3209450255367,261.8661236804203,214.327486354162
145.6472638708165,459.91057205790224,256.5256845033545,216.88413501608113
132.33803961021638,458.6106712211379,250.07875674281644,216.13826098274637
121.1004917770583,453.9899618193304,243.11671671272148,216.63271723905916
118.16781118146821,453.28282212870585,238.54642803207548,217.08730151952398
111.53341314332448,452.65421459870083,234.6354526850231,217.56580073061122
105.84712066944357,447.1864215178367,228.32880408175953,218.54298235132393
98.07240626412855,437.4004322325725,221.76118462883977,221.19170690879082
90.91672123036469,434.40030204635366,215.9946395047171,221.51685503376143
94.58685737350885,434.71996594945574,213.13449646037213,221.03948018506816
88.37255428525381,431.935732857571,209.3382262330736,220.48518273510973
83.09254364944854,428.07609932365017,206.90161492869538,221.62430539758637
74.56849616701447,422.4294887465328,205.0341863645108,223.26042015228492
68.10449134572889,414.67112840406935,200.0889545825214,226.31261752178216
68.9492961140417,414.36962801481627,198.5944658871605,228.61705279335314
64.2306335421953,405.8931282130796,195.39655905911258,230.55777384000282
54.63056701932051,398.86153615118167,190.50103475622936,235.98878537926504
44.845390257957206,394.93222177819393,187.66125300979093,237.04407845858395
35.25210194378187,389.93320004010116,184.7944734674873,236.9984970568398
36.84868686298583,386.7299982621088,184.59266310135416,235.79949289798083
26.396642251638838,383.58154503197704,181.99799591535674,238.17794828745872
19.141409836035308,380.74051417023094,180.77197431162728,240.88682590221683
13.203081360440947,366.9013416428341,178.715769934691,241.3771159185584
12.022646594023001,355.3207616071593,175.76152878408573,244.9367192119539
13.379493092695867,353.43390886667623,174.35765953818958,246.93398204593979
13.901798350379366,344.73672563935736,171.56145877089997,250.5882257054725
33.3125449186479,325.2530530408568,168.96583767415783,251.74719077552044
37.72888910719453,308.6188546950821,167.6672874997318,252.41197647463824
60.92587645295383,288.6577384344582,168.45405316465852,253.37438538748762
62.35005764495091,284.16285303616985,170.00224906542388,255.83701127515934
72.372377810779,272.5183354350309,172.3552203518097,255.71872645485416
88.8722294832393,258.88780098960177,176.07582340337348,254.7209872097261
104.32620505147867,246.25920150333874,178.45467265141622,253.5364099066174
129.44683467119222,223.47345176496668,182.61473863781922,252.1373512168576
130.7895533268225,208.73945959328213,186.35663038997419,254.57155450859096
140.06293583367233,193.7313134049119,190.82464351348153,251.97099126399354
156.4900256170048,180.03798111590007,192.74097938871117,252.28036053867248
170.5469588974372,171.13731089287432,192.83980699593715,249.95989579368393
178.34897031113562,179.93875721318807,196.38037073165066,243.92493528196266
178.6308784403935,165.1633148389617,197.975240157339,243.34079691335003
190.36107794524708,153.06518290235448,199.51482398149412,241.03827195294627
202.7607047484624,140.1338736173509,199.721816941836,238.7462846574749
212.81936673990373,150.51991346607542,201.86564904110662,237.361177387394
227.76212434672533,139.63854600526682,204.04669266535404,238.07925174077394
224.56178890937645,149.0292300578856,205.0645567620977,236.9597450552141
243.61564616147857,137.51532716168975,206.6395891451005,236.90474330671225
259.85902713536086,144.82723212520895,208.28307240607612,236.87847518875589
270.81991333622943,148.4490091475787,210.9681134351251,235.68943459845363
288.766286946003,134.59041533357743,212.71642609106635,236.4511225774083
282.91415819640497,129.7459888512031,214.3037535823278,236.9063463154724
295.1869983187718,139.93976650913575,216.30393744281864,237.30593089218524
305.3642771053357,130.92778882265583,219.93176550506686,237.93486864124372
301.0896932780945,146.05393762305798,221.55926415320158,237.60900841836911
309.5071667853454,142.3659938534323,224.4486079864781,238.04151417127406
308.28184361962496,142.31832021150962,225.53799759928341,238.11284988602176
311.45189906792467,156.9243033258788,229.86395954814304,236.37693498784978
314.28243896167544,152.30092853949043,233.37291130818787,236.35684076485015
318.59089476318866,155.50829295511244,237.17387976345003,236.01182838715843
322.62037521408,170.24272303869208,238.2646962740819,234.0822023813761
321.91770340570656,188.0213718305311,240.72906803947996,229.52680070223903
324.694037659242,219.21478961592925,248.75124580010927,214.87129218832752
335.9647426882662,209.60420493954655,247.0847766142532,210.82682700434972
353.7869943889303,203.98422279239665,244.12258140994655,209.4478404548385
369.26507562121986,203.98745401845957,242.30773440557243,208.47556353146783
369.64771675273505,204.60196667241877,241.063538269108,207.75591761045132
382.23660678489586,205.6947405366344,240.7239482835217,207.9026056951609
396.24960238242625,206.60623915180068,243.4631453056241,203.6995780712279
407.14227957744174,207.8199064163652,246.64830139838114,200.0555971092223
416.3838971730746,208.05178028330369,247.3146862632678,198.9737267976781
415.39521483331566,203.5396051661806,247.8779973834823,199.5717846124907
433.21602525793725,200.84903642931872,247.5267322166122,200.36367772052228
444.44116443061006,193.51765603088714,247.47908372356153,200.9458530376491
453.12131999878704,186.93146152894008,246.95313270988825,201.50852944083522
458.68620739060026,182.8017768977461,246.1327184304122,201.2894040590581
460.00828626468007,183.03670098075554,246.38902855487223,201.5029754186626
465.88594824003815,180.50583325816928,246.31287616635092,201.2137773120468
475.53593783041003,175.05417250057258,244.8454909034537,201.3619756888124
480.8950461653367,180.04024539012494,245.51018877675233,197.68560913791816
484.7256554085982,186.70524729141533,243.79357754807234,195.71444818506882
485.0479904487365,187.2672717496963,244.03992800421838,193.94641352021588
492.90811393823924,194.29159347599875,244.00682148999573,193.26286329881214
499.0822506915059,206.5475703039975,244.85557328253458,193.5785902305832
509.7794988924581,217.30576045216617,244.22635092848182,195.22032913590604
520.4602088255643,227.9140544961789,243.81244082789436,195.06061436941377
516.9854464120397,233.526738081436,243.56450023517436,195.76893631633118
528.7752692543152,243.10258041954728,246.06865772750336,195.1651890332971
539.0455328733826,255.92567774622364,248.2735986290167,193.63558869451956
547.5210575982164,267.01014319010164,251.3350404055454,192.16750352514742
566.3018322428279,278.5977253964013,249.75481054381262,190.09994218566823
563.0904467862131,277.5892943132758,250.11679759397464,189.48966907512474
579.3459361684631,288.8046270670401,249.10434826367873,186.78181431283548
590.8684313742533,293.46095659273783,248.1335956755847,187.55495543233843
606.3110442906327,297.50291022258523,246.2748934329137,187.70437126987264
619.7024183409688,302.7246714898747,246.7576883162504,185.69697353692933
619.9582142569219,301.29819030799115,245.1863647624662,187.5316081876838
640.151132801559,301.78010273641763,246.00543795151222,186.7131481815903
656.6074340644511,298.95395704539567,245.15818118988818,186.95890107715354
670.6851551502652,290.9879425461446,242.39333731537897,188.11126794339253
676.6079946951188,282.9893255129764,238.69692446865287,188.78942928634024
680.6189309721975,266.38798988414965,227.08464573506745,200.52830965043898
684.5994598066882,250.11213095188623,218.97552166460457,208.07103436616214
689.8822254849389,228.60395833459924,212.7583708737463,211.54348769399786
688.8103694382609,205.86265340617604,209.07022337847928,215.05523039386188
689.3889900763397,186.20233492337513,209.5835399588815,216.57903432113355
686.2166354534335,180.06373236813639,214.65781649404624,218.5140019590769
683.5757652214095,166.86415382145998,218.79138982476303,219.4078241983037
683.8707524767906,154.12285311678949,220.66673971585618,219.99216167637033
684.1345604561284,141.17906747659345,223.5329616859526,219.92734228598604
684.5556125686708,136.73825754362042,227.93431382454588,217.35069112532074
680.8005197767831,135.44352749206877,231.86126199872956,215.8996715683899
681.8852643832859,134.32947185299534,234.35074743324597,214.36098506554612
678.1491935852857,134.06246652058041,230.3280455462749,211.05425576493715
677.0439112809271,131.5431909682792,223.3971487826168,208.98584466556008
684.48703613077,131.36861688263602,220.4356293838344,205.55239267243297
684.0402293432636,128.95038976346507,217.00462795716862,205.43645528632416
688.8943220686882,135.50568886277867,216.55451822043068,200.21836797865768
686.7232733774156,135.3549316025565,214.17397651911378,198.5660721648964
686.4671498887424,138.8227210466166,207.45130633261113,197.5782180959595
686.293448102421,142.78512209531033,200.59142307053702,197.80691178714628
687.7573489809148,144.00330479211914,194.58458793876326,196.4509333897979
689.398392468146,155.90024265180983,188.33063554872768,196.13882341748683
691.4460621641354,162.9512182047559,184.2707790178506,194.36818830585742
695.1178518476347,173.22183528113553,183.24523048504992,191.68662097743896
695.1041898397068,186.09957471039002,183.57432760199703,188.4228318009368
695.8098429844392,185.96380345933926,183.95864449578264,185.9866475860431
696.2928580034016,201.10470885232013,184.13971895958215,183.21088881729327
698.126557596162,220.08189857710414,184.41011255207647,179.54850536992254
696.4654090603034,236.86945872633214,184.66173448913491,176.22635862798506
695.9205782190089,255.7993582359418,183.395795337831,173.7404075701915
698.5590291106489,255.93907984700087,184.15279810701085,174.34460118031066
698.3963998873439,277.43259138176495,182.98851967217388,172.68622953900507
700.6331552639562,297.0253640856073,181.79563092441205,171.35465370529505
700.3585142893314,320.5071472750508,179.24499832288018,172.24476698339052
705.0484093185095,340.33864560308535,176.39411031835718,171.33764114641318
706.9734848044776,346.7183812136593,175.0734264522864,169.11931715732095
708.4271353660415,361.2625785152983,174.86485961260576,165.5801702957421
712.2680721410121,379.88153190815154,175.40401248325796,163.70854311208643
716.8190356884525,395.74071028915336,176.7958702928571,162.35460437986796
722.7409160120521,409.043480327065,178.47530681973018,162.860104419401
721.8720740451773,413.0044254760793,180.80595128995975,163.40551644376026
728.1696942618978,416.68852566575947,182.1104043455934,163.50805542902384
734.4262079865749,417.7105826290825,183.8423596156606,163.36778168658952
743.7586298999884,418.8221367816094,185.71268729762278,163.85402873584488
754.5203400176918,418.6726959570773,188.72587671187426,165.04140457846302
752.0275973145958,413.787967678167,190.27120398932763,166.0097737568281
766.3692797215269,415.0678676150422,191.23611836552902,167.7258909363003
779.7968499672488,411.6193734645453,191.49474740533526,168.5566703978776
792.5513567627098,404.4171405367897,191.948235340292,172.57806912234622
805.7646173549526,400.4079079605491,191.6552533556355,176.21640016914517
802.1361945484534,398.6484336489562,190.03566273511336,177.8435123875305
815.6419422532981,391.72350297683374,186.6577942632902,181.46985249917043
828.8159051730421,380.7248530316267,182.40157565341661,185.7969653931246
836.4961042682118,361.9148912755252,179.21874971344343,192.75666780547408
840.7189808665911,346.1175966926987,172.32626649902275,198.46958697295804
841.9534743070751,337.5195291104694,167.70057161596418,201.99929547878628
843.4970948654408,320.9072062367321,161.75476135403034,209.06268634344832
841.2159248378887,307.22821923862364,157.4020680686803,214.2747519839524
819.2389964878319,288.65370346110046,154.11411110912604,218.40936779803195
810.5806120423014,251.87886360236274,149.12863009173984,223.64088650476526
808.5449946229206,245.1575651266377,138.984598702779,228.61342024668164
807.9859665432718,226.68271923250566,132.62117617097545,229.81718994632269
798.3364309668791,201.13470520410806,129.98454023147593,225.47443626483667
789.06595528912,184.58477921126303,129.00450693733586,221.82035529764582
781.7149565436985,176.48366908273044,130.4722772476979,214.06782549367588
776.7646064544494,177.0809582349087,134.44891708149999,207.6789823005559
771.6523065274205,169.80200937343295,139.04852122709224,202.23215742829257
761.2855727758679,160.7115517050735,147.53517590976304,197.48542422069994
769.0700744932459,154.89949182832368,148.74028136172575,194.34568899373087
743.4271011599843,149.2457754792671,164.26509292693055,187.27819417109203
731.8341150515224,146.71938221150702,175.2803727000067,185.07928078214323
722.0265903859589,138.62939397723727,184.15714841052824,183.5153779324454
707.7090000436577,132.4959899663155,192.2467053158337,181.62742750091977
694.7549941650034,132.7436759301555,198.8799520584938,178.55465798832466
682.7088873152422,130.49783114267683,201.86013000667344,176.39801401378244
683.0439495072019,129.88487093193203,203.72734840954308,176.7914076918601
677.8623634576683,130.62109006348646,201.3152338341108,175.75746220371454
678.061189723154,130.6127299938671,193.94443200351782,173.69076230473001
685.1843114540917,128.75639103757885,185.15291476081967,173.41145632677308
699.2899819835716,127.3557509775868,176.36456259346147,173.10380538215148
703.1814989780728,128.1282913762433,170.66495794100672,171.5873547762987
712.5811316213512,123.75587106502203,162.08934454043626,172.541709539824
718.1743196664762,122.14694381565661,154.60023741304644,173.71683013085527
713.2414150867662,139.9393334814977,151.54508614613576,169.4899380672395
703.3047216122237,150.6381784139748,151.5218952601379,165.4321491727443
699.3118860467849,157.65506969442737,149.63934510805643,160.88937537038407
693.6445145028572,169.27645177360282,150.42503023540166,157.8895959837617
689.561964553801,179.95261469079506,155.66086844909643,156.37156542220436
688.4744092698776,190.9267448705873,162.88713553778672,155.37923005041281
685.9600235222597,209.9975211479932,172.6876202898584,158.41359988939985
683.7680481132865,209.0414500760414,179.78476404756316,162.28671529609034
679.6466501871088,215.35234175725583,188.0699234727842,165.84360663153743
673.6164713042823,238.27671465903325,195.01753309238,169.208705127299
670.4930740221677,244.99555351954862,198.54737747846292,172.2361915908386
667.066727110898,268.6821455890712,203.34880033924094,176.1040200250356
665.153560905771,267.8749773764144,207.34913302761026,179.96511634185927
663.698786033009,294.52080326269794,210.5792401290148,183.50292471333515
665.4626904501225,307.42187901448597,211.16462528358784,187.4693088237728
667.3023456173686,341.65859446421814,210.85490189367573,188.86813134227708
670.3834756565868,358.7847309870216,208.69752081304216,188.94236967972682
670.6916943721129,363.11852419300567,208.431449318746,186.58829750039422
675.246827263207,373.91252409946856,206.7320946197791,181.34885992806903
681.9222949224271,399.6134506120161,205.20091294818957,171.13232108144075
687.5962390761059,402.28954701505234,200.09627596453197,163.62665370604756
695.8731267010181,423.611463845283,194.4935152334454,156.60333014690457
699.0224683886028,421.900555481069,188.68215403973937,151.39339772219543
708.4441983962416,441.5690520312518,182.53641169108752,148.9639897658729
715.5885520051279,465.91706068038866,177.35197731572225,148.16049337214014
728.91109977107,467.1434220161936,169.90550353371594,147.90106713302535
737.5639832548779,467.1902951866244,164.65994584039197,148.1400723642959
740.7648866922949,469.1176335884313,160.43893129725376,146.94019311469805
739.3946548626634,475.5954213970834,156.0117094477886,147.93795802778948
739.2195254288431,479.7386582268717,152.98538020927384,147.82814013756104
742.4283382607016,475.78996185996516,151.31243876491715,146.4507697640743
747.8420149961071,468.8158608888312,151.02293662772442,145.33797469706482
750.0666993571378,469.0392939823586,150.03454689049568,144.90964312937126
753.8547056021488,466.1430453953401,147.64594189406517,145.44966790274287
757.8754634161023,461.4947593206484,145.87356031080515,145.02722493066634
762.5966700954069,459.3748805387331,142.82555803923228,145.0974687921044
765.7952245480599,457.9791396456659,140.06863973527524,144.39110802796108
767.0044922217187,457.9641772356057,138.22086672421173,143.82976550074565
771.4280403392777,450.92256102915985,136.00337292134466,144.4991309168722
773.5467198715854,445.5499772599236,133.62488543589942,144.9008650752178
775.0198832931545,439.46532632537264,131.26011687990484,145.86809480076505
775.1353322921879,434.8952146503802,128.10689231704947,146.40327569316932
775.5873849006405,435.4760994625617,126.41998094207831,146.3051188875242
776.5701708056528,426.30596290834944,123.93134815459493,147.27542358164217
774.470235822711,420.2618619613996,120.70365063848378,145.95721716560533
770.894928660155,413.40481592006233,116.87573598715534,145.44746376640734
766.200814449978,406.3157625292285,114.02335809952595,144.25409437467408
765.9168533588597,410.22189864375156,112.15455251954027,143.34898576562307
761.8880531458647,404.09052963364445,110.68718098355532,141.27643573804676
757.0548687510473,396.52529224389167,108.98714237878093,139.58447323117534
748.629075169403,390.82116221421444,108.7487236674355,136.82849149975834
741.4139633899968,386.4147778138989,108.8087194125273,135.32344451974973
739.8617678683631,389.761807626662,108.6007058232262,133.72614325985467
735.0452707239598,384.6606382654824,108.05056221835613,133.3131770353144
729.8119762728073,379.4187417470557,107.7664339575752,133.09583825148906
724.7188546614107,375.2288301559945,107.90384619434553,132.79607883778635
718.5280291539857,369.9428539466756,107.99070694125118,132.22035002015707
717.3422942967808,368.8816027859557,107.84882640732407,133.2407609099791
712.1068851422242,364.9411178189108,107.63098314111991,132.77676586298983
705.4013236944227,361.4188762349136,107.84814775425218,132.06735803977327
698.313495113865,358.4754653689755,107.50622392934463,132.11387921165198
695.9555412970609,358.50474687544477,106.21290237975583,132.67428766573153
690.7983143929955,355.34242536275764,105.1512318058675,131.8815171702928
682.3088845970694,351.5616214305026,104.64909240479972,130.89376666688293
675.1753163171876,346.54438299695477,103.72686071657759,130.57199849308506
667.7243406654592,343.8587021280898,102.8944217612454,130.79229964960766
667.4436245379525,345.27825371917663,101.32607396216639,129.7777500763284
662.1645298205643,340.4375342465528,100.17936551638859,129.6796584963686
655.4005865517757,337.95711073727995,99.695256738414,128.72809907036466
647.1238214819838,333.30940882710814,99.11922831476545,127.79453045571077
639.0248971573535,329.79483691195225,99.80560330832543,126.38158806623495
638.0496763146887,331.6711643441429,99.62507928396867,125.81414795977298
631.6130675931281,325.9831434027795,100.21928213968744,125.38841963223365
624.5302078145146,320.94118859934235,101.77789453443886,125.09022341177644
616.6690061537388,318.86318436727953,103.98375446762395,124.52875121641712
605.9733657461311,312.565407198727,106.76001262353748,123.012617893305
604.3459940642405,314.2142211715898,107.86297061363094,122.04770402838979
597.1597969044863,310.5477073555255,109.46684839261218,121.9925785843466
590.8806314856257,307.47954401067125,109.85560735380724,121.14423940338855
584.654457363436,304.7643050512518,110.37962708408752,120.32162503325654
579.1927425915534,300.7835350241731,109.94301119480848,120.5745249888422
579.6786148294622,301.26072943673995,109.62139883864644,120.75242509650879
573.3396490731913,298.3502414580471,110.41917669518233,120.45844562863208
567.7629883686359,294.90374520255364,110.92534901829468,121.12011203640847
562.8503992032802,289.5300727695131,111.66848084021687,121.69940136812684
557.4115411372075,285.1956161036064,112.89836124085595,121.78446288567011
556.1327756853273,290.25473694728163,112.49162489074058,119.80985122609069
549.9176644988585,283.24893944690837,115.42930499683263,120.07891731143195
543.4500642999863,278.5093624679322,118.03581868040456,120.88772882401076
539.70571885868,273.51023634731837,121.928687467146,120.32383201738688
534.3364300151745,267.94306209159095,129.03910277012386,119.01798353787495
534.1762624728774,262.9365895568425,134.47279682917502,120.07969378986694
529.9169277267791,256.8905816706978,141.01478198947763,119.77524616799121
527.5148876440848,251.04598136895436,146.12351833262545,120.37844728264761
523.2599428765604,246.14443146053753,152.21981147599627,118.17483227861943
522.7185291705616,240.3820208375615,156.45300829374042,116.99555196207147
520.3393134186776,249.4307438011872,159.17458672248085,115.36540072781327
520.4135991953817,242.04690318571417,163.66828859512864,113.99963049696731
517.7194665643827,251.21623712920257,168.9479358063129,111.47429898236602
514.8137398481726,242.48184929531084,174.66219157196883,110.38743919787896
517.2549639483444,233.44277807702355,178.42161100925952,110.52493832390667
515.6664022962736,241.22417337492573,181.02755188361056,110.42162801374681
515.9095106350186,231.51497533326062,185.7297144938405,110.36104117166201
518.3765943873967,239.50177362547703,187.3679647251376,111.01105794477317
519.230892575521,232.44753841592674,188.40197212772824,111.5335603462956
522.932835687502,238.93035984306076,189.30287067854655,112.1104580422595
522.8841422571635,243.53551818575224,190.04632599301226,112.34321749060456
527.8222578444986,239.4129374221611,189.1413997118358,112.09389316268431
534.2296618542802,246.20920722180654,188.48771019965776,112.40018206986312
541.8149946634383,239.41455272759345,186.0725358380556,112.32425077050854
555.3731539189282,246.5926555117505,185.4665341758306,112.9087800654757
555.8940852480229,242.4944295628099,183.6604154575178,112.03037997361079
567.0340754108878,250.7978456994531,185.24372591853097,111.45728297559296
578.2673592815477,261.1107687591074,184.4593862655903,111.68207619954609
587.7330785240548,253.18543626754615,183.53804146954076,111.96886693797863
598.9658080906281,246.84267442096626,181.4891529998463,112.61490660709057
607.6442712086532,242.30727518469902,180.9970453367941,112.94668091733256
615.2307916119796,256.16649290546525,180.95654618663553,113.06165573886165
618.0336410067148,246.4113490901775,174.8956906238364,116.16800316863149
633.7430677674199,234.2139339745433,167.20044893409113,120.59782371056883
634.9530885536699,242.19990682125228,159.4654897971992,121.21716944476319
638.2234403342899,233.48619637273043,152.27445187774384,121.26305385804221
645.3804010088282,244.51505805975836,147.12037683451427,119.69626485593457
652.9238247779535,241.5749519249198,143.08715058837777,118.85986383291768
658.7645557964782,240.2411717889542,140.2012284072855,117.16093087975119
674.5717392258849,253.8499552331823,139.82606214051316,117.20775302938091
674.5182264207247,252.31078532709324,139.11012880460578,117.40503700964987
673.4632986048481,252.9623188548204,136.9002951625246,118.89445089978264
673.2889204522054,250.75288902620414,133.38445200148607,122.36784362138059
672.5447151329695,250.55533249519567,131.77642613940873,125.58103162503268
669.7386727481344,250.25128850670964,130.5371157789213,128.8737643011014
681.7375740835225,250.90689360757068,131.7074306313385,131.81828186732363
663.0275446450433,245.10567913887107,130.28609699120702,138.09562421109496
661.1428352149131,243.93762341728038,131.12286290118047,142.2021308139977
658.2469845039582,240.03344221714804,130.62169475521938,147.63791197074735
637.3428334595831,234.5231221415967,129.343906756079,152.6158828255854
633.64989218723,231.14282272355157,128.59492926202773,156.4455856178982
629.9618675099501,226.60557939753113,129.2867573488872,159.5954745297657
623.7037440604392,224.67491804656248,130.60189626908826,159.041103948622
601.1621641446656,220.61244040564063,129.07703150346762,159.22413561214904
596.3916586759284,216.8574342956299,127.32903239302934,159.97701530195812
591.7165922653094,215.3891640569053,125.12703737613253,160.20945397848874
587.0785671206937,214.563681131186,123.80648141078625,159.90432866438468
583.7118981956694,212.53877177891187,122.38013221859853,159.32566264298083
575.4018426094135,211.12925017948152,122.81025048644736,158.36128575593455
567.3108757587875,208.69301194173795,123.57402661018477,159.51762124593276
562.5677434800119,205.06818176439577,121.97849642896637,161.53502709545967
555.0624532662498,203.38596405030242,122.14394402873182,162.39527803916457
543.6474019013474,201.1815626735889,123.59440999401014,161.18720562093023
530.4383946433212,197.42937336281545,125.0182209425577,160.19627250541654
514.3532359999673,192.88306978619227,126.58753458241505,160.37579372116295
507.0752981906092,189.46273000102863,124.7694077444661,161.5611168843247
495.5880121597455,186.06762791135412,124.33221184659875,163.42115815702698
480.355708620575,185.8678374369081,125.82038421729818,163.01323695538343
464.2368540791084,185.67457746151666,128.29416393316592,163.69699030889535
449.3966999338496,187.88023694163127,130.34283846513858,163.7920743180265
448.0587636959672,188.2384084411622,129.58689650875928,164.18318657256572
435.573732436388,189.39637835493608,132.77093684163833,164.45979130068204
425.18742351278763,193.44749669213743,137.26680984630977,163.2124506948523
416.7932106015639,194.65349677559266,142.73446731243402,165.0170766952392
409.19763471165913,197.58693381896597,149.69974991347158,166.79716143646502
406.5988143751788,198.78863014014814,154.87567233584463,166.86128569320957
398.0706213318856,199.14261619028798,162.15776929126656,169.81124301340108
388.36923535577273,202.96349331918006,172.02445134633643,171.17724689618086
380.9880436315991,204.37270730834678,181.6961818520263,172.20795336303786
370.52212685920773,205.80725225265923,191.81104647896234,171.9997755113087
367.6609763818876,205.95753139577465,198.42990947345467,172.4940390238793
360.7114745692188,209.38504864612523,204.6804922880929,171.88723498048404
362.9343961129205,211.68766817284626,210.1693101122495,173.63909402961153
348.29904049672086,221.22288772918034,224.13475496433875,169.50092401331787
343.04143673486055,228.61868561520643,231.12985855663237,172.8645997714171
334.35529033293557,226.97155156527785,242.21008383271135,172.09891513537337
331.93339577488115,227.71983056730994,251.20007026785098,171.0951344788739
328.39836657073494,240.6153576326053,260.90132040664264,171.35917792823918
334.53197602425996,251.69019171574988,270.59058534053503,172.942311199328
333.04238739053454,249.01074451897432,277.764922043258,174.42602248741034
323.12541567553745,258.06798300793287,285.29479595420923,179.44825472275016
325.80010195928344,254.77131875965375,291.0753662806992,180.82452503754564
324.89821040468587,266.65294752936575,297.6666492945269,184.04150736628577
331.055333624746,264.4431272761999,303.740189719641,184.2007723728921
329.2326163572873,277.33632905239386,313.3434584983328,189.68410224945924
325.92604683556766,269.8377905256232,315.3589884986508,192.24385287172615
