529.5,327.5,271,123
526.1502558467052,323.6202549693161,275.68277587945016,123.37000422533876
532.404011617543,325.97521619402914,278.6753291876283,124.71000328851642
539.1480670860029,335.6165308261611,278.53726250119666,125.75572409139113
540.9555422823094,353.3793903464745,277.47215947300936,127.44750001536394
537.6370100038803,364.3719928792883,276.9556982005524,129.07909144326658
541.7720779467293,370.64980855873443,277.05218619333334,129.9788214506463
549.0077716458006,375.89966220956535,279.3041569494876,129.65142020977555
550.9563690960158,379.16052656131666,281.6383601546785,130.40374221885835
547.9175112721343,381.4811738414703,283.81049766599733,131.9028676185731
541.9959616374786,381.09193461179314,285.7748938179383,132.1579108429039
535.9071458842268,374.6622314342996,286.5826217599888,132.29666843232698
528.2813783057632,371.7226125550603,286.27881233531195,131.7758913134862
528.4961125048148,376.57323628867846,286.0512946661021,131.60574507305654
535.150221183487,380.09395077474085,285.0329847642019,131.06856376633706
536.4062195993496,375.920805406976,285.326997463498,131.30357310690832
536.8057289355112,371.51142144660406,288.0048271550511,131.95430361310136
542.9705321940153,370.84523335683866,290.60496154380473,132.9657366158858
545.563946324557,368.23746698146164,292.63687660700094,133.29879303683643
555.1954319019118,363.5311640385157,295.36946323732553,132.90323432617055
569.2494300547844,362.2544261463927,298.44391627240054,133.69597197603258
570.3804734954768,368.33853099169687,298.96964067031263,134.4518202459344
576.7071487364149,373.463666993028,298.81662588179586,134.62482323716853
579.5469810155687,378.1252014490471,297.62511287378123,133.46558508227156
578.791870709678,381.33756588840356,294.9802879762242,134.15421136331818
574.8141750942444,386.16254549300095,293.9163310625601,133.55960245777328
560.3307111645925,387.07190197314156,295.8032570908093,134.04554218837953
558.4935108322427,387.8772463384796,296.09831114639326,134.03040244509205
558.9696767160228,392.87980130968936,294.84397817076604,133.86667548301915
552.2834348684561,394.47474738485215,296.15107604741826,133.90552569376234
552.7676473560368,393.52246101623217,294.8160682017734,133.91726984728496
553.0720339062754,394.97785060036495,294.3259058708066,133.9889239981112
543.7267969588045,395.5488994120916,294.96627562451295,134.99345499289828
535.9187163756127,392.6268700088762,295.6398336796295,135.9173353859379
532.4885673397181,395.5370295647495,299.2065614713435,136.5097393386139
529.1996686883991,399.20070268541497,304.03460398749,135.73563339650792
526.5668668605537,396.44031452211766,308.6127758904993,135.71610363179394
529.3964171615341,394.23224535501095,311.375642794947,135.04793524908843
528.8721611672975,393.71731251299684,313.48366251104335,134.14160782455787
528.5511839593066,395.33021169884887,315.35759820449084,132.59521442683757
530.5787002883603,396.3710832619729,312.5553455070158,131.91587453602511
530.8796227763771,391.0505635310835,313.42309250619434,132.4844233056652
526.6812953355029,391.0623360306492,313.11073821741036,132.14706310024448
530.5781619476421,390.31685613809407,308.19134123580784,133.40806914928797
528.6016976841955,389.1395781506435,306.93279343671225,132.81647100660487
534.3114212170349,384.39566258100496,306.70914333758634,132.96541874591858
534.1037649217894,384.9414845187131,306.6906542472738,133.36283181534935
530.5756677268469,382.20229864646143,307.7862320485666,133.58253609082806
528.7188923159538,376.92322618276717,306.90128595644273,132.95579790054086
526.8039961285698,375.9498031621894,308.09678215239296,133.55297329312145
526.2367193339187,379.31745286925866,309.83765999716155,134.11722584278908
525.4732317017458,377.67367745903266,309.406824144335,133.57499918406933
520.0472891526279,374.607551591593,311.0981753375418,133.52773651083714
515.860729353522,375.66697889977,311.59725814681315,135.06405972613283
511.98861105418507,374.8902412714261,311.86090392517445,135.50785802569033
504.4407893673308,371.12411826034804,312.9057441143737,136.03625358779388
495.7731409403234,366.0139037843024,311.7398221726121,137.88505663961664
483.8523516601206,363.485888704988,312.5073917913674,138.28299191528035
476.749249981898,360.68159103602966,312.9423482377173,137.62904643593635
472.3203641049513,352.97899032349085,314.1188546374542,136.98995350371408
471.080982575914,351.32247761179264,313.52070386191065,136.7322265448321
469.0925647670608,356.14374419146657,314.1492228101528,135.06135638368363
469.68565331519176,357.2593726978483,315.40279567002193,134.52047672554212
469.91744814492273,358.8116734467692,316.4051224057474,134.3036339595423
469.41461091227836,359.3041245570952,317.16404295489184,138.53470893081538
475.4298244926956,361.3543513901333,317.92846614348355,141.23994889114303
483.09149448228794,364.6130499038734,317.6200549820479,142.6106491498872
494.35985492924635,369.4173228944906,317.215118527218,144.09589131562538
505.7589381357798,374.8783408216482,319.68520544056724,144.54707399768722
514.426291290695,378.0443801100408,321.54580781603966,145.0099416145971
523.1437626275518,385.1888994304197,320.012576606254,144.82201629323617
530.4524888897988,394.7139095046375,319.9981352130467,144.39298689797442
541.8794288164303,400.7702379422119,318.25931235136096,143.90546258355565
553.5458880740773,399.1701089984788,316.72383531861067,143.76878733503554
566.6174038343938,400.38089140956276,316.38954822851974,143.8670584618116
577.6330186367549,400.79940416486005,316.65446692396864,143.60717089829964
582.7604245142463,400.77704150276395,318.6415403542274,144.44091568793823
584.9260712920264,401.80117752895427,319.1792438956825,145.8241912773118
588.0150552771225,399.6676770052939,320.85518255696,145.84616382884394
594.2022255171125,394.74769251119164,321.60636564417973,146.34426918484635
597.1544402817111,390.95918113344146,325.66650616045376,145.6755424667749
603.0172399587019,390.2613239480841,326.323673530105,145.76592250788454
602.4869858398042,387.45413489948817,328.2852775754526,144.8547612068831
599.6793837393914,382.593884190613,330.3387573519162,143.71532686413536
602.0654419391009,382.33625468268264,330.51418505039766,143.8740944633033
608.4215124668032,389.219108406571,331.12879570397746,145.8043184501579
607.5735274162354,393.48907186904376,332.08565152059765,146.04959355157956
603.3881734469727,392.43306155437125,332.67724902745186,146.34977138173792
605.5901748393628,387.8214734172835,331.4068400403554,145.95999542355253
609.8211195549001,390.77844199708363,331.73734810836527,146.460484590704
612.7560762844523,388.7523068981622,331.93601479986495,145.50240456119096
618.7493265584844,384.22672324042856,330.60325799569716,146.0220786897075
630.0120870105311,384.2072694611959,329.49930119377666,144.91258665672697
635.8430206705983,394.6067453638742,327.4270821204074,144.89352872649243
636.2727321016841,405.5504780723993,323.76257407604595,143.89072403026742
638.3259891000346,410.4876302371241,322.9644259011834,143.3999732057616
641.1491822573463,407.5069758546164,324.7694594168822,145.5127593076605
637.7883974680182,405.07633736988043,325.8177315902955,147.399450982409
640.5077681851151,404.40596797607003,327.4079341716046,148.5452032925356
641.9595986367414,404.289471500677,330.8056310144764,149.0709263959286
644.2339110250538,397.4422280987135,332.64665181432866,149.5678300013082
643.6753918792017,388.44490967134044,333.90036515092703,149.76661991696747
643.3351587749778,384.766051977816,331.6127954230193,148.72808267187526
643.5109672153737,374.1984233553194,331.15652148082916,149.04225494067208
646.322355109253,363.535070610468,330.36857931504966,148.38565736030665
647.2200414771446,358.50492461399966,328.8765001650436,147.98153094198832
645.8643864743126,352.65882914955796,330.0801849485015,147.77251871535412
645.3268760528805,347.38628251644235,331.50096911705685,147.48503522987644
641.4111319112961,348.9870908049496,334.02801356401346,146.8466241334375
638.0121300349036,361.0809049050157,334.35214227102216,147.35118228889613
634.6638946268616,365.03731383234657,336.67471171991866,147.45294897555516
633.7994080295707,373.79123066091313,335.14562112131796,145.99883579266526
633.8236753504639,382.86120080179114,334.23681955562733,145.74064180302346
635.9450513899891,392.53765325925326,333.0400691493217,145.36454734342146
630.2050233468528,397.7411288501911,333.61664947418063,145.32116923588666
623.8016712619233,402.09348302036983,331.96120497765776,145.98764333724054
619.7838464598332,403.39369650484724,331.8681304836325,146.52751211222804
621.7774908835331,397.26675120635787,334.17768802600307,147.7665854713527
622.7970410171513,388.1244952766918,336.64427404187836,147.62789672338508
619.8286652675437,377.27748987908444,339.0795449617173,146.12870836088499
613.8799048422362,367.6801808863316,340.106869469864,146.84927773188875
603.6825818578674,362.8306828458443,344.3758821988556,146.44469810638134
597.33470729005,357.6106024432438,345.5690220815606,146.01353437239777
594.7386725482334,350.94946263412737,343.88902602106566,146.82664250472976
584.3069215463446,346.72670057856004,345.62826616876396,144.7715934576003
584.1301516832268,342.71915963578806,342.8591550332593,144.07635963879855
584.4089909559912,334.05864788561786,341.84799448571073,144.50490801096512
583.0663874020349,323.8677536494156,341.07184805320287,144.74253144430716
582.6400621582553,317.3143826494567,341.2925908392697,146.80361437897832
584.2157833441584,311.3394343740262,340.6763473943892,147.33891055752485
586.6871446972234,300.855195784769,341.61142229186623,147.1802820231486
584.5780760609654,290.6427947884473,340.3429338929957,148.48540551847765
579.1548719911103,282.40479655552866,342.4867186653962,149.82926945410247
576.9201231059378,281.1682082254203,343.6041761449087,150.39766489197572
578.4032105158702,283.518027585459,345.36953532925526,148.791447869515
586.273316368778,284.6649619259076,347.9082275846215,146.22790885117905
595.7446521571874,288.13447794798475,348.1921089710596,144.5992272251157
599.6864688032799,294.7831366039543,347.2435080465806,144.039999474639
600.7155882447571,302.2553707887078,347.87940316058985,144.1491190186451
602.7483553323398,316.35280913219793,349.4750194408995,145.55454979626447
604.4819566630449,334.8939410486813,351.116745459909,147.29226276993836
602.7781363445175,346.82888113349975,352.2375306377505,147.46767068623893
597.3635151125761,353.94553806334534,353.883630439585,149.18251127601064
587.7708816322522,366.727429660251,354.88564888033545,150.29256574394253
586.4839600792176,385.6167514060867,359.1135713044511,151.42083600959546
588.8975541468026,394.47218654135236,359.059184568512,151.67393020134432
589.5186850536442,392.30919931813173,359.5717243858028,152.9744129333081
586.3624002934536,395.6825956244861,358.293630473109,152.76939459351797
588.7690303935924,392.33920886195193,359.65473436279717,154.75475401030997
596.9213048694253,384.7743289138112,360.80650712744,157.43925767337615
611.8117452505571,379.98923676106466,363.9228164591706,159.79502690547437
619.4185536960537,381.56319891312256,364.0008770431529,160.4661517213079
629.4356484088363,377.4053093103056,363.4447740891453,159.8572769199838
620.219826530609,373.98158885397055,365.70398780714766,160.12867041215222
619.9793889955353,368.12200421172827,364.4559629215458,160.38401447080668
614.2238395906578,364.1381528749417,364.66001960941344,159.98655334127932
607.7054571742029,360.33518441923854,365.89545578326556,159.0267830459595
603.1680647556318,349.7575772821816,364.33528521421874,158.4342498988087
601.5149879595507,338.0519566894053,365.0305813196562,159.51574865272073
595.6843357511711,328.806725321591,364.4896219043229,161.08697997355438
587.552706831445,318.7094781040922,364.58198702832124,162.87133723203826
589.0406985289386,307.6896976302538,364.74992071707425,164.75992009133614
566.9446176423178,297.1905020148803,371.4230051892904,166.39587121283034
553.1054004975283,290.113480739594,381.1335840253781,164.72603166043652
536.3938214344932,286.97153845974134,389.82824941463196,163.78726807637358
532.0448373231859,284.3286755103785,391.5812537052094,161.76376364749305
529.285412835826,282.40764835401217,393.3321688344091,162.24765412660764
528.444982640723,278.79278326586495,393.6385489771176,161.80645487098667
532.4596773816249,274.36065300849367,391.35509112067996,162.20157628660823
537.7837946425166,273.17084029597515,386.14998947624633,163.68319586848267
546.1714931275201,270.11326725144363,379.81999369795085,166.52829596183346
549.7422525680458,271.38746782801576,374.6871825786639,168.34415595904932
555.6311487646544,274.82204394509677,372.2060925703954,169.9268698747897
556.235641300075,283.65977351380303,371.0418599185491,168.82881666694254
558.4737072123203,294.49435484441045,366.25534802265696,167.2660478198146
569.1592235535126,303.0375665147869,362.64726051544335,166.05919448638602
574.0396917569886,311.2894029141005,359.53389328802615,164.36563940931632
582.8057595565288,319.5588146028081,354.31041342777644,163.68973488566087
584.4127076882327,322.11882641924353,355.5444489308786,163.69739107761916
587.8848558623428,324.3720064040498,354.2090316720139,162.57963193427003
600.0352413156398,329.3096935384773,354.5683674243553,162.55921524598153
607.3429545677402,334.016729628495,352.42338846043765,163.22125962783565
613.6271288642433,345.172570770623,350.62674168017566,163.69098374616755
623.7516168779541,365.4705153129296,346.02560043058605,166.14342687590994
632.5277824706051,385.02906160334715,341.99100949491805,166.30391837100245
641.2388266517248,390.9821563010574,342.6328440147586,165.93577676610937
647.352146978739,396.66859221164435,341.7565928413211,166.3933359294325
645.5516170916881,411.83336497155847,341.0504521835991,168.69200238470196
649.1385860447717,422.18330058991603,341.30798514840353,168.75315943778176
649.2373713842716,423.39991562917163,342.4619866253563,168.9923922994866
653.7723605495723,424.0132933396539,343.1672224900062,169.81114717057528
656.1253159868985,424.8298855748842,342.9680726894201,170.59587399123708
656.5749948602929,428.1544982803221,341.2425776383251,170.66815803699578
654.4620688035269,425.0292157231427,340.41405362652154,173.3763738128231
652.7818719952011,425.0760868827305,339.9368656086517,174.66252145870487
644.3644885635636,423.44541877255836,338.83704499328906,176.14575969187428
642.2692295877825,412.3849318961593,336.9295438217738,184.9943516621406
646.8687746104382,404.2005897988774,334.963712500675,193.5714685311124
642.6741129703012,404.22265901617095,335.9938925238079,199.168201621336
633.8646822927461,397.917753886985,339.66237736829794,205.6063438270346
621.6148027710146,385.718945762447,343.22363886842606,210.67933315350325
613.2104490751618,374.3311865558761,345.4897713776243,213.57524150499944
594.3532975567034,361.99627775683894,354.19293359117694,214.73833569914308
575.0368048803352,345.47011549051,355.3448932481125,214.66735395738687
566.428928870198,330.81730084806753,357.94745938581855,215.53735053658338
555.0382042634249,319.64704453136073,363.6801548609616,214.71720528730657
548.7048044821561,310.72613893438654,367.04763324887733,215.80713011345716
541.4291830881627,305.01810963656243,363.2692289726551,217.94635422119032
530.9985164178032,293.19354625537653,360.2698807795607,221.49515635282472
540.090359908881,290.35972936359906,356.2041308854176,222.69834168438393
550.6209329268768,286.95776998214285,354.9361500563355,224.79212355688497
543.4855602466891,284.84635200945485,348.97379834029465,229.38570659164694
547.0707274605091,286.4990216586749,349.4351219898947,230.10802384838263
544.7388970590296,288.6830688812443,341.14981390552475,231.4461590899808
545.3432968868733,289.6565324582566,337.6055237846731,232.16702973983502
551.5587186406636,292.8470855287485,328.82475714324227,237.94900286063097
553.97863466396,299.6650462716462,326.737388437409,237.05242883272138
541.8965921560194,309.5626893067284,321.19765417838767,242.30071042002768
536.5107884154527,311.8929652547227,317.98488379849834,244.16724955034525
526.16967875217,315.85250841280504,314.5817340149562,245.93805218834308
533.4095710516965,321.9334606561765,312.93353243897457,246.4354046367198
533.1881404784222,330.54417570944065,313.78964796574917,244.5426679200841
535.3630867574103,343.8605394913783,311.39882513662434,242.2135254086991
534.7472460721967,357.586498360925,311.2815089141253,239.92336990715438
534.63264707108,365.78166968470487,310.9104968457489,237.33361014533693
538.8381481410152,370.020876175556,307.7756644827951,235.520077439361
545.208830509891,374.3768545931682,306.5921639341914,232.2972801881819
542.6942133661896,379.5573875513935,307.492117654425,232.0409820711088
534.1737619495614,377.19366304104676,309.94285725678543,231.017540836828
538.9734835600716,374.1338911303453,306.0443708572066,232.73792236575036
537.1090970041097,366.8966601473283,304.21862097795,236.0607148295261
538.6107470575815,365.80550640163534,304.158576772343,242.3786972743727
534.5899065218148,365.65703912248506,302.74646050348326,246.53984363038754
537.5525134297936,355.3396888089101,300.0645378271282,249.0975999063411
535.2289074910383,347.20473231667756,297.7521192152896,250.6691066713238
526.6502745297182,338.09067259114966,295.3385919860743,252.9969165596965
525.7568468858985,328.62964632095475,291.1735773091141,257.831526702015
522.7207550484252,321.51997107553046,290.9183827110504,261.40266285265363
534.2994603287483,306.10241084001973,284.41540444715724,267.84923161163897
535.0434129708564,295.72964475774535,280.9187284586717,274.8375263418005
543.9892951920301,280.0588767503938,275.9563339427767,283.7005562682468
555.8999934747133,263.56911456939224,272.0807038263851,293.4586794156503
551.9853875665916,249.21242060884697,268.61983080376126,302.0538899228004
540.2476088121502,241.21414448487883,267.6805304482642,305.3374008651947
530.6073566096057,234.17569941142233,266.96356209029153,305.71762715560135
519.7639385441294,230.26760159308316,264.6283740665814,304.8402536089301
505.54351870750713,229.95975187610247,264.0393942513003,303.1311999968557
505.4885462215606,233.08957864475775,261.9882002118103,302.3444845203056
499.08060276825313,237.86986987416583,259.0682348769092,302.71391285708273
484.5156584247096,244.5707202497117,256.36855660842974,305.6146584713474
472.229875994896,248.140105655695,255.8566577992338,306.26686752159395
481.5549908223419,252.65298939428405,252.44333419597768,307.3721425248846
492.08873823922113,255.07414680326235,250.1884557104858,310.16470157396293
502.2674939057858,259.7913718298746,248.81892045157534,308.49061557637197
520.6866348788952,262.21494924510563,251.31562614573718,308.639108653167
538.9128546033014,262.8032439660732,251.3915184535166,306.1651032394759
538.9403491506798,260.92029073641754,250.65453289403055,301.96105187026546
535.3414891184902,249.5942088788211,248.82708358585126,300.75102533887633
536.4820356962409,239.83539251873756,246.73973540269793,300.8040584496684
537.5970118673824,240.52924074620657,245.522336752279,301.31353027342453
535.9825961874847,243.01349056816466,247.11169419697438,298.8486910699533
532.0438938201012,240.83912117996925,246.2640098585603,298.5038582788087
533.7409940519642,236.30961659898267,246.74584103202596,299.26341084440736
536.8209389290477,241.96011243491526,246.44781679833642,301.11807980181464
534.9280941569228,246.94030287087676,247.45982041042663,302.36146289168363
536.1466521924089,238.3914998938877,248.38375899834426,302.91462762251723
556.2050311245437,243.36683363592547,248.3962850391041,301.99484202015555
551.9767024671503,242.77150964195283,248.5828656021818,302.1791105229705
556.6107173296477,243.77390365309242,249.77582582927423,302.2391616253709
561.871721841118,244.77523660184553,251.46693822051833,303.9058580344595
562.5849237598401,252.46853574981196,249.7660302281535,306.7005951877454
549.7966876549154,257.2356530077786,248.86187919276352,307.3366621091901
534.93911798192,261.33201376110907,244.89846400384226,308.80359235881576
521.1609697924852,274.44200501046055,241.53224451357136,311.2547676970268
506.1329844005331,276.86166714630724,239.08067364098142,313.8015723277688
497.8848321499827,278.90822243849436,236.47372954589076,314.5312762079637
498.713667819331,278.38569414158417,232.80635910097766,316.3951564969669
507.22757794305636,280.9795815714778,229.24042525947186,318.0065526080963
514.1626645987967,282.6189546429946,226.7489312235038,319.8058384818168
534.0632011646986,281.7615778040533,223.53181194912193,318.93795580334574
530.1812946392486,278.8348968144754,219.99895599367443,320.6329091406863
523.1420520745007,281.79385071023955,216.88250246350208,321.49035191983666
519.6337570187422,281.719498217358,213.77298249811474,321.5355344111644
521.3177638075992,278.6514175210359,212.0194571644574,322.60824260632944
526.8724417469372,274.54466425405906,212.24639069160443,322.7624668374267
528.6274082719423,270.2665988527824,211.5655575351641,319.45627483266804
527.2025498652924,257.5339884562304,211.2097155716083,318.6189462635894
524.4332747878734,252.13179989151084,208.96423290479106,319.1482865811999
515.2321146908699,246.15361517727345,209.24639967167394,318.8340385246283
503.5953101444662,242.92560672644393,207.57443686506733,316.9818612658259
494.6384480368211,235.37396076765614,206.23583983707144,314.9716697544464
491.9440827320415,236.1350255031532,204.2244015509092,314.1654285452473
498.08607893833454,233.23086591923644,199.56027550947795,318.5201372928538
493.2093752977204,249.2331172700133,202.4666807612873,316.27229505272584
508.495733601523,245.46807932966246,203.20565162316453,315.2022589720628
500.96933913705806,260.386216613594,205.26960521731652,311.4304852129156
504.50333079514166,263.90574705043696,205.58509291326484,310.94094960015485
523.1165086460218,282.96067035911767,206.18244479207098,309.4633890545709
520.5840651850909,276.70778146142555,206.1014948837935,310.2119322765908
527.277873142969,276.0946308330439,203.56237921980727,313.53529564425503
534.2442317585293,280.499796802604,199.52339787430702,318.5405145092729
541.3691252025974,283.1479169619521,196.2789868482924,320.43489938131165
541.7232578633037,285.7824141360581,193.25821842743818,319.79009822462797
543.4328874470852,292.8368373167249,194.87402157295503,318.5340894258554
548.6622320424565,294.199368649,197.1618133239848,316.6758176519989
560.7656906102923,277.59568517242815,200.1194736724442,316.08720987369725
553.2726899816512,278.26276920753213,200.842826347268,313.97903448308523
543.3309378413592,276.2587294177442,201.7508648533157,312.51054584061524
528.2221726545736,276.0435682347626,203.54948806135974,308.40562135751844
529.9045555594745,259.84567709044074,203.68193537678673,309.9773699089795
530.0541832847694,257.90270082715676,204.3653871882361,308.9924876081243
559.612806748512,257.4295116862713,204.66697494703033,310.1907674866798
587.3625089268552,254.256952152494,206.8631348603632,310.15793350171367
592.4123964955563,255.62393919532093,207.43056553350777,310.8101760565322
601.8590972647878,262.1010142989835,207.54196288420496,310.3944865807135
609.9788859017177,266.54952325245006,209.38868169188814,309.5129296417979
609.9885656641083,283.1457322888998,210.66688774652147,307.7161319149677
611.296707802915,276.7967353544498,210.63998254109748,307.95091377062306
618.4531059881061,270.3874504371946,211.23292690863008,308.5152101905217
630.3660100116766,267.94511244282637,212.36422640543438,307.6820827010172
645.3643753700499,264.72127357492263,215.5935470192545,304.65700023632417
680.8577338664309,260.3244919722234,216.49461689172676,303.5070104708364
687.7787908803354,254.82357825041703,216.54004463485293,303.2547838449301
696.4836201240166,252.09018303579236,215.4291341638478,303.10505529987523
734.6398073400487,252.00538672138583,215.97262521029927,303.2105380817387
741.7903109223967,265.33621405536394,219.21952110651648,300.791816687098
718.0455781794833,255.83650481521465,218.91126854424746,300.931005675209
725.9882541052058,273.76302874190685,219.73695337493137,300.51726217363125
695.6460131441588,261.25463213735475,219.52098363686892,301.87413373661735
664.8529059217323,257.1810496390365,218.45394643377298,302.774090137978
663.6908898738632,254.50756864578327,216.0666209359747,304.2158056282838
666.4735535418348,250.25770543777662,213.63556689066556,305.26920388115013
689.2597567688678,248.81547939125704,211.01856281086734,307.17984208277846
690.0275045344183,249.06586903276747,208.48155093760306,308.31580264980187
694.1893419940241,249.19175097557678,204.33697986970986,310.25094319457264
692.5561473334708,250.6140176072706,199.86180491698218,311.989089202883
689.8354757973702,252.02182079514125,194.68677397337515,314.0162286080865
684.3201884988123,256.6598838376051,191.23847627129686,316.39348100979214
680.4353376106849,259.7984679422801,189.30412130774457,318.1709659681666
686.3865051254437,272.42035294599987,186.83248085830496,320.323520118442
683.9599176262261,282.1945937754156,183.78569486201957,322.58081887037713
687.1598674716967,281.27226712544694,181.04177981120003,324.6232532264802
678.1219020738298,289.92634321966875,177.11512805688497,326.0058931217768
672.6507951844293,278.85353437351796,172.68470122594476,330.4821573289709
657.2901367793113,292.9142974328248,172.5108897860586,328.60382960513266
649.103262006447,271.9864142599617,170.44569356152363,331.83504608513624
647.2532946410615,278.98177684556316,169.66424163076488,331.0017210451589
644.2184688137194,269.75011894207523,168.8392046791871,331.3966183493272
635.4583822383728,276.0999565034969,168.34307762846416,329.64774698319764
627.3074882967456,259.7031791936953,168.6643776882323,330.6510470099053
619.9391155017092,247.824982200477,167.94589351908863,332.543370104008
613.6769893063984,236.55773397876598,167.00891849271835,334.3142652443294
610.8219774283009,227.48571188115162,166.68400152930877,334.7933066166822
609.6167508655432,237.19702934643922,166.61433781064696,334.40837996857766
627.9320421085816,258.88043348876965,168.46175978013648,331.5690794658992
615.3939380254951,233.1272544746637,168.060535695333,332.35740847189436
607.7730402664931,239.17689283872613,167.27249837337092,332.841204406123
598.6221132561985,250.9617255746848,167.45687497696795,332.4109184355484
589.1779499249758,258.8523155960128,167.99933448243118,332.0028567934662
576.5932273464472,267.3194235100615,168.93750789571388,331.21835638895277
566.6075566134738,271.113797184056,170.26611101937553,329.31222241376645
559.0789981637464,278.2853755526802,170.65725807019754,328.17723465997756
548.4619139442011,280.8575732657957,170.9054493364365,325.49264996754175
539.8684945714948,278.09615442646975,170.542841975892,323.5783581486656
538.7230434463922,278.1811773365909,170.27469056665808,321.7605438309562
535.1484017637638,275.2183133190166,169.120226754791,321.35108729197765
533.9284301471694,268.80433066043713,168.34724073917,320.2581083952694
535.4559330452912,257.80759996478673,167.12060777903935,320.9185734181619
544.1597039084361,247.07904991575853,166.0450133794097,322.7952864007398
543.2891011095417,239.3139730553623,164.90050325416078,323.79988641822416
539.1322093737213,228.23096121774608,164.2470282724325,325.09206213203083
532.3484397534621,225.268256702139,163.21032614179597,325.5685776161869
529.6607815194818,223.5972646995552,161.07896021382152,326.00649195926036
528.669821182448,236.24075552223277,163.20471194722583,320.23391461078023
543.48759835821,229.06196613846657,163.79230784899778,317.8216188055587
560.9167577959303,254.61705766325173,172.3463272303932,299.4718117325509
564.7192089796652,248.47391482986686,170.5378931208275,301.2975242029095
585.2202194860516,257.15412530003374,169.21100867421666,303.90553282800545
577.7681204682929,256.9042311896577,166.3575944813407,310.3168958893031
573.8210256278504,282.3068027616125,166.5783775612734,309.03861965823535
560.2950420869873,249.90843089427523,167.23675753057265,314.1211223650779
551.2005254767046,249.6485447321458,167.5580863596587,316.330595769659
538.4732821424705,243.13096635208328,168.14648797563672,319.94916660754285
524.4981180820407,237.4124819841044,168.0205622055051,323.9467361010995
511.99358513418804,227.3621472961716,166.22156650147897,327.5007688955442
500.5065209465819,222.31764366854716,164.46700568296563,327.5603581591549
498.976069266486,226.6710611013363,165.13319516452583,327.1761322413305
500.12395985795,230.36951113693786,165.05134887997423,327.4497257728801
516.8471293521541,232.37402079674212,164.74932751851935,329.60669251436775
511.17778217933585,228.36187891594662,165.60143720076456,330.3103514476201
527.5342704520415,235.16758016329138,167.3204903794745,330.38641175963227
515.3102236455269,225.1953595796535,167.61694023945194,331.0147785555701
507.85515012415595,209.65521062319036,166.89863784219128,334.0725697546292
507.42929290995284,210.27325769847207,168.0761897933427,333.67158424187556
505.81830062407636,205.84391574842545,169.67053256802987,333.2775597069102
509.59454046944086,206.3366532773642,171.91363755595074,331.9270984081689
523.7626149214728,207.24791885475105,171.59732317031938,329.76787807921994
537.4778349038909,222.82653124683998,172.68401119620614,323.53929366064267
543.9110578873807,230.13136305781143,177.49420478611108,315.2065913652989
558.2931307073959,250.81780382846893,181.30283212581702,306.8072777866304
547.4949902899008,247.3638566799345,180.67515780638834,307.31576183589647
530.213645759932,284.17969261094527,188.73428584642863,291.13947708935353
528.3698419068188,301.33588865673073,195.82988114725944,281.2018694673871
530.4090824303481,299.9309687189466,197.32012950083555,280.3493930206287
543.0160256012543,295.8186109844695,190.50618746444303,290.7108317695359
551.0605061909887,299.42481581672575,187.39915129565554,295.97683759422017
557.600427050751,305.0741343229722,184.97660480318166,301.28096661871456
574.4997326719633,301.7908021205578,180.77110650631346,302.7066441041402
568.5271024272355,298.9493761299624,179.18711303611352,304.6317794295998
564.9595325571928,301.6877050185261,178.38118794160414,303.78217968164716
561.6181282826219,297.83572882429235,177.02283209255248,302.3642858710792
550.8538957163244,296.28375375262465,176.57228187480592,300.97645430283615
550.5285900613237,297.2336456421467,176.34660286345695,300.4919887744481
551.1136188333231,290.388595485482,175.82225012530915,302.8473064873747
548.259099517703,280.49990537832355,174.32326759260894,305.8681254223947
545.6647806501251,270.61488877920976,173.8085066232362,308.54862767579806
538.2213486011017,262.25101999880746,173.20196728652954,309.43355842050164
554.1078366606982,258.6790594411085,171.6270502493676,309.6901032274584
546.5702286573896,258.11199565353314,169.84676126636077,308.5749248390929
541.5388543865447,257.82139695163755,169.14248862885148,307.34011677451554
533.7990264453897,256.96752487788916,168.52799206059987,303.8572948590851
529.4894330940863,243.1523276195333,167.4871684253771,302.6030648945956
526.3070913176981,234.03573635084626,167.5371332548564,301.4945382950068
540.0914442375339,231.24381202914867,165.48143362551187,300.46700016243153
538.6454665693777,213.6030007785718,164.87217731860522,301.93283820923955
541.7898646188733,204.66810139969894,164.67744211744127,302.5942648508964
546.114209310795,191.45375546395587,164.45831911695967,304.42117296994115
547.3171312304094,188.90771002829274,164.46981817896096,304.1752282577713
565.0354615657211,180.09308882076326,164.06828324075929,305.78400100730295
560.3076263631655,173.97984548089505,162.39939901177632,308.9213096017122
563.9713033127018,170.10465900368848,161.56754376993024,311.74734659955186
566.055922388154,170.21676899915443,160.30527707364612,314.38857579875975
562.5968097344542,184.27278417510178,159.00385306616553,310.9902314362449
555.8716735498476,196.03965811238984,159.22858718159424,308.6416699477772
548.8011626069706,203.0410048515522,160.31895370235821,308.2072910217596
546.5985465063184,212.84090006301614,160.54950471698655,308.56830458442744
562.3731162643588,224.4677452857726,162.23911947336651,305.0444763520493
564.5587548626967,221.20585269715605,162.820617755054,301.95079841740494
580.364109045493,217.40042339299146,164.305208156551,298.3874741338884
571.1371844546707,214.08213330707133,164.11665468927012,296.3947599102819
563.4050230092869,213.41623148767047,161.27657808968127,297.21108928923024
550.6092757800634,214.47737714249288,158.8606968309649,295.6323136618059
534.6868374856642,215.81518409298377,157.6768067876832,294.129024299055
505.34106776496463,225.24534866531482,156.93811322737346,291.64306382199544
492.34644057163194,224.94028292461985,155.62609808278884,291.5965408858706
487.48647650320885,236.95259755161425,154.88469294479376,292.7784546006318
475.46789168794083,250.53289007426736,155.26612755946064,294.12313955959803
469.1854614083224,257.0468628732157,155.3022729850305,296.0054818187571
483.1893712896713,265.25002428936267,157.4002614803893,293.48281453455877
500.4547405516912,273.3155025913584,157.54035272929872,293.3158319295908
511.6803803809976,273.70020519086296,157.46994579712646,293.4638753108467
522.2928628191829,277.36174552563944,156.8431464328407,293.2535761659519
535.4095791861608,279.4312623976417,156.2070933833331,292.4029309126243
546.2125772457756,287.11124625641423,156.23386589508513,291.2660152199205
540.4895514863216,293.48639672869274,155.4368115256263,289.1761280174289
540.4130317157353,294.4249043146698,154.19037346574754,288.5108675251547
534.4184002948829,294.1240844378249,153.77796108314837,288.0960473369805
546.1884736701866,315.65159085624265,158.73984756618353,280.9181821747055
532.7459393007553,326.4978305315483,161.87287162731184,275.3138566632056
522.0347450705923,292.69053477975484,160.28555359044523,278.7141308450151
518.2011073882575,293.06508106568515,158.06487424320085,280.70475694876797
535.2554324410676,274.97929620183015,155.7670018017651,284.8115645609994
551.6469612147374,269.6444855135644,152.99133523037773,289.5098672157596
572.348476860259,275.4343416897102,152.25773371838736,291.03404528247444
593.4395488490901,264.88902305957185,151.57852324292224,292.6517573565938
618.4137577842902,262.8841339584246,150.91519677266868,292.53486329097444
635.881249427775,258.7755863448804,150.17376359556232,294.0038672972072
632.1450048922704,262.3810098008376,149.74354175195955,294.9844781337059
625.3567918823123,255.31020423397393,149.6774420989631,295.342770747841
614.8630150564181,245.7934262389519,150.00568827089313,296.57469671774345
587.8064990375734,241.51874939607418,150.286536470692,296.688289905452
578.0079418474131,239.8396125757656,151.09199244952333,295.94024221123027
572.5849462488454,238.22462908051574,151.68360437419767,295.61027482405973
570.9424693006588,231.21846608960658,152.47982068741055,295.95886350881995
582.8637036676005,229.86563424947474,155.6599902744502,295.1997671240049
572.1419753410679,226.42106937316868,155.9936084417975,293.5393983185726
567.0218789115524,218.56674858526904,155.120503838365,292.6132761767205
567.8736740962984,213.5639115261667,156.55446120027278,291.95398943371913
568.2511903200284,218.3826554933135,157.77597372904708,290.35936248422774
568.5489079037276,222.48993681984916,159.51492896348896,289.15430081153363
571.6977819482343,220.5476626570758,160.26515879882243,291.7808387496597
589.4012149806039,246.41718802717958,169.71949115937628,280.6643504178994
586.3581804460125,242.40296660606853,169.69930422041088,282.2201460700275
602.676840454962,234.9333542644468,168.8117248030979,288.5660279722041
604.0289403583613,234.51462582503362,167.37274194290114,291.4450118838826
605.0282131940069,223.6612148664252,165.77966476530983,295.033620147535
597.0711839303075,213.59128174154637,162.85797652757188,298.15181510212665
588.5539214197647,212.19056936888896,160.68527002705116,298.51610295893744
584.6009747806797,210.0249624956977,158.57678571122696,299.03274961623913
580.9233273961323,205.04716231383907,157.65447256253606,297.21658331735875
577.9760016135176,203.76949748838484,156.770007020374,296.2544137598169
581.9183483628532,202.42219995407564,156.5030150521595,296.9195748627523
599.2002609838898,207.81376116007675,156.98284139089685,296.5242526674249
599.7909371935972,199.87388741573307,156.72676674104773,298.94933497209126
618.6458527175423,212.3918491671193,158.3256095517999,300.5651391457104
639.9820389490461,228.38290024048055,159.400833829515,301.7765298883922
637.4148501525842,224.20084058063915,159.47813592195064,304.582664379126
631.1974726480058,228.79082248756797,160.094283600785,305.84942354958235
619.2373396085766,227.57417559600398,160.06085056770502,307.55350832687765
599.9142159810438,225.51940814854214,160.82248478566135,312.946364363998
590.5376663419506,223.5707132564164,159.72837031873036,315.9384531137989
586.0130148153929,215.94507044401183,159.17039740901618,314.891082274985
582.335269013759,212.30788863318213,158.44165858931052,316.42737683917983
582.166405808556,209.86199201631575,159.02080799564152,317.556164101004
586.1188789160597,215.3969300873568,159.2893379998113,317.56313408166363
587.9580201758546,217.14795887152152,160.44281684038984,317.997674814268
587.2050893946733,219.98831666744127,162.21855100855302,317.47687991487237
588.2296465552718,223.91135472635125,162.90813850772963,317.4872696135502
585.4480815836263,226.51726462123767,164.01473549585108,317.539434027116
583.9691477444225,230.85657692554847,163.2826004944339,319.5102063148567
583.7351016134036,230.1042265204166,162.47864571362499,322.24544072497395
581.5686007624954,222.57291412712033,162.73041057614688,323.05292902169833
584.9638234151212,212.00070188622334,162.47918941869187,323.9410096619396
581.3484077022489,216.7983812283416,162.5331595582731,324.3267930217704
581.7233794336128,215.9474238239323,164.64276156482936,321.658029882591
596.805115810661,205.68059271759435,165.73140978241264,320.8236672692171
592.1126744059173,205.58340538934087,166.9672561844292,318.1377228072243
592.578214348787,205.30249113025945,166.84347382647996,316.46381495530045
586.2796884825486,202.14983201763386,167.6935143742644,313.52105769532216
585.3896502866877,199.30536256267254,166.04290834525568,311.8163699153339
608.4100599326987,194.96151175154313,167.19016125782355,307.7680981794384
598.7120190682141,204.8965590369881,166.40987427341383,304.2298956220983
600.1266181910819,206.18691099888804,166.81270212783681,301.56122695492263
599.0442426244825,210.0924380657025,166.36056807579394,298.04107495905004
621.5050381994013,213.39023823198772,167.6706091586225,294.14215111917065
620.1637491614276,220.56881994308824,167.75541153686152,290.901269206369
623.8187287427962,226.25929224573775,173.7112843214511,284.9115475548664
624.5295960396751,225.47421566946574,169.63815106894089,288.8291917333351
645.9683175968664,224.79323579325802,171.86616907516378,288.34809731037365
638.3327772847159,220.1474575899992,174.28726171576113,288.884974990695
630.3731205815893,216.23119994895208,175.44151088251232,290.77067287471795
623.2876516048101,209.3068801043466,176.7199155337637,291.2258971128791
620.85982730465,206.557249934768,181.50264749225255,286.7610165600075
614.7152595550749,198.68363953076647,182.42411770057024,288.23334169998077
608.3250488497911,198.2006923424572,183.69061451244397,285.18610350442526
600.7528315029792,192.2420859399142,183.03924708967372,283.82244014984326
591.0760371503454,190.63633864363322,179.14926737453115,285.1018320621989
583.1159211568757,193.77230237368065,175.18346916432688,286.9542732697066
573.1811046765126,196.87487856690376,172.99678002727487,288.25186031273427
565.1487052371756,197.64503938078468,171.92593590057774,289.66487802327504
558.6855739261587,206.8515656175804,171.17900840572923,290.96398756750585
553.1444864085684,215.9466915738916,170.56087940953793,291.44946922116765
551.107219114496,217.54881684244816,169.9154018097248,291.85373680768123
565.8631448899621,219.54567028625533,171.0108386193884,292.3923408827439
561.4333842566442,227.25620845874653,169.84043453964955,292.9948946799734
555.9629657640077,234.57394186007448,168.22181183864336,293.3499130686627
547.6626561593226,238.9589995433708,166.97946306095278,293.287603335615
536.1564856781615,237.35013098619288,164.30240621138555,293.16612970129836
530.8233383703567,240.08173416004624,163.4206966766044,292.48718839494296
545.451627167883,234.19066362717098,162.2482236195158,291.9775079808961
559.7940179625949,237.168735321057,162.33427790655676,291.0164555545804
573.7795115921253,238.71697609253152,163.40393815420984,289.6579988424495
588.712104569158,233.71224186537083,163.8827101011454,289.42489451234707
602.8474356044395,231.17756227599386,164.38951575824353,289.006846483612
621.1331422858358,230.12640221245374,163.24442914716005,289.1218519096119
634.6982106584348,233.8837180419077,163.5134089180751,288.1330214324972
632.0709566860262,230.36160711069036,161.11331576578542,290.013783993937
627.0634025467058,235.2842092320955,158.96576439934583,291.2804867564368
614.8665502335678,245.14446140355489,157.9417406015496,291.7729073707934
601.8176919677658,245.85779221413588,157.54716663632735,290.733619048038
588.1441378652099,245.93236526906566,157.44125283826529,289.2368013101801
563.3460534554123,243.938779461058,157.52019448500897,288.3847314215262
540.2893862756158,240.92040133659847,158.1339522759983,286.8906539492844
535.8161567678624,230.28593726320267,157.28907332458635,284.2452277717352
536.5349517568836,219.63593093864162,157.73800099047236,283.41230966524205
549.5056074092972,213.41843371807892,159.84176796323305,284.0397355562576
548.2123191565624,207.16229101740535,158.47451255761555,285.57932560695775
548.8356214077324,195.65681357282838,157.63512609431137,289.2058181395443
547.5797075879219,194.29098955089023,157.52056327677914,290.65851000857015
538.3864694971218,188.89105198824373,158.35537319861373,291.8797279835946
527.6115689087771,181.60248103010406,157.33255207610873,290.8528650399496
519.8798611151525,171.51781890659754,155.56214770181015,290.1125937974607
531.6746390588835,161.09974465476216,155.46904223854247,291.4146579810631
532.5887091537337,153.45945236451428,154.31943536450055,293.3703695909778
547.9686449018316,144.05693203909138,156.05695843007237,293.97489640210193
552.9962061185107,148.4009412266617,155.8004209347635,294.4138712062826
573.4720052005376,147.62367970807964,155.35708159028974,295.46866079541815
589.8268189979658,151.68508802582897,154.3923423010974,297.7749356134717
592.8115561363733,169.14095110708195,155.28113914626127,298.3254515774306
590.524393314572,179.80009315991992,154.70956310987108,302.3419052494646
568.9378221445626,194.4822060611053,154.84702658636454,306.4450485266837
562.2995885023184,194.33621800613287,153.66172476684898,308.06034574067826
558.0563956754277,196.95010357719556,154.63710692636784,307.1227066442987
554.0600004900566,201.74719897385265,155.3868815309661,307.8277073258991
546.3942863413514,212.63261267616662,155.69723744068128,306.4188145831364
536.4770752234805,217.40976593713555,158.7388587731028,300.5032428787034
536.2080015187044,220.83176443692795,160.97467461584432,296.7908364839007
549.6260914264647,223.0209155709592,160.249058078522,296.0036113051479
562.8533325333793,226.4004176011251,159.78903310956562,296.1178334105876
576.9731507807751,226.89401301220565,162.27367220376354,295.0219374626774
592.9320078295849,217.98217276802694,161.42382157049929,299.2158467184298
582.7442011568118,211.1584134668642,163.14896418240306,300.91504397828703
573.0107478387941,207.78140366978135,162.74230132991278,304.0419039769632
564.0129523034916,208.61692177865706,161.5682528131157,305.847382575496
567.4639998157356,197.99969620530143,160.4907875722578,308.09286582669944
569.984034231187,192.11793229648407,161.71015964025028,306.79890329551824
566.9121041410417,195.1157449396536,162.98956841215477,303.54180912185006
559.5131483190339,187.3958261650058,164.03604477632416,296.3297034643586
559.0039154984704,173.31527382319285,163.54962200211457,291.73425068338486
549.9249245156146,162.89966730460978,160.56742147270896,291.9537579405217
552.6976361221749,165.53765432454466,160.10539183334933,294.4490203203297
547.5383877622714,161.91271030842958,158.16548286773155,296.8727779623926
538.0288463397474,156.50220133151456,156.5953323143421,301.43210816063794
531.4981538896387,160.67631513951693,154.75801840779664,307.54944813343934
527.7108624600525,176.48679935950864,153.0248753605973,312.9641280394032
523.674749289528,183.4147642495286,153.70197011366398,313.3818407993413
529.1569104773926,177.73102370884138,154.755316461995,314.1099852947172
548.428763962322,169.4471819751621,153.4982954357394,314.5037891386627
567.574051109837,184.27544516183323,152.50977268489908,315.26895465985166
567.1113141161845,197.26535826652417,154.6030490060357,312.1055900135801
566.6818072601621,188.3271212052634,155.47791777152025,310.51656807286923
553.9872556725933,204.92951209449626,157.177260738528,306.89570200485275
543.0168861972775,193.99195069861986,158.2327820225338,306.13417661850497
534.3207923184933,211.28423659935797,159.73880988325135,302.0990928846557
529.664190716961,229.88734513910475,162.1973506679505,296.44850553538674
527.4282674330244,212.52417973119583,162.59774128031836,297.0571033494956
520.6841323421655,219.692326275052,163.19572787744133,297.1239140902134
509.8350390947131,201.07441968522784,162.85591235818612,297.9345945183969
510.46553310372576,194.56412634772386,163.16908503523672,299.0778284788663
513.3658498907242,210.01983260784965,163.7408746332369,298.09164598485984
528.0852058325186,182.95357236884047,162.1923051904442,300.14786870286844
525.5605896211101,179.90971130869917,161.97782234607956,300.6897920446171
538.3460757559089,177.71375626682885,161.55458948688235,301.0561531934212
535.9760290345464,171.81952774764673,161.50609202155704,301.1216840919539
535.1046084583747,168.76097451533565,161.47709939647245,301.56331209817154
546.1249856628124,162.95481976901473,161.02489364787553,302.9838510372245
558.5655634587125,159.07555943299005,159.93260982121214,304.55383029692035
572.8985646902872,158.07863768676464,160.03776557644647,304.93231996666304
561.9861770099174,145.39392741901628,159.50113651824083,306.2906454551627
574.2846211929004,134.5737723498969,158.51603785564387,308.8550183222833
568.2642847392486,133.43665419393545,158.42472509857976,308.92795997363794
569.2390471169191,134.57822499741226,158.83999602805335,309.03948599211157
569.9817431190038,130.7813019488451,158.96925963778318,309.5747583664065
568.2614042171157,138.24569805855964,159.29374820015002,310.51049194196037
562.1162892258073,146.52461629142408,159.11099005410452,311.6236378370713
552.5293638664248,156.0347916068592,159.08068961930522,312.03136681130366
545.701380474551,162.02887028536705,159.70483801316018,312.90302695917075
541.4763037907663,169.0502468393395,160.3931705875777,314.23066569692895
526.514885712324,193.2325284525889,164.12461956794863,311.2633383407915
512.036385679109,190.38211129417326,167.19720877622444,308.98756581176707
468.3886627014021,205.55040862955974,175.28862183368906,303.40889617456344
455.31445606749537,193.9452393520292,178.06532718524267,301.7338072546489
447.4919711920347,186.17943408939485,177.45012504590528,303.92500373267643
439.2157909133174,181.8130593277565,177.4510940017774,305.4293210774558
438.72178894985296,180.07634902672524,177.4101727482711,305.8819260686327
438.4021593335244,176.3336303902023,176.8803169143998,306.79137075745007
435.7224734133224,170.08719748181153,176.2999643094609,307.53921380048894
436.73724400707476,162.86527875582692,175.93757862618278,308.13190169343716
435.0857973260327,150.2662076397417,175.56119456822293,308.5756741898898
433.8847523014052,138.56798615275065,175.10296071153323,309.32227394792955
426.02493952987925,143.4058256034543,174.7149126095656,309.79405026197634
418.8220166191496,154.60860595982572,174.24891890770937,310.10745698697764
453.4424742708792,176.23546659929704,178.7471240876487,305.9839427698026
411.1985777952278,161.8144887498875,180.66597020057262,303.6561558843932
432.81116588327626,175.23128555214942,185.14395717144825,298.55428225057244
424.3881240990278,161.44517670729277,187.27749725239636,296.164288331399
411.92757688371057,174.70692447785876,192.86034247648786,288.13369554600433
433.95200313756504,159.82617732360708,196.2019318633101,284.5131097763827
454.82290865180295,169.05522498210414,198.30529371691446,282.7349003236464
506.4297028717667,229.95297011189376,207.5194015050143,273.9674709771531
518.2217589496279,222.76048734111964,211.21615215751942,270.55738875869156
516.4910606041481,214.69521389653733,211.85101338514585,270.01823693264623
499.61172289031725,213.31062263422098,214.2408571782861,267.8232242058141
487.936326887856,210.859345706196,216.63125146287163,265.6709394044849
479.3248905382653,209.45641760586506,218.25315103278058,264.26619284483183
473.93985262228114,239.64805299603026,219.5761529282866,263.16562546415963
380.65742283374954,196.21096886511307,218.3959258354279,265.13511538126744
388.9400341672466,192.6600031832993,212.7729867988048,275.62533810384275
382.3030927703897,205.15536507303216,208.27977784142,282.8149388788204
371.41700796703276,215.4225783859418,205.19149670350495,288.5193256532697
358.4271902778457,224.49002956478625,202.61465358151295,294.0017023483151
347.30851852795314,242.55859883016342,200.3978077807609,297.6230858512522
322.3278195690385,247.44156067543318,198.26570746860972,303.79259650214334
297.36756410529625,250.83135102486196,196.33410657968793,310.0420218076193
290.70425788627284,257.8009232637463,194.1126175925639,313.7174574842695
288.09440303441914,248.36120205157346,193.06686537457935,315.1594380555879
280.9726736745083,255.71822006470637,192.51357116471348,318.0353354247078
278.8760922986203,258.4159130859598,193.8011841518565,319.9392820009143
281.8489236956,246.05217868192398,194.67528024995636,322.60715570095374
296.88505172313774,241.646722389533,194.90245504204884,324.4548557956539
283.70058557102874,249.58284431392295,201.0428469257346,320.3565711067251
305.61650283309046,229.96145252241308,200.35951475146467,323.15227598491083
288.86271776051683,216.4567037236255,200.57848778967835,325.6794299087799
304.3937222393597,209.1361603802994,199.75266962789098,328.5367002578467
320.84971812061383,206.61324971613158,198.75001777016797,331.3242637202766
334.0147981276622,198.60816868483855,197.9008281387616,333.8021515366468
349.41292988504415,199.8931099956645,197.39884372250847,335.27717791539163
367.96591194126074,192.45735069058324,196.1155038166183,335.1166921691699
362.25862802391146,189.40092157470184,202.39280692277066,328.50362018700446
352.9952648033323,193.03657096650068,208.44179689084547,319.5987446526515
314.80608472252635,185.9250741228184,213.65646076339488,316.0255862251479
310.6592436707176,187.74362013160504,214.8016395634845,312.21772760064766
301.587085800629,186.42134248537846,212.1188507351803,313.83271898929223
286.94810045532665,185.79270929422012,213.53934614502327,310.9682998666956
280.8206041763219,174.26068170141644,209.20233392703176,314.58125947124825
269.1777262874106,167.27904648312077,213.27353777919518,310.5863180090359
284.2785750803499,179.459811432792,215.51913252119738,305.7649892968272
275.53998386073533,168.1064707668325,219.22426601023136,298.0260090839464
301.26891598170005,176.08096598050972,220.5981812482824,289.99779550061663
327.47704290375276,180.3439732832664,219.43006201721403,284.38562595735914
355.75474796631556,177.4199699624129,214.90063760986186,279.58894399280393
354.4701006165341,179.2839989340002,211.53422092560513,276.5353780511628
353.18755802956343,180.93816898951076,209.24171971572702,274.97491005432323
346.49384918778003,182.52477804767796,205.45546376953297,276.8126601463018
342.7940879239694,174.86032243611155,195.02620516922457,281.85252031352644
344.4987700327763,171.45701273233516,192.91457223193765,280.0280877038673
345.9448529535354,168.55768205091366,192.37161498378794,277.52306483209117
363.76592071967536,160.37196948122653,186.95267166647386,278.8796126521295
362.863394531565,160.17521348153144,187.49349224166158,275.073237852661
370.32320045628853,151.3901793473915,183.03595848669693,277.29185615451024
369.62281022871093,151.8728384883363,187.93875977772854,271.93310954696756
384.59106177486575,146.86768135555513,182.3574584066104,273.4850555111383
377.77243828128434,147.70007421721016,182.48339672372921,275.98945113472155
371.9021358024744,149.03259189734888,181.90526751234285,277.15455278883314
368.71147846978164,157.4301303036376,180.79148692473757,279.68556011321857
379.96806312712897,168.10461247413954,178.23196903826562,282.28361916393834
373.8404295944796,173.3206195198652,176.0486689420042,285.67014564560714
379.41733096491777,185.8074809863666,176.8820154397143,286.2909928725164
367.7286153209555,203.3102849979226,179.0414062613303,286.2037579573146
363.55744669803175,211.58119641332928,176.65381453684085,286.37744072647683
356.2757545286249,212.70604330893235,174.8331408769974,286.4064665988907
370.71217277917896,213.07712048351794,172.1694852077984,286.13818982869327
391.1567963041291,218.69274300343858,169.3631277147829,285.0159125699189
408.7934811623777,219.3716612742809,167.0144558742623,284.6324589055841
410.52901907523585,217.86592126400913,165.67513230112462,284.07886162128756
418.3205186572296,216.0157622124923,164.09490356102623,285.39303341732966
421.1997319421129,218.18783466735943,164.05452747114862,286.1861684949306
420.42283855251867,220.8038970153397,163.66680798374313,285.446149759816
418.71726469357833,219.94923463824938,163.87737200525854,283.8467467727552
419.50776274902245,215.36991901471117,163.05602129680176,282.937258017085
418.5591922871181,205.70937380810096,161.98516610015764,281.59425732007594
411.15303752238265,203.61490645351836,160.77864437657672,281.28750788236005
427.528476639444,201.85859908629274,160.04487505969027,281.84041774086523
430.0106414051425,202.69290448224933,158.60672531879013,282.37413443880496
446.6190672701521,202.78318092105596,157.3055687792007,283.7516850033838
450.8439974317035,206.50198029463948,155.4314750195134,283.9864981748569
472.7275926204269,207.0359000240813,153.8079575851819,285.5742912118534
490.8922461026301,212.62810801663034,152.99082713444722,286.8980482156469
495.86756559064634,214.37469802546082,152.78795179214282,287.3017473941529
511.0257855808351,211.65639590859024,153.9731769271218,285.6032560315806
526.294378257086,218.69835683804638,154.9183028233992,286.1977408880614
518.7074063193379,237.83563305405568,155.39269607023346,284.55824781273225
516.3797218957675,247.4096275181976,156.10929486160322,283.32472574235857
535.9309287017524,250.38252971105922,157.12626220056129,283.4312694935372
566.7198052288082,269.0590527656992,163.67153313326597,280.8018981584271
540.4924506314123,272.03832427899886,162.14055888689572,281.6361126429667
545.8048181867184,270.1941916558222,158.81855481342342,284.24821435897036
567.3968395060083,275.28774603487784,157.38413833451165,284.4155939736617
562.9819808594779,286.0032477769258,154.7760390076994,285.9336986133452
560.6430417664158,290.03180271072114,152.99593274634447,286.7518567282374
561.4062698157744,297.46777628294535,151.6023811622975,287.5810938565551
567.4368997088147,303.01524607305623,151.53881825274277,287.0481392922025
560.8747915937571,308.09012538284577,153.14046196546295,284.61336508958505
561.8270240247646,309.6100034946885,153.55214872240543,283.33876978413537
577.0131284411397,304.10593726113166,152.02191224072948,284.6497777700479
593.8319704623898,302.97730689629464,150.7983860656608,286.97460970015226
601.4459045255309,301.74995676865865,150.1222299755116,288.0634159954252
602.7085212154316,304.30065077362946,149.30497555956208,287.01647182169575
602.7297836912788,299.28646382276236,147.76627889499227,287.719780110637
599.8413213591575,294.2770021729817,147.11938020260638,287.57792345719525
599.7782180402636,292.31553755679175,146.95292311716383,286.82775603277594
600.4791911164684,285.6901302859172,146.69469771079466,288.1233713328869
599.2120601346785,282.78106510601964,147.43142830802628,286.8938213147218
600.9970639706722,274.56175453166406,148.5148997353124,286.35561674932165
611.2888851338212,262.0680532985541,149.18415085689045,286.88554927535597
606.088964775891,252.79337822277134,147.119760081662,293.159648992046
606.02959834276,255.65828903430622,147.10899804245219,296.195240653278
606.9924210260948,261.0074281462366,147.9850394395459,297.97391212118976
612.1905177903479,265.23214264250413,149.98730057717748,297.6497139178392
614.5333522142894,272.72512358007765,151.41109685151753,297.5813603038006
619.726440403934,274.7503645204316,152.35463143261626,295.4752043470123
616.4390856626832,280.71941365976306,152.7327552599056,290.8355589225059
609.0324419771596,286.6628844916735,151.65150184420975,287.4818127542905
606.3208750989545,294.0358346216008,150.83737668948697,283.14949815727766
607.7928087200695,292.50498751247324,150.95602065293022,281.92664123188655
610.6777992236066,290.42506837174267,151.5123045041018,282.0170439168816
608.957334661422,292.4655194318189,150.5803674747539,281.50401479782784
608.8117254646327,288.1843882667722,149.7908201441505,282.27883492058487
612.8648455992745,280.54018314348593,149.1206016796764,284.36897436942786
630.317552772337,278.2140564209473,148.8825533613835,288.3283504622674
631.5626514328035,277.27494865815686,147.9872486614908,289.7824785826435
629.3893752850464,276.9743745266178,147.47553937176934,289.7739263447566
627.4749332741447,278.47484667560775,146.46348959382908,289.0711757399376
629.0588981677731,283.6426726353841,145.7000796029438,289.41029799030684
633.4094251076468,283.64061737303757,145.63079108879688,290.974774311089
632.0329689783536,283.9283082728358,145.7538648807393,291.11678930724224
642.7384700562313,283.30354727380154,146.79423105689278,288.13909887626414
654.9414452627252,283.79523689466475,147.54644562193243,287.14483726063844
668.6145217320002,291.4483124361527,148.19046983792362,283.50825423949124
679.6747747531944,285.06184963782187,149.18605075537403,283.9373726156939
672.2662177500621,268.4095245821033,149.59521912870406,287.6385586005441
664.8046059440957,259.54024049765775,148.43863164444548,290.8227530282853
658.056046723774,256.13413393942733,146.7487736522885,293.6202638246473
655.839413288849,262.54674273922234,146.12561352018545,294.52009047554554
652.9778022975361,261.65061060187577,144.11943105334842,297.66201908072117
646.8426600684896,260.7784371911159,143.05081017696858,298.96906903487024
640.7359505635674,259.0474424338724,142.0849107587735,300.9268675083646
636.999442946794,255.93393696108288,143.00033026249224,300.2601950204109
631.9979024351205,249.33301834295418,143.39976596113223,300.20389836842367
627.5145056080775,253.57662620964965,144.09826146610948,299.8207027537461
631.7563915232056,251.34871861994912,145.46543415489617,300.0006943400075
636.7105337582134,269.2683744121682,146.87083605573036,300.0068569987334
637.4650391025418,282.54827570949124,148.8656195603411,301.0047326267436
639.6497637502051,293.7064578701732,148.84665558987413,303.4607109872644
631.4314043910949,303.5528957006892,147.9051318154189,305.6961800527949
622.1534564534521,310.0129330742326,147.55406434231568,306.9800342531569
613.9532468036161,319.5402252011379,147.3858133691605,306.75695863582087
629.2380981334214,312.31360925095487,146.94557009065358,310.6601293102959
644.836107008008,313.30593325780944,148.75260791399023,310.41176650624243
633.6142815527628,313.9978206222604,149.1578581744562,310.22388995258
649.8843717358967,312.37435515889774,149.9633427862156,309.43573281701896
667.9709172649708,312.5779473465884,151.63514232254988,308.4741218311679
662.0127707358405,318.144658729018,152.40847006403808,308.62303816237807
658.1028695461375,304.7662631380698,153.04243803563756,307.9015139908808
659.2106581867491,303.7532828955321,153.0179985450943,308.074940658665
657.8886998704434,299.5459706337019,151.58449351251414,309.73564224302487
654.5980854737496,305.1451230804983,150.3659943891842,310.0595694050961
649.9064152558772,304.3169235900509,149.0406146177146,311.42738564377663
647.5186909831308,306.3716906032453,147.5851476167902,312.9770913863698
643.0837515733917,299.0122649646126,147.16299037974966,314.1891610855713
643.2818902251382,293.84623331481157,147.3299503857126,312.5251630601001
642.7005888536416,293.98746098738627,148.0462768215999,307.7864918564912
642.2775359489661,288.82175845371245,148.19588286603144,306.4035729263413
641.2781227193823,281.3982539751857,149.1960265282441,303.9444924821497
640.7723311393127,278.80958082234355,149.4519072524132,301.5009753501814
639.3573513302952,276.02564854676945,150.53802295736966,299.2717894252554
637.2651882729945,267.51566425251417,150.2009972577012,298.99909253219863
638.3702752259608,258.83798611667424,149.65483244600676,301.2483840074307
634.0950190652704,255.57774895108622,148.93911799889383,302.85188951612747
629.7881542654239,249.08462985020583,149.63149998048385,302.55483017913093
626.4750255813718,245.4308357893176,148.3507801719217,301.60735238293864
634.3232125871857,238.17137340478885,149.18904551881462,302.61253756611967
650.5353504919142,244.85448229708805,148.0343314769357,300.8407335388455
657.8314240087844,241.48984615936723,148.72324943037788,300.7529954116077
674.1577087061769,243.44920869730083,147.84509982013878,299.3440233245558
676.2775574478964,253.59531946161167,148.10805879650826,299.87638866422026
678.3623858798418,273.56527254005874,149.41772865762343,299.9573221984882
681.5565106476533,285.607666923079,149.46026620848727,300.17768441816537
683.3332746770398,291.1925971261736,148.63070856292234,304.7219401084728
680.7290948608904,301.15360305647675,147.32882191836558,311.2834163307523
681.9201081303955,304.6160211055169,146.34981516523635,316.6204277287047
687.2367482789543,309.32866901819216,146.59980227076767,321.95908225125453
703.3129500901833,315.5819245963081,146.50683163170817,325.2359096417756
719.7530904420884,320.32459312753036,146.14638353898212,324.17995967192144
723.8628512423049,326.5988687582754,145.97105139167394,324.93240232980395
727.146683554799,321.45602494889124,146.3908783743518,326.8399590357915
725.8063163441827,321.7086803965658,149.34553598403227,323.9268608174444
724.2789569226566,327.2934619415688,153.30874274307726,320.9527809351409
715.6811430239829,333.96700929842444,157.74726280574447,318.7989435532778
714.1300246620546,342.8936714474676,161.0845640212308,317.187211662418
710.361178637458,351.7557213227029,165.30490091447905,315.4752521859952
708.1905038446278,355.0827303119612,165.71247054522937,315.67957876237983
705.0029116381438,353.0578412883549,167.20934046311044,311.8495569667579
701.411390102096,353.96383067837127,167.94550653249001,310.0028935622023
699.0464304091945,354.5280777698442,168.83484164018645,307.9673219475777
698.0521948047755,353.6711199595154,168.8812117280756,306.93034373698214
693.9441171118373,349.28606683242106,170.62039644134464,303.6156502246304
692.8037968713752,342.745742183276,171.76670498066426,302.90786549429504
690.4318171241414,338.06545332274845,171.8366012694128,304.4797822122373
690.4696209669501,326.66077357286605,171.1097324329586,308.24411684017593
688.0585809398693,318.6078823597322,170.65864249276572,309.0751600010018
689.5198733931321,307.65373750133637,167.99613294677667,314.38084962013716
684.1924527216864,316.57053334993975,168.56087018657968,310.6470847356745
674.3525482322779,310.9396655735989,169.92076530126104,308.7633763720354
665.2238759594912,310.12049486316454,167.6964699847737,309.7152781595347
658.6941435419636,312.19937332005725,167.2671490761156,309.6815995195225
656.8586080680438,305.84952707143725,167.4776270388021,312.4061695649802
659.0024081619359,294.5602147368892,167.8756113961534,316.3116050708684
657.403647430247,291.54571701643806,169.73307262546135,314.699720403891
676.167428152628,290.518384615379,173.23454102689075,309.29108259370446
674.0215340209605,273.59512238113257,173.23304344351553,308.91973825726564
663.9310500164027,271.38401304957796,171.87266776366647,309.54392082189463
655.3604209517039,277.5273425694452,172.22612796520747,305.18122437523874
656.0145350824712,264.560029031932,168.55639085738994,308.8157377722866
651.5353354870035,263.79288906158285,166.31546448680177,310.4235861018046
649.8017256967685,247.90053992779144,164.0819289479482,316.68670081225855
653.73047372248,244.55137950837764,161.1116647233073,324.14275344639714
673.1851095930099,235.75316590788944,159.84859125495257,327.1333018174175
669.8887247315928,232.12410550464537,158.88173058380488,332.0445009415478
664.4258083198363,235.82492255657644,162.4265662263792,328.4249665615016
665.2893420250242,231.39129836842872,164.76678578423457,327.5601688104777
670.5218319939887,240.28800838311184,164.45768105229914,328.41165768614076
695.9707332905865,232.90142765465774,163.1748152877169,327.67529002927944
689.5364657846193,240.9887094806221,166.1692849004815,326.40727487741174
689.1735720094377,247.65320298291272,168.11019419690763,325.4446542592441
689.0647810116785,244.7626070355151,170.52034735560375,322.2799089973621
688.6056793980688,241.7812138378386,173.06809889405662,319.47658592616233
684.8635489168252,251.37580045898886,179.0355500354151,310.9612350868159
685.6519362871036,263.0292877805091,182.9092180858434,300.6436450949595
688.9632837523906,263.52599577302067,181.99195795446366,295.6495958701903
695.0780782101602,269.6171313913587,181.70577323661715,290.82966317645236
700.4844977212238,275.44616416789825,180.65615500153848,287.9620439048065
704.1500871846745,286.4990730599689,180.58724700206636,283.68964592046984
704.5095989824488,287.7919684136152,180.86180440350785,281.15035189877153
700.6808480188706,291.8714174775289,179.65623679636238,278.95860541278984
692.4032840520249,301.34798237010364,180.13564871137726,274.27971421406625
688.6893353778992,307.4626923962903,179.18972956945538,269.7403824337875
682.6995920103877,306.1870523940837,175.85779967850146,267.198648674773
674.2098082618318,305.42588252537666,172.25637733796702,266.31292404680016
670.3435093337786,307.16511489299313,168.76034417448122,264.26175666531174
670.7946388506972,298.2523632502612,165.25528667872976,266.7134434606022
689.128289243561,306.42690816043523,163.14011373113698,266.7469467951615
684.4577590435954,292.1465497586119,159.3004929024305,269.6256243379438
699.400196206686,280.96378581290276,157.6516605989544,271.42257541661803
697.7073415417102,281.11452864708133,155.97067233140226,272.11140369546155
714.4653983729029,264.15117127954574,154.19200259296713,273.36229903356013
707.6795002503195,253.06776762105486,151.56844628381253,276.308038921953
706.4147598642613,238.8180879772055,149.74906393108157,278.57200659283046
706.3715345346409,236.05708726501766,148.06382946687873,279.5615606791019
704.7027959403606,228.33030466187805,145.41703846696274,282.8136383441824
703.3232613560788,230.05895873215064,143.8208711052226,285.02721862755686
700.1965272413306,224.84479821952135,142.30584234451493,287.2666406125933
692.6344287945893,223.67899214259495,141.56409532930613,287.07950424464127
682.9035502257942,223.21648860824843,141.80017688401057,284.8432645367535
674.8766564442483,231.85566809154452,141.97429430397506,283.0079683524489
669.8561987665646,236.10797655025073,142.69863460898847,279.7867643683861
682.1130409673627,241.90538002649845,144.5337947355904,277.307491244626
670.5871315249814,249.4678238288388,145.96511305577792,273.4635370200723
670.646765672443,255.0353154857448,148.17059971423893,270.47104886159474
684.7914887413929,257.53962772038847,157.77096223112454,262.92084300001926
675.2340333667698,266.3593127004324,163.15782465578565,256.95380771095193
675.923457996023,269.83659931362956,161.78088456548363,258.35232953918404
689.5095013414452,270.11898956163327,168.7998264696097,251.58375170278353
685.9900604694207,276.2434833504346,165.73734121689375,253.05674422009054
687.8054269660075,277.4427855367921,162.62695426921422,254.78713717327275
685.5679313999539,279.49773877207576,160.37734031785595,256.8878491986465
680.8001404913782,275.974149226043,156.59764789642082,261.5489818811052
672.619475614923,270.7298158973216,154.0411481357815,265.03021083255425
664.4208295913775,269.0189697753826,152.85221085853172,265.33965084101976
663.8720757481724,262.9213990813411,152.3363276223954,267.74072293894153
663.0262333408612,263.9205745167644,150.5367695514284,269.47321894996145
662.5309478430355,263.30042486484444,149.67255415105302,269.91118358754926
660.3680652707967,264.35821466472896,149.76096024859453,269.90853810032905
650.9760909973571,268.4499104202464,149.30305508148442,268.29082995416223
647.3226974257059,268.9121630027347,147.17789451665692,267.6367424198581
641.0232815057257,266.1140044949245,144.9313856278578,266.04601862966194
633.7681830057852,265.65621477889283,142.6827439741741,266.2430861226764
629.00130841448,266.3040357164791,139.52313759648175,266.2039896719652
626.1979223902885,275.399603485094,138.16694177224528,265.0393452998966
622.043774156768,277.8578227204165,136.83694592666419,261.75265588892876
616.4635369080298,281.151458892455,137.89650356165265,260.373666492392
614.290596640916,278.6528948235871,138.04484142849148,258.79251418121424
611.7752316234197,279.5754693471229,138.2867364148086,259.12022671022294
610.9879258792237,285.39596034347403,139.91476658795128,257.6116929139319
603.6390983519383,303.5440699185217,142.17333854315694,254.24692746867044
590.7128714668276,309.8734260256489,151.6641876228267,244.26872434483965
587.8742836735955,308.23540484314833,147.42398859838966,246.7357178187733
603.6801487344734,307.1832995916543,146.16769670905583,245.82847230903548
602.6592823348606,305.75947916506027,143.04206681830954,247.85622731227096
619.3965478296125,303.67957039470707,143.3332867138156,244.29100775504645
610.7777089657014,300.1871652053147,141.1860290626094,242.24174621152878
608.4567936905178,300.0867025422715,138.1360666480413,243.57557094118732
607.1702956856736,295.1467997456275,136.47616442240866,247.33515682698635
607.0409121977348,295.57964498820326,135.38569455231618,250.0641116035994
606.9126469345359,299.3784373002586,135.6137896938591,253.06903647808485
605.274782378789,302.80862092571704,136.6686211307923,253.57985309939085
604.9188426969115,303.46604426620024,137.069100706883,253.13094436665136
605.390936629862,300.52022090174626,138.03775892939137,252.27657459317908
596.1609874213284,322.23417577580767,149.47762446376822,238.9847179303833
609.7059139248735,318.5653596563293,155.1314848355843,231.9808937560711
604.4602637344342,314.9676683688077,158.4126836120012,228.94722283379974
597.9858168351403,308.0468125311951,159.880768198858,227.91181544469396
589.407393796728,320.1084086037215,163.5339025752432,223.14739557747322
582.1910621558144,318.4772005640933,163.98472953810068,218.65896670128518
576.366118552337,329.2687719558884,166.99654663854926,215.97673334152324
571.1130265086995,335.08086060742033,168.19683587413962,215.86760883386944
571.5010317429872,326.4540259419317,168.0208187536859,216.6875432710478
587.5602494585504,332.24743229695014,169.58998250468844,217.20793881296416
583.0098446375922,310.6329617975182,165.1639700564559,221.5349137168573
595.8305816173926,329.1170755246937,165.7436665222702,218.5303436416567
591.7756147505215,301.3819158514186,159.2310120983584,227.60012359001345
604.449220818239,313.8580309954349,158.3814882563805,227.73072373105805
598.0470093908385,302.89643511045267,153.44608681613747,235.2159653667452
609.4443543410304,308.9938652494737,150.55558316453318,239.8656943221016
601.2879561925369,319.0185300341533,150.02345453476232,239.4213433141437
592.5823681485733,325.5664444156824,149.91247295362206,236.94908690063392
603.6696490705323,313.9686223968013,150.02076518990435,238.2917016872974
596.5060619950879,317.56929114954823,150.16071018429903,238.52643033246892
591.1382676488025,314.300018784709,147.81091546164757,239.16846970631235
603.3926971469231,309.37236912669823,149.63198390986446,236.4672304404857
599.653023164312,307.16933040272824,144.91692250466423,239.63760871163743
613.3519548775844,298.9317637040572,142.44384850683028,241.29727045980965
630.7290396272263,290.4454880562276,139.19676480771747,242.8108574076294
647.0916239259866,277.80960481602614,136.15016218920084,248.78568213083017
644.4218279601482,276.798129338838,133.74097387032805,251.5036815366301
644.2788974072427,277.4334917355055,133.10378320163744,252.63453779226046
642.1278517786627,277.1140736728804,133.97028037691874,252.60180403368736
655.6507522088775,264.40159737230215,133.41378310535617,255.87921177400398
650.8674163005003,262.9048066071299,133.26652860680323,257.12690280618716
661.6716617075352,256.25538112888154,134.04262794165902,258.88631360765464
672.009926267493,257.2517796529233,133.83193248568375,259.6276579093636
667.965169864594,256.2813650415436,136.47046748920533,259.03017112069415
677.771974099829,250.97339737418076,136.5671213173194,257.8689458108886
673.1697415055437,246.0682852347809,136.95251759719844,256.6662582931185
668.4295808039824,236.36710698084408,138.042970264054,254.5591715179111
667.5402114728647,232.8829076938253,139.81859092815884,253.43211015389932
663.8920400934965,233.10283253696986,139.45331736151678,250.56859279831392
661.2557041512325,229.67901539365732,139.61461629835185,249.49256394559578
657.4211171220163,217.4171900486515,140.15023542132886,247.5397837426631
668.1190496667639,211.94622058229444,138.9832731486062,243.89822562795285
663.5406419638081,198.60170027370944,137.96142816175674,242.89880684876056
675.266668742737,198.92584200560304,135.76327131715553,243.04645698921377
670.3169675727429,200.83851195441855,133.44529122611362,241.51370151083324
667.6700518247575,195.756270757174,131.94017491095764,240.4194043795655
669.784335636297,201.71195580912706,131.867150138373,239.59909014571556
664.6407689566134,214.82344034647903,131.13707253735205,238.15437462630945
656.6089164101162,220.87863636713868,129.81837711765112,236.10700615218985
656.2850052339707,218.90753201942198,127.93841822184963,237.3700985985388
655.7670854780699,225.46839758365422,127.06766584140853,237.7494250948912
655.4672315556426,223.9332680682648,125.31949499172907,240.67597407866342
655.1902391721164,230.8924944274357,126.82471427826292,239.23864909927426
660.0897290469651,223.43436383180693,127.55994187262081,242.3984691741988
660.7425399716766,219.55720570853777,127.67744827045891,245.01774227651106
654.7143294414747,213.6165121973317,127.36476876018406,246.49984112143298
649.5569960797235,208.84242320691857,125.88276075529282,249.83398597542816
646.593767068537,212.86729959586634,124.13884486103976,252.18474875386806
636.0764768560799,200.0553562941942,123.43631324066597,257.19957506973674
624.3653013154926,209.48875344086514,124.6546886443503,257.94037431277184
612.7734095923383,206.05639162397176,125.79684611409624,259.01386249962866
602.70867897886,210.7643905322065,127.23275532384093,256.6617336826404
593.738898102829,215.46212325328392,129.4881415845701,255.23603771832978
586.7226659223841,222.03490310951346,130.9928845404306,254.71564299152743
588.3463658323719,228.44434567297878,135.2091626036032,253.44153001272915
599.0391615222303,235.3504817469646,138.7190904804781,251.50552339057535
611.6371651191981,245.0226079466395,140.77117212321235,246.35327805604487
611.9917180518016,246.30434392193678,141.89722043376372,243.19478497679586
623.9321980948027,255.60439242613927,142.11081906358197,241.7590136825022
624.3222114296331,259.6148895244079,142.94687553906286,240.85638858844297
624.4665898462889,254.06214543772427,141.91844312429583,242.3321932672424
627.6460449898699,256.705446685777,141.67012520239882,242.9028767475467
623.4405052988909,254.3383439021331,138.72064130615854,242.98159525428775
618.1731228660964,249.90679133201817,136.99725511736534,239.29106670463722
627.3204217079742,235.8394537577248,134.51390907392937,240.1801688094007
629.7462324982195,231.29796779260445,134.6481769282535,239.265342773638
643.2222557312797,227.57527049203446,131.55976457163007,236.67017665242693
656.7084489182313,217.79725263077205,129.89183300119362,236.18704687812553
667.8363705150092,210.6373483542222,129.395801209005,237.89611667695277
669.1014169408124,207.52639917685468,128.71222127110252,238.04534266459189
669.3407776836661,206.12394851468179,130.12612499806448,236.99194854826385
676.9941743090367,204.41074288403803,130.86061058643475,236.42328815999994
676.7282088887702,208.4709330342934,133.18085958416378,235.4557923428266
678.2632076208005,216.82390837368757,135.32536350102356,235.5752353407961
677.343864721174,219.74417868967387,135.82979086311968,234.65047668361598
678.6217344534452,215.3926083545988,136.14097949916317,233.37069479975003
681.8829351714645,213.13546638547933,137.2763978110495,232.23841091648626
682.077149138927,209.35689564669178,137.7775377877494,232.37295450892952
678.5092782471006,206.37965386124284,138.9400596998811,231.9467684860164
687.9923798119917,200.0175563017053,139.3630338924867,231.07611878697622
699.8025305340743,201.66865226123554,139.52651922200323,230.38710416741526
703.7990664752688,201.50384094082239,137.8027439857325,231.52233919351454
709.8997387445334,193.2393112127883,137.19925215411251,229.93269480741964
711.3303994148661,194.2495626726337,136.04458440841768,228.99591650568692
718.0060948530914,192.67806367849903,135.28469190690586,227.97217026177847
720.6009817759078,191.7973971283849,134.29916601278074,226.111181994743
720.7772908734527,189.2578333169987,134.19042902837583,224.30644426107008
719.3895880019383,188.1316828001332,135.30959049345057,222.05588236450322
713.3254530224889,183.96299745846778,137.33808227699515,221.41240378178182
698.9645414418729,183.78413500233,138.0781396911569,222.21694600272167
694.795257268688,179.8524759778232,139.3458352538657,223.0860619147419
689.8700942410667,178.96892309897984,140.67103866659147,223.56404127624938
680.8892853368482,174.9221823474208,143.16278781505522,224.12520943250468
678.8999105884593,172.25633303453088,143.90877902821788,222.76321632778527
693.8455953956887,162.0659070391764,144.92769154876865,226.77538736451467
707.6517820655896,151.51532195789608,145.60625944737035,231.4988509993654
719.1840256088917,144.5770610835521,147.67783879753375,232.17896829096102
722.8516311577047,139.82763249485777,148.5183870153985,233.98985149221448
727.0804777846041,132.37317917428527,149.49678995300582,234.2742578587013
723.2596424033085,124.97893684081068,150.4934850533657,235.22910051973005
735.9742430965815,123.60203691455335,156.01568251630695,226.91412900994
730.3356260134184,118.71509818721233,158.75895157185445,224.02750212349656
730.1143304153167,119.06941455129214,161.79276290851502,221.37990586288913
730.064161707551,114.50323693368935,163.43395918883058,219.45150822944237
749.0983002157792,102.23764696761705,165.616254376964,218.04293939754888
745.8992335238123,98.46245008026555,166.04553714825732,216.35478966181486
768.3315244199824,89.75990308201983,166.70790619209887,214.637737051861
774.6918562734029,77.26542232946497,159.84797647115883,223.9864855442754
776.3353343213871,93.55003906775431,162.69242096036487,220.35719919599262
781.546367377905,89.77535683764884,162.58436928214354,220.44348372685175
781.5343484344144,86.79355385016015,162.20703822328775,219.51423787230033
764.314199606489,87.53763718537515,161.18826376610156,221.5836340299343
762.5266388537,85.18862200024647,161.2926392313351,222.32956078538453
746.3394330831421,79.19901846442409,162.60326712682098,222.4710984844707
751.5505550070793,69.78339587977453,161.53240458082644,225.97164087209256
755.4320073055164,64.23720960433626,156.9570672179916,230.0282515897782
777.9755916079159,55.91839000278844,152.95886498282147,234.1502533951077
780.8006851556447,55.24806156259818,150.69656155054145,235.58225496730122
804.4654588569624,46.81128936492418,149.11059782710515,237.91018035172394
804.7183445146043,69.6630244356638,153.7973023075674,231.4205659536529
805.4815944143658,64.65658408657589,155.6813552481414,228.5898759426002
809.9885324866738,56.50376233852168,152.80483252378306,231.02621955009778
813.9038210172364,59.20666698395635,150.8265489540212,232.46128779218742
811.4832787551846,59.6999595387464,150.26499361224947,232.5494204426934
813.5852433309616,73.61315963463825,147.53087220472187,233.22157829534328
816.9798211004785,66.9369535122798,146.12446145481158,232.387984947714
821.7073260958321,66.81279606966358,144.68082593767633,232.9178660653893
821.5537923153889,72.19172513755049,143.0348694688308,233.35204837303587
825.748671579421,79.69949402694343,142.1972025392772,233.29916661536816
826.3388644626682,78.10026143432093,141.65064577039487,231.78892399116492
823.7328412421017,72.0001877613551,141.09672341193686,231.65436789166202
823.748836328337,64.65186397088846,138.88394400721222,232.2133840562745
