178	501	252	217
205	501	246	213
232	492	241	222
262	497	234	217
294	505	223	208
296	501	226	213
318	492	228	227
357	495	205	220
393	496	186	219
420	491	181	227
427	502	177	218
458	489	161	234
486	496	155	222
512	512	146	202
541	503	130	215
543	505	132	214
560	510	132	207
585	505	119	213
607	510	119	206
636	503	101	222
633	506	104	215
645	507	109	209
651	504	121	219
672	500	133	218
707	500	113	218
705	502	112	218
721	506	112	215
731	504	111	216
740	496	113	216
752	504	108	214
754	509	108	207
756	499	112	216
760	500	113	210
768	505	109	197
773	499	108	206
784	512	97	185
791	512	91	186
795	504	88	207
794	504	93	214
780	499	109	221
800	501	86	213
793	505	95	208
793	496	95	214
789	495	99	212
785	490	103	217
782	492	106	218
784	486	102	225
783	487	103	219
778	483	107	225
783	486	99	219
783	486	98	217
785	490	96	213
785	488	92	212
780	486	91	210
774	479	97	214
776	487	94	205
776	477	88	214
772	479	85	210
767	484	86	205
761	484	87	201
761	480	90	209
761	477	84	211
759	480	83	208
756	475	83	211
754	466	81	216
752	467	86	215
747	471	87	209
744	470	89	211
745	472	84	208
734	480	92	201
736	479	91	201
727	469	98	205
731	462	91	210
728	461	93	212
726	460	93	213
724	461	92	209
723	465	88	203
720	464	85	205
719	470	79	192
718	471	82	193
718	466	79	200
716	465	82	199
715	466	82	198
717	466	78	199
717	469	79	194
713	467	83	198
714	458	79	208
715	467	78	203
713	463	78	205
712	465	81	200
706	460	88	205
701	458	89	205
700	461	86	202
698	459	87	206
697	455	89	209
697	453	87	206
697	467	84	197
697	462	82	202
699	453	84	207
697	455	84	205
701	461	82	198
701	463	82	197
707	470	78	188
708	470	78	190
709	466	77	195
707	463	81	197
711	470	79	189
709	469	86	193
709	465	89	196
710	461	89	200
712	456	88	204
716	454	87	207
715	450	89	215
718	449	90	214
718	452	88	213
721	460	88	203
724	460	86	203
722	462	92	204
724	468	91	200
726	459	91	209
725	468	96	201
727	470	93	202
737	467	89	212
741	468	88	206
739	467	91	206
737	469	95	208
737	469	97	204
744	476	90	195
748	466	89	205
749	470	88	205
751	474	86	197
755	478	85	194
755	472	85	196
759	472	83	199
760	471	82	197
762	469	81	199
765	472	83	197
767	469	83	200
764	468	91	199
770	476	85	190
776	477	82	190
776	477	87	189
780	466	86	201
780	471	91	197
782	466	87	198
783	476	88	191
788	472	83	191
787	470	85	190
786	474	86	187
788	473	84	186
789	473	82	188
789	472	83	184
791	472	82	186
795	467	78	189
793	475	79	183
798	477	76	180
798	476	76	180
797	470	81	187
797	473	86	185
800	471	84	188
802	472	86	186
803	474	86	185
804	477	88	184
799	477	93	184
799	476	93	184
796	474	96	187
794	476	97	182
782	471	105	186
782	477	103	180
780	475	107	182
777	474	105	178
772	477	106	171
764	473	109	171
755	474	111	167
764	473	101	170
749	469	111	173
740	476	113	163
724	471	124	165
719	462	118	172
722	459	112	176
719	463	110	171
710	463	113	167
716	463	94	167
697	457	108	167
701	457	102	167
700	457	95	166
698	457	85	164
692	456	84	165
687	462	79	154
687	460	79	159
681	458	78	159
668	465	76	145
666	460	74	150
661	455	74	157
661	453	78	156
658	455	73	154
657	461	66	148
654	457	64	147
654	458	61	146
652	456	66	150
653	455	63	146
653	460	60	143
651	452	59	147
648	459	64	142
646	453	66	148
646	456	65	142
643	452	67	149
641	451	71	145
641	451	72	143
643	450	67	147
641	447	67	146
641	449	67	146
640	448	70	143
642	451	64	140
643	450	61	140
644	442	63	148
646	449	61	141
648	445	60	143
649	444	61	144
650	445	58	142
651	445	57	138
654	446	55	138
652	445	56	136
653	444	56	137
655	444	53	136
654	450	55	128
654	448	56	130
654	447	59	129
657	443	57	131
657	444	57	131
658	442	57	132
661	447	55	124
664	441	55	128
667	440	54	128
667	440	53	126
669	443	52	126
673	441	51	129
674	444	50	122
676	439	49	126
679	437	46	130
679	437	47	127
677	445	51	116
679	446	50	111
680	442	52	113
681	439	51	120
682	439	51	116
683	441	51	113
685	441	53	113
687	437	54	116
687	433	55	120
691	432	51	121
696	435	48	118
698	433	50	118
705	435	46	114
705	431	46	119
707	435	46	112
708	435	47	113
712	433	45	117
715	431	44	116
709	433	50	111
714	434	49	113
717	434	47	114
717	428	48	116
717	430	51	113
717	432	50	112
721	429	52	114
725	431	51	107
727	434	52	107
732	436	51	106
732	435	51	104
740	444	44	93
743	440	47	100
744	435	49	107
752	428	50	114
753	429	49	113
755	428	51	114
759	430	49	110
762	432	50	110
766	429	52	112
769	429	50	112
772	433	49	110
775	434	48	110
779	435	48	104
778	437	52	105
781	439	50	101
785	442	52	101
792	441	49	101
795	441	51	100
802	442	49	101
803	441	47	104
808	439	48	104
810	441	50	101
815	443	51	101
825	442	47	99
821	442	50	100
823	444	53	102
831	445	52	100
835	446	54	98
841	445	55	99
841	440	55	105
845	442	57	103
852	444	58	101
859	443	53	102
864	449	51	95
865	450	50	94
867	447	53	96
860	445	63	99
860	452	68	94
848	462	84	87
842	465	92	81
842	465	92	81
842	465	92	81
842	465	92	81
842	465	92	81
842	465	92	81
842	465	92	81
842	465	92	81
842	465	92	81
842	465	92	81
842	465	92	81
842	465	92	81
842	465	92	81
842	465	92	81
842	465	92	81
842	465	92	81
842	465	92	81
842	465	92	81
842	465	92	81
842	465	92	81
842	465	92	81
842	465	92	81
842	465	92	81
793	454	102	77
791	442	108	91
797	442	101	91
786	435	96	100
783	440	86	93
781	442	74	84
781	438	76	95
776	438	77	91
770	440	77	89
767	435	77	91
765	437	78	89
764	439	80	85
763	440	71	83
760	436	67	86
758	433	71	86
757	428	72	93
759	426	67	94
758	430	67	87
757	434	63	86
758	429	59	90
761	429	55	90
761	424	54	93
763	426	52	93
767	421	46	97
768	425	43	93
767	422	43	94
767	422	42	93
769	422	39	92
768	422	39	92
763	420	44	94
757	417	49	96
751	412	53	102
741	414	64	100
742	417	60	94
746	416	54	95
741	414	55	94
740	408	56	101
724	407	69	102
721	409	69	99
725	414	67	93
719	412	68	91
720	415	66	90
719	419	56	82
716	408	55	90
712	408	46	86
703	415	47	79
703	415	47	79
697	411	48	83
693	411	42	82
686	412	42	85
676	407	49	91
676	412	42	85
668	411	51	81
667	408	44	85
660	408	49	81
654	408	51	79
649	412	54	76
639	414	60	72
630	411	68	75
622	408	75	84
610	410	84	87
613	410	79	88
626	406	65	86
633	400	57	88
631	401	57	87
633	400	56	84
634	400	53	84
636	403	54	81
638	399	54	86
641	396	54	85
645	401	54	81
644	397	55	83
648	399	54	81
652	402	52	78
656	401	51	78
659	401	54	81
660	406	53	73
667	409	50	70
674	405	44	75
679	406	44	69
683	404	45	74
684	404	43	73
687	407	45	72
691	405	45	75
695	409	43	70
698	406	44	69
702	410	37	67
702	408	42	68
703	408	45	68
702	407	45	71
699	405	50	72
703	403	45	75
701	404	48	72
703	403	45	74
701	399	45	76
703	401	41	72
701	400	42	74
699	395	41	78
699	395	40	77
697	396	39	76
691	388	40	82
692	385	40	84
689	383	39	85
689	384	35	82
686	385	34	82
684	389	34	77
683	387	34	81
681	387	34	80
679	385	32	80
672	380	35	85
672	384	31	78
671	385	32	76
666	382	33	77
664	383	32	75
661	385	31	72
656	383	34	76
657	382	32	76
655	381	33	76
653	379	34	76
650	375	34	80
649	376	33	77
649	376	33	79
647	374	33	78
645	377	34	76
645	374	34	79
644	376	33	74
644	372	33	79
645	369	34	80
646	372	33	78
647	369	33	80
648	372	31	79
649	373	30	77
647	369	34	81
647	370	34	81
648	375	33	75
648	373	32	75
649	373	32	76
647	372	36	76
648	371	36	77
650	367	34	81
651	368	35	81
652	372	33	76
652	370	33	78
653	375	32	75
654	373	32	77
655	368	33	82
655	366	32	84
657	369	32	80
659	368	33	80
661	360	33	88
663	357	36	90
661	352	39	95
664	364	36	83
665	368	34	79
666	368	35	79
668	370	33	77
669	371	33	76
670	366	33	80
670	367	34	80
672	365	33	81
672	367	33	78
672	367	34	78
673	369	33	77
675	373	33	74
675	370	34	76
676	371	34	75
676	371	34	75
678	371	34	75
680	373	35	72
681	370	35	77
682	368	36	79
682	369	37	80
681	365	39	81
681	367	51	79
682	367	52	80
685	369	45	77
683	366	51	80
685	368	45	78
684	364	47	83
682	366	50	79
682	366	48	81
683	367	48	79
684	368	44	80
680	369	49	79
681	370	47	76
681	371	47	78
681	370	47	78
681	373	48	76
681	373	47	75
680	372	48	76
678	370	49	79
679	373	47	77
678	373	48	76
671	374	56	74
674	373	52	76
671	375	55	74
668	374	58	75
670	374	53	75
667	371	58	78
666	371	60	78
665	373	60	77
666	370	59	81
665	371	61	78
665	369	62	83
665	373	60	80
664	373	60	79
664	374	61	75
663	377	60	75
660	373	62	80
661	373	62	81
660	375	64	79
659	377	64	76
656	375	67	80
656	374	66	80
655	379	67	76
653	378	69	78
653	381	70	74
651	381	71	76
650	379	71	76
649	382	73	78
649	378	73	80
650	381	72	77
650	380	72	79
652	383	70	77
654	381	68	77
657	384	66	74
654	382	69	76
657	382	65	78
659	384	65	77
661	386	62	74
666	381	57	80
666	377	59	85
670	374	55	89
674	378	55	86
679	381	53	81
681	385	55	80
681	386	54	79
679	386	58	80
685	389	58	79
698	394	54	73
713	396	42	73
712	394	43	70
718	401	42	65
726	399	38	70
733	399	36	71
732	396	37	75
730	394	44	76
738	393	40	80
737	393	44	81
740	390	44	84
741	390	42	84
740	390	47	84
744	388	45	87
748	392	44	83
750	388	42	87
751	385	41	90
751	388	43	89
753	388	41	88
755	389	41	87
754	387	42	89
754	389	42	87
754	384	42	91
754	392	43	85
752	385	46	90
750	389	47	87
751	386	47	91
751	384	45	92
750	390	45	87
745	388	48	91
743	386	49	91
744	386	47	92
740	387	48	89
739	387	47	91
735	385	48	93
736	387	42	90
736	383	43	92
728	385	42	91
726	383	41	94
722	388	40	89
721	391	38	84
720	389	39	87
718	388	37	89
712	387	40	88
709	390	40	87
705	392	41	85
705	396	41	80
698	395	45	80
695	398	44	79
691	394	45	81
687	394	45	82
688	395	43	79
686	392	40	82
684	393	39	84
679	391	40	86
675	388	40	89
674	386	42	91
671	384	39	91
669	388	38	88
663	389	39	86
655	389	47	87
653	389	48	88
654	385	43	89
653	388	40	90
652	394	37	84
650	394	38	83
650	393	36	84
645	393	42	86
643	395	44	83
638	395	55	82
634	387	63	90
634	386	66	94
633	376	70	102
628	385	85	92
625	390	69	87
625	383	66	95
627	384	60	95
625	379	59	100
626	375	55	105
625	389	57	91
628	385	56	96
627	382	59	99
629	386	59	95
630	395	60	87
634	391	61	91
638	390	60	93
639	389	57	94
643	390	59	94
645	392	61	92
652	397	58	88
656	401	58	83
657	396	61	89
663	404	58	82
669	395	64	89
675	397	64	89
683	393	64	94
683	396	64	89
691	399	56	86
699	399	58	87
706	394	67	95
712	396	76	94
714	395	75	95
723	403	64	88
732	402	59	88
742	405	51	90
746	401	52	94
747	400	50	94
752	404	53	93
749	409	65	89
761	414	66	83
760	410	73	90
760	417	76	84
760	413	81	92
780	412	64	97
794	420	53	90
804	420	45	87
802	418	46	88
806	417	48	90
809	416	52	91
808	415	59	94
828	413	49	95
829	412	48	97
832	411	50	101
837	413	48	98
840	412	49	101
843	411	49	103
841	411	51	104
845	415	50	101
847	416	50	100
851	416	48	100
852	414	49	100
854	416	47	101
854	413	49	102
852	415	52	102
848	416	58	102
851	418	56	99
849	418	58	98
850	418	58	99
850	420	59	98
850	421	58	96
850	419	57	98
851	421	56	95
844	422	60	96
841	418	62	100
836	419	64	96
832	421	63	94
834	421	62	94
834	425	57	91
830	425	56	89
823	421	59	93
820	423	56	92
823	420	53	95
815	419	57	95
809	421	58	91
803	419	59	96
799	419	59	93
795	415	62	98
791	417	58	95
788	418	55	95
780	421	55	89
772	425	58	85
770	419	61	92
766	418	59	93
755	418	59	93
749	417	55	92
743	412	55	97
745	416	54	95
739	411	52	101
736	414	47	97
731	413	44	98
723	414	45	96
722	412	46	98
715	413	47	98
712	413	42	99
707	413	42	99
699	411	45	100
701	415	43	97
698	415	40	98
694	419	40	92
685	421	45	92
682	415	43	99
680	415	47	100
679	415	43	100
673	413	44	104
670	413	43	103
662	413	47	101
661	407	50	109
659	410	47	108
657	407	45	111
654	412	44	104
650	415	42	101
650	414	42	103
647	415	41	102
643	415	42	104
639	415	42	105
635	417	40	101
633	414	43	105
631	415	41	104
625	411	42	111
617	417	48	103
613	417	44	105
610	412	48	111
604	412	49	112
596	419	51	106
583	420	52	106
577	421	51	108
577	418	49	107
573	422	46	106
564	427	50	101
558	426	47	102
553	422	45	106
553	427	46	101
546	426	47	104
539	424	49	106
532	427	50	103
527	428	52	105
527	428	52	102
523	432	49	101
515	430	52	103
511	425	53	108
509	427	50	107
508	423	55	109
501	432	58	100
498	434	55	98
491	435	63	103
490	425	56	117
489	424	59	119
488	424	56	128
486	424	57	138
481	429	61	146
474	429	67	159
486	413	56	138
478	424	64	127
486	434	52	120
484	439	55	115
485	442	54	114
485	439	54	118
487	443	53	115
488	441	56	119
487	442	59	121
491	437	59	130
491	433	59	133
493	434	62	137
495	429	64	138
498	433	66	138
507	449	63	129
506	452	65	118
513	459	60	118
519	461	68	120
524	460	69	124
530	459	71	126
530	454	75	129
536	457	73	131
540	456	79	131
548	464	74	125
551	462	68	125
556	462	74	133
563	460	73	138
573	471	65	131
580	479	65	126
580	480	63	123
590	486	57	124
598	486	58	122
606	484	55	136
613	487	55	138
613	482	55	148
619	484	56	151
628	486	53	136
636	492	53	134
644	490	52	135
645	494	51	129
652	494	56	133
658	495	58	134
664	497	64	134
671	495	65	140
674	493	61	142
679	492	65	146
687	496	64	144
694	500	63	142
692	496	74	150
698	498	67	149
702	496	71	153
705	492	74	158
717	493	65	157
719	488	70	167
720	489	68	163
723	489	70	169
725	488	72	169
729	484	75	180
727	489	77	173
727	485	78	179
728	486	78	179
726	489	82	173
724	490	86	176
720	488	89	179
723	483	88	187
722	488	88	181
721	485	87	180
725	491	80	181
719	498	83	169
721	501	82	167
716	499	82	165
713	506	83	160
707	490	82	180
703	498	82	176
703	490	84	183
703	496	77	169
698	498	72	167
695	496	71	169
692	490	69	178
689	493	72	172
686	491	68	179
681	496	69	172
677	496	72	169
672	500	70	163
672	492	73	172
671	495	65	171
667	489	73	174
661	489	76	169
657	486	82	175
659	481	79	182
657	484	77	175
658	481	81	181
653	487	79	176
655	486	75	178
653	482	78	180
650	481	79	182
651	492	74	171
648	488	71	175
643	489	73	169
641	479	79	180
634	476	84	180
631	474	87	185
630	475	81	185
628	474	75	185
630	481	73	178
630	479	66	179
625	474	68	186
621	475	67	182
617	477	67	176
619	474	65	184
616	470	65	187
613	477	63	182
610	474	64	182
606	467	64	187
606	472	63	185
601	471	65	183
595	467	67	188
590	464	68	188
583	468	71	186
581	465	73	188
578	466	71	188
573	465	69	188
563	462	73	189
554	454	76	198
558	464	73	188
552	461	70	188
544	464	71	179
536	457	73	187
531	470	67	170
527	464	74	175
520	460	72	183
510	459	75	183
500	464	77	174
491	469	76	176
491	466	74	173
483	458	74	184
470	467	80	175
464	468	78	173
455	469	81	173
459	463	76	177
451	460	79	178
445	461	73	174
442	461	74	176
436	460	75	175
437	463	73	173
435	460	67	173
430	462	71	171
425	458	73	175
421	462	75	169
419	451	77	180
418	454	73	175
414	460	71	168
410	457	77	168
408	452	72	176
406	456	79	166
404	451	80	170
402	457	80	167
399	459	86	165
398	462	85	162
397	460	89	164
395	457	91	168
394	456	90	167
396	453	92	173
396	455	96	167
396	457	91	162
399	463	92	162
400	461	103	162
405	458	101	166
411	452	105	172
409	452	104	172
416	456	108	169
425	450	110	175
435	455	104	173
446	449	103	180
444	448	102	183
455	443	105	184
465	451	100	177
477	456	89	172
489	460	82	172
489	453	80	177
495	456	84	170
504	460	80	168
517	460	81	170
527	461	77	171
526	459	78	172
532	461	80	172
537	457	84	180
541	454	94	182
544	461	100	173
547	456	95	179
553	455	99	183
560	457	94	180
569	455	88	180
578	450	89	188
577	455	92	182
586	456	90	178
590	453	95	181
597	456	95	177
609	462	92	179
610	465	91	175
617	460	89	180
628	461	86	176
637	457	84	186
642	460	89	184
645	463	85	181
653	460	82	184
662	460	81	185
667	460	86	185
671	459	87	188
673	459	84	187
677	462	85	184
682	463	91	175
685	464	93	180
690	466	98	178
689	467	98	174
695	466	101	178
699	468	101	174
706	471	104	172
712	471	113	175
710	469	125	179
721	467	124	181
728	475	123	178
737	486	125	171
757	483	119	165
757	479	121	170
767	481	120	171
779	488	111	164
791	495	112	155
804	497	110	157
804	490	113	168
817	497	102	164
830	495	96	166
836	493	93	167
846	498	91	166
846	499	88	164
856	499	92	166
867	499	83	174
873	491	82	175
879	486	81	186
880	483	82	186
885	491	89	181
887	487	97	179
893	474	86	187
896	471	89	196
898	472	84	196
901	474	79	197
901	477	86	193
901	477	82	183
907	482	80	176
906	475	79	181
909	468	81	190
912	477	80	181
914	474	81	181
915	476	83	172
917	477	81	170
917	482	82	163
920	480	79	163
922	475	78	162
921	476	78	158
920	476	79	157
922	475	78	155
922	472	77	153
922	476	76	150
915	467	80	149
922	470	73	147
910	463	85	155
904	468	85	145
899	473	85	138
894	463	83	145
900	466	77	143
892	468	80	136
885	465	79	138
874	460	84	145
876	462	81	141
864	454	85	153
859	457	82	138
847	459	77	129
826	453	79	132
827	459	78	124
805	462	82	117
786	459	83	114
768	456	84	112
747	453	83	111
751	449	77	114
729	452	78	106
704	448	81	108
687	441	75	110
665	448	76	103
666	445	73	106
645	445	74	104
620	443	74	104
594	440	74	107
578	445	63	105
576	448	65	98
554	450	63	95
537	446	56	99
517	443	53	99
498	443	48	96
499	444	46	95
481	447	46	92
464	448	43	91
448	445	41	96
430	443	44	100
431	441	44	102
414	442	48	101
399	444	46	98
385	443	48	97
360	435	51	104
361	437	48	103
347	440	52	97
336	435	52	101
327	435	49	100
316	433	55	100
316	431	57	102
306	434	59	97
299	430	60	99
291	432	61	94
284	426	64	99
284	431	62	94
277	423	62	92
272	419	64	93
268	416	61	91
264	410	61	93
263	410	64	93
260	407	65	96
256	406	66	92
255	409	65	90
252	410	62	86
253	413	59	87
252	411	59	85
251	410	58	85
249	405	58	86
249	402	60	88
249	402	59	88
249	403	62	83
251	397	61	88
251	394	65	92
255	396	63	85
255	400	62	81
257	393	69	87
261	393	69	84
268	390	67	86
273	390	69	84
274	389	68	86
279	384	71	89
286	390	68	81
293	388	67	81
299	387	67	80
301	382	64	84
306	386	66	80
319	386	64	79
326	382	60	82
333	374	59	88
331	372	60	91
338	372	60	92
344	370	58	89
351	376	55	83
356	379	55	80
356	377	55	82
363	377	55	80
369	378	52	78
374	375	56	80
379	375	55	81
380	378	53	77
384	377	57	75
391	379	53	73
396	379	53	74
400	378	57	73
401	378	54	74
408	375	51	76
413	374	51	75
420	377	49	73
424	379	51	71
426	377	47	73
431	373	47	77
437	372	47	79
442	368	47	82
447	372	46	77
449	374	43	74
454	376	42	73
458	374	42	76
462	374	44	73
468	373	44	74
468	373	41	76
474	376	41	71
478	376	41	70
482	373	43	76
487	374	44	74
487	370	44	77
491	372	44	75
498	372	42	77
508	370	40	76
514	367	35	81
513	372	38	74
515	372	41	75
519	371	40	74
518	366	45	81
521	370	46	74
529	375	37	70
531	375	36	70
536	376	37	68
538	373	38	70
542	375	37	70
542	374	36	70
542	371	41	72
545	372	41	72
547	369	44	74
550	370	43	74
550	372	43	68
552	371	43	73
557	363	43	78
559	366	44	76
563	366	43	74
562	365	47	76
563	366	47	74
566	367	46	73
569	372	43	71
571	370	44	70
570	370	44	71
573	370	47	72
576	374	47	69
580	376	51	63
585	378	48	61
586	379	45	60
590	377	56	67
592	380	59	73
596	379	57	96
582	383	68	110
577	379	78	114
569	376	82	122
552	379	90	127
539	384	91	126
539	384	91	126
539	384	91	126
539	384	91	126
539	384	91	126
539	384	91	126
453	427	85	146
454	415	84	160
434	429	81	158
402	438	94	165
372	454	103	170
340	468	110	174
343	477	105	166
312	489	109	176
270	506	121	185
230	526	127	191
171	547	135	177
179	548	128	171
103	511	162	212
7	505	208	224
-28	497	177	233
-28	497	177	233
-28	497	177	233
-28	497	177	233
-28	497	177	233
89	443	198	227
89	443	198	227
89	443	198	227
89	443	198	227
89	443	198	227
89	443	198	227
89	443	198	227
89	443	198	227
89	443	198	227
89	443	198	227
89	443	198	227
89	443	198	227
89	443	198	227
89	443	198	227
3	342	224	176
3	376	211	131
1	388	193	123
1	387	193	122
2	390	176	130
2	390	176	130
2	390	176	130
2	390	176	130
2	390	176	130
2	390	176	130
2	390	176	130
2	390	176	130
2	390	176	130
2	390	176	130
2	390	176	130
2	390	176	130
2	390	176	130
2	390	176	130
2	390	176	130
2	390	176	130
2	390	176	130
2	390	176	130
43	387	168	163
54	395	131	155
9	400	140	163
1	402	110	178
212	404	147	149
191	408	166	158
193	418	159	150
181	420	162	156
167	429	169	158
148	432	180	163
123	429	195	181
124	429	192	178
104	428	204	194
76	442	218	195
53	430	230	220
24	452	248	217
22	448	246	221
7	459	247	226
-12	452	257	243
-8	444	238	259
0	451	202	256
0	452	207	253
-4	468	190	246
9	488	157	222
-7	502	124	210
-6	504	97	216
-6	511	97	206
-6	562	71	164
-24	601	79	142
-24	601	79	142
-24	601	79	142
-24	601	79	142
28	449	95	149
28	449	95	149
28	449	95	149
28	449	95	149
28	449	95	149
28	449	95	149
28	449	95	149
237	316	82	149
464	333	77	125
471	335	68	112
468	349	72	96
476	360	70	81
481	363	67	77
478	365	72	77
480	359	73	81
490	358	63	82
488	359	67	82
492	358	65	82
492	360	64	81
491	361	67	79
492	359	68	81
492	359	71	80
493	360	70	78
493	358	70	81
494	360	68	78
500	359	61	77
500	356	60	83
497	357	64	80
499	359	62	75
496	361	64	74
502	361	57	73
501	356	58	78
501	354	57	79
501	354	58	82
501	354	54	78
499	350	54	79
498	351	54	79
493	358	59	70
494	356	59	72
494	351	56	77
492	356	56	69
493	356	52	70
487	352	57	73
490	355	54	69
486	356	57	69
480	352	62	72
484	350	55	72
479	353	57	68
480	354	56	68
475	350	60	72
478	350	54	72
478	348	50	70
474	351	53	69
469	351	59	68
475	352	49	65
472	350	49	69
467	350	53	67
464	352	54	64
465	350	53	67
461	348	54	68
461	345	51	69
459	348	51	66
456	346	51	65
452	345	57	69
450	349	57	63
451	347	52	66
448	341	52	71
443	343	54	66
446	343	52	68
443	340	52	69
439	344	54	66
440	340	49	66
436	341	50	68
436	340	50	66
432	341	52	68
431	341	48	64
424	342	49	63
421	339	49	64
419	342	52	62
416	342	52	62
414	337	49	64
409	339	51	61
407	344	50	58
406	343	51	58
402	345	53	57
398	341	52	66
395	345	53	64
392	333	53	79
391	339	56	76
388	339	52	78
383	326	55	86
378	330	55	92
368	329	60	100
363	338	64	90
358	324	67	109
348	339	73	97
347	322	70	98
343	328	69	108
350	312	62	92
352	315	54	78
351	317	49	71
345	325	50	62
341	328	49	56
340	329	52	59
336	328	51	57
334	327	48	55
330	326	46	51
325	324	47	53
326	326	47	52
322	320	45	57
317	320	44	55
313	320	43	55
307	319	43	54
306	321	45	54
301	321	45	52
297	317	44	53
291	313	46	57
279	315	49	52
280	319	48	49
275	315	48	52
271	314	48	50
270	311	42	51
268	310	40	54
266	310	43	53
264	307	41	54
258	307	44	55
256	307	42	53
255	305	41	52
255	303	40	56
252	301	42	58
253	304	38	54
250	300	39	56
248	301	39	55
248	308	39	49
246	307	38	46
243	304	39	50
240	303	41	50
238	301	39	51
237	302	41	53
238	305	37	47
236	306	38	46
234	307	39	44
229	303	42	47
233	302	37	48
229	302	39	49
227	306	38	43
224	305	40	45
222	304	40	42
223	305	39	45
220	298	41	50
220	301	40	46
220	299	37	47
220	302	35	45
219	301	37	46
219	303	35	45
216	301	35	43
214	301	38	45
212	302	39	41
212	302	39	43
211	300	39	43
210	299	39	46
208	301	42	44
204	298	45	46
198	296	54	48
198	293	54	50
200	293	52	49
202	291	50	53
206	297	45	47
205	295	46	47
206	295	45	46
206	299	46	45
209	297	42	46
213	296	39	46
214	293	38	49
216	292	37	51
216	295	40	48
222	294	37	48
225	297	37	47
225	299	37	45
226	298	38	46
229	297	37	47
231	301	37	44
228	298	40	47
232	295	36	49
233	293	37	52
234	289	36	55
235	294	38	52
233	294	42	50
231	293	44	51
234	292	44	54
233	291	47	55
236	289	48	56
236	297	49	48
237	294	48	50
240	291	50	54
240	291	53	55
242	294	55	52
241	291	57	55
243	293	54	53
245	294	55	51
245	293	59	52
248	296	60	49
238	299	53	49
243	299	44	48
246	300	42	47
250	302	38	45
253	300	36	47
255	303	34	44
254	305	37	41
256	303	36	43
258	305	37	42
261	306	37	42
264	305	37	44
262	305	40	45
268	303	35	47
271	302	34	48
271	304	36	47
274	304	37	48
275	305	36	47
275	309	39	44
281	309	35	44
284	309	35	45
286	309	34	45
286	311	35	43
286	310	36	45
289	308	36	47
292	310	35	46
294	309	35	47
293	312	36	44
297	311	35	46
301	314	34	43
304	312	34	45
307	309	34	49
307	314	34	45
308	313	35	47
311	311	34	50
313	313	35	47
314	313	35	48
313	314	36	46
317	314	34	48
318	312	36	52
321	313	35	49
323	314	33	50
323	313	33	49
325	314	36	51
329	314	34	53
331	312	33	53
333	313	34	53
333	314	34	51
336	317	34	51
337	317	36	51
340	318	36	51
341	317	35	53
344	317	34	52
347	320	35	50
349	320	35	51
352	321	32	51
351	322	33	49
353	323	35	49
357	322	32	52
358	322	35	52
360	327	37	48
360	328	47	45
362	327	49	47
362	327	52	48
365	328	50	48
368	327	50	48
369	329	49	46
372	331	49	45
376	333	48	44
379	329	51	50
382	332	49	48
382	332	51	47
385	331	52	49
386	331	54	50
389	330	52	52
391	331	50	52
390	331	50	53
391	333	51	52
394	334	49	51
396	334	49	53
398	335	48	51
398	335	49	51
400	334	50	53
402	335	49	52
406	338	50	51
411	336	50	52
409	336	51	54
413	338	52	54
417	337	50	55
419	337	52	58
423	341	50	53
421	341	52	52
423	342	54	52
423	341	55	56
426	340	54	57
427	341	55	60
425	340	58	60
427	342	57	61
427	343	58	60
426	343	62	64
429	342	61	68
436	345	54	59
432	345	59	65
428	347	71	66
443	344	74	73
436	344	82	76
433	340	83	80
437	345	79	80
435	343	82	83
448	344	68	86
442	349	71	83
445	348	68	83
451	351	61	84
450	354	58	83
449	351	61	89
452	349	53	91
452	349	56	93
444	348	60	97
434	351	71	96
425	350	78	99
421	347	80	106
419	347	83	107
405	349	92	109
389	350	106	114
376	342	118	130
655	487	114	144
675	500	88	141
683	495	74	155
683	479	75	171
684	470	74	184
683	461	79	196
681	450	82	207
680	449	83	210
675	454	85	206
677	457	85	197
676	456	87	207
678	469	87	194
672	462	93	201
658	472	104	185
663	471	98	195
658	466	99	212
662	467	95	213
662	474	86	191
659	475	83	188
656	471	86	198
655	470	83	198
656	468	82	199
656	471	78	193
656	468	80	200
657	467	75	198
655	471	77	178
657	471	73	187
652	474	78	190
646	468	85	198
650	475	81	195
648	466	81	210
645	471	84	206
640	464	91	208
637	473	92	200
636	474	90	199
637	479	90	195
637	471	89	200
634	474	95	202
630	480	88	202
626	470	86	213
624	474	85	209
625	475	83	207
624	480	79	200
621	480	80	205
618	478	80	201
616	481	80	204
613	472	88	213
612	478	83	209
612	483	84	203
607	482	89	205
603	485	93	201
598	488	98	199
601	484	91	200
599	475	90	210
594	468	89	216
591	482	87	203
591	477	89	209
589	477	86	210
583	476	91	210
577	478	95	211
571	486	90	205
569	489	104	202
570	478	86	216
564	472	88	220
560	465	90	230
560	470	85	222
556	464	93	229
553	466	90	228
550	469	93	227
546	470	93	224
544	472	92	218
541	473	100	219
540	473	93	216
538	471	97	222
537	477	92	211
534	475	92	214
532	475	93	214
530	475	92	212
528	479	89	210
526	477	87	212
524	475	86	214
521	469	88	219
522	475	85	216
518	475	86	214
516	467	81	224
513	466	88	224
509	462	92	228
509	468	94	222
510	475	86	215
505	470	92	215
502	474	97	211
501	473	97	211
500	465	95	219
499	466	93	212
497	466	95	215
497	464	93	214
495	462	94	218
495	457	93	222
492	453	96	233
493	456	95	222
494	460	93	211
496	470	93	202
496	472	94	194
494	473	95	194
498	457	92	209
505	457	88	214
500	451	92	221
505	441	90	246
505	444	94	234
506	455	94	220
505	457	95	217
507	452	93	223
502	455	98	216
501	446	101	225
505	449	98	222
501	447	102	213
505	440	97	218
503	442	96	212
500	440	99	216
502	437	93	217
502	449	94	203
504	453	90	199
503	447	89	202
496	451	93	201
494	442	96	202
491	441	96	195
482	442	103	197
479	442	112	203
480	445	108	197
485	442	106	195
486	439	107	194
483	437	109	196
484	439	110	194
491	431	100	202
497	432	94	202
499	425	95	198
501	432	92	194
502	423	91	193
501	428	91	180
502	424	89	196
501	422	88	197
499	420	89	197
499	415	89	201
499	409	90	209
501	413	88	202
503	411	83	193
505	416	82	194
504	419	80	189
504	412	82	196
502	419	86	189
499	410	87	197
500	412	87	200
502	412	85	195
498	405	87	198
497	409	89	197
498	401	88	198
499	409	88	200
497	406	90	196
496	407	91	201
498	403	88	193
498	411	88	189
498	406	86	190
497	410	85	186
494	406	89	199
497	425	84	179
500	424	80	187
502	415	78	193
500	419	82	190
502	414	85	199
503	414	88	195
503	413	90	200
504	414	90	196
505	418	86	202
508	410	83	209
501	420	91	197
507	422	84	193
505	418	84	193
499	422	88	193
500	420	87	188
499	422	84	184
495	426	89	179
493	431	90	173
490	424	90	177
489	428	92	181
488	428	97	181
490	429	93	178
487	430	102	180
491	424	94	182
492	419	104	189
495	423	98	182
496	425	95	184
495	426	96	179
497	422	97	181
500	420	101	181
505	409	99	190
505	417	95	184
509	411	98	184
514	421	83	174
519	426	82	166
526	424	85	161
526	425	86	160
531	416	94	167
537	410	102	172
545	399	105	177
553	399	101	174
557	398	94	178
567	408	88	164
576	414	86	156
586	409	84	163
602	394	86	172
605	396	81	171
616	406	74	159
627	407	69	158
634	408	67	155
643	407	63	156
642	409	66	154
647	410	64	153
651	411	66	150
656	406	65	156
658	406	67	156
655	405	70	156
659	398	68	163
659	397	72	168
659	389	70	176
658	398	72	166
660	395	71	169
661	408	69	158
662	410	67	152
663	411	67	152
663	414	65	151
663	415	64	149
661	417	70	152
662	415	67	161
662	419	66	155
661	423	67	152
661	420	67	153
657	418	72	156
656	429	74	149
657	422	73	159
658	423	74	158
659	418	72	160
659	423	72	161
656	423	72	161
654	421	75	166
652	433	74	154
652	430	74	156
651	433	73	152
649	431	72	157
647	432	73	159
647	429	73	166
647	426	72	170
645	428	73	169
641	430	72	166
640	435	71	162
641	445	63	150
640	446	66	149
639	453	62	143
636	453	64	142
636	454	61	142
634	445	65	149
634	447	65	149
633	450	64	147
633	445	63	154
632	453	64	146
629	453	64	143
628	447	65	152
628	450	64	145
627	451	63	145
626	453	61	143
625	449	61	147
625	446	64	150
622	443	65	153
622	442	63	154
621	452	61	142
620	450	60	140
619	451	61	142
621	449	57	142
618	449	57	142
617	449	58	142
618	451	57	140
619	458	54	132
620	461	52	120
618	462	55	122
616	453	59	134
614	445	63	141
612	440	64	146
612	434	66	152
607	437	71	147
609	439	69	143
607	438	72	145
609	444	71	138
606	439	73	144
600	440	78	141
587	441	89	139
588	438	83	141
583	437	87	141
578	441	87	135
568	426	92	148
560	433	95	142
552	428	95	145
556	426	92	148
544	424	95	150
534	424	100	151
525	428	99	145
515	422	99	153
512	421	101	153
504	414	99	161
489	418	105	154
476	422	106	147
465	428	105	138
465	433	106	133
452	438	107	127
437	439	110	125
424	437	109	124
407	432	113	129
407	425	113	135
392	427	111	133
377	426	115	135
364	430	110	127
346	421	112	137
348	417	109	141
325	411	114	146
314	420	108	138
304	420	101	136
284	429	102	127
287	427	99	127
267	430	102	126
254	432	96	126
236	432	97	128
203	434	113	131
207	440	105	125
208	430	86	133
200	442	77	120
166	423	96	136
132	404	112	149
131	396	112	159
124	388	114	163
121	384	107	157
114	385	105	152
101	380	112	157
103	381	114	156
99	389	106	142
105	382	97	147
111	376	86	149
108	371	85	150
108	378	83	145
106	366	84	150
102	373	84	141
96	368	90	142
99	366	84	140
100	359	84	149
97	360	87	151
99	347	88	159
103	348	83	156
106	344	81	160
104	344	86	162
107	347	82	154
108	355	84	147
110	351	81	147
113	352	80	149
115	350	77	148
117	357	79	145
123	343	78	157
128	351	78	152
131	342	88	158
132	341	86	160
135	340	94	164
146	341	91	163
153	339	90	162
158	349	94	151
161	350	86	147
173	354	83	146
181	360	82	139
190	361	82	139
199	357	82	142
200	362	81	136
210	360	75	144
222	360	88	138
229	363	87	139
248	363	74	138
243	368	80	132
259	369	72	133
268	378	69	129
277	376	69	131
278	371	78	137
276	377	79	132
292	372	71	139
278	376	93	137
307	372	75	141
318	376	66	140
320	374	65	137
326	378	68	135
326	367	85	148
324	366	114	153
333	369	114	150
330	359	119	160
343	360	112	164
353	362	106	160
364	368	103	156
375	362	98	164
378	362	95	167
387	373	88	158
401	369	83	163
413	383	79	151
425	376	82	159
430	375	75	160
437	390	73	148
445	396	74	146
449	391	76	156
456	388	79	160
457	388	78	163
460	381	86	163
464	380	91	165
460	381	107	177
467	383	104	176
472	371	101	191
474	376	109	192
495	375	88	190
516	375	82	200
526	392	73	188
527	398	70	178
534	400	68	173
538	401	69	173
542	403	69	178
543	407	67	174
547	404	68	182
550	401	72	183
555	396	72	190
554	396	76	185
553	402	80	178
553	398	80	189
549	397	87	187
554	404	88	184
547	398	99	191
562	410	85	180
550	405	98	181
541	387	109	208
538	383	118	222
536	387	125	234
547	389	113	243
549	391	108	230
563	401	90	200
550	397	102	200
568	405	81	193
559	398	89	200
551	392	97	207
559	396	87	203
555	405	89	194
542	414	99	188
554	414	88	186
534	410	106	193
549	404	89	199
542	396	93	206
523	400	109	203
530	401	102	205
533	398	98	209
526	412	97	196
525	412	96	199
519	428	97	181
518	421	99	189
511	422	102	187
505	411	103	205
499	407	105	209
498	414	103	199
496	412	104	207
491	409	104	208
487	409	101	213
484	408	100	218
480	406	101	218
481	409	101	218
475	409	101	220
474	404	99	223
471	406	95	228
470	406	91	222
464	421	101	211
462	417	106	214
459	414	101	219
459	420	104	218
458	417	102	217
457	422	103	215
461	422	100	212
453	424	108	214
454	426	102	210
451	416	106	214
451	422	106	213
451	418	100	213
449	421	95	211
446	419	99	213
445	412	100	218
442	414	106	218
440	419	105	208
440	426	97	199
438	421	91	206
438	421	91	207
436	417	92	212
437	419	89	211
435	412	88	220
432	409	95	220
435	408	90	218
437	410	85	216
434	413	95	211
437	414	87	211
440	424	83	203
438	428	81	199
439	427	81	198
436	420	85	206
436	426	85	200
436	420	86	206
438	425	80	199
438	424	83	200
436	416	84	208
437	412	84	210
435	419	82	204
434	426	83	194
435	424	82	197
436	418	82	203
437	411	82	206
436	413	88	205
438	407	85	212
439	406	86	212
440	407	91	213
443	406	86	208
451	409	80	202
451	418	80	193
452	421	78	187
452	424	80	185
445	422	89	187
452	425	85	186
465	418	77	191
467	421	73	186
468	414	73	193
470	419	74	192
470	412	77	196
476	409	73	195
473	402	78	203
474	411	77	192
477	404	77	198
478	404	80	193
479	402	80	187
479	406	81	177
481	408	83	180
483	421	81	167
485	431	77	161
491	435	78	160
493	435	75	153
497	431	73	158
504	435	69	155
506	431	71	154
510	426	71	164
516	432	66	155
502	425	82	161
512	419	75	171
516	418	76	171
520	423	74	166
513	419	82	171
515	419	83	167
517	417	81	171
508	400	94	187
512	400	92	187
509	404	95	183
514	407	91	177
514	416	91	169
507	426	101	155
506	420	104	162
507	415	104	167
505	412	107	171
503	404	115	187
506	401	125	198
506	388	132	226
493	371	152	262
499	366	144	296
504	368	138	324
494	348	178	367
500	329	177	386
502	341	178	372
498	344	198	370
509	349	178	362
499	358	195	349
503	346	187	377
509	353	167	363
508	335	189	384
500	330	208	390
515	332	182	375
515	333	169	382
519	349	163	364
535	340	137	378
564	343	92	374
570	353	85	335
566	361	90	319
569	372	83	305
560	364	96	322
552	357	108	348
552	358	114	350
555	354	115	360
549	362	121	346
550	359	127	332
552	363	122	333
553	362	124	326
560	365	130	302
567	365	123	247
578	372	110	239
579	383	114	212
587	394	107	205
592	382	114	208
592	386	114	202
597	378	124	204
605	411	109	169
615	400	113	179
623	390	120	194
627	381	109	201
637	415	111	169
650	414	116	170
668	430	103	153
681	435	111	146
680	437	127	145
695	443	134	141
712	445	147	137
734	443	137	145
753	448	131	142
755	448	120	141
779	446	112	149
799	447	117	147
825	448	104	152
848	443	96	167
854	445	84	159
871	445	82	148
891	449	78	139
920	465	87	131
934	460	97	150
923	441	119	170
932	434	124	194
939	437	127	208
954	437	129	219
966	438	123	206
958	432	133	203
973	435	133	208
973	433	150	200
989	453	147	172
990	446	158	183
989	429	158	203
996	434	164	193
1001	424	168	204
1009	443	169	185
1017	451	167	175
1009	449	175	175
1023	448	166	177
1025	439	173	188
1039	457	177	173
1047	478	184	151
1041	479	194	149
1067	488	188	139
1077	498	204	127
1099	516	186	110
1143	517	145	118
1143	517	145	118
1143	517	145	118
1143	517	145	118
1143	517	145	118
1143	517	145	118
1143	517	145	118
1143	517	145	118
1143	517	145	118
1143	517	145	118
1143	517	145	118
1143	517	145	118
1143	517	145	118
1143	517	145	118
1143	517	145	118
1143	517	145	118
1143	517	145	118
1143	517	145	118
1007	368	161	89
1007	368	161	89
1007	368	161	89
1007	368	161	89
1007	368	161	89
999	391	146	98
975	407	154	106
997	401	139	110
1009	399	118	101
1001	408	129	103
997	425	111	105
996	452	119	99
996	444	117	112
994	437	117	135
983	458	128	134
973	453	138	146
957	450	156	153
952	454	161	148
934	447	188	152
933	447	197	149
930	437	206	159
933	429	213	167
923	425	228	174
910	420	246	170
905	420	258	169
905	420	261	172
893	429	285	158
883	441	299	145
869	437	242	145
877	433	209	147
880	433	188	141
895	429	152	149
888	428	162	153
877	427	160	150
869	428	159	152
871	429	138	152
858	420	141	163
863	434	143	153
852	428	136	151
842	425	152	168
814	442	115	174
815	418	106	190
820	425	81	181
806	397	92	194
784	390	119	190
788	384	99	185
773	390	106	176
771	364	106	201
738	333	101	225
742	353	103	217
735	332	100	246
717	366	106	225
719	337	101	245
717	372	98	230
685	342	99	265
684	359	110	263
684	387	113	241
662	360	133	264
670	393	123	248
659	393	115	253
653	396	128	263
647	395	123	290
635	377	140	293
625	392	146	316
623	388	147	332
620	397	123	322
558	359	141	375
578	385	126	345
559	358	145	373
549	385	128	353
526	360	125	373
509	347	127	377
546	381	124	344
526	364	114	362
501	352	132	368
470	361	141	372
437	389	166	330
407	396	200	328
422	416	174	311
421	437	163	286
389	444	184	282
348	449	210	268
337	455	225	261
304	444	236	274
276	443	255	282
233	461	293	259
235	470	318	251
196	469	328	252
203	457	347	263
249	477	337	245
238	468	289	264
301	419	286	313
214	488	269	236
343	411	273	306
305	391	298	336
276	363	317	374
276	363	317	374
276	363	317	374
276	363	317	374
276	363	317	374
276	363	317	374
252	383	322	339
367	388	312	330
265	364	269	348
390	362	246	346
418	368	243	351
458	373	208	345
407	376	258	342
460	378	215	344
411	388	276	340
464	386	232	338
484	377	229	344
448	372	262	351
483	358	250	370
412	364	332	358
486	385	307	332
402	382	403	321
411	368	399	345
383	381	438	338
376	394	496	316
355	441	561	280
344	420	608	294
335	418	612	289
348	437	637	282
287	397	674	328
326	444	684	356
289	403	721	324
279	368	792	345
31	378	878	362
193	370	859	367
208	342	887	384
212	335	738	386
226	414	688	337
183	348	683	367
296	361	596	352
290	353	602	376
275	357	617	356
284	396	596	333
274	386	655	335
283	374	647	341
329	372	632	335
322	396	638	305
313	406	658	299
418	396	617	303
369	380	615	326
515	347	497	357
492	357	523	360
483	363	537	333
500	360	526	345
498	374	552	343
437	380	632	327
364	372	702	335
228	367	821	327
281	389	851	313
321	411	873	298
181	392	976	313
-15	380	985	317
195	378	1049	338
234	376	1041	343
228	401	1080	323
-3	426	1077	298
211	459	1079	265
179	447	1131	277
165	457	1145	260
0	445	1116	285
41	418	1215	312
-28	428	1271	304
-15	428	1270	308
-16	445	1287	284
-5	419	1282	316
0	417	1291	311
-15	434	1308	291
-18	431	1296	303
-31	423	1325	300
-19	436	1229	284
-16	417	1283	310
-29	439	1312	282
-23	434	1330	300
-31	422	1321	306
-33	382	1247	336
-24	403	1278	306
-18	425	1206	312
-2	419	1228	317
-16	419	1257	309
-15	424	1278	296
21	455	1238	260
15	422	1258	295
-26	398	1234	315
44	408	1246	317
-27	420	1281	287
24	452	1266	267
113	446	1212	293
-11	445	1277	276
-25	420	1312	315
31	433	1313	300
74	463	1325	270
-28	380	1243	337
-37	403	1275	310
8	400	1210	306
37	391	1198	332
138	414	1113	283
263	412	1013	302
193	394	1045	309
146	390	1106	318
237	375	1047	335
218	403	1068	300
207	402	1074	314
255	413	1023	305
261	414	1016	302
258	403	1019	310
268	429	1009	300
220	427	1049	288
205	415	1052	304
205	405	1030	323
153	387	1015	341
203	387	1015	341
139	375	1047	335
167	362	1078	366
75	399	1119	324
147	379	1075	347
153	403	1100	343
86	399	1172	331
20	389	1228	338
74	389	1193	351
21	380	1224	343
34	399	1230	341
92	374	1202	355
88	395	1173	354
216	404	1065	342
140	401	1123	321
60	434	1184	277
108	446	1158	280
74	440	1185	284
42	420	1209	313
9	425	1201	308
46	423	1205	311
26	413	1231	313
40	449	1231	282
35	423	1208	322
-2	414	1259	332
4	432	1272	295
8	436	1219	318
-13	437	1281	306
-21	423	1260	329
-2	429	1274	321
0	415	1287	322
56	429	1232	297
113	423	1163	312
92	411	1190	323
1	412	1279	310
19	420	1254	314
1	434	1273	297
11	425	1258	312
14	427	1267	311
12	441	1270	293
47	450	1216	286
69	437	1195	303
43	436	1222	307
29	446	1234	291
-14	450	1275	280
0	440	1257	288
-6	462	1257	267
-23	476	1276	251
-11	479	1284	242
-3	477	1261	248
14	475	1255	253
23	476	1224	260
22	462	1217	263
-7	465	1293	258
-20	480	1290	249
-18	482	1285	253
-13	471	1267	262
-9	481	1283	249
-7	494	1285	236
-9	495	1285	247
-15	480	1303	259
-4	466	1265	269
4	471	1228	261
-8	490	1263	234
-10	489	1292	244
-3	495	1281	240
7	495	1260	246
-11	448	1229	287
8	459	1227	287
-9	467	1272	279
-9	469	1299	275
-10	472	1294	271
4	459	1245	281
0	476	1276	253
-3	484	1242	241
-19	475	1277	260
-17	482	1291	255
-13	488	1260	246
-27	468	1302	264
0	481	1279	251
-6	483	1284	250
-14	456	1249	280
-17	421	1271	312
-16	447	1231	273
-8	402	1257	317
-21	411	1273	325
-24	413	1253	329
-39	418	1308	309
-19	406	1284	328
-4	425	1280	305
4	422	1265	310
-5	384	1276	342
-12	397	1270	333
19	383	1244	355
2	372	1272	360
56	394	1208	349
0	399	1277	324
-12	348	1315	374
12	403	1260	334
0	383	1282	348
-1	346	1279	377
21	345	1233	373
12	368	1255	374
32	347	1223	398
18	355	1262	372
32	364	1260	341
14	341	1279	342
8	350	1256	348
30	368	1267	327
5	355	1308	339
8	348	1308	349
-6	326	1278	363
-13	320	1206	380
-10	325	1088	355
34	345	1131	354
45	314	1028	376
18	323	1029	367
63	298	1039	408
-3	313	1090	373
-7	294	1143	420
-8	298	1214	408
-22	285	1171	430
27	285	1149	421
-8	311	1172	405
-23	328	1243	396
-9	338	1251	391
-32	341	1279	386
-39	347	1296	370
-20	358	1301	376
-27	378	1302	338
-26	373	1317	339
-40	349	1341	380
-27	358	1345	362
-16	389	1317	346
-37	429	1376	306
-13	404	1336	322
-12	415	1338	318
-16	415	1277	318
-19	388	1217	343
-9	405	1180	323
55	432	1183	312
51	311	1068	439
12	328	1112	416
8	312	1096	419
2	326	976	414
34	372	1101	365
18	340	1108	404
-9	319	1275	408
11	328	1267	412
7	319	1245	427
-7	324	1253	404
-11	328	1256	416
-16	337	1233	397
-8	330	1231	400
2	384	1220	363
-2	362	1281	367
4	347	1297	367
-16	357	1296	386
-10	394	1305	349
-8	413	1313	317
-4	408	1260	326
-24	384	1252	345
25	425	1215	314
14	418	1253	306
8	426	1276	290
1	416	1272	305
-1	419	1277	304
-2	417	1271	303
-1	395	1289	330
-18	394	1294	332
-23	368	1302	344
-28	399	1310	344
-38	388	1350	327
-22	331	1354	383
-2	361	1324	360
-18	360	1324	343
-2	385	1329	329
0	342	1315	378
-9	364	1297	350
10	393	1323	346
-10	371	1299	340
-16	373	1330	354
-30	378	1340	344
-20	355	1336	367
-2	363	1313	356
-4	360	1309	350
-12	352	1337	342
-23	345	1360	375
-19	345	1326	373
-1	348	1332	387
-20	364	1337	341
-4	375	1333	335
-29	355	1352	381
-12	363	1310	341
-25	370	1339	322
13	397	1287	304
19	399	1285	288
-2	389	1297	298
-3	383	1304	304
-2	299	1288	401
10	286	1270	419
-10	296	1288	414
-9	320	1098	344
-24	281	967	376
4	274	994	381
131	320	921	327
15	310	989	300
54	330	986	302
-27	289	1010	331
-21	329	1067	284
33	314	1023	314
-23	321	1042	307
66	327	1000	294
0	325	1051	316
-1	351	1112	300
69	306	1034	366
7	342	1094	310
68	315	1059	366
19	361	1140	321
1	338	1157	364
-1	316	1188	389
-16	354	1226	359
-9	344	1229	353
-4	355	1264	370
-26	358	1331	363
-11	379	1307	333
-25	347	1335	365
5	373	1291	354
-29	371	1306	356
-8	365	1270	342
-25	345	1234	382
-28	356	1198	381
-11	365	1246	364
-8	344	1283	379
15	375	1268	364
26	352	1258	369
-7	354	1286	365
6	367	1267	344
-10	370	1315	352
-4	410	1298	303
1	421	1302	289
-6	434	1315	284
-29	422	1337	278
-7	430	1336	292
-5	435	1303	277
-33	417	1333	297
-10	415	1297	296
-17	351	1217	363
-2	377	1119	352
-13	409	1205	300
-17	415	1296	303
-26	411	1306	294
-18	356	1268	340
-2	360	1207	347
-25	329	1261	368
-10	297	1241	403
-17	328	1233	377
-25	325	1276	385
-4	331	1268	366
-2	319	1266	379
-30	312	1297	410
-24	322	1287	383
-7	321	1300	377
-1	320	1282	388
-13	328	1309	377
13	330	1290	361
21	320	1270	396
1	308	1269	388
-1	314	1288	400
6	310	1281	415
-25	307	1301	402
-12	314	1307	405
-18	318	1336	420
-48	311	1350	354
-140	339	1391	337
-96	343	1387	285
-210	340	1450	295
-369	328	1540	304
-272	344	1593	299
-209	323	1539	312
-287	347	1532	291
-205	332	1500	310
-345	327	1410	298
-103	352	1407	272
-184	346	1440	298
-100	361	1364	281
-224	352	1411	295
-175	363	1471	276
-80	349	1359	287
-216	327	1291	314
-155	340	1137	307
-77	346	1042	289
-34	361	954	287
-26	361	956	300
-56	358	1000	296
-44	373	988	294
-76	329	1022	318
-88	351	1056	309
-92	368	1057	292
-10	361	1042	297
-20	362	989	281
17	356	958	269
-19	340	1005	268
-14	356	1018	253
0	346	995	254
-16	376	1017	212
-33	373	1031	211
61	366	969	246
11	343	1013	269
8	357	1036	270
-8	367	1039	247
116	365	950	280
110	355	947	291
191	408	877	238
234	347	846	304
292	334	797	327
356	364	745	299
364	343	736	320
324	362	792	298
331	360	798	303
328	349	800	314
311	366	828	307
313	326	850	359
317	354	867	329
294	354	900	333
283	350	913	343
275	346	948	349
289	347	963	351
284	355	978	346
292	336	991	369
274	357	990	338
288	344	983	353
285	332	991	383
261	345	1006	335
249	346	1031	334
232	359	1052	317
229	359	1066	326
234	368	1055	321
225	357	1063	339
198	369	1081	328
178	370	1099	313
172	360	1101	332
159	378	1130	337
115	355	1167	364
56	384	1221	338
45	379	1243	352
92	388	1192	327
30	387	1235	345
85	351	1187	374
64	409	1201	311
237	368	1051	345
222	383	1015	351
191	380	1031	359
130	381	1092	356
216	376	1056	349
160	362	1086	375
68	381	1138	370
171	389	1102	352
70	371	1137	361
218	401	1054	334
209	410	1020	319
192	402	1057	322
193	395	1014	319
124	380	1036	337
88	384	1057	347
99	410	1109	330
23	393	1117	331
5	353	1180	390
0	408	1160	319
82	432	1175	310
42	392	1186	333
0	410	1220	322
-4	432	1247	288
21	411	1241	304
6	437	1219	296
0	434	1252	288
9	432	1243	283
107	410	1135	311
27	445	1187	274
131	413	1142	303
59	396	1190	328
12	410	1258	319
9	415	1277	313
-12	401	1301	308
5	415	1278	294
28	429	1258	278
12	413	1251	278
28	423	1256	280
-8	403	1302	303
5	407	1285	298
24	418	1266	287
-8	397	1303	311
-1	418	1313	308
-9	417	1303	299
12	408	1292	313
-15	411	1310	308
-7	424	1320	283
20	419	1266	294
7	419	1287	310
-6	411	1306	305
-5	427	1304	283
-31	417	1343	287
0	435	1302	275
-29	438	1330	272
-3	451	1310	257
-18	454	1332	257
-27	433	1342	280
-19	438	1319	278
10	452	1275	261
-14	458	1315	252
-10	457	1307	251
-34	463	1339	243
-26	457	1334	246
-23	434	1336	277
-9	429	1299	287
-16	437	1306	271
-45	419	1352	295
-30	402	1324	313
-5	387	1311	323
-7	418	1318	296
-20	399	1323	311
-24	389	1325	319
-21	406	1313	308
-28	398	1324	309
-23	392	1313	351
-31	381	1339	338
-30	365	1320	348
-22	379	1306	368
-19	413	1300	312
-32	385	1315	339
-48	377	1338	345
-25	407	1327	333
-30	402	1329	329
-32	398	1295	326
-53	402	1333	317
-53	382	1334	328
-53	408	1347	328
-65	402	1372	311
-70	379	1377	324
-52	385	1348	322
-44	354	1313	343
-26	404	1321	316
-28	392	1281	320
-24	402	1244	327
-25	389	1177	333
30	370	1258	352
-6	387	1264	332
-22	407	1231	328
-42	373	1058	356
47	415	949	329
94	401	849	326
96	399	901	331
4	386	852	334
-2	397	836	326
249	423	781	297
255	411	647	312
302	443	638	270
247	436	612	296
343	414	554	312
441	460	492	263
427	454	466	267
480	459	431	263
486	468	379	256
