94	160	727	555
42	157	819	544
19	167	830	526
20	192	835	519
13	172	869	537
45	171	782	549
24	170	815	531
10	165	862	559
19	158	864	541
4	161	966	552
-3	148	1016	566
11	165	882	523
43	179	797	537
3	167	884	532
32	174	809	543
39	168	799	533
32	179	801	541
26	153	845	561
36	157	830	537
18	152	877	559
50	148	809	551
59	142	806	559
67	161	775	562
22	156	852	555
18	155	851	548
24	157	899	571
19	140	831	555
36	144	824	567
42	158	807	533
25	149	819	552
10	150	839	547
19	163	827	537
47	172	774	537
34	170	807	549
45	169	784	552
29	175	798	529
43	156	777	554
76	173	733	549
60	168	742	541
54	177	753	544
56	184	750	544
58	188	763	541
109	171	640	537
125	176	627	553
63	180	715	547
44	182	790	539
32	177	761	555
40	159	745	572
39	160	747	571
63	183	698	535
49	175	711	540
46	169	703	531
28	162	738	555
23	143	850	575
19	133	906	556
6	149	909	556
0	131	926	579
-1	148	972	567
-11	144	897	564
6	149	910	564
15	128	933	577
-15	120	1020	577
-20	144	985	561
2	135	958	580
7	130	955	567
-5	173	939	540
-25	139	1006	572
12	136	894	550
-1	134	949	564
13	139	919	566
19	152	879	552
7	133	917	578
2	145	913	553
20	127	893	564
-8	136	948	565
17	131	892	581
39	108	830	596
-6	134	944	590
2	129	924	589
26	118	848	593
13	110	892	597
4	131	915	568
15	147	915	563
8	128	913	590
3	130	917	579
9	126	895	589
-2	163	976	544
-11	137	978	578
6	128	950	583
-8	146	975	570
0	137	958	580
19	126	844	592
20	142	877	567
20	128	884	584
16	114	938	597
-11	156	984	555
12	132	966	573
-14	136	1021	572
-15	148	1039	554
3	143	977	550
-17	149	1025	558
7	169	1016	546
3	188	965	518
9	198	1010	503
19	186	1006	514
7	183	987	515
32	191	975	518
17	189	1018	511
17	204	1014	507
11	190	1028	512
30	195	985	517
18	184	999	513
10	181	1037	526
11	202	998	495
18	192	1025	523
19	177	1038	532
1	165	1043	526
0	162	1061	548
-2	154	1021	525
29	175	961	525
23	128	1014	575
-3	140	1047	552
-19	164	1104	556
-12	136	1052	582
11	123	1065	577
-10	127	1052	579
-8	145	1064	556
-9	120	1102	575
-16	132	1059	587
-4	127	1106	572
-9	126	1069	561
-11	137	1087	587
-4	153	1057	574
-27	126	1110	568
-46	135	1147	566
-24	130	1097	591
-39	121	1134	604
-8	130	1052	580
-2	139	1029	591
-32	136	1138	579
-33	139	1108	585
-16	143	1083	580
33	146	1018	569
42	131	1016	593
1	131	1026	582
19	143	1010	569
-11	133	977	591
-33	134	1098	562
-61	117	1025	610
-32	140	1116	536
-34	160	1079	519
-31	132	1038	570
-77	114	1111	585
-250	110	1128	629
-43	55	1039	682
-33	57	936	702
-134	113	973	567
-3	67	870	634
2	68	808	636
16	61	739	650
-27	69	682	648
15	32	757	673
20	24	754	673
1	42	748	668
23	49	610	689
31	60	585	660
54	55	587	681
99	33	540	688
67	27	586	697
45	50	612	689
25	43	638	673
9	56	660	654
8	63	617	648
6	69	604	658
11	66	575	666
12	80	588	643
18	76	667	655
39	71	681	645
77	76	600	650
99	91	587	629
113	84	615	641
142	90	593	630
153	79	641	644
195	74	621	648
224	80	552	644
234	83	623	655
216	92	637	645
262	84	615	640
248	88	614	625
286	101	621	613
249	114	713	612
229	115	740	632
86	96	850	647
30	123	888	608
-20	142	975	588
3	133	936	574
-9	158	974	547
-31	163	979	567
0	181	995	540
-23	177	1031	549
13	199	1015	513
-12	228	1023	470
-1	233	984	488
-16	212	1017	505
-20	219	1042	513
-32	215	1095	521
-19	202	1064	514
-21	208	1079	512
-15	218	1087	495
-3	224	1088	493
5	235	1111	479
-9	216	1084	503
-17	209	1141	507
-16	226	1146	493
5	233	1101	484
-18	221	1120	500
-3	220	1111	486
1	220	1090	497
8	230	1107	486
-6	214	1100	499
3	221	1078	483
-13	217	1127	503
-1	215	1092	488
1	213	1091	511
-3	204	1095	499
6	203	1065	507
5	191	1040	513
-2	189	1084	518
6	189	1054	520
0	182	1057	526
17	181	1038	532
-6	184	1076	520
4	196	1098	505
15	190	1062	515
4	193	1087	533
9	185	1067	528
5	196	1070	516
26	211	993	483
42	234	884	476
55	226	817	484
83	215	766	511
77	221	815	495
62	216	909	508
44	212	925	494
64	231	949	497
56	192	990	523
13	189	1086	526
26	182	1103	537
9	135	1137	575
20	158	1149	557
6	177	1153	542
0	192	1172	537
28	221	1157	495
7	262	1084	487
9	265	1120	467
7	268	1071	453
30	286	1012	459
16	283	1024	431
11	301	1049	434
14	298	1047	439
8	299	1049	426
-5	297	1002	418
-7	289	1006	426
23	295	939	413
12	290	949	433
31	281	896	440
4	279	950	438
35	264	916	466
95	265	818	432
102	268	835	426
15	272	944	425
-9	262	978	435
22	239	926	455
1	244	964	442
33	225	922	465
32	218	940	443
10	201	981	455
1	197	1015	464
1	193	1033	489
10	157	1027	517
1	173	1043	508
-14	183	1060	506
-24	163	1082	522
-1	177	1042	461
10	163	1036	538
11	188	1025	489
12	182	1036	513
-2	171	1053	512
-9	170	1066	519
22	173	1023	528
17	185	1022	506
1	184	1036	507
2	178	1046	532
-6	172	1069	528
1	175	1098	540
-11	175	1087	515
-17	180	1131	519
0	194	1070	495
13	185	1048	510
13	159	1041	546
3	178	1050	523
-7	183	1068	525
0	157	1029	554
8	161	1028	549
7	166	1008	540
-8	178	1016	523
-11	170	994	530
20	174	947	527
18	171	937	542
11	148	931	572
-10	164	939	513
-7	168	920	524
1	173	899	510
12	145	866	530
18	164	842	533
6	163	833	545
12	161	815	537
21	155	790	560
27	135	846	579
54	114	940	590
7	150	963	529
12	126	979	590
20	142	928	532
39	150	935	565
-1	150	968	549
-11	144	982	549
-29	139	981	566
-4	148	978	560
-35	163	999	551
-30	148	1023	541
-32	163	987	546
-21	152	980	548
-35	151	999	561
-16	157	963	523
-20	148	994	567
0	159	960	553
-8	165	982	536
-2	179	993	532
-1	192	995	514
-40	171	1056	531
-9	158	997	544
-22	175	1027	543
-35	180	1022	521
-33	156	1031	541
-38	163	1042	565
-16	156	1012	571
-5	161	991	535
-12	168	985	527
-12	169	985	542
1	188	972	519
-35	189	1035	508
-41	185	1016	520
-5	189	955	522
15	186	949	535
-19	192	960	523
-11	193	972	524
-37	205	1007	492
-32	209	1000	499
6	204	930	501
-13	217	978	480
-21	218	982	472
-6	222	986	470
-4	196	965	491
0	207	966	501
-4	187	978	507
-10	179	993	515
-14	193	975	502
-14	194	981	501
-28	194	1006	498
-34	198	1034	511
-46	198	1058	502
-41	206	1028	486
-33	200	1013	504
-37	188	1040	507
-26	187	1014	509
-29	171	1019	518
0	182	983	509
-7	172	983	555
-1	180	952	513
-7	197	990	513
-5	190	980	506
-16	195	1017	489
11	184	994	527
-14	181	988	515
-2	189	939	483
15	196	925	507
-11	186	986	514
36	190	937	506
3	201	1000	498
5	203	997	480
-8	211	1027	476
-19	215	1049	466
-3	203	1012	477
-11	203	1011	484
-2	213	988	454
15	211	976	486
-13	211	1024	469
1	208	1010	479
3	190	991	494
8	193	998	495
-3	203	1015	506
-15	206	1014	496
-10	195	1014	490
-6	196	1023	486
-8	187	1042	504
-4	190	993	487
-1	196	995	513
3	182	1013	507
-3	203	1030	509
-21	188	1008	515
3	208	1025	498
0	202	992	488
-13	199	1039	496
16	213	1023	486
-3	212	1027	480
-6	208	1031	503
-26	196	1049	514
-30	207	1069	494
-10	216	1033	474
-4	211	1039	480
-8	222	1052	476
2	223	1058	483
-20	212	1067	472
-14	213	1058	485
3	202	1036	518
1	209	1034	498
13	221	1032	492
25	211	1023	501
33	181	1006	525
32	177	990	547
0	202	1041	511
13	190	1027	517
-4	186	1054	517
22	174	999	531
20	169	1010	542
5	195	1025	524
10	211	1058	502
4	193	1034	514
-15	197	1087	503
-11	201	1074	487
-7	205	1070	482
18	198	1035	495
22	218	1041	482
4	226	1069	475
-25	223	1110	490
-16	218	1110	478
-17	206	1104	496
-35	204	1107	486
-6	215	1085	479
0	221	1081	475
20	230	1066	466
-30	197	1112	506
-2	204	1086	498
2	222	1090	473
-2	232	1086	466
4	233	1083	470
10	221	1057	458
12	231	1061	448
-25	235	1096	459
30	224	1029	464
20	234	1036	456
1	249	1070	452
-29	236	1113	473
25	235	1056	469
-13	235	1091	464
1	228	1096	484
-14	230	1102	457
-2	236	1084	452
7	233	1067	451
4	235	1083	453
-14	227	1106	463
-9	231	1103	459
24	204	1092	505
19	199	1091	495
-9	206	1133	488
-19	169	1133	533
-17	197	1163	501
15	201	1083	486
-13	206	1115	483
-9	205	1136	489
47	210	1071	482
-1	202	1102	484
30	214	1081	472
-7	216	1127	461
-35	219	1158	473
-10	224	1139	480
-13	222	1148	471
18	221	1100	474
-26	227	1173	475
10	219	1136	484
0	225	1128	473
-38	226	1178	476
-12	210	1137	487
19	205	1111	488
4	211	1120	496
0	219	1128	482
9	211	1117	489
-12	201	1129	503
4	200	1112	494
7	191	1140	514
-21	198	1162	497
-1	221	1131	492
12	195	1125	513
-36	189	1185	509
-11	204	1162	511
-18	216	1195	504
-27	230	1182	473
-35	215	1155	483
-11	233	1133	469
-44	229	1188	471
-8	229	1124	473
-12	221	1143	472
-1	237	1120	452
-25	246	1161	447
-48	252	1199	449
0	236	1126	483
-30	220	1151	474
-6	233	1135	477
22	236	1106	475
-24	211	1145	499
-9	211	1149	504
33	219	1084	477
5	222	1089	483
2	216	1103	483
-7	221	1145	478
-3	232	1135	456
-2	233	1107	452
30	233	1096	455
30	233	1094	464
28	225	1107	469
3	237	1077	451
18	225	1134	471
-7	237	1140	448
3	223	1106	470
-5	244	1091	453
41	240	1028	462
-2	229	1094	462
-10	225	1053	463
7	236	1029	458
0	253	990	433
32	240	957	450
44	261	877	421
34	265	880	427
4	259	894	421
-12	257	925	427
13	262	885	407
23	268	870	394
28	268	876	412
16	276	907	385
-5	265	922	401
-9	266	937	398
-10	261	941	418
-7	260	957	423
-17	258	1014	420
-12	258	951	436
3	260	955	430
-3	256	946	420
17	240	919	445
26	241	920	477
24	240	875	452
17	247	856	440
74	240	764	468
99	245	694	437
140	252	637	424
170	261	557	436
173	257	526	420
156	259	493	421
81	273	539	400
31	277	576	395
-10	263	636	417
8	268	600	401
9	264	603	400
20	239	577	440
20	247	590	436
24	249	596	412
11	213	625	443
21	207	615	468
48	203	574	416
61	205	583	389
86	175	574	459
92	176	585	457
105	179	593	444
106	178	601	456
61	169	668	512
29	168	730	527
6	212	722	489
51	180	672	518
21	198	712	503
3	218	772	483
11	209	755	468
12	200	789	517
0	178	829	516
-1	170	818	518
-2	172	796	541
15	189	798	522
12	158	801	545
9	161	833	564
14	165	830	543
9	146	857	553
26	205	803	505
3	244	883	455
21	245	896	460
8	264	932	430
11	251	948	445
8	238	934	467
12	203	945	490
31	223	918	485
24	204	875	506
14	206	914	501
-1	203	962	500
2	220	924	492
12	226	868	495
139	252	876	447
50	286	947	412
48	267	948	448
36	265	989	440
35	250	997	464
51	214	1002	492
52	218	969	500
47	230	984	484
61	225	940	487
30	229	1008	468
32	269	1108	440
40	218	1086	511
43	222	1049	488
43	250	1132	460
27	263	1143	444
36	259	1042	463
29	234	1106	463
28	188	1135	531
29	221	1083	480
14	239	1178	462
28	227	1170	487
13	160	1211	571
19	196	1222	531
26	222	1195	476
37	224	1178	491
26	231	1178	496
-2	238	1230	457
12	257	1242	460
5	272	1237	463
43	266	1182	453
-8	283	1242	435
24	247	1226	474
71	262	1162	469
22	254	1198	454
19	245	1195	477
12	236	1234	494
65	263	1148	449
84	283	1133	445
47	246	1159	469
84	232	1132	491
121	272	1100	465
78	282	1145	428
61	275	1193	458
42	265	1210	462
41	268	1174	471
72	261	1183	465
88	273	1176	443
120	286	1137	428
123	274	1116	440
101	276	1123	432
69	281	1197	432
121	264	1142	441
131	280	1117	429
168	294	1046	431
124	288	1131	428
147	267	1075	434
150	274	1088	447
184	256	990	463
171	259	992	454
167	277	1006	439
214	278	948	438
152	277	1020	438
161	254	1028	462
148	271	1030	446
123	237	1058	471
170	214	974	493
95	238	1066	466
76	231	1117	477
13	234	1205	487
13	241	1210	484
-14	250	1216	488
-10	219	1214	523
11	257	1195	489
-53	190	1263	534
-14	222	1225	498
-2	153	1191	581
-2	180	1191	541
5	152	1216	566
12	131	1189	600
-7	145	1188	562
-19	258	1260	467
-16	223	1262	504
-10	213	1258	516
-37	166	1278	579
-42	188	1268	534
-39	215	1305	507
-26	203	1290	515
150	200	1125	516
160	248	1084	484
40	264	1189	456
-16	255	1198	490
-7	260	1098	479
-30	236	1112	484
147	199	1002	517
85	229	954	478
175	188	895	514
226	209	813	458
246	189	767	513
254	175	739	477
271	158	715	544
263	140	681	541
346	134	577	525
273	131	638	578
318	137	556	502
286	147	579	457
266	152	568	459
238	154	567	494
174	142	615	556
157	151	622	564
166	163	590	521
190	166	599	468
202	166	586	360
196	194	608	335
195	206	644	336
177	205	686	352
178	208	681	309
115	194	765	339
109	198	789	358
92	197	813	367
43	196	874	410
42	191	888	500
14	193	906	488
-6	166	951	523
1	137	939	534
3	161	939	526
4	175	925	444
13	176	931	430
21	182	941	372
10	177	953	364
6	173	969	460
22	178	912	390
12	172	941	486
5	175	923	455
12	173	925	432
17	172	881	386
21	195	907	375
31	201	842	342
14	197	857	473
8	228	839	330
12	222	823	411
26	216	771	411
44	225	724	339
64	236	686	309
72	242	670	306
35	244	681	296
38	242	670	327
15	240	672	337
28	241	624	315
50	244	586	305
29	247	581	304
15	259	581	289
14	252	574	320
18	250	546	321
12	256	537	314
-4	251	547	312
2	264	529	296
6	256	509	319
11	261	489	312
17	254	477	321
16	254	472	316
16	250	464	312
10	263	465	311
5	252	463	338
14	250	440	370
18	256	429	352
8	257	437	312
4	251	434	301
10	252	418	318
5	250	428	316
7	247	419	353
3	256	428	313
12	244	406	320
9	257	411	305
9	252	405	328
1	255	413	312
1	247	403	346
0	254	391	330
-9	253	418	319
-2	250	411	348
6	255	382	341
4	258	396	308
7	255	388	330
4	262	398	329
-2	250	395	322
-1	246	409	332
-5	239	416	348
2	242	410	334
0	243	416	322
0	237	410	323
2	235	410	334
-2	237	423	330
0	236	412	313
-6	232	415	332
-8	228	427	346
23	232	388	324
12	230	405	314
1	227	416	331
-1	229	422	331
3	224	417	337
3	230	433	331
3	227	427	323
4	224	424	324
11	230	419	335
4	233	432	318
9	232	424	307
10	235	424	299
15	231	420	323
17	229	421	315
7	226	433	317
5	226	436	323
9	224	430	327
10	223	430	334
13	217	430	332
17	216	429	320
13	218	433	318
14	209	428	324
14	211	430	320
25	212	418	322
21	213	416	310
15	209	426	326
11	217	433	339
22	212	416	323
19	215	428	324
17	215	433	328
29	218	418	327
37	215	411	344
21	217	439	317
21	218	453	321
19	217	452	350
48	219	425	316
30	216	444	332
45	216	434	314
15	213	463	322
22	211	461	340
21	218	470	331
35	212	457	340
40	214	453	320
14	216	487	323
24	210	480	333
51	218	449	301
69	213	444	316
23	204	487	332
27	204	483	330
22	208	494	323
37	206	477	314
70	212	446	308
79	202	437	322
69	195	459	339
126	198	402	323
115	202	419	307
84	197	453	345
97	200	442	310
58	194	481	339
68	196	468	347
70	192	473	326
101	203	450	309
96	198	453	316
109	199	436	323
75	200	475	326
94	208	457	306
24	203	518	335
27	204	523	333
16	208	540	315
28	222	525	319
71	207	489	357
32	213	529	312
24	214	542	313
37	208	526	333
17	201	546	337
58	204	506	340
103	213	454	320
138	210	426	300
144	199	416	305
123	204	439	299
81	201	479	321
70	208	496	315
144	197	420	318
135	209	434	311
158	203	405	307
167	204	398	298
141	206	426	310
156	205	411	312
151	205	417	303
136	211	424	302
150	211	413	294
173	211	395	288
103	211	465	297
120	207	440	292
90	210	473	296
104	202	461	317
58	206	508	337
16	194	550	323
7	210	571	316
50	204	525	333
71	211	499	329
49	200	523	327
33	190	537	328
45	201	529	318
25	196	563	321
44	199	545	313
30	212	554	299
17	193	586	326
18	203	578	327
51	198	537	342
80	196	519	327
34	205	566	321
63	205	534	312
40	203	562	324
26	198	580	340
13	196	590	322
36	206	565	317
45	193	566	322
32	202	567	316
38	198	580	294
30	201	580	292
169	188	493	319
212	180	409	309
204	180	418	307
197	182	424	295
199	178	425	301
173	186	453	299
154	171	471	321
214	172	417	313
224	173	406	307
230	171	401	315
246	171	379	293
200	176	433	288
217	166	415	324
211	163	422	319
186	160	458	380
143	164	510	443
100	158	570	533
57	158	616	531
29	172	660	516
17	168	668	519
8	172	669	522
4	183	687	523
15	175	675	529
-3	178	708	525
13	198	715	513
7	189	722	528
-4	194	706	548
-4	196	731	541
12	219	726	527
7	210	736	534
6	195	734	539
7	209	795	536
9	186	829	546
30	180	825	542
50	192	801	528
44	182	831	540
67	199	754	540
102	177	770	550
94	224	696	522
87	259	689	477
183	203	675	517
162	187	741	530
200	180	698	540
235	190	657	545
288	225	560	509
322	184	613	550
201	212	666	527
248	191	664	538
310	186	652	537
204	185	723	540
145	202	843	529
60	205	922	539
3	185	1043	550
2	192	1060	540
3	203	1063	540
6	196	1096	542
-10	208	1130	530
8	217	1089	506
27	221	1119	521
27	189	1171	547
83	176	1073	544
37	221	1169	513
61	190	1126	531
62	224	1126	519
26	221	1208	522
29	216	1191	517
30	204	1205	515
9	235	1235	500
7	221	1242	510
-9	254	1258	477
4	251	1228	481
-3	235	1258	481
42	266	1225	470
3	240	1270	499
20	252	1226	485
42	249	1215	500
46	260	1182	468
64	239	1170	498
60	244	1172	483
33	277	1201	463
52	283	1170	466
31	292	1228	458
32	278	1214	469
81	259	1147	472
70	265	1174	470
51	252	1160	463
31	270	1222	463
62	267	1145	462
31	273	1212	461
36	270	1228	477
28	277	1224	471
31	266	1238	470
51	250	1198	484
31	252	1214	485
70	262	1168	485
49	246	1192	491
33	245	1221	487
33	263	1223	476
25	237	1220	487
41	271	1179	466
24	287	1247	466
38	276	1180	481
24	252	1231	490
56	247	1207	494
24	228	1230	509
43	218	1210	517
20	227	1220	500
27	241	1211	486
56	247	1188	508
34	241	1221	491
-4	231	1261	497
28	239	1217	479
7	221	1251	490
10	252	1239	490
28	230	1221	517
4	236	1244	486
40	250	1207	485
2	223	1236	474
5	245	1248	502
11	245	1253	500
42	226	1206	514
19	241	1212	493
35	207	1212	531
26	232	1213	500
11	243	1208	495
49	243	1143	479
12	230	1211	495
28	223	1173	497
82	224	1138	511
29	214	1195	497
8	238	1230	503
35	230	1197	499
36	228	1184	505
29	229	1196	497
48	215	1188	515
71	251	1139	493
-5	248	1211	480
32	262	1164	473
93	263	1080	472
31	251	1140	477
75	250	1113	472
83	265	1117	465
23	268	1187	465
43	255	1136	483
61	268	1104	479
57	271	1110	463
87	260	1081	477
59	255	1088	476
53	276	1052	455
33	261	1081	471
42	246	1061	487
32	261	1093	469
46	261	1082	457
56	264	1062	475
53	248	1087	473
60	254	1091	487
48	252	1098	482
69	263	1045	468
72	247	1069	494
52	247	1094	488
50	254	1072	494
76	250	1052	488
35	250	1127	483
31	229	1082	516
48	227	1075	499
28	242	1091	506
32	249	1091	477
58	234	1057	511
50	235	1036	493
68	247	1042	499
54	232	1072	501
38	252	1077	469
32	228	1093	501
17	234	1114	513
39	229	1111	491
38	244	1034	485
55	245	1035	488
14	246	1086	489
10	233	1114	491
25	241	1091	506
45	264	1015	474
48	241	1028	482
52	253	1038	485
27	261	1074	463
47	235	1074	497
13	242	1062	509
0	258	1127	494
15	259	1103	467
36	262	1074	465
53	258	1014	479
14	246	1092	500
11	235	1063	492
43	240	1028	490
28	249	1059	482
2	239	1084	493
15	262	1058	486
20	240	1067	493
13	254	1054	492
18	253	1033	484
24	255	1034	480
13	231	1051	487
3	241	1048	499
20	231	1017	494
10	245	1057	487
10	246	1055	502
22	246	998	473
5	246	1059	500
11	240	1049	484
14	264	1050	478
-7	232	1058	499
18	256	1038	478
6	241	1054	468
9	263	1055	479
28	222	1029	494
23	243	1055	505
9	230	1035	493
8	246	1036	491
9	247	1063	492
2	230	1070	491
-9	244	1082	496
4	261	1057	479
11	259	1054	466
1	235	1049	502
23	240	1005	485
14	237	1052	511
17	210	1038	515
6	240	1032	497
-8	236	1090	517
-6	225	1067	511
-2	246	1035	483
8	255	1032	488
-6	245	1024	482
16	262	987	484
-8	238	1074	499
-15	258	1054	486
-4	233	1038	487
6	247	983	492
5	254	1021	468
-4	271	1014	480
15	260	1016	481
-8	247	994	479
1	261	947	471
-8	281	1001	457
5	270	982	463
-1	284	978	440
4	276	983	441
19	290	976	447
24	271	940	459
25	264	949	469
20	271	937	465
5	238	965	481
7	241	902	489
-8	252	923	489
-11	252	943	488
1	261	982	484
-5	244	939	479
27	271	889	477
5	230	957	518
15	222	922	502
13	263	953	474
9	250	960	486
19	238	1005	504
18	242	978	489
26	243	960	509
23	240	1042	500
35	229	971	502
31	227	1001	511
42	216	912	511
62	226	952	519
75	242	915	489
53	230	947	513
71	243	979	492
48	239	984	474
73	238	961	507
70	240	985	504
79	234	970	485
59	245	1017	488
60	233	1094	491
74	238	1030	490
117	251	953	482
164	239	923	488
190	225	802	497
190	266	790	461
171	229	856	500
171	237	834	477
174	253	810	480
190	260	824	463
135	264	909	463
172	256	851	474
158	247	869	475
164	254	797	470
148	228	862	504
150	245	803	474
141	253	915	489
124	234	981	495
151	257	901	472
131	237	914	487
176	214	798	502
163	215	818	524
148	197	831	537
132	233	845	496
183	226	712	498
140	208	796	530
101	228	892	511
72	226	947	505
57	237	971	501
49	245	996	502
37	253	995	480
22	232	972	479
32	226	926	489
27	230	891	492
24	252	949	485
40	217	884	518
36	213	918	519
32	212	911	509
27	231	971	490
16	233	991	492
19	224	1025	511
21	206	1017	520
53	230	899	496
26	218	1000	517
40	220	898	499
39	202	939	526
32	220	988	523
24	213	999	521
53	229	971	507
38	216	1020	522
43	210	948	518
56	237	988	493
54	249	1042	485
47	233	1077	490
84	234	953	496
136	228	924	500
149	226	825	494
170	215	843	519
124	219	919	518
193	206	846	522
182	210	831	505
185	237	830	508
204	214	808	509
208	214	808	501
226	229	767	500
220	211	779	512
223	229	757	507
254	220	714	498
269	199	708	531
259	225	792	504
220	217	778	509
227	225	865	504
238	226	1007	491
121	238	1104	488
3	212	1272	514
105	209	1175	519
60	223	1209	509
142	215	1127	481
161	223	1075	483
154	216	1092	488
75	215	1197	492
103	192	1169	526
198	199	1035	505
186	202	1056	507
157	209	1091	493
146	211	1086	477
38	227	1234	468
75	188	1193	516
149	220	1102	502
134	232	1110	473
181	229	1052	469
194	220	1029	490
184	212	1062	480
188	187	1062	512
146	168	1112	512
151	156	1145	541
133	137	1163	575
99	148	1150	569
108	156	1098	569
81	114	1155	594
75	117	1141	588
66	133	1170	575
61	95	1164	610
28	76	1207	632
19	112	1221	602
14	103	1233	593
5	107	1216	590
21	89	1245	598
19	87	1206	605
52	81	1223	607
26	79	1202	603
9	97	1263	644
1	127	1247	585
16	75	1262	642
5	124	1242	600
-14	130	1254	598
6	105	1247	613
13	172	1242	543
44	92	1210	631
17	115	1256	618
9	124	1260	600
17	164	1216	546
5	120	1247	640
-5	136	1235	580
-3	100	1249	620
8	119	1259	617
11	110	1219	612
0	125	1250	605
9	142	1209	570
-10	137	1232	570
-6	148	1233	576
12	141	1151	573
-7	147	1100	562
8	132	1095	583
0	150	1060	542
-14	145	989	565
155	126	1068	600
0	156	997	553
5	160	971	547
-11	173	974	544
-6	188	958	525
-24	175	979	529
-37	170	962	539
-2	176	923	515
0	153	1005	555
-15	168	1095	514
9	139	1193	570
5	93	1225	629
0	120	1209	588
1	110	1210	579
-3	121	1211	566
-1	156	1151	519
14	119	1191	573
2	102	1184	583
13	130	1125	571
-2	106	1116	561
37	102	1037	602
50	78	1016	582
13	61	1035	631
25	59	1025	624
-8	41	1072	663
22	42	1032	646
17	52	1020	674
-12	40	1047	648
-11	58	1043	611
-12	63	1030	586
-41	65	1082	579
-37	57	1049	605
38	42	1021	501
145	37	910	477
174	38	904	442
172	61	918	415
202	64	867	426
197	67	877	425
207	42	864	467
204	62	873	455
23	100	1030	427
-14	108	1057	462
-21	134	1085	487
-12	130	1087	522
-3	118	1080	570
-21	136	1114	565
9	149	1094	506
-75	170	1174	453
0	140	1083	563
46	142	1047	526
49	159	1068	504
46	174	1063	484
63	164	1057	532
54	160	1089	524
60	167	1060	515
38	147	1093	524
36	152	1101	539
49	137	1123	529
-1	123	1126	574
37	134	1112	501
50	120	1089	482
40	98	1088	520
26	89	1097	497
48	96	1056	498
18	78	1121	488
46	77	1090	490
49	85	1078	485
36	93	1049	488
20	97	1090	473
22	90	1091	510
42	99	1035	553
32	107	1070	526
22	116	1074	549
8	132	1086	554
39	143	1034	515
11	144	1096	517
15	143	1058	525
34	145	1055	536
4	147	1099	530
8	142	1100	489
26	145	1068	542
11	140	1119	522
15	141	1090	533
27	154	1099	518
23	156	1067	507
8	165	1112	526
-5	146	1125	527
-15	150	1143	516
-24	159	1116	521
9	163	1108	529
4	151	1102	527
-5	160	1118	516
-2	165	1118	507
-5	158	1116	520
-23	160	1142	534
-20	156	1143	514
-9	166	1115	522
-22	164	1152	510
-13	179	1133	519
-19	178	1140	506
-24	185	1132	499
-28	192	1136	486
-39	182	1159	500
-18	181	1123	510
-25	175	1139	515
-27	188	1152	505
-40	174	1189	502
-36	168	1174	504
-31	179	1176	499
-21	178	1169	523
-21	176	1184	496
-18	175	1155	504
-25	171	1165	497
-13	169	1151	541
-23	165	1171	514
-14	182	1159	500
-6	184	1102	514
-6	157	1018	537
-24	178	989	515
-5	155	932	550
-16	171	909	533
3	186	852	516
0	158	833	553
18	173	798	534
13	161	784	516
-12	172	811	505
10	195	796	518
3	167	811	527
14	170	794	534
13	163	804	519
-6	176	840	555
-6	178	864	524
3	186	835	495
-2	182	877	501
-23	207	912	508
5	174	867	491
3	172	906	568
1	180	924	538
15	182	908	511
-12	177	952	537
-5	197	949	500
16	201	959	499
3	201	970	498
-4	208	994	497
6	239	998	477
-10	235	1025	455
14	254	984	476
4	253	1031	448
18	256	1008	467
9	247	1022	457
22	257	1002	462
27	237	1002	475
8	232	1037	469
9	243	1037	467
21	245	1012	458
-5	240	1025	459
8	238	949	457
7	261	900	451
110	260	898	438
14	247	982	441
8	245	961	460
1	231	985	472
6	195	910	514
20	228	800	476
22	228	832	481
24	212	799	496
181	205	729	502
83	212	765	490
27	209	804	497
-1	207	834	492
18	201	985	516
13	227	881	476
2	227	849	479
16	212	822	493
195	201	787	477
172	194	734	499
64	214	773	494
15	211	842	501
8	202	831	504
86	209	952	473
38	195	942	499
11	205	824	481
15	224	829	483
19	218	818	496
13	229	805	468
11	225	813	475
19	213	802	506
11	196	817	531
14	177	797	531
13	186	781	544
12	192	793	530
-3	186	824	534
16	199	797	529
49	198	767	539
92	192	745	525
113	191	724	521
117	197	730	520
101	179	758	534
143	200	729	519
141	185	726	536
117	199	766	502
184	188	704	535
168	180	746	547
190	183	731	539
205	175	718	543
211	175	726	537
205	184	753	520
236	188	736	508
241	185	736	526
246	182	739	523
253	204	762	510
297	193	708	509
340	193	678	512
338	190	693	515
356	192	699	516
374	203	698	499
354	204	718	510
288	182	786	537
189	195	868	504
186	196	842	513
218	191	807	533
220	160	762	549
226	136	742	596
228	137	717	603
241	139	684	596
190	132	734	573
164	121	754	592
171	86	739	603
152	99	782	602
107	79	856	628
90	90	882	595
87	84	891	620
124	72	847	625
144	87	834	602
146	88	826	609
138	78	844	607
150	95	826	613
162	88	818	612
148	100	853	622
133	96	866	599
106	102	900	608
132	88	869	616
153	109	840	601
153	101	831	576
109	113	877	604
139	109	835	581
139	113	819	578
126	101	833	605
98	89	867	612
81	101	885	596
82	98	892	606
74	104	882	591
70	101	884	591
86	117	858	572
108	105	746	579
87	117	801	569
87	114	808	566
72	112	828	578
62	124	844	552
63	122	819	576
57	143	825	549
57	133	827	558
46	147	838	554
45	123	805	550
44	145	814	547
12	126	860	546
0	125	879	551
13	133	854	563
16	119	852	563
-4	119	871	583
7	115	797	573
20	101	663	598
17	113	664	591
14	104	644	582
8	99	642	584
6	103	634	585
1	101	645	584
2	106	631	577
-10	98	622	583
-1	86	637	588
-18	96	638	587
7	83	600	588
7	93	606	571
-1	88	620	563
-16	95	612	564
-3	92	617	576
9	98	589	591
12	92	593	600
-3	107	603	577
-2	116	597	553
6	109	604	550
-15	108	618	580
4	110	599	571
-6	118	611	570
-4	119	599	565
-7	129	613	558
-1	117	600	580
-12	121	623	566
-11	124	612	555
16	123	582	552
18	132	594	561
15	133	598	539
-6	125	623	572
8	139	629	560
2	141	650	569
-3	138	636	563
2	142	670	554
9	133	653	569
5	142	661	556
7	135	666	563
3	138	662	566
7	138	674	556
7	136	675	567
19	131	647	566
10	136	682	564
13	135	668	571
14	145	660	558
21	142	659	564
17	154	660	551
20	150	635	560
3	150	666	576
15	152	617	550
25	170	564	542
54	175	509	542
60	165	471	544
33	176	505	542
46	178	486	544
9	180	518	543
11	178	519	551
21	176	515	546
31	171	486	556
21	180	505	552
4	167	520	563
36	183	498	553
5	170	526	553
23	174	502	554
39	177	497	547
24	167	512	556
42	170	508	565
39	167	501	559
159	166	457	542
90	183	459	556
71	171	478	545
128	181	429	554
140	172	418	559
159	171	403	557
163	170	406	559
156	168	407	557
162	179	407	546
194	177	381	553
159	175	420	548
170	176	417	566
169	175	419	555
124	171	460	559
122	175	462	567
89	170	500	554
102	179	484	561
160	181	421	544
133	175	446	549
151	183	418	550
115	183	464	552
98	185	485	554
118	178	461	546
110	186	468	550
107	188	472	538
113	201	472	539
110	183	476	559
137	202	457	525
158	205	437	537
142	195	464	541
151	211	453	523
164	207	440	530
173	196	431	538
152	205	457	546
200	199	408	527
150	201	461	556
151	210	462	525
165	206	445	532
189	209	432	527
211	193	402	541
243	209	381	518
179	199	438	537
196	205	418	532
193	197	418	538
157	197	460	552
161	194	443	541
90	196	515	547
110	201	483	542
111	181	467	556
116	194	470	545
60	188	524	558
56	177	528	569
32	182	559	558
33	172	548	567
36	162	551	582
39	171	535	575
35	161	539	573
38	173	522	562
64	177	494	560
18	164	548	573
34	183	527	551
65	181	496	550
70	188	493	547
62	179	507	554
73	183	496	541
114	186	451	543
76	184	489	543
90	183	477	542
85	184	482	552
64	188	507	547
50	187	528	547
48	186	528	543
48	186	527	544
74	183	496	545
61	180	513	557
84	173	486	553
123	182	432	541
86	165	479	563
52	172	523	570
67	172	496	559
52	177	524	556
44	171	529	565
56	171	525	566
72	175	515	557
61	170	525	556
65	177	520	560
54	167	535	562
54	174	545	574
68	181	520	551
24	162	567	570
19	158	576	572
39	171	578	550
19	169	600	557
34	171	641	555
19	165	679	564
49	164	677	566
34	157	731	574
34	164	727	576
41	159	773	579
28	155	736	565
37	157	755	565
46	158	706	561
45	169	714	559
23	172	750	551
38	166	730	564
73	173	659	562
94	191	653	535
57	192	691	531
57	180	696	546
35	177	709	554
38	177	708	549
40	166	721	552
29	181	736	559
40	162	720	560
31	165	739	560
36	187	734	551
55	200	682	521
39	181	714	546
35	180	724	538
23	182	722	540
31	186	728	532
28	195	745	538
20	190	748	535
22	184	727	540
31	175	705	563
29	185	725	547
26	183	739	539
18	193	730	551
24	175	738	562
15	187	726	553
17	191	729	542
30	186	705	537
30	190	706	532
24	167	719	539
40	192	692	545
35	180	693	551
35	183	688	550
39	179	675	533
38	187	681	533
38	184	694	554
33	193	688	540
35	193	706	540
38	196	685	544
36	197	701	547
27	200	700	535
33	190	705	539
32	189	687	535
37	197	666	538
44	198	620	538
61	202	564	528
34	195	580	533
10	209	581	516
25	211	541	511
36	214	517	514
34	212	541	526
53	204	575	540
31	191	618	544
47	195	636	538
60	184	650	555
63	183	673	563
57	173	708	563
53	152	835	545
85	170	891	541
12	178	943	537
35	155	981	549
6	170	893	546
51	185	932	534
27	148	878	580
2	153	1020	563
-25	175	962	521
18	158	978	566
-40	150	1002	561
17	161	984	538
17	169	886	557
28	161	963	538
9	156	940	549
2	165	929	569
29	177	965	529
0	159	986	552
-18	167	1002	535
-19	161	982	577
-8	167	1000	530
14	181	969	521
0	185	999	501
1	196	992	508
-11	207	998	483
-26	221	1038	464
-33	227	1020	475
-35	225	1033	499
-9	219	977	467
-8	227	959	491
-45	195	1047	495
-51	203	1077	485
-46	200	1050	518
-29	231	975	475
-25	225	935	472
-17	221	896	480
-24	246	874	452
-41	256	808	463
-142	235	889	492
-7	253	804	459
-11	251	835	472
12	202	1014	508
-8	191	1038	526
-45	208	1031	503
-26	208	1084	492
-11	196	1054	500
-3	199	1052	506
-10	196	1020	508
-3	195	1047	509
-29	204	1100	499
-20	220	1108	490
-10	226	1086	494
-32	212	1141	503
-62	195	1134	515
-31	189	1114	521
9	201	1051	514
13	222	1049	476
1	194	1006	496
2	194	1013	526
-7	181	992	519
6	183	986	532
-5	155	995	537
7	186	953	547
24	177	961	531
-2	148	992	543
12	162	976	567
0	168	1028	555
-5	181	1027	566
4	155	976	557
25	177	971	564
0	149	1003	577
2	141	1002	589
16	118	941	591
10	129	829	594
21	138	755	597
41	138	750	633
27	157	753	591
48	153	759	598
32	158	769	582
39	154	757	574
59	161	732	595
42	173	771	578
28	208	781	537
52	209	769	536
54	192	777	550
60	179	766	555
60	180	751	558
52	170	753	562
80	165	733	564
73	160	747	577
111	165	703	584
106	151	723	565
91	166	725	568
113	136	717	580
93	148	767	590
97	154	769	589
113	136	749	600
113	133	790	620
114	168	749	568
132	218	706	542
99	166	777	565
112	206	724	541
114	215	697	545
103	206	705	532
110	214	678	534
102	242	667	508
93	238	668	506
115	244	631	504
88	241	644	503
93	233	630	508
90	248	629	494
70	246	653	481
79	256	626	486
80	253	613	490
70	252	622	491
44	252	652	477
51	256	645	474
59	254	634	489
39	260	652	467
51	263	663	466
64	278	662	450
73	269	638	453
71	282	672	437
93	283	664	441
104	287	666	441
118	297	650	428
129	288	657	429
131	284	661	435
173	286	650	406
210	283	653	425
248	260	631	458
262	249	648	456
238	235	716	466
238	232	755	462
217	238	796	470
345	237	724	462
357	232	708	476
306	228	781	494
358	217	736	488
379	223	735	463
382	221	735	472
371	205	757	492
365	217	758	461
367	182	762	499
368	171	757	516
347	170	806	532
302	196	887	481
268	194	940	510
279	204	934	511
249	176	955	518
219	198	981	518
207	225	1023	479
162	228	1071	438
162	224	1092	466
108	229	1121	474
48	218	1172	471
17	223	1194	457
12	212	1199	468
-18	209	1227	460
-9	214	1218	450
-13	223	1195	438
-21	203	1216	460
-25	210	1198	444
0	211	1169	456
-22	206	1196	460
20	208	1147	471
30	200	1119	471
43	204	1114	482
14	219	1098	473
16	235	1081	464
2	223	1086	488
8	201	1093	509
23	203	1038	500
16	233	1007	466
17	222	1035	490
12	231	1041	489
16	207	1062	496
30	236	1022	487
4	212	1091	503
23	236	1090	497
72	250	979	476
128	271	920	478
151	276	867	459
263	278	750	440
290	295	724	437
288	289	727	433
308	308	692	421
301	283	706	453
310	293	669	440
278	300	706	439
271	301	717	435
276	298	691	432
242	307	721	423
241	298	716	435
239	300	706	436
236	310	697	423
243	284	677	451
237	299	686	445
217	294	707	449
215	284	697	452
208	291	692	440
209	278	700	463
184	269	718	457
183	286	714	447
189	263	698	467
166	269	715	467
174	277	704	459
155	253	727	481
156	265	715	486
159	282	721	457
157	278	719	461
169	268	702	472
178	291	688	448
144	266	747	478
141	289	738	460
150	286	719	452
142	273	716	468
99	297	757	440
131	272	716	478
66	293	784	445
56	269	766	466
48	281	768	459
48	273	766	473
42	252	768	503
38	263	758	474
25	265	766	465
30	262	765	485
20	268	775	452
3	248	787	465
13	250	769	488
-5	231	794	511
7	231	784	520
2	211	745	532
13	208	783	533
4	176	899	562
-12	183	949	537
-26	173	960	549
-2	195	943	533
-10	172	941	553
16	177	931	565
-15	175	963	548
-4	183	927	553
7	160	916	575
16	171	925	566
-15	150	953	567
-3	175	964	549
-16	175	968	547
-2	184	951	519
-16	185	976	524
-14	164	975	536
5	192	931	530
-19	173	983	535
-33	183	1017	545
-11	168	982	542
-20	181	992	558
-13	176	997	544
24	172	948	541
16	157	973	583
-4	165	971	552
7	182	1014	541
-7	184	1001	524
2	186	1018	520
8	184	1000	533
-1	181	997	535
-6	173	1049	535
-5	170	1017	543
4	165	969	540
21	173	987	523
-13	205	991	493
-14	183	1025	494
-14	179	971	526
-16	186	1028	509
-22	191	1063	511
-21	225	1073	478
-33	216	1051	491
-30	220	1012	487
-12	228	975	487
-19	223	1025	487
-16	218	1012	485
-27	218	1006	484
-9	245	1034	489
-12	240	1045	455
-1	231	1020	469
-5	241	1040	474
-6	234	1039	473
-8	232	1019	476
-19	221	1072	479
-2	229	1065	470
-15	222	1064	472
-16	225	1142	464
-18	215	1160	482
-9	208	1114	477
-13	216	1088	478
-13	192	1081	511
-25	200	1128	498
-31	205	1258	491
-48	163	1204	547
-25	147	1145	544
-12	169	1105	540
0	170	1175	525
19	169	1038	515
7	173	1048	537
-1	160	1034	548
-9	166	1078	522
-17	157	1105	570
-8	164	1133	538
-5	176	1077	518
-10	172	1107	500
6	137	1082	548
-9	118	1103	562
0	170	1119	554
4	156	1132	548
3	112	1040	606
39	88	1006	609
50	121	988	611
50	127	1026	565
-13	97	1011	631
27	80	1019	622
37	153	1038	579
5	172	1207	541
15	189	1206	545
16	164	1194	540
19	173	1211	549
23	165	1215	561
12	138	1251	576
5	150	1262	561
13	117	1225	607
11	130	1222	596
9	138	1258	591
6	131	1265	588
35	129	1190	599
16	138	1245	577
18	145	1254	586
50	122	1209	618
45	144	1195	602
15	106	1250	620
19	141	1240	606
63	100	1172	612
95	139	1092	594
140	160	1122	556
206	162	1021	555
247	164	987	544
300	187	926	518
57	157	844	573
237	153	778	559
242	175	621	565
270	155	581	583
280	166	585	559
246	150	624	568
239	170	637	570
245	148	630	539
238	168	649	549
263	173	607	548
223	176	658	568
232	173	646	567
248	181	621	557
246	173	625	534
226	181	683	559
232	180	676	530
237	181	655	524
224	192	662	538
257	184	626	531
231	207	677	536
248	189	662	528
229	179	666	526
218	182	721	541
234	192	729	540
236	198	737	519
226	219	869	506
243	207	898	492
269	235	914	482
145	218	971	494
253	240	963	465
138	224	1032	473
218	241	993	472
276	255	968	443
221	231	938	457
244	238	974	467
103	230	1065	473
199	225	1008	478
258	247	952	455
253	252	961	470
90	225	989	490
256	231	861	483
267	233	820	508
293	241	829	474
216	211	797	518
297	220	814	495
306	233	800	492
287	242	842	477
288	253	831	467
279	236	836	473
276	242	832	489
289	258	818	461
279	256	842	469
274	260	873	461
305	268	818	444
333	273	787	452
353	284	813	428
359	296	828	418
376	301	812	416
367	303	840	409
368	301	854	416
353	293	892	428
380	306	836	419
371	294	832	427
385	296	814	429
406	302	780	417
401	300	809	418
413	295	810	425
403	290	832	423
416	289	838	424
416	298	833	422
426	284	837	429
428	286	840	422
412	300	843	418
399	303	868	414
18	310	945	407
15	294	938	418
16	293	972	428
295	309	981	446
296	256	835	504
482	223	721	535
536	215	621	536
565	245	594	513
539	282	531	470
571	285	487	461
602	300	484	450
582	297	522	446
565	312	571	427
613	318	554	429
627	299	561	429
696	299	502	444
697	283	545	449
291	192	591	533
299	114	670	611
292	109	708	619
159	101	830	618
37	149	948	565
196	117	1058	590
29	61	1186	644
-12	96	1214	595
-5	95	1212	614
-18	115	1239	568
-12	136	1214	546
17	104	1153	603
-12	92	1200	595
-27	115	1212	574
-10	119	1205	552
9	146	1193	561
10	126	1166	561
12	137	1158	564
8	121	1164	573
3	148	1162	533
-2	128	1175	541
21	140	1146	546
1	131	1150	541
9	136	1134	546
19	157	1126	513
5	149	1111	528
15	153	1087	530
11	154	1088	527
19	167	1084	526
12	173	1089	518
15	185	1067	510
4	198	1097	503
-7	200	1109	490
5	197	1087	493
16	189	1090	509
22	184	1098	516
3	190	1142	508
-2	184	1181	527
29	161	1138	562
7	164	1158	565
23	173	1148	544
8	188	1157	529
-5	172	1197	529
9	169	1156	541
19	173	1149	532
11	177	1138	523
20	178	1145	516
22	169	1132	503
117	191	1058	533
146	202	1010	506
70	161	1086	543
40	184	1105	517
86	180	1064	526
19	166	1095	521
67	182	1058	513
35	191	1065	515
84	200	1004	494
167	204	871	459
212	196	833	484
209	179	809	513
180	196	818	501
157	199	818	496
139	206	821	485
131	207	793	463
152	219	732	442
101	211	778	467
62	218	828	469
24	213	828	489
16	215	815	473
15	226	788	461
21	201	750	497
20	199	741	495
4	192	760	499
8	194	745	473
4	208	748	465
20	183	710	494
20	173	708	502
17	173	724	497
4	169	725	524
9	163	732	503
-6	148	754	513
10	161	752	494
21	144	732	520
15	161	751	488
12	144	759	511
0	152	777	512
15	144	761	487
26	146	763	491
-7	139	802	533
11	137	788	557
27	124	768	567
39	153	764	541
35	134	782	530
15	140	809	572
16	170	822	500
17	172	819	499
27	153	830	547
10	156	855	527
45	176	806	520
40	170	832	517
31	173	841	501
35	189	856	498
27	197	866	476
3	193	894	474
33	194	862	478
47	209	843	457
41	211	848	466
46	212	856	475
39	192	854	512
50	216	857	479
34	214	865	500
40	214	852	490
18	233	882	453
16	214	858	486
44	215	834	484
17	231	859	486
23	226	839	477
32	240	846	482
19	237	854	488
38	224	817	493
46	237	811	505
45	249	826	482
46	252	808	476
35	246	839	484
54	251	810	475
66	251	787	477
93	261	764	465
175	269	697	457
183	250	695	472
262	290	609	438
266	266	619	476
242	258	640	472
291	237	592	484
288	267	611	462
314	280	586	458
333	302	556	431
324	304	579	435
347	320	549	413
319	318	562	430
328	316	571	419
323	322	587	423
334	315	573	413
339	293	564	442
346	268	554	462
325	252	568	485
351	237	534	497
317	220	572	513
330	223	558	515
302	218	592	511
266	196	636	519
285	227	618	530
316	220	573	513
302	199	592	521
293	204	602	540
290	187	604	543
291	183	594	530
290	199	603	541
285	208	605	531
270	214	615	524
288	182	592	548
293	191	600	551
306	184	578	533
286	190	607	548
249	215	671	540
273	230	658	520
237	223	694	516
223	217	700	519
302	187	592	542
307	171	592	566
353	152	526	567
407	159	475	579
417	137	458	590
439	160	444	597
415	148	452	579
382	144	502	626
355	134	528	597
304	128	575	599
383	136	500	593
413	123	475	611
389	108	502	622
404	124	488	610
377	104	515	631
413	119	475	618
418	112	466	619
414	96	478	630
427	124	460	610
358	103	527	637
382	112	509	612
412	104	472	635
405	110	485	627
387	121	507	615
383	109	518	634
397	121	507	619
400	137	489	603
398	154	482	584
424	170	467	561
413	168	474	557
384	211	515	566
387	248	515	494
407	257	493	472
387	278	494	457
394	246	535	487
373	255	554	479
350	225	610	507
327	199	675	551
313	137	684	619
290	112	720	639
285	140	729	634
278	133	738	601
300	120	696	609
250	89	754	645
257	112	739	661
248	111	761	637
228	88	776	660
135	103	839	628
308	130	702	608
283	138	689	594
234	87	730	654
182	103	785	634
176	216	820	537
183	191	821	546
94	185	888	552
160	200	798	523
222	213	718	536
205	204	750	532
185	200	749	524
198	194	710	551
231	205	659	541
221	189	746	556
171	168	790	549
177	183	753	564
203	186	709	568
149	182	794	549
187	186	686	547
193	180	669	558
165	187	678	553
179	207	649	520
186	206	659	527
195	204	637	532
182	204	646	522
196	224	632	509
214	188	601	554
192	188	683	543
207	156	671	585
190	148	687	586
208	163	649	562
220	151	644	576
196	183	693	565
175	183	736	555
171	169	728	560
149	164	727	577
151	163	701	587
183	221	635	514
162	191	648	536
128	172	704	572
124	203	681	550
125	198	685	538
117	180	677	546
116	206	705	530
90	189	682	553
87	164	724	561
105	204	676	542
125	172	676	561
92	178	679	543
67	188	739	551
78	183	710	568
114	189	645	535
135	201	631	518
96	173	679	549
80	197	672	542
72	178	693	544
37	210	747	530
59	211	706	523
71	199	690	525
71	211	693	524
66	185	729	538
83	229	668	511
118	193	606	525
80	188	653	536
74	195	660	534
52	212	680	513
66	192	651	528
71	220	649	516
89	213	630	516
81	199	640	511
110	212	616	514
138	208	579	518
98	196	614	521
116	221	609	496
77	199	654	517
45	211	714	521
71	180	707	553
58	174	738	553
36	171	805	555
5	156	849	571
19	161	843	584
19	175	786	547
48	172	712	550
26	156	800	566
19	175	738	563
31	164	759	578
32	170	749	574
33	150	708	576
36	146	759	571
33	162	721	575
24	115	796	603
22	147	798	592
36	188	723	548
44	166	717	568
37	179	718	547
29	160	745	565
17	152	824	585
29	157	755	592
25	148	759	594
14	138	789	578
24	143	780	577
17	142	801	591
32	159	758	567
12	142	784	585
10	135	810	589
5	116	865	614
14	105	856	627
3	90	877	642
8	121	817	612
6	140	823	596
58	168	730	564
35	144	775	579
23	133	829	609
32	137	833	594
3	103	897	639
2	91	895	628
-4	91	903	661
1	113	844	605
23	132	788	605
16	123	730	620
17	131	719	608
29	155	727	581
26	104	860	639
86	116	855	619
62	97	849	635
55	113	794	656
103	136	668	600
164	97	615	647
227	108	534	639
283	75	454	655
279	84	440	656
267	61	452	670
296	62	418	666
304	51	419	678
313	52	416	692
301	46	440	683
327	47	418	694
343	12	407	723
341	-8	397	765
351	-12	378	774
359	22	391	735
394	8	374	731
382	154	389	606
374	204	412	540
394	262	394	468
396	264	392	458
410	300	385	443
415	319	387	412
430	345	377	376
444	343	371	376
428	357	383	370
456	369	366	353
458	367	366	361
474	375	354	356
489	373	336	352
478	387	352	338
462	387	369	343
449	359	375	367
467	382	352	353
469	377	350	346
483	381	326	350
478	388	329	338
466	390	338	338
482	386	321	340
478	394	328	335
477	389	325	334
468	392	332	331
468	392	332	337
471	404	335	329
480	381	328	344
478	391	334	343
469	388	352	351
476	384	349	338
529	393	305	334
517	389	334	335
528	374	314	349
580	360	256	362
502	341	336	388
544	338	317	394
566	332	301	409
598	330	301	391
612	307	321	409
618	322	329	413
609	313	345	407
584	306	402	404
562	300	391	409
574	303	377	404
576	295	424	409
565	282	446	420
602	300	338	410
624	280	336	425
639	281	321	422
676	284	267	415
692	261	299	428
728	273	244	402
739	250	251	427
744	235	248	435
761	233	214	429
793	230	185	412
799	229	192	420
808	227	176	399
812	226	187	400
806	223	204	382
809	234	182	362
807	233	159	365
665	228	215	370
651	227	287	374
628	216	311	389
573	207	362	419
554	220	384	385
518	193	427	446
518	195	424	417
509	184	441	436
523	188	409	406
470	180	454	393
442	174	488	404
440	170	483	414
420	166	498	402
525	180	474	395
484	169	448	420
410	200	499	349
531	185	509	379
421	186	478	361
419	180	470	372
495	183	511	384
479	195	576	373
438	183	663	375
401	187	696	378
370	175	734	391
358	166	732	407
344	168	747	403
370	177	725	391
352	178	729	402
372	183	719	384
350	184	740	374
364	189	724	365
359	188	707	380
370	176	707	397
346	185	724	397
401	184	659	370
389	194	676	416
385	165	671	441
426	161	615	441
397	163	631	507
296	136	723	521
272	127	774	558
322	163	719	522
317	143	722	553
283	140	765	542
259	149	826	554
307	135	743	538
271	135	773	552
255	141	781	562
279	145	778	559
316	136	710	495
344	159	688	513
335	151	663	514
338	128	635	507
336	133	615	506
312	121	631	496
284	119	679	567
318	119	607	503
288	113	670	573
279	105	655	544
256	105	693	571
281	113	671	563
251	122	712	556
284	114	681	578
268	129	725	547
312	139	682	556
269	112	697	582
286	128	688	561
286	121	686	567
267	128	679	558
262	128	680	559
259	135	668	557
270	135	635	550
234	138	697	549
236	122	677	582
237	126	638	510
242	138	674	526
241	147	656	493
234	142	687	528
225	152	718	536
224	165	754	522
251	150	725	535
246	126	690	576
262	144	682	525
268	157	676	504
228	143	710	536
265	159	703	534
264	152	687	543
261	165	694	530
272	163	662	535
266	166	676	535
250	219	751	478
230	164	821	523
243	169	800	515
263	190	759	496
278	219	716	493
260	223	729	479
193	196	836	487
236	233	779	438
218	170	775	526
238	213	758	475
238	203	756	486
254	211	716	491
254	190	713	511
225	169	758	531
205	195	794	485
225	176	719	507
203	148	706	536
193	154	716	542
229	150	677	537
225	162	665	528
200	160	732	530
226	163	688	519
256	193	699	505
251	189	720	508
263	190	724	509
226	196	778	497
228	190	801	513
212	176	804	514
227	173	778	519
232	181	779	522
251	171	763	541
220	189	810	516
203	166	807	525
207	137	806	555
201	134	814	547
217	151	805	552
213	138	796	551
221	163	822	532
205	159	836	538
205	149	838	537
223	151	821	548
215	163	864	513
193	185	897	520
216	165	866	525
213	138	879	561
213	161	884	540
184	166	880	534
179	149	898	560
139	118	937	568
216	154	865	547
182	142	882	552
189	163	895	534
186	165	894	530
215	174	856	530
181	117	897	579
192	105	868	598
151	111	953	580
136	127	982	570
116	126	1000	579
169	139	962	566
150	158	954	531
169	152	952	561
178	197	932	481
177	171	922	515
116	128	1007	568
128	163	974	538
148	128	965	565
121	141	981	550
105	139	998	545
163	143	960	576
117	148	983	531
146	175	962	487
105	162	1018	522
120	150	994	530
143	152	965	544
107	140	986	553
146	166	969	519
157	150	943	525
154	155	977	540
125	156	981	536
142	146	941	571
144	127	932	566
147	167	932	521
99	136	997	570
95	169	967	522
104	129	970	553
125	162	955	521
99	134	963	554
113	176	962	511
92	127	966	561
87	140	975	550
78	152	1005	542
88	152	994	545
97	157	986	549
101	146	978	540
148	137	922	560
104	120	932	581
136	130	926	582
117	143	939	552
85	120	958	566
112	134	943	567
126	145	921	538
107	128	959	561
114	117	940	588
105	124	943	577
88	124	973	560
91	132	952	541
99	116	960	582
91	134	952	557
85	138	954	562
54	142	980	550
134	135	884	539
125	121	904	567
111	112	914	569
128	150	904	551
79	133	926	545
91	109	926	575
120	123	890	571
101	123	921	585
63	138	960	545
60	125	947	549
106	137	939	553
97	142	937	546
122	124	888	533
117	119	895	567
75	124	943	563
48	130	978	551
58	119	966	550
124	108	896	572
122	138	914	544
133	122	889	549
156	142	905	531
158	142	881	542
149	151	898	502
96	144	957	531
73	128	979	566
85	131	968	538
108	136	976	541
58	133	1015	545
62	109	1020	585
86	120	986	572
103	104	985	587
48	122	1048	567
135	153	939	561
122	137	963	535
137	130	970	543
148	118	929	565
105	94	967	583
66	98	1033	597
64	108	1023	578
108	101	973	587
69	115	1048	589
70	103	1026	579
53	136	1047	566
105	104	980	575
158	131	925	525
113	125	988	581
85	97	994	591
133	131	960	584
143	101	935	582
125	128	981	558
101	116	997	539
119	133	966	513
125	135	997	555
90	108	992	552
101	118	1009	572
117	107	975	572
132	119	986	554
105	123	990	526
146	125	969	545
113	121	978	551
99	108	1002	562
122	107	989	571
140	115	956	562
87	109	1000	557
103	100	995	583
109	128	1000	544
91	94	998	574
73	113	1052	589
114	104	992	575
59	106	1038	594
86	77	996	572
48	91	1056	595
123	99	972	600
44	70	1038	608
81	96	1019	579
60	92	1022	563
71	105	998	582
37	122	1072	544
45	112	1041	557
59	122	1025	581
62	102	1017	575
50	95	1020	559
53	93	1061	604
28	109	1060	552
79	125	1008	562
70	89	998	589
41	120	1055	578
76	113	1013	569
60	104	1008	575
75	127	1029	526
71	117	1031	576
79	127	983	554
44	126	1047	528
70	113	1005	560
88	126	979	536
52	99	1022	573
43	111	1054	571
73	146	986	487
67	130	1007	568
59	111	1007	547
57	124	1009	528
47	118	1029	538
63	113	1010	532
62	115	1021	552
82	136	991	524
116	143	983	539
91	113	969	555
46	131	1029	512
89	149	988	511
68	120	987	523
46	117	1029	553
61	134	1019	557
52	121	1022	550
60	142	1026	530
56	135	1005	554
54	135	1010	551
45	133	1024	565
49	130	1028	551
30	136	1038	566
93	151	957	531
66	140	1003	543
44	138	1022	534
45	151	1027	522
60	148	1007	536
49	135	1031	537
71	138	1010	524
56	139	1045	537
54	123	1039	547
58	149	1024	531
64	134	1028	550
53	140	1021	550
35	137	1053	535
57	143	1052	552
69	128	1046	568
49	134	1067	551
74	138	1039	555
55	134	1054	518
28	146	1089	530
56	124	1068	560
60	130	1033	546
56	148	1068	535
47	128	1098	554
43	133	1104	559
32	104	1107	578
42	134	1087	547
45	146	1101	533
49	134	1067	552
62	132	1059	564
47	113	1054	536
38	115	1085	569
38	111	1070	572
43	127	1098	568
42	133	1101	556
75	139	1041	541
56	126	1064	570
42	91	1073	594
37	104	1094	586
19	115	1112	556
24	116	1115	562
16	102	1115	573
16	94	1118	578
55	95	1098	600
32	79	1089	589
74	94	1064	582
74	73	1033	610
46	87	1070	593
28	68	1087	616
38	48	1060	629
20	92	1116	594
44	60	1076	629
13	102	1102	578
48	97	1091	591
53	96	1039	604
46	65	990	609
30	92	1016	572
47	80	992	619
9	44	996	613
40	81	1018	622
14	89	1026	601
22	103	1084	559
28	101	1049	585
48	102	1023	595
22	88	1062	597
53	103	1043	601
23	119	1064	568
13	112	1054	590
44	96	1008	593
28	82	1027	614
42	64	999	632
25	82	1013	604
32	77	1007	596
24	61	1023	630
63	74	988	629
27	75	1046	616
38	56	1042	642
38	74	1068	618
17	66	1089	586
41	113	1105	566
21	94	1075	532
14	73	1090	589
15	77	1069	600
21	111	1070	556
17	103	1077	565
3	107	1069	556
6	123	1162	547
23	122	1110	553
10	143	1087	534
10	144	1049	513
10	134	1004	533
16	158	1042	496
9	152	1026	502
9	145	1017	529
10	143	989	516
6	152	1037	504
3	162	1038	478
0	160	1081	493
10	163	1068	487
2	157	1111	503
-7	155	1188	509
15	165	1125	507
-4	150	1158	543
12	152	1079	509
2	174	1090	505
7	165	1161	504
-38	162	1259	519
-1	160	1242	514
-31	158	1239	525
-4	159	1197	505
5	173	1167	503
16	169	1121	516
6	168	1157	510
5	165	1154	505
15	193	1148	490
9	207	1161	467
1	211	1181	471
-13	213	1238	458
-22	197	1265	487
-5	199	1181	477
-5	234	1225	497
0	222	1241	459
5	205	1199	499
0	202	1210	487
-18	226	1258	486
2	229	1146	473
1	241	1203	467
-21	229	1269	463
-12	205	1264	501
-16	219	1246	487
-1	225	1209	459
-7	234	1181	473
-11	216	1260	473
-33	230	1268	485
-8	223	1194	470
-33	242	1263	471
-33	229	1283	494
-11	221	1268	461
-5	216	1169	502
9	225	1070	487
15	248	1060	476
-10	248	1074	445
-20	239	1068	457
3	246	1045	467
-6	254	1066	460
4	271	1044	444
-22	250	1088	468
10	250	1044	460
11	257	1064	446
25	279	1028	444
-6	281	1085	432
2	263	1062	447
-17	258	1101	458
3	262	1076	462
2	300	1065	403
0	289	1061	414
34	289	1039	432
15	275	1068	427
7	291	1058	424
9	266	1102	441
0	267	1091	476
20	257	1081	471
2	266	1114	445
-10	257	1152	457
-1	279	1138	471
-7	277	1130	412
-10	236	1154	452
-8	229	1152	494
5	240	1090	485
14	241	1102	483
-34	264	1162	447
-33	234	1167	475
-10	245	1127	463
14	240	1105	462
-3	252	1105	468
-14	241	1153	459
1	241	1174	474
-15	238	1214	470
-34	235	1297	509
-19	247	1263	435
-27	249	1253	472
-10	236	1248	467
-23	256	1288	463
-40	237	1276	476
-30	234	1296	460
-38	264	1266	455
-11	239	1204	448
-25	235	1270	483
-29	245	1286	461
-23	230	1243	458
-31	245	1280	485
-17	251	1258	451
-15	232	1235	462
-35	234	1301	489
-19	238	1240	456
-31	216	1295	491
-3	230	1166	459
-20	235	1246	467
-12	236	1286	472
-36	222	1231	492
-14	211	1281	497
-38	214	1287	476
-15	211	1175	498
-2	216	1146	481
-16	228	1210	467
-16	232	1270	476
-21	232	1228	469
-43	200	1203	481
-17	192	1208	504
-22	204	1226	494
-12	199	1287	502
-17	205	1278	496
-25	187	1324	507
-40	181	1335	505
10	179	1289	524
-2	154	1281	530
1	174	1299	526
-38	176	1327	491
-11	168	1334	521
-43	157	1314	517
-17	165	1311	519
-28	164	1313	535
-21	156	1307	513
-54	162	1368	521
-25	158	1285	517
1	156	1297	527
-41	162	1323	510
-24	147	1292	513
-36	142	1346	545
-18	140	1237	536
-20	151	1295	537
-19	141	1281	508
-17	171	1273	533
-17	162	1268	503
-50	166	1315	506
-9	168	1204	479
-11	175	1263	499
-30	177	1280	487
-25	180	1263	508
-19	178	1247	495
-5	178	1180	484
-2	181	1122	527
-15	198	1137	470
-22	205	1183	481
0	195	1093	491
4	194	1069	476
-8	199	1114	494
11	206	1048	477
8	189	1070	508
-2	180	1103	510
-7	200	1088	488
-8	182	1101	517
-5	194	1089	481
-7	186	1123	501
-18	192	1145	509
2	195	1080	485
-23	199	1145	500
-18	205	1136	492
-19	206	1127	476
5	207	1081	482
5	210	1095	506
-6	210	1098	491
-16	216	1116	467
10	220	1061	479
-4	224	1098	478
-8	208	1109	474
-2	215	1097	491
-15	211	1128	491
-6	225	1125	496
4	204	1095	481
-6	226	1129	485
7	220	1094	488
0	224	1112	465
-22	221	1166	488
-11	216	1134	487
-17	230	1153	479
-18	215	1161	474
-9	219	1135	487
2	217	1115	478
-6	216	1125	508
-30	214	1207	520
-3	219	1142	488
1	245	1103	482
3	202	1079	484
5	211	1100	501
-6	193	1148	489
3	224	1098	487
4	215	1105	493
-27	217	1188	499
-25	202	1194	501
-25	200	1216	501
1	199	1152	513
-2	189	1116	509
0	202	1083	495
-3	220	1103	492
-12	187	1135	522
-6	217	1068	512
-16	209	1104	477
2	214	1073	487
1	216	1071	493
9	223	1068	516
3	190	1079	518
7	208	1056	515
-2	235	1081	508
-8	234	1092	505
-9	199	1111	482
-13	223	1108	503
-2	188	1105	512
-4	223	1077	480
3	212	1053	486
11	200	1037	491
2	222	1061	483
9	182	1081	524
7	235	1051	501
16	201	1028	505
1	214	1081	493
9	217	1082	483
9	215	1052	503
14	216	1036	497
5	209	1077	509
17	215	1033	522
-1	198	1084	507
8	229	1081	493
18	185	1053	525
11	192	1064	497
5	205	1096	514
26	201	1036	506
10	196	1072	521
-5	207	1111	494
-5	210	1109	513
7	199	1096	506
21	213	1086	512
12	197	1132	523
3	196	1161	518
6	195	1158	507
11	200	1175	547
8	229	1189	506
13	224	1160	483
12	212	1161	503
28	199	1159	502
3	204	1191	490
45	218	1137	492
16	224	1169	487
2	214	1202	483
39	219	1140	543
26	233	1143	513
16	227	1175	488
-3	214	1204	511
29	214	1144	502
47	205	1112	503
19	213	1153	506
13	209	1160	489
9	199	1168	510
16	212	1134	518
27	218	1104	507
17	178	1149	543
13	200	1155	494
36	200	1139	521
42	211	1116	505
24	189	1152	529
24	205	1152	503
27	209	1175	525
-11	213	1220	495
2	213	1221	496
19	194	1186	495
25	220	1184	520
-2	193	1215	494
-1	194	1222	514
18	202	1192	513
-6	195	1246	536
18	208	1214	488
1	193	1248	513
3	181	1220	523
13	200	1216	519
4	187	1195	523
36	190	1178	542
37	195	1182	499
17	193	1206	529
5	197	1218	507
-16	181	1238	507
7	190	1251	520
-14	167	1260	540
8	197	1217	536
26	186	1200	511
-3	185	1256	547
1	201	1221	514
-16	189	1293	532
2	176	1224	519
-9	182	1220	516
-3	175	1278	519
-15	191	1220	528
2	169	1168	545
6	183	1234	532
14	154	1163	542
0	149	1204	554
0	143	1169	544
-3	157	1236	541
-12	140	1193	545
-8	152	1184	527
3	147	1132	551
-26	137	1198	562
-27	139	1175	553
-22	155	1155	537
-22	158	1134	525
-13	153	1126	569
-7	147	1124	539
-15	143	1143	557
2	143	1142	555
3	155	1145	555
-2	142	1237	564
37	159	1175	561
17	157	1186	518
40	158	1149	550
51	152	1122	553
46	153	1148	532
25	161	1173	564
25	137	1171	553
25	149	1187	545
38	160	1121	524
18	170	1174	529
32	178	1174	524
8	163	1186	537
29	175	1131	541
33	164	1118	542
21	168	1130	545
54	155	1058	541
33	163	1054	536
38	159	1032	552
25	147	1085	521
26	152	1048	551
21	152	1095	523
19	152	1115	554
24	171	1080	543
39	187	1043	517
48	179	1000	522
36	197	1047	506
32	173	1030	516
18	170	1119	548
19	186	1184	517
73	161	1040	558
37	155	1094	549
32	167	1059	528
26	167	1033	531
46	177	1074	541
62	175	1028	536
46	150	1154	561
7	160	1214	525
25	168	1196	520
21	164	1224	523
-26	147	1290	551
24	172	1217	540
-1	151	1225	547
50	166	1164	534
19	139	1203	553
17	138	1203	541
40	148	1179	559
19	138	1196	544
22	143	1186	549
32	159	1161	573
23	111	1159	584
22	141	1207	548
8	154	1218	537
24	164	1191	528
20	134	1188	566
28	137	1198	547
35	148	1197	530
4	137	1228	544
36	141	1190	555
-2	129	1241	545
-10	122	1263	557
23	129	1190	541
28	162	1192	547
28	144	1193	555
28	137	1194	577
32	139	1196	574
32	109	1153	572
17	116	1207	592
5	131	1228	544
39	116	1170	549
23	146	1222	592
42	140	1157	552
33	156	1137	539
19	125	1179	567
31	120	1160	581
29	151	1125	576
16	103	1140	600
39	131	1101	554
37	140	1142	553
31	151	1132	550
37	139	1077	544
33	154	1074	552
14	123	1121	579
14	141	1104	547
14	138	1119	569
13	138	1144	545
23	142	1141	537
39	147	1072	567
24	126	1177	587
11	160	1210	540
42	147	1149	545
28	142	1175	566
27	141	1182	574
21	128	1196	550
27	158	1136	525
17	155	1236	548
10	140	1180	548
26	139	1205	553
37	151	1193	518
45	154	1149	539
44	155	1164	542
56	140	1172	570
35	155	1190	542
49	160	1161	539
55	169	1100	532
26	148	1135	533
37	166	1073	530
30	147	1089	556
21	171	1104	525
46	181	1034	526
43	154	1103	542
35	156	1146	528
46	164	1167	559
62	157	1135	554
76	171	1134	535
61	172	1144	497
36	166	1183	535
32	155	1202	542
36	166	1176	525
32	159	1199	523
35	180	1204	529
68	169	1155	546
81	162	1128	565
40	171	1182	550
27	176	1187	540
10	170	1232	531
39	180	1208	533
72	180	1161	516
67	178	1136	511
61	197	1163	510
23	153	1210	542
25	165	1210	526
42	195	1186	501
78	202	1140	506
77	225	1158	473
43	230	1194	480
41	221	1177	505
31	188	1219	519
42	192	1198	523
68	198	1152	535
-2	197	1234	541
39	196	1167	527
26	200	1191	544
4	222	1230	510
50	198	1157	504
59	201	1164	503
55	195	1184	528
73	189	1142	526
37	182	1182	532
52	211	1175	500
28	182	1205	532
9	205	1226	515
19	171	1203	541
50	190	1138	520
30	162	1149	536
24	181	1145	529
35	177	1106	545
13	215	1211	493
-12	193	1261	529
0	190	1244	511
27	176	1164	529
7	205	1221	505
4	197	1218	515
36	173	1176	532
31	155	1180	557
11	175	1213	530
41	184	1179	521
17	169	1190	533
35	181	1179	516
27	194	1193	520
54	188	1151	513
3	198	1229	513
1	218	1243	483
6	202	1216	509
8	216	1245	509
0	199	1230	496
38	225	1198	504
21	177	1137	535
29	185	1154	525
8	192	1223	505
4	181	1168	531
33	198	1184	511
26	166	1189	528
41	185	1169	538
53	173	1134	527
25	171	1150	544
33	180	1146	541
39	157	1153	544
45	184	1140	536
28	166	1176	543
25	189	1155	513
54	167	1097	553
64	159	1020	553
88	158	1023	573
54	145	1023	580
28	131	1052	585
12	116	1042	592
29	112	1043	605
28	110	1024	600
28	106	1092	618
4	108	1172	597
23	155	1184	572
14	125	1165	579
-3	128	1210	573
9	135	1189	566
0	142	1208	560
9	134	1192	563
30	145	1173	561
26	148	1177	532
11	162	1190	566
27	140	1172	573
5	150	1200	577
0	160	1156	576
8	157	1121	549
0	162	1110	557
-4	161	1143	530
14	129	1068	591
34	115	1043	602
51	114	1002	595
12	169	904	542
93	120	988	593
21	93	832	640
120	86	726	654
274	104	568	616
265	93	609	612
249	103	639	616
201	128	738	582
154	138	804	573
54	133	932	555
45	112	973	592
73	160	817	483
107	162	890	514
78	186	799	429
198	180	850	508
128	166	926	536
74	187	1024	491
59	182	1051	508
56	195	1034	496
68	179	1050	518
75	189	1034	503
85	176	1021	525
40	184	1087	517
56	165	1050	539
56	180	1030	518
77	176	988	518
81	190	969	505
39	173	1028	524
79	186	995	501
60	188	988	519
56	176	993	520
36	186	1020	502
33	182	1016	505
47	198	1014	505
25	178	1029	518
31	189	1012	495
43	194	1005	515
36	190	999	499
56	200	981	508
38	186	980	503
45	193	997	525
28	204	1012	484
25	206	1024	473
27	206	1006	503
25	210	1024	484
29	209	994	472
22	210	999	483
31	215	997	485
26	218	985	459
31	209	1011	483
22	208	1005	493
16	213	993	469
23	218	1003	471
25	224	955	470
20	222	995	456
19	224	978	470
6	215	1007	465
13	222	990	471
13	222	1000	454
-5	230	1018	450
9	238	994	460
-1	234	1003	451
1	235	1016	446
2	243	1015	440
18	235	1011	452
4	240	1013	441
17	235	986	454
10	241	991	468
13	224	1006	476
0	243	1010	462
10	234	1006	475
5	233	1000	471
0	229	1017	455
19	241	995	450
-9	234	1020	471
16	221	1003	478
11	227	1005	467
4	224	1006	465
2	222	1024	482
5	226	1003	477
12	236	1001	465
12	234	985	460
0	237	1015	465
0	240	1033	456
1	235	1012	458
-4	232	1045	465
18	226	1013	483
1	237	1022	456
9	244	1010	462
20	253	985	445
8	243	1013	462
2	250	1024	443
5	248	1022	431
-9	247	1039	454
-12	241	1063	447
-3	241	1048	468
-12	247	1066	440
3	247	1035	433
2	245	1028	449
11	232	1033	461
1	242	1047	449
-12	250	1062	450
5	250	1049	475
-15	249	1077	443
-10	235	1074	459
4	246	1048	448
-5	248	1047	447
-5	268	1074	447
-4	260	1078	426
-23	241	1090	445
-3	240	1066	441
-1	245	1070	429
0	235	1053	451
-13	250	1099	444
2	249	1083	444
-13	243	1093	440
12	239	1064	472
3	249	1079	459
17	238	1068	438
19	252	1055	452
-16	262	1098	433
-25	251	1117	417
-25	242	1134	440
0	256	1102	463
-4	243	1088	450
0	235	1079	439
14	242	1057	466
-3	238	1111	466
-16	228	1142	456
-4	246	1119	446
12	245	1081	459
19	242	1073	430
-6	257	1117	441
-15	254	1156	448
-11	242	1102	446
10	255	1078	424
-9	259	1116	424
-15	259	1132	428
-29	260	1152	432
-20	242	1134	450
9	237	1097	444
-15	260	1139	457
10	243	1115	440
-19	239	1143	427
-9	241	1134	464
-20	238	1156	463
-1	240	1124	461
-16	249	1132	427
-28	238	1168	461
-24	228	1152	458
-1	241	1126	451
-8	241	1125	459
-15	236	1147	462
-23	234	1149	463
-16	231	1127	467
10	236	1114	442
-14	246	1126	458
-7	237	1116	460
-1	236	1110	456
-10	238	1127	467
-13	261	1142	444
-24	243	1160	462
-1	255	1124	439
-16	241	1119	460
-21	238	1168	458
-24	223	1140	453
-18	233	1149	458
-24	227	1133	471
0	237	1118	454
-16	241	1129	458
-11	236	1137	455
-21	227	1145	465
-29	229	1147	460
4	217	1118	463
-13	226	1107	458
-9	234	1114	447
-7	217	1112	454
-1	228	1089	444
-2	227	1094	446
3	241	1101	448
-25	225	1143	466
-12	213	1134	475
3	225	1084	471
-3	224	1097	471
-4	222	1119	468
-10	229	1117	462
-2	246	1109	458
1	233	1093	445
-3	237	1117	456
-13	237	1144	464
2	250	1109	440
-7	238	1087	448
-8	229	1122	449
-15	226	1132	447
6	234	1100	453
-20	228	1144	440
-21	226	1136	449
-1	217	1116	459
0	239	1113	453
0	217	1127	463
8	217	1110	467
-2	223	1115	445
3	225	1122	436
7	197	1133	493
0	206	1132	456
-2	215	1129	463
28	217	1100	470
12	214	1127	473
7	221	1144	458
4	225	1155	468
17	241	1140	458
-1	232	1147	467
13	244	1143	449
-3	229	1166	467
12	217	1139	474
48	206	1088	490
31	187	1105	497
20	208	1128	486
57	195	1080	491
43	206	1075	473
55	198	1089	482
-24	217	1164	461
19	209	1103	476
8	212	1129	466
3	221	1129	469
27	224	1110	445
-9	230	1144	456
0	221	1122	462
14	218	1120	470
-26	217	1158	482
4	233	1137	465
20	223	1111	466
-22	227	1163	452
-33	223	1167	461
-2	237	1113	460
0	242	1107	444
0	234	1095	458
41	241	1066	462
30	243	1074	446
23	236	1086	471
-17	201	1139	499
16	206	1100	467
7	222	1120	473
19	219	1106	475
0	224	1131	472
6	227	1133	452
21	231	1098	460
-5	232	1129	463
6	221	1117	470
-25	205	1147	485
-13	215	1123	463
11	226	1088	451
-16	219	1121	464
3	219	1108	484
-1	230	1121	459
-11	226	1138	462
10	226	1105	461
4	227	1093	460
11	220	1087	453
-2	214	1116	494
3	211	1107	470
-14	225	1141	459
-14	218	1136	482
-7	228	1132	467
-26	217	1145	476
-9	219	1111	482
-13	223	1128	460
-15	214	1110	474
7	213	1068	473
1	213	1087	483
-3	196	1113	514
2	193	1096	502
-12	213	1120	489
8	210	1082	483
-6	193	1106	507
-6	211	1115	484
-19	206	1125	494
3	231	1069	489
20	222	1046	499
32	219	1052	491
41	227	1016	477
47	225	1031	496
63	232	977	478
71	205	991	503
50	202	1041	503
16	172	1100	528
19	191	1114	514
24	185	1104	514
27	181	1068	509
28	197	1089	516
36	175	1052	536
32	210	1102	521
70	224	1028	489
71	223	1051	486
109	206	1012	517
92	210	1055	509
66	202	1052	514
25	218	1116	492
38	197	1076	513
66	169	1042	536
17	195	1085	506
18	203	1094	514
15	201	1123	528
24	171	1093	533
49	206	1042	517
44	217	1076	507
30	201	1131	524
45	189	1087	522
22	215	1119	497
27	196	1117	517
-4	191	1158	488
26	198	1121	527
28	153	1094	549
18	185	1117	516
34	195	1088	510
0	179	1149	536
40	183	1057	530
22	212	1109	516
-3	214	1149	501
8	200	1116	489
-4	224	1137	486
24	215	1096	487
19	194	1090	517
43	210	1104	513
19	213	1108	496
34	208	1099	525
19	192	1126	499
-2	191	1143	505
19	211	1123	503
2	201	1158	526
21	215	1099	497
25	239	1096	479
40	219	1064	469
23	221	1090	489
16	231	1111	481
24	223	1102	481
27	215	1122	497
-1	188	1170	547
0	184	1162	523
42	199	1111	536
15	173	1157	561
9	183	1139	523
-2	212	1173	516
14	189	1120	531
9	209	1154	509
12	187	1142	483
-6	209	1155	492
0	228	1155	472
-32	214	1200	483
-26	218	1213	512
-8	230	1165	484
0	218	1163	486
-3	231	1178	480
-1	213	1160	511
18	216	1138	475
13	210	1140	484
22	218	1125	484
10	232	1145	473
24	213	1137	476
19	228	1138	466
-2	218	1172	471
19	213	1137	468
10	216	1140	480
-7	224	1158	472
-8	217	1170	491
16	220	1157	458
14	242	1144	434
8	238	1148	443
23	218	1126	488
16	219	1143	490
-28	182	1207	520
-5	164	1172	559
-16	169	1188	546
-7	166	1149	532
-1	158	1147	539
-9	142	1158	549
-11	172	1170	532
-5	158	1167	534
-7	185	1175	498
9	210	1158	493
-13	214	1193	500
18	206	1149	504
10	215	1149	502
-8	181	1190	503
-13	187	1183	516
12	184	1149	521
28	184	1114	529
16	192	1139	503
1	191	1160	525
0	183	1165	508
4	183	1152	507
-14	193	1184	489
10	194	1150	497
2	200	1170	522
-1	200	1172	500
17	196	1135	501
-11	206	1153	468
-23	195	1185	491
7	187	1133	505
-2	187	1160	523
-3	188	1132	499
-1	209	1071	476
7	204	1032	481
0	223	1056	469
13	220	977	477
0	206	1011	481
-8	213	1052	502
3	207	1064	499
4	223	1002	478
13	224	927	487
12	212	889	484
170	197	870	512
100	198	977	522
-10	189	1079	525
-2	208	1022	499
24	235	846	474
198	201	822	526
195	195	666	536
183	207	656	505
193	205	627	510
183	201	631	506
235	201	591	514
226	217	649	515
233	224	680	476
240	216	694	496
224	212	750	523
210	195	765	494
243	231	703	478
253	214	680	480
249	203	680	509
241	199	658	503
256	234	627	472
243	217	634	504
262	209	606	492
268	210	604	497
264	226	604	497
273	218	604	484
261	237	628	471
261	220	646	475
248	207	662	515
285	225	590	476
263	231	646	481
268	220	624	475
269	228	642	480
261	223	661	486
256	236	646	497
245	211	692	475
216	228	707	488
236	214	688	472
273	238	632	474
270	215	622	471
276	240	628	466
259	217	664	481
259	201	650	483
276	227	616	489
288	213	594	484
275	208	600	494
256	227	630	482
265	212	611	481
262	221	653	487
267	220	623	483
282	213	621	489
249	199	653	480
281	212	620	491
261	208	642	476
261	246	624	461
256	230	602	473
245	224	619	477
237	215	651	490
243	206	636	489
250	195	624	505
243	198	632	509
241	194	663	499
234	189	641	524
241	194	636	494
259	211	608	498
251	209	611	492
242	213	628	498
260	208	613	496
253	205	651	511
241	209	668	485
232	199	702	490
225	198	767	506
229	196	689	496
235	195	721	511
241	212	655	482
250	196	656	492
245	218	638	483
246	224	656	484
242	205	645	488
234	204	689	502
219	202	723	491
221	215	760	483
230	232	737	477
240	226	654	482
245	201	668	488
239	245	649	463
236	236	677	479
249	224	601	480
243	243	615	481
259	234	572	466
233	232	653	479
222	224	683	473
224	218	649	479
211	212	673	500
221	223	634	471
230	222	631	476
242	239	617	483
219	246	650	448
208	266	582	450
201	264	582	450
196	248	572	448
208	260	594	460
199	245	631	467
172	229	681	478
150	212	708	516
167	205	656	505
204	208	620	502
174	197	653	516
190	213	652	492
181	245	603	486
164	243	594	479
210	242	541	477
196	234	546	473
182	225	574	502
177	215	635	499
180	212	616	509
191	204	593	506
167	215	635	510
161	208	625	492
168	208	607	512
182	208	593	494
171	224	624	490
171	232	648	472
177	232	662	478
159	230	714	494
195	225	691	501
172	226	781	495
190	226	744	480
204	213	715	502
192	200	751	503
203	233	662	473
200	223	648	481
207	218	640	498
177	196	700	499
176	199	737	510
186	207	680	504
162	189	711	541
132	188	735	522
179	187	674	537
194	206	650	511
230	221	587	515
198	228	627	480
170	237	682	484
204	233	624	478
188	234	643	488
200	237	632	468
200	255	619	487
209	249	592	467
209	243	598	475
185	259	610	469
172	254	590	474
168	262	577	466
195	264	540	451
192	276	545	457
176	263	578	455
162	264	582	460
163	267	552	457
188	258	516	447
190	279	503	441
178	273	519	459
172	265	527	447
155	275	543	449
184	270	532	442
197	284	513	444
211	292	497	428
217	293	486	419
237	305	483	410
237	299	459	413
236	318	482	423
243	307	479	417
222	313	505	407
243	317	457	390
234	324	465	407
237	329	465	391
246	330	451	390
237	324	447	408
226	310	466	412
222	300	465	422
215	310	485	412
203	299	495	417
233	306	445	422
220	296	456	404
201	306	480	425
195	305	481	420
193	295	487	416
193	294	470	427
199	284	461	427
191	293	473	440
167	291	498	431
182	287	476	451
169	277	489	443
168	262	489	450
155	260	486	453
166	266	478	454
165	261	485	471
183	261	464	455
177	234	473	478
171	238	480	470
175	235	484	474
168	221	504	468
195	214	478	490
189	221	514	482
205	203	507	491
226	219	483	475
232	209	485	477
267	205	465	486
241	194	504	494
233	199	524	491
208	202	536	473
198	198	562	472
183	200	568	474
165	208	609	476
204	190	564	482
250	191	503	493
275	197	464	498
272	200	473	488
287	188	462	499
279	189	467	492
285	171	473	516
292	182	466	494
310	152	445	524
298	157	471	512
298	156	491	508
299	165	487	494
354	154	438	496
330	148	451	485
382	139	418	496
371	138	426	500
385	130	415	509
363	135	448	497
379	153	420	493
373	147	428	485
317	132	470	500
319	155	483	494
327	151	421	481
297	148	424	506
317	166	411	516
329	144	373	546
376	160	426	521
362	169	368	518
355	169	400	502
318	162	435	524
249	186	504	529
248	167	511	532
256	187	478	532
279	165	412	562
331	163	443	534
265	193	433	506
248	185	450	519
243	188	464	497
222	189	492	496
205	193	512	493
319	194	396	498
276	189	440	476
243	196	483	435
202	198	537	466
204	194	536	416
195	193	570	479
335	189	432	503
334	167	435	542
333	159	447	545
314	153	459	532
310	141	456	533
289	146	478	428
295	141	454	384
298	127	452	400
287	115	456	378
291	119	447	329
276	114	452	321
253	108	474	309
266	117	461	281
276	115	428	272
282	131	415	255
297	126	391	274
295	134	387	286
301	142	368	275
275	138	392	268
340	134	327	271
373	168	311	284
423	154	254	296
401	169	255	298
359	148	310	306
251	156	347	276
200	146	401	341
71	163	452	300
58	195	408	277
1	190	391	295
-1	214	405	344
-6	225	442	401
1	204	484	433
-3	212	497	481
-29	158	428	453
-5	209	441	493
5	144	391	519
2	183	365	508
12	96	379	434
-7	180	411	343
8	166	391	332
-2	150	433	312
-1	168	445	313
-4	185	419	307
3	181	424	323
-6	178	398	341
-6	164	401	409
-17	145	420	467
-17	151	413	462
-50	178	418	430
13	185	367	454
3	174	369	528
-7	191	349	514
-3	169	332	555
1	138	317	606
195	157	367	544
169	142	497	518
113	116	574	517
62	127	670	477
47	121	671	471
11	132	619	412
21	137	622	448
26	150	634	440
69	130	643	455
69	132	665	444
53	147	682	429
75	150	740	423
114	155	724	442
114	158	681	481
167	151	707	457
206	168	697	429
200	160	688	477
157	150	744	528
323	148	646	474
362	140	624	483
398	144	600	502
434	142	555	523
458	132	551	516
472	151	484	509
516	140	544	515
511	145	553	513
526	135	540	533
551	145	522	516
592	144	465	498
608	156	471	490
616	147	480	516
622	147	458	487
671	148	465	445
645	153	501	471
620	144	547	489
638	157	523	463
641	152	493	454
626	144	566	492
645	148	570	474
652	149	551	473
641	152	582	466
639	147	550	457
649	142	530	468
651	155	569	455
630	137	595	472
647	134	596	513
641	150	510	451
657	137	470	471
659	142	503	466
662	129	520	475
658	141	559	455
655	137	564	483
653	142	583	482
652	148	540	481
658	149	525	490
652	151	548	495
635	146	570	493
650	141	539	503
626	142	591	508
627	142	587	506
638	130	544	502
644	114	518	517
628	104	591	559
636	93	581	552
656	103	521	505
663	87	519	528
666	93	501	508
660	68	534	558
655	85	550	539
644	101	571	528
647	123	549	503
651	125	500	486
661	125	502	482
665	115	510	494
663	108	528	512
642	105	587	532
641	111	575	509
656	80	561	521
659	86	525	526
650	77	509	505
649	88	536	522
627	71	594	557
621	83	596	529
619	83	627	545
629	88	543	524
640	92	529	529
617	87	575	542
626	100	524	510
633	105	546	527
609	114	609	552
607	113	562	515
617	118	556	500
615	113	583	509
611	113	589	494
603	102	600	511
614	94	551	509
628	85	528	538
607	75	595	559
615	92	596	541
594	80	610	579
588	77	597	564
597	82	597	545
608	104	534	515
612	113	553	515
585	116	578	505
581	104	578	515
587	109	568	499
585	77	609	562
566	72	660	602
571	96	622	535
595	93	562	527
581	86	613	543
574	91	613	536
564	87	616	539
562	95	592	525
556	88	628	552
561	98	608	527
546	105	616	526
536	85	623	561
530	92	612	543
526	104	603	517
501	113	620	531
514	119	627	532
506	107	626	550
476	125	613	525
488	124	595	517
500	124	566	517
487	127	593	525
466	130	613	524
462	140	616	516
461	140	634	519
473	143	588	512
473	139	596	523
450	127	610	534
443	123	667	540
461	122	616	550
459	139	595	533
452	138	629	546
441	143	619	531
458	136	573	528
455	120	528	531
465	141	452	540
466	158	472	496
476	139	457	525
480	146	463	503
466	154	471	496
459	160	492	507
466	171	513	469
436	165	583	502
425	165	616	511
413	156	640	513
422	146	647	505
419	136	565	514
420	136	541	523
422	157	507	504
421	142	536	531
427	137	480	528
429	125	452	536
407	137	477	539
401	150	530	516
401	159	495	516
375	147	542	537
351	152	548	526
336	167	564	529
308	143	571	531
292	139	594	548
270	148	583	540
260	157	600	530
242	151	585	533
228	166	575	549
227	167	531	521
194	185	545	540
208	186	447	526
43	212	432	524
-12	192	481	535
2	192	459	500
-17	198	470	475
-12	199	463	420
-14	197	472	399
-7	197	470	365
-4	191	493	390
9	180	488	349
-3	162	506	349
0	154	520	360
0	140	516	331
7	124	515	351
13	113	508	364
3	124	541	358
3	115	559	375
9	110	566	372
4	107	573	369
11	120	586	376
12	108	590	372
9	101	596	404
12	109	608	358
12	103	610	360
26	104	610	349
26	97	612	370
13	107	632	384
27	91	621	414
26	97	644	415
31	86	634	428
42	88	618	375
28	85	637	390
36	99	621	347
44	84	608	366
51	94	594	373
46	87	593	376
50	94	585	372
26	87	597	367
28	104	601	348
37	105	577	352
23	99	590	352
8	106	616	346
35	88	580	367
8	108	603	338
17	109	588	341
4	93	601	379
28	110	578	359
8	102	594	362
5	107	598	355
25	114	578	360
12	106	580	360
21	109	578	363
26	119	576	344
12	102	583	372
28	120	575	358
38	114	567	347
59	125	537	344
70	117	517	341
28	118	560	358
43	120	551	355
57	115	532	347
38	136	570	334
20	131	591	338
23	113	578	370
50	115	545	358
16	135	588	329
42	133	568	328
28	123	577	361
32	131	575	354
49	118	551	375
44	121	563	357
12	119	594	364
31	135	577	355
33	126	580	342
52	127	559	340
34	125	580	343
41	139	583	324
34	122	585	352
25	122	591	344
23	125	599	338
20	118	610	353
36	125	588	344
30	124	601	347
44	123	591	342
25	125	607	358
54	128	574	340
47	110	578	356
58	130	572	330
48	118	596	350
67	123	566	339
62	118	583	347
49	119	595	348
55	125	583	319
59	126	590	330
31	115	610	342
50	124	606	329
61	127	582	333
62	120	593	339
84	126	560	326
59	107	591	355
83	128	557	315
111	123	545	333
93	131	544	329
101	120	556	351
114	126	531	319
100	118	565	319
94	123	563	317
98	129	570	328
98	129	573	331
103	125	557	343
97	132	569	323
113	122	560	362
117	118	552	350
107	113	567	352
90	114	581	351
125	134	550	317
113	136	566	304
92	136	588	332
105	117	562	354
100	139	580	324
108	134	552	317
116	131	560	332
86	125	574	334
109	143	564	319
75	134	600	336
107	143	566	335
111	138	559	337
91	130	577	348
110	136	555	327
125	143	540	326
113	127	555	349
104	139	563	338
103	140	566	332
101	130	568	338
107	140	567	341
91	143	574	332
110	148	554	322
113	141	555	328
100	139	553	351
96	142	563	342
83	138	574	344
91	145	582	339
95	140	564	332
107	151	554	322
86	151	575	327
91	148	569	329
107	149	554	329
107	151	545	329
112	154	548	341
119	159	538	314
118	150	536	319
92	154	569	312
104	148	542	327
111	156	544	316
109	156	542	322
101	155	550	319
86	142	559	345
110	151	528	315
93	153	557	315
85	152	567	333
70	149	583	348
40	155	604	329
73	154	596	339
125	154	522	342
114	138	528	343
103	151	550	316
118	157	537	311
99	144	541	322
113	151	540	319
93	149	565	339
78	144	567	336
99	151	560	326
100	149	556	319
86	146	586	339
97	145	561	359
73	142	581	361
56	143	591	342
78	139	586	335
114	145	545	324
122	150	546	310
114	135	537	337
125	145	532	322
103	139	560	319
96	143	561	332
120	147	545	336
103	136	560	341
94	146	572	319
113	143	539	316
99	150	560	326
117	141	544	347
95	151	556	321
116	146	552	337
101	129	544	343
126	147	545	330
142	145	518	330
121	144	548	319
121	146	548	315
108	151	561	306
126	151	546	294
115	148	553	303
116	138	545	351
115	156	562	311
95	151	582	326
106	146	580	331
117	152	560	300
121	149	556	332
107	145	576	331
122	145	555	326
106	145	580	322
104	152	588	318
120	148	559	340
111	151	580	336
125	148	557	327
126	167	547	304
117	165	562	310
105	163	578	313
122	154	558	319
111	155	572	317
101	161	581	324
97	166	587	323
114	165	562	308
95	166	585	305
87	160	596	329
103	169	572	318
67	168	622	341
97	177	582	315
103	170	576	310
80	181	604	308
95	188	603	318
76	188	625	316
79	194	623	322
103	203	606	312
148	218	592	295
164	217	603	281
192	211	584	278
241	212	565	248
276	221	575	251
269	213	613	305
333	224	546	283
363	222	532	259
694	249	515	344
443	217	577	299
673	288	594	411
663	204	599	494
672	240	599	464
646	223	629	488
648	211	616	482
632	229	636	482
630	221	637	488
623	207	649	491
624	212	626	500
621	226	644	491
617	226	651	485
626	228	608	490
550	215	497	493
555	206	473	491
568	213	436	472
594	220	353	442
591	219	344	478
577	222	353	416
521	218	413	420
511	215	432	415
480	221	464	374
486	223	434	362
485	228	467	342
445	224	526	337
454	242	552	316
437	243	535	309
416	249	578	297
396	241	579	316
420	237	559	316
401	245	550	298
396	245	550	286
395	235	568	308
400	226	557	330
360	228	566	333
367	218	585	330
337	209	604	356
355	218	602	346
317	215	579	329
334	213	564	327
324	211	592	331
312	209	615	317
292	216	572	307
279	213	575	328
276	216	598	320
266	217	633	314
250	222	652	308
242	216	651	323
254	212	608	323
233	216	639	336
217	208	656	329
210	210	661	330
201	199	647	324
206	212	632	322
190	220	630	318
191	202	577	342
198	207	565	339
179	206	567	351
176	219	572	331
172	211	547	326
136	213	599	353
138	216	554	351
100	220	618	330
103	215	586	354
95	209	585	350
92	226	586	355
84	210	575	354
67	220	587	399
55	223	627	360
46	234	632	365
39	234	666	374
21	241	750	334
31	243	732	394
30	240	681	402
25	248	644	384
28	252	611	435
21	255	609	404
17	264	599	405
31	263	575	403
24	275	604	405
32	268	586	415
19	263	610	419
18	268	609	425
14	264	615	426
19	254	608	449
13	254	630	452
18	250	612	439
5	238	650	422
12	227	743	443
6	223	704	467
16	211	693	402
-2	202	738	445
16	210	704	439
8	193	664	472
12	189	628	473
21	178	631	498
11	162	648	477
15	162	652	465
7	151	653	515
-1	152	658	494
14	156	650	491
9	150	674	431
30	145	660	430
12	147	675	451
29	140	639	464
28	141	657	485
22	125	659	475
41	136	633	449
37	134	646	515
35	124	668	509
40	146	616	449
25	155	639	502
28	151	649	511
30	163	630	512
21	157	638	521
36	174	616	505
31	172	609	506
21	178	637	513
16	198	614	489
10	201	648	496
15	205	663	481
16	208	613	483
7	205	616	473
16	202	613	491
18	207	610	478
6	203	618	486
17	181	651	504
11	175	632	510
-4	137	687	546
21	186	579	493
11	206	596	473
7	195	592	476
8	191	595	473
1	187	616	477
-2	162	664	492
6	117	698	560
11	133	771	534
10	127	701	546
20	122	740	561
24	126	643	556
20	140	750	542
2	167	690	523
11	101	792	590
29	158	888	542
-1	126	975	573
-3	132	973	548
-7	125	1006	565
-20	127	1078	554
-19	133	1053	557
-6	132	1040	550
9	132	1051	582
-12	130	1059	543
-28	102	1092	567
-1	154	1038	515
5	148	999	522
5	124	1032	559
-43	130	1078	538
-47	110	1119	578
-34	115	1074	562
-39	121	1069	545
-58	119	1096	546
-54	129	1077	547
-66	136	1066	537
10	113	982	577
-7	116	979	557
24	107	948	567
14	111	943	560
25	105	955	591
10	105	981	568
17	98	978	583
29	105	964	575
6	108	988	562
15	97	997	588
39	100	968	589
27	89	980	609
26	100	978	584
30	109	995	582
32	98	953	560
46	98	992	589
7	93	1002	590
22	60	1032	620
34	84	982	576
7	92	994	586
16	81	1021	573
41	74	963	598
44	74	970	575
29	83	995	594
-10	84	1039	586
30	77	985	586
28	72	1006	569
21	74	1018	596
19	64	998	585
1	67	1050	575
5	65	1048	645
30	71	990	565
-3	75	1018	594
22	79	1031	579
16	81	1005	601
14	76	1020	593
47	71	977	590
5	75	1018	592
38	82	1027	595
51	100	973	571
37	89	976	597
41	79	983	564
3	93	1042	588
34	86	1008	573
24	78	983	578
23	90	1006	590
6	84	1040	562
3	89	1050	589
29	94	1007	573
10	93	1024	585
-1	96	1052	566
45	102	977	580
8	102	1018	576
35	75	983	582
9	99	1062	613
43	94	991	574
1	98	1021	590
13	101	1052	586
32	83	981	590
