649	29	548	667
648	29	579	648
648	56	568	660
642	17	590	662
642	48	590	674
648	22	572	643
649	45	579	678
646	26	569	653
648	35	585	669
660	28	551	698
636	22	592	678
645	37	568	677
633	14	587	683
645	19	588	673
617	25	624	694
641	29	579	681
657	9	571	672
658	41	545	667
655	29	572	682
650	27	568	662
651	26	582	683
639	30	590	649
654	37	557	681
641	28	588	678
659	7	555	669
651	17	558	709
660	29	570	678
654	47	563	642
648	18	591	699
658	26	550	682
667	39	532	655
666	35	549	668
643	18	593	691
642	15	586	678
650	49	566	659
670	23	537	675
648	45	557	673
642	29	585	637
647	52	573	667
652	25	580	681
651	27	580	662
653	22	572	687
649	15	566	669
678	41	518	666
644	32	588	666
654	36	555	678
654	27	566	641
639	40	576	663
632	30	588	666
668	47	534	658
635	27	593	666
634	48	592	669
633	30	620	676
642	16	572	668
639	65	579	653
644	38	568	667
625	19	609	694
638	20	589	689
645	38	585	668
634	28	594	712
634	10	577	681
654	27	570	682
634	16	574	655
652	43	574	680
657	48	540	669
635	29	603	703
643	18	582	673
659	69	555	650
616	29	632	671
636	22	573	691
639	19	601	696
638	9	577	695
635	26	585	699
656	49	556	668
638	18	599	695
629	14	602	702
640	35	585	673
646	26	571	670
641	25	578	666
649	1	562	695
653	42	564	679
662	25	551	656
649	54	554	670
638	40	600	687
648	21	581	677
627	19	590	701
624	15	614	676
641	26	591	694
648	34	591	655
652	14	578	692
626	14	622	713
645	1	596	692
619	14	615	715
609	1	646	691
620	-15	615	725
615	10	625	681
631	16	624	702
615	-5	629	704
615	-8	639	724
617	-15	622	713
623	-12	590	706
619	-11	589	708
596	-10	637	718
604	-17	631	730
597	-18	646	723
591	0	694	743
597	-1	668	732
583	15	690	729
559	58	690	696
518	70	711	661
430	40	823	663
406	38	863	665
460	26	813	660
629	1	651	697
649	37	623	641
658	7	614	689
631	-6	642	692
782	-48	556	740
830	-126	469	745
863	-55	423	739
863	-55	423	739
878	-159	412	865
861	-80	438	800
822	-116	472	776
845	-41	446	751
874	-44	406	733
874	-44	406	733
212	25	480	714
212	25	480	714
212	25	480	714
386	31	534	708
179	37	538	685
179	37	538	685
396	-6	585	724
171	32	570	703
189	36	566	685
384	-10	640	723
165	0	806	718
600	7	680	676
634	48	626	636
587	50	653	618
605	58	604	601
561	49	629	654
574	78	597	643
576	72	608	658
580	57	591	694
562	43	621	683
522	44	675	691
535	58	662	673
561	55	620	651
565	64	619	667
589	23	585	678
623	50	573	661
621	53	580	638
658	48	579	638
672	37	562	650
663	18	583	679
664	0	597	700
603	-11	662	718
606	-35	656	729
634	12	628	694
622	-2	631	683
636	20	617	683
625	18	586	677
649	19	493	682
620	3	522	711
643	-3	491	717
633	6	494	708
636	1	481	701
636	12	518	698
620	12	594	710
546	-3	638	706
604	-1	581	701
580	3	523	707
618	-11	495	710
623	-14	496	716
605	-15	524	719
581	-16	594	725
435	16	676	694
407	8	809	694
565	20	673	674
505	18	715	657
423	-1	792	670
318	1	902	692
245	19	984	672
218	43	1046	684
249	81	988	654
248	67	1007	680
248	44	988	700
243	68	1006	667
245	43	1019	694
231	46	1011	686
214	53	1012	665
211	57	1035	680
209	36	1043	697
210	44	1043	683
189	35	1066	707
182	24	1055	696
176	41	1057	684
190	12	1040	714
142	34	1114	696
133	5	1129	716
136	23	1117	696
135	7	1139	725
158	35	1126	699
173	31	1101	682
139	23	1128	692
154	15	1119	681
145	28	1116	683
153	35	1092	660
141	10	1121	676
174	19	1057	701
157	7	1074	708
152	29	1108	679
145	-14	1112	718
132	-4	1101	721
165	9	1082	708
142	-17	1122	703
146	12	1083	686
134	-15	1126	720
127	1	1127	709
135	11	1135	680
141	14	1104	683
105	0	1140	685
149	17	1133	692
167	0	1081	713
170	19	1066	693
168	14	1088	701
161	11	1096	681
171	32	1070	698
146	22	1107	686
146	25	1100	679
161	9	1077	703
140	-10	1115	696
141	-3	1101	740
163	5	1092	701
122	-11	1147	761
138	5	1118	686
187	5	1030	693
171	11	1087	697
166	13	1079	663
176	5	1082	703
148	12	1113	703
146	7	1101	694
131	7	1134	705
119	-12	1137	711
141	4	1097	705
163	0	1070	695
164	-1	1065	680
147	25	1102	703
141	4	1096	705
149	2	1108	695
145	19	1111	704
171	11	1074	702
177	11	1059	668
189	10	1062	694
206	7	1049	705
182	-1	1091	699
175	20	1086	699
187	10	1054	694
158	0	1085	688
172	15	1090	705
149	-9	1106	730
162	-16	1070	714
167	-7	1070	734
142	-10	1098	738
156	-19	1098	705
161	2	1108	738
104	-9	1176	714
147	2	1128	722
167	9	1089	702
148	-5	1105	715
134	-18	1118	741
153	0	1111	720
141	-36	1126	778
110	-11	1178	730
136	4	1115	724
144	17	1126	701
148	-5	1116	732
154	-13	1108	739
169	15	1090	692
187	3	1064	699
178	5	1068	721
154	15	1090	696
149	20	1106	706
153	0	1097	732
148	13	1101	694
147	4	1090	707
157	-7	1117	703
135	-2	1114	702
164	21	1085	711
170	27	1052	694
158	13	1077	697
162	-5	1058	722
156	27	1112	715
153	5	1108	703
155	6	1098	706
114	10	1129	700
134	9	1126	694
129	21	1130	702
156	2	1103	685
146	28	1109	712
125	-13	1114	723
134	22	1104	698
140	27	1127	667
147	-4	1113	697
140	-16	1093	743
158	0	1067	687
158	24	1081	673
177	12	1050	694
176	18	1057	677
174	3	1072	709
141	23	1126	706
132	4	1116	726
163	0	1095	732
167	0	1079	725
169	14	1087	696
159	-4	1096	714
164	31	1095	679
160	3	1078	705
130	23	1138	671
157	5	1060	695
171	24	1077	725
168	11	1081	701
163	-3	1075	703
143	27	1100	690
153	1	1106	724
164	2	1096	746
145	2	1106	696
142	11	1112	705
148	24	1092	691
140	9	1087	691
146	15	1077	696
146	20	1099	688
155	3	1070	717
160	-2	1067	710
159	8	1083	703
142	-6	1099	725
154	5	1080	686
133	28	1113	676
146	13	1094	694
159	29	1077	677
154	14	1090	704
153	3	1078	707
166	7	1092	700
157	-15	1095	729
139	18	1090	708
155	-5	1086	721
161	12	1085	700
150	19	1078	705
143	6	1086	685
134	9	1115	731
138	19	1125	708
117	-10	1135	729
156	22	1079	710
155	19	1068	696
158	0	1070	725
151	0	1080	694
162	1	1077	722
140	0	1094	700
99	2	1157	721
131	13	1107	691
131	-13	1110	704
166	27	1071	714
137	11	1093	717
145	11	1110	719
134	-14	1115	689
144	-15	1108	733
139	32	1099	694
139	6	1104	705
140	-9	1116	706
133	5	1111	700
143	-6	1092	706
141	21	1101	709
159	0	1083	732
180	3	1058	688
159	25	1089	688
145	0	1112	712
140	0	1118	714
110	23	1148	672
116	35	1167	679
132	-3	1126	735
130	20	1126	696
161	11	1096	716
157	18	1102	694
168	19	1073	679
161	9	1103	691
166	43	1069	658
157	-4	1091	724
132	15	1107	695
135	15	1124	690
137	9	1094	698
141	7	1090	683
134	31	1110	673
134	10	1120	712
139	-13	1121	729
119	38	1150	708
113	1	1162	698
130	31	1135	655
144	14	1097	696
160	4	1098	726
140	13	1116	691
149	12	1094	694
156	14	1072	709
158	15	1116	682
116	19	1156	705
147	25	1105	667
157	18	1072	686
156	14	1093	691
147	-10	1115	712
166	16	1080	722
174	10	1065	711
169	10	1076	697
157	26	1088	685
165	3	1070	697
137	20	1111	720
149	0	1090	712
141	-12	1109	717
162	21	1071	698
152	16	1080	705
164	-2	1090	740
152	-4	1102	716
135	16	1099	702
149	15	1091	694
132	-10	1120	730
150	30	1105	703
110	5	1145	689
114	15	1124	686
143	-19	1141	734
154	26	1092	714
158	19	1079	693
124	40	1123	665
169	22	1064	687
172	5	1063	745
171	14	1039	704
145	9	1090	699
141	14	1131	698
150	21	1098	691
154	10	1085	704
144	25	1099	686
167	24	1041	672
183	9	1050	706
171	5	1055	704
162	14	1056	699
140	25	1105	679
162	8	1063	695
142	13	1092	717
148	0	1088	698
160	24	1082	697
167	10	1061	693
156	-6	1069	725
148	16	1096	680
133	29	1107	689
146	-1	1078	719
110	3	1141	716
148	22	1095	671
143	-8	1075	739
148	18	1095	700
134	-8	1110	722
147	17	1091	710
145	1	1121	689
169	26	1067	690
132	1	1128	714
154	18	1083	720
164	13	1069	704
110	-6	1133	698
136	1	1106	706
133	34	1117	707
135	-6	1116	713
170	6	1065	732
165	14	1073	703
177	28	1050	681
172	16	1062	682
169	-12	1070	738
120	0	1124	701
138	12	1087	698
144	17	1089	683
160	-4	1081	701
140	13	1097	726
109	-6	1139	720
154	14	1089	674
142	19	1088	697
160	14	1063	678
159	28	1099	680
140	16	1107	719
137	12	1104	696
147	22	1062	687
151	8	1097	692
125	33	1141	674
135	10	1112	696
92	0	1171	714
151	9	1098	702
136	3	1109	720
160	10	1069	698
156	15	1075	685
160	6	1076	688
142	4	1106	718
148	20	1101	706
142	14	1094	678
148	20	1094	687
142	25	1087	683
165	17	1058	678
154	25	1085	700
142	15	1108	687
126	15	1133	698
147	5	1123	712
142	14	1109	704
159	12	1065	697
148	15	1098	662
157	12	1097	717
164	14	1081	689
157	-9	1104	717
163	32	1105	702
150	-4	1099	723
148	10	1112	706
155	5	1079	713
147	3	1093	689
154	22	1081	688
161	14	1044	695
152	15	1082	678
165	26	1040	671
134	16	1119	679
160	7	1094	691
143	11	1105	712
150	-5	1086	711
157	11	1091	690
166	-10	1080	712
158	22	1086	696
148	0	1093	689
143	33	1088	685
117	-3	1152	679
147	29	1112	694
138	23	1096	691
126	17	1108	686
146	16	1116	695
125	12	1104	700
134	40	1143	682
166	28	1084	658
163	17	1065	691
114	11	1123	672
149	21	1101	690
141	39	1110	674
132	-2	1109	716
166	40	1081	685
142	5	1095	723
156	0	1074	747
162	9	1072	679
144	41	1099	687
153	13	1075	694
164	19	1078	677
175	25	1081	675
138	19	1115	692
138	28	1108	674
151	13	1086	719
159	5	1087	690
149	37	1102	672
154	13	1091	700
143	26	1108	702
143	16	1093	678
155	5	1068	696
159	37	1066	684
145	14	1100	675
133	17	1104	708
158	19	1078	685
146	-1	1097	710
158	7	1077	699
133	5	1107	704
114	8	1131	692
140	2	1135	733
172	-4	1074	722
151	-11	1102	707
139	9	1100	714
142	0	1083	721
154	13	1088	690
145	3	1096	693
147	12	1106	710
112	0	1138	708
136	19	1113	676
148	10	1091	680
141	14	1089	689
139	0	1116	711
140	14	1117	730
172	13	1057	703
155	0	1095	712
159	18	1070	693
147	7	1083	707
127	7	1107	697
157	24	1094	687
149	9	1102	702
141	-5	1107	744
149	3	1099	707
135	7	1116	681
158	18	1103	707
157	20	1095	675
183	18	1051	695
161	33	1085	674
149	-11	1092	737
155	20	1105	687
170	7	1075	719
157	19	1103	677
146	13	1106	681
90	22	1165	704
123	-1	1124	694
142	8	1076	721
150	15	1082	686
139	4	1112	707
136	-3	1105	693
150	4	1070	712
147	44	1092	662
131	2	1108	697
149	34	1093	707
151	15	1095	690
150	22	1080	684
161	36	1091	677
137	13	1128	695
151	38	1081	679
126	-2	1113	721
126	17	1131	682
139	27	1132	676
160	14	1088	689
132	14	1133	708
143	31	1097	660
153	10	1092	716
129	13	1134	681
149	11	1105	743
147	-6	1088	714
166	1	1067	716
160	10	1070	691
142	23	1089	705
113	4	1116	716
121	20	1121	709
134	6	1109	687
141	24	1097	696
147	8	1087	705
157	-5	1074	720
156	25	1102	717
151	-3	1106	694
159	-6	1065	740
152	3	1099	709
138	-2	1096	738
109	15	1144	672
130	1	1112	694
141	23	1100	701
155	29	1104	662
152	17	1102	689
112	25	1134	708
163	18	1079	700
159	6	1076	717
154	3	1077	703
161	7	1073	729
135	-15	1120	707
145	29	1099	705
145	1	1096	705
159	42	1095	695
128	-11	1141	738
109	10	1162	702
137	27	1082	692
143	17	1108	702
141	16	1101	672
149	20	1099	697
103	-8	1156	706
138	22	1111	688
154	9	1089	715
161	0	1066	707
163	42	1086	666
140	6	1131	708
144	22	1108	689
145	-14	1107	747
121	2	1136	707
126	11	1129	703
146	4	1108	720
127	0	1122	724
114	20	1137	702
124	0	1126	696
136	7	1112	718
150	4	1098	712
161	18	1082	707
134	0	1107	715
160	-2	1086	709
146	13	1087	714
155	-15	1072	748
150	15	1115	700
163	9	1096	715
141	11	1117	706
151	-18	1092	761
134	8	1118	714
162	22	1062	672
155	3	1078	719
154	0	1085	710
148	4	1106	717
163	20	1084	696
171	5	1056	709
161	-7	1084	732
156	22	1086	695
116	-1	1133	727
145	6	1093	727
178	5	1080	725
155	-3	1085	739
167	25	1062	698
146	13	1085	694
160	11	1077	684
151	4	1090	730
142	-24	1096	758
107	0	1142	718
126	-7	1121	725
149	22	1078	674
161	12	1119	687
174	-12	1077	731
155	-6	1094	717
174	13	1058	723
158	4	1065	732
169	6	1067	710
137	2	1097	726
147	-2	1091	732
143	8	1110	712
140	16	1115	712
109	7	1162	700
135	19	1146	692
160	21	1106	696
148	1	1092	722
150	7	1079	719
123	-2	1126	724
144	6	1099	697
180	3	1021	702
161	11	1060	710
140	4	1089	705
146	-9	1076	730
157	7	1070	696
118	-9	1126	744
130	-8	1124	748
160	5	1079	704
149	0	1094	722
145	-1	1093	717
179	-6	1062	726
169	4	1070	712
142	6	1092	713
126	0	1103	735
120	-8	1143	713
171	15	1076	706
161	4	1077	711
147	12	1092	696
156	-10	1112	761
155	11	1102	689
156	11	1114	693
152	-15	1102	740
160	7	1065	717
179	-3	1071	728
165	10	1084	709
156	-13	1094	751
183	-5	1046	751
150	-1	1106	711
128	-3	1120	711
144	14	1080	691
133	0	1132	715
116	7	1157	690
144	-9	1107	724
162	-2	1082	698
161	-20	1075	756
145	-2	1102	712
165	7	1061	717
160	3	1056	701
168	-22	1061	759
135	-11	1110	722
118	-19	1145	731
141	-1	1106	708
157	-6	1085	734
125	5	1105	676
133	-2	1121	727
160	12	1061	697
149	13	1114	680
157	-26	1085	718
164	-11	1044	730
155	14	1078	705
175	-3	1060	725
163	-18	1034	721
148	15	1101	716
140	-4	1092	710
158	-3	1054	702
162	8	1060	695
162	17	1069	693
142	-10	1107	707
162	12	1068	689
159	1	1056	714
184	-3	1037	727
158	0	1087	679
173	4	1056	731
149	3	1084	708
134	-4	1103	683
122	2	1118	693
122	0	1108	711
140	-13	1120	721
113	-8	1154	716
145	9	1141	707
120	-21	1167	745
135	-12	1147	711
141	-5	1070	703
124	-2	1097	665
141	33	1064	658
158	-11	1038	670
148	-2	1040	702
150	-35	1072	727
186	-18	1038	699
183	13	1034	646
193	46	1014	659
192	43	1021	631
204	57	1009	650
216	52	1005	618
172	65	1062	622
197	50	1034	627
178	77	976	603
184	81	921	619
193	42	950	692
168	51	980	672
139	30	1059	716
140	33	1058	729
136	17	1106	727
162	16	1038	751
151	32	1062	694
181	42	1014	705
153	17	1078	719
156	8	1054	717
138	7	1087	698
139	12	1094	744
114	-4	1134	747
130	25	1124	731
135	18	1121	714
138	1	1106	734
143	-4	1112	735
145	4	1091	714
133	-3	1117	718
161	-2	1112	751
134	11	1119	737
153	-1	1099	731
148	2	1084	752
136	-2	1154	742
145	-21	1115	735
155	-12	1080	769
143	-45	1119	776
142	6	1089	747
142	6	1090	747
148	5	1082	736
138	1	1095	738
143	-22	1082	731
142	0	1119	723
139	-7	1099	755
145	-28	1099	743
160	21	1097	744
129	12	1133	709
167	-7	1079	736
162	0	1095	719
126	5	1127	731
131	1	1135	730
145	-13	1096	735
163	14	1096	710
149	3	1072	715
148	-17	1091	747
141	-6	1132	722
154	-26	1111	762
174	-4	1071	754
153	-25	1101	750
159	19	1083	758
145	-11	1102	710
133	16	1134	724
134	2	1115	724
138	-1	1138	718
160	1	1108	729
127	-5	1143	777
115	-18	1161	727
134	-5	1118	709
147	-5	1133	749
155	3	1092	720
129	12	1120	726
123	32	1149	706
120	15	1143	707
161	-13	1091	728
166	23	1094	721
107	7	1155	729
130	-20	1119	735
137	-8	1096	742
121	-18	1141	779
158	-14	1108	746
160	-8	1089	753
131	0	1120	747
180	-17	1048	724
159	19	1081	718
141	-4	1099	750
135	28	1152	689
140	-2	1121	741
144	-22	1108	713
132	0	1116	742
145	0	1140	704
151	0	1110	738
157	-8	1099	737
168	-9	1070	744
123	-20	1127	761
155	5	1097	775
144	-2	1080	738
134	-27	1113	762
154	17	1127	718
136	-5	1103	753
137	-31	1122	741
122	12	1138	739
147	-17	1115	762
125	11	1157	749
153	7	1084	711
150	-9	1118	764
161	-35	1083	744
137	15	1128	704
136	-9	1124	755
139	16	1122	732
138	-23	1107	740
163	13	1078	720
130	-18	1112	745
128	4	1127	714
170	-20	1087	771
156	5	1098	734
156	3	1100	736
143	-27	1131	775
165	5	1077	763
125	-15	1134	748
135	14	1154	717
147	-21	1108	725
161	11	1081	745
155	-1	1082	727
141	25	1105	711
136	0	1130	709
162	16	1071	711
160	-13	1089	762
142	-39	1097	769
146	18	1078	716
148	-12	1093	750
119	-4	1147	746
129	20	1147	711
138	-3	1125	755
152	-16	1091	727
166	-15	1076	752
157	-17	1074	790
139	4	1134	741
113	-12	1175	714
122	-18	1138	752
157	0	1116	744
130	-16	1115	727
141	-17	1106	760
148	-16	1100	741
156	-8	1089	741
168	-20	1078	786
176	18	1063	702
143	-20	1107	782
145	-6	1108	782
142	0	1109	737
137	1	1113	716
136	-32	1137	749
127	1	1136	723
136	1	1136	722
122	-10	1135	736
131	5	1128	719
144	5	1112	710
125	-21	1122	779
132	-51	1107	744
130	6	1118	767
129	10	1152	719
162	-9	1057	753
161	-10	1092	747
160	-9	1098	722
169	4	1087	744
153	-8	1074	737
158	13	1100	744
140	-8	1139	710
151	-15	1097	746
143	-5	1100	733
140	-6	1136	750
151	-40	1104	775
141	21	1120	737
146	9	1104	735
123	-6	1132	724
131	-11	1121	743
145	13	1136	716
150	8	1097	735
146	-3	1113	745
133	-23	1117	727
168	7	1098	739
118	-38	1148	823
129	-10	1127	733
144	-1	1133	727
140	-9	1116	746
144	-9	1107	755
159	-23	1085	755
142	-5	1109	741
140	1	1102	732
160	14	1107	723
149	0	1078	742
142	1	1097	713
158	0	1120	721
140	-8	1111	745
143	-10	1104	731
150	6	1091	709
155	16	1083	722
161	-7	1078	737
161	-10	1082	746
135	-5	1114	741
166	8	1085	712
170	3	1071	730
184	-8	1068	736
110	-1	1151	733
126	3	1126	731
156	-2	1076	749
170	-1	1083	710
138	12	1118	743
130	-2	1122	716
162	8	1103	737
138	-1	1123	738
120	-29	1147	748
147	16	1130	722
140	-10	1124	746
150	-6	1102	758
146	4	1102	738
162	-14	1091	711
148	1	1111	734
128	-11	1140	736
159	-7	1087	743
138	-8	1113	769
144	-4	1119	740
135	-42	1116	768
167	11	1098	742
145	-7	1096	728
138	-1	1139	752
150	-15	1123	754
169	0	1048	742
163	-7	1083	724
162	17	1102	706
124	-16	1120	758
138	0	1113	737
132	-16	1125	755
160	-20	1104	742
136	-2	1115	749
143	12	1137	697
123	13	1153	726
134	0	1131	746
129	-21	1111	720
143	5	1091	749
149	-10	1076	754
139	-23	1096	752
179	9	1033	727
157	-9	1082	751
162	-8	1078	728
166	-12	1069	743
140	-22	1129	752
134	-10	1128	737
138	-2	1129	734
141	-18	1103	770
162	-7	1100	741
143	-11	1121	751
134	-19	1107	785
145	-12	1102	731
143	-2	1114	727
142	12	1093	730
118	4	1122	726
155	2	1093	737
146	-24	1115	749
143	-9	1108	759
134	-4	1111	713
131	29	1144	730
138	1	1110	720
158	-18	1084	750
133	10	1126	702
150	-24	1086	766
139	3	1136	703
134	-12	1143	749
156	-23	1121	775
133	-34	1114	742
170	10	1091	750
150	-15	1084	731
171	29	1064	711
151	-10	1086	737
153	-14	1114	729
157	-11	1102	771
162	-32	1118	745
140	1	1129	731
162	-3	1074	759
149	-11	1105	759
132	-25	1128	774
114	14	1146	715
135	-10	1123	715
171	18	1058	723
174	5	1040	739
150	-10	1088	743
147	-10	1107	747
147	-6	1102	744
137	-2	1114	725
164	-12	1077	739
127	6	1125	725
141	11	1118	743
141	-22	1099	726
140	-11	1133	744
139	-3	1126	759
140	-7	1097	747
145	-35	1097	789
155	8	1115	755
139	-18	1096	720
132	5	1129	748
162	-19	1079	751
132	-6	1121	722
157	0	1092	730
127	-16	1111	753
145	-8	1098	745
145	-22	1118	740
143	11	1105	746
146	8	1103	719
159	7	1076	733
132	-14	1107	736
164	8	1057	730
170	-12	1076	715
149	20	1104	704
141	0	1097	724
137	10	1108	728
145	-14	1120	730
157	4	1100	754
166	-49	1089	776
147	10	1122	740
151	-30	1105	755
165	6	1077	759
123	9	1135	706
154	-2	1102	746
158	-12	1094	744
171	4	1072	706
145	-6	1120	716
146	24	1096	705
161	-4	1093	746
151	7	1122	710
124	-8	1131	736
132	-10	1114	759
130	1	1133	723
151	-19	1099	753
160	-5	1073	738
146	17	1104	728
143	7	1123	737
126	-16	1124	757
139	-1	1087	784
123	-26	1122	733
131	5	1129	721
139	-16	1128	746
133	9	1124	739
153	-19	1093	744
137	6	1123	719
127	0	1130	757
118	-13	1149	724
156	-29	1096	775
158	5	1077	729
143	-7	1110	739
136	-15	1114	759
152	-11	1110	743
166	-14	1096	757
130	-19	1124	767
159	2	1069	715
156	-21	1100	726
151	8	1100	726
142	-11	1106	744
138	-11	1121	732
132	-13	1122	754
161	-5	1097	755
147	-27	1130	762
138	-25	1110	761
165	-6	1100	730
150	-9	1089	734
147	0	1118	710
142	5	1143	744
116	-15	1136	738
153	-5	1091	740
137	-18	1108	751
155	-21	1109	735
144	1	1110	733
134	24	1128	701
151	0	1098	718
133	7	1107	706
141	-24	1122	762
131	0	1118	738
139	5	1139	731
139	-9	1137	717
159	4	1106	752
152	-6	1092	737
153	-2	1102	733
122	18	1127	738
125	-24	1136	735
153	8	1119	726
156	-5	1092	711
148	8	1082	735
160	23	1072	728
150	-10	1108	725
141	18	1113	724
144	0	1118	742
129	-37	1133	740
149	5	1092	735
146	-28	1117	757
154	1	1092	719
147	-27	1090	781
147	2	1105	722
138	-7	1097	745
155	-1	1089	761
140	-17	1115	770
151	-19	1103	755
142	12	1106	725
168	-14	1066	751
148	5	1081	747
123	3	1115	726
143	-16	1097	759
163	-21	1092	742
144	-10	1123	765
154	-28	1128	762
142	-21	1077	726
158	19	1095	723
153	0	1122	747
147	-14	1099	721
169	5	1072	754
151	-14	1113	727
147	8	1111	745
145	-8	1106	752
127	-20	1135	743
152	-17	1102	762
124	3	1120	738
136	8	1111	710
138	-13	1115	761
142	2	1121	724
121	-1	1135	741
143	-46	1109	761
143	1	1099	753
145	-9	1138	721
134	-2	1111	748
125	-12	1137	728
146	-6	1127	738
169	-10	1067	774
155	-4	1080	764
146	-16	1114	764
138	-15	1106	786
142	-6	1109	728
146	-17	1116	719
169	25	1064	714
136	-6	1116	753
139	-26	1120	733
148	0	1100	735
137	-6	1113	718
141	0	1127	749
121	-10	1132	750
151	13	1076	744
140	0	1098	724
142	-14	1108	762
144	-25	1104	752
150	-14	1099	768
155	6	1088	710
161	-9	1076	764
140	-31	1105	757
152	-5	1111	758
149	-24	1107	738
135	-2	1124	757
157	-11	1076	712
135	-44	1121	769
150	15	1083	715
153	-16	1100	727
141	9	1100	746
144	-8	1126	718
157	-26	1089	756
160	11	1083	738
128	-15	1130	763
139	-31	1116	725
145	23	1089	714
134	12	1099	742
127	-3	1126	746
139	5	1118	718
145	-2	1110	728
131	-13	1126	785
148	-11	1075	704
154	-11	1081	759
152	-32	1095	778
124	-14	1132	740
160	4	1096	741
163	-22	1083	732
151	-2	1104	749
132	5	1121	723
173	4	1072	752
163	-6	1094	736
169	3	1059	741
170	-11	1064	739
137	7	1103	730
144	-12	1113	748
127	-22	1132	796
140	-6	1126	736
128	22	1117	738
142	11	1090	713
121	-19	1135	739
130	12	1131	750
124	1	1144	712
134	0	1136	726
124	20	1143	736
126	-13	1118	707
132	-8	1110	756
124	-17	1132	738
151	9	1117	746
156	-31	1115	748
141	-1	1115	753
132	1	1093	705
144	14	1126	748
138	-4	1118	728
161	-23	1078	765
148	-4	1099	726
155	-15	1084	746
132	-8	1122	757
149	-12	1123	741
121	-6	1131	742
121	-5	1130	749
163	0	1073	735
132	-13	1106	749
111	-8	1150	759
121	5	1137	709
135	8	1107	748
120	-10	1145	740
122	12	1169	720
134	-11	1138	735
154	8	1089	725
134	-1	1103	720
163	8	1068	708
144	-3	1098	733
183	8	1037	743
143	2	1099	754
146	-1	1111	733
147	10	1102	748
143	2	1110	710
143	0	1099	740
166	-16	1082	730
149	-7	1101	748
133	-5	1121	764
146	-11	1114	746
138	-11	1099	756
134	-15	1100	747
136	-17	1103	749
138	9	1131	732
133	-10	1122	743
153	13	1104	737
174	0	1070	747
121	-11	1138	720
155	-10	1104	760
150	15	1120	712
109	-2	1154	727
143	-14	1096	773
124	9	1156	715
151	-7	1098	733
166	-16	1064	741
142	-11	1094	740
116	0	1146	733
122	-14	1123	755
176	-6	1057	726
139	-2	1103	747
162	-3	1096	732
169	-6	1082	746
145	-2	1099	752
159	-15	1104	734
138	-2	1122	745
140	8	1112	711
120	-1	1137	729
145	-16	1090	760
152	-9	1103	770
138	-2	1120	741
131	-3	1112	721
121	22	1153	695
157	-24	1094	760
132	-9	1110	755
115	-13	1166	731
141	-23	1102	747
146	6	1116	733
116	-4	1154	733
145	14	1131	711
153	-8	1094	748
139	-21	1110	774
132	-23	1115	730
151	14	1133	736
126	-2	1134	726
147	-24	1114	755
119	0	1141	749
112	6	1144	706
130	-9	1107	727
151	-7	1107	715
161	13	1115	747
131	-24	1119	757
149	13	1125	722
150	-1	1086	712
154	27	1112	696
127	-20	1115	738
122	-3	1133	763
153	-3	1110	742
154	5	1102	731
139	-14	1116	741
142	-7	1117	748
153	4	1095	754
142	-2	1095	744
143	0	1115	744
129	-20	1129	737
144	-19	1118	763
163	-8	1041	743
163	4	1086	735
128	8	1135	707
155	-6	1102	746
154	2	1122	740
110	-27	1150	748
99	5	1177	719
113	-4	1159	780
145	-7	1105	747
159	-7	1082	732
148	13	1106	727
145	-15	1111	757
143	-5	1108	741
127	11	1130	721
142	3	1139	741
128	-21	1129	717
162	3	1100	734
123	-22	1145	753
136	20	1122	698
145	-14	1101	737
146	-9	1097	754
150	-7	1102	743
128	6	1132	722
150	-26	1110	746
164	2	1091	731
152	2	1076	720
162	1	1095	739
142	-4	1101	731
167	-18	1090	757
145	-5	1112	745
138	-24	1109	730
173	-10	1076	755
144	-2	1115	745
146	-23	1094	741
146	-11	1109	762
143	-26	1129	724
147	7	1123	750
155	-21	1090	735
138	18	1097	717
136	-14	1087	771
143	2	1115	718
129	-17	1119	751
122	0	1141	730
151	-18	1119	744
124	4	1144	742
140	-26	1121	727
137	21	1131	741
141	9	1100	719
179	-17	1073	739
148	24	1125	744
171	4	1060	728
144	18	1089	705
136	-18	1111	749
151	2	1115	736
139	-8	1123	742
148	-8	1100	757
141	-28	1110	740
151	7	1100	722
166	-1	1064	743
148	-4	1110	747
141	-10	1100	740
150	16	1096	695
143	11	1110	758
137	-13	1110	756
151	-7	1106	756
134	0	1139	723
137	1	1124	746
143	-7	1114	719
147	-21	1100	768
155	-9	1095	768
150	-15	1083	727
156	-4	1094	760
129	-30	1124	765
141	-4	1117	742
113	-18	1161	762
114	-5	1161	735
142	-27	1113	771
145	15	1113	713
138	9	1127	715
132	-15	1138	739
134	10	1098	707
142	-14	1094	745
135	-7	1115	752
146	6	1130	707
140	-10	1106	760
145	-11	1113	728
147	-10	1104	767
169	-11	1059	717
177	18	1039	727
133	-6	1118	737
136	-19	1148	726
124	0	1134	722
149	-32	1112	769
117	9	1150	745
164	0	1079	733
144	-17	1100	763
157	-18	1070	767
160	4	1089	745
140	-18	1093	760
138	-11	1106	774
149	-27	1115	774
135	-9	1126	737
160	-30	1070	757
158	-19	1086	757
144	-19	1110	771
121	5	1147	742
129	-27	1141	747
146	-1	1089	740
166	20	1088	724
117	-11	1145	752
141	-17	1099	737
143	21	1132	733
166	-4	1058	738
159	0	1091	741
129	-2	1147	736
148	-15	1080	767
144	-32	1101	766
145	-6	1109	729
107	-8	1162	752
143	-38	1073	759
143	-12	1121	745
151	18	1100	729
162	-16	1082	738
131	-13	1112	731
130	4	1135	746
153	10	1089	733
140	-17	1100	763
140	11	1109	723
153	5	1093	733
167	-14	1072	740
163	3	1075	731
127	0	1128	722
153	-4	1100	723
142	12	1120	729
144	0	1109	739
129	-16	1126	719
150	13	1115	730
146	3	1135	718
157	12	1089	715
133	3	1116	727
136	8	1137	717
140	11	1108	727
147	-3	1124	718
118	3	1167	743
148	-21	1101	770
146	9	1108	729
142	-15	1098	738
156	18	1098	731
166	-7	1086	737
143	0	1106	717
145	0	1112	713
162	-14	1084	747
126	-20	1130	784
123	-17	1151	747
130	3	1126	719
151	-20	1101	766
137	-37	1124	767
122	-24	1145	764
135	25	1139	716
131	-12	1150	734
131	1	1152	713
152	-3	1119	715
135	-15	1117	739
146	18	1112	701
156	-7	1088	739
164	-9	1072	751
157	-9	1091	768
140	-18	1123	747
134	17	1132	737
135	-21	1132	731
144	15	1114	714
153	-2	1104	755
139	-18	1134	750
143	-8	1131	741
155	7	1108	727
157	-10	1098	750
133	14	1155	744
145	6	1106	709
155	17	1089	736
142	0	1112	712
154	0	1099	723
144	2	1110	735
141	20	1127	706
135	-12	1105	733
154	-10	1079	743
153	-13	1102	744
135	-23	1123	754
151	21	1101	722
156	-5	1089	735
136	-2	1112	765
136	-13	1127	724
134	26	1139	739
163	-32	1079	786
164	-17	1084	784
146	-23	1129	734
140	0	1107	719
154	-5	1114	715
128	-8	1134	716
161	-2	1096	743
149	-6	1119	750
159	4	1088	730
147	-20	1111	773
151	11	1102	758
148	-17	1100	737
145	4	1095	735
168	-7	1091	725
162	11	1081	717
154	1	1077	741
147	1	1118	739
162	-5	1096	736
142	-16	1110	776
153	-18	1086	746
155	16	1077	718
156	8	1121	721
140	-9	1102	754
153	-6	1113	731
150	4	1103	702
158	31	1089	731
127	-24	1124	749
120	6	1147	768
145	6	1094	719
148	20	1094	724
151	-12	1101	735
142	-5	1108	761
132	-36	1118	742
122	15	1166	737
