791	201	129	187
796	200	117	197
790	193	127	199
791	189	123	195
790	183	124	196
788	181	126	191
789	178	123	201
788	171	133	203
778	170	144	196
789	164	132	197
787	161	127	197
780	163	131	195
781	160	125	194
778	159	124	190
775	154	129	194
772	152	133	196
768	153	142	195
770	149	126	199
765	150	127	194
759	150	126	187
760	152	120	180
757	151	112	182
752	150	114	182
743	145	124	184
739	144	116	190
727	145	118	183
729	146	118	183
720	144	116	184
714	147	114	179
704	142	112	184
700	145	104	178
696	149	109	174
693	148	103	176
678	155	109	164
670	157	110	167
661	161	112	164
665	154	106	169
650	155	118	171
643	159	115	168
638	160	107	167
634	164	99	165
637	165	97	163
619	172	107	155
615	173	104	151
606	172	101	155
603	174	96	155
602	177	95	150
596	181	90	147
585	182	96	146
584	183	87	147
575	185	90	144
576	188	89	139
569	188	88	141
566	190	87	141
558	191	89	137
554	194	83	133
553	195	85	131
548	193	83	137
543	197	82	131
538	195	86	133
534	194	80	137
532	197	81	129
531	196	76	129
522	197	79	127
517	197	82	126
509	194	85	130
511	194	82	128
505	195	83	126
501	194	79	128
497	195	81	123
488	191	88	127
493	191	82	127
490	192	79	124
486	190	79	123
485	183	79	129
483	184	83	125
483	183	82	123
483	180	80	126
482	176	80	126
480	174	82	124
477	174	83	122
477	174	82	122
478	170	85	127
477	171	79	122
476	169	80	123
475	169	78	122
473	168	76	124
475	167	73	120
473	165	72	122
471	165	76	118
468	163	76	120
466	163	81	121
465	163	83	116
467	162	79	117
464	159	81	116
464	158	78	118
467	157	73	121
462	158	78	119
465	158	72	115
465	157	71	118
463	153	73	123
461	155	78	118
460	154	78	120
459	155	81	120
461	155	79	119
461	154	75	121
460	153	77	120
462	153	76	124
460	153	75	123
460	153	75	121
458	153	77	121
461	153	75	122
459	153	76	122
460	152	75	123
460	154	73	121
462	153	69	121
461	153	71	121
458	156	73	117
455	152	76	122
453	149	82	124
453	149	80	121
453	150	78	122
453	152	76	117
451	150	79	117
448	148	83	122
454	148	75	121
454	150	75	122
452	149	77	120
450	148	80	123
450	150	84	121
454	148	78	124
452	150	78	120
453	149	76	124
454	147	75	124
452	152	78	117
452	151	80	118
449	150	82	119
455	148	74	122
452	148	78	125
452	150	78	120
454	149	75	123
453	150	77	121
453	151	76	118
451	150	80	119
453	149	78	125
452	149	79	122
451	150	80	120
453	150	77	121
453	150	75	119
455	150	71	121
455	148	71	123
454	150	74	120
456	150	70	120
454	150	73	120
454	150	73	120
453	150	76	121
456	150	71	121
456	152	70	117
453	149	76	122
452	150	78	122
452	148	78	125
454	149	74	122
454	149	74	122
452	150	75	118
456	150	71	120
454	150	73	119
452	149	76	120
452	151	76	116
454	149	74	120
455	149	73	121
454	147	73	124
457	149	71	124
454	149	73	120
456	149	72	123
458	148	69	122
458	150	68	122
458	152	68	116
455	150	70	117
459	151	68	117
455	150	71	121
460	151	66	121
461	152	64	119
456	153	69	113
458	149	69	121
459	152	67	115
463	153	62	115
458	153	66	111
460	152	65	116
467	153	59	116
469	154	57	118
471	153	55	118
471	154	55	116
471	153	57	119
474	153	54	117
474	156	52	112
474	154	53	116
474	155	53	114
474	155	51	115
474	153	52	118
474	153	54	118
475	151	55	123
480	151	46	122
478	152	51	122
478	152	45	123
477	152	48	123
477	153	48	121
477	152	48	122
477	151	48	124
475	153	48	122
477	152	48	121
477	152	47	121
473	153	56	120
474	154	53	119
476	153	50	119
476	153	50	120
473	152	56	120
474	153	52	119
474	153	53	117
473	153	52	119
473	153	52	117
471	152	56	120
474	152	53	120
472	152	54	120
474	154	52	117
473	153	52	120
473	153	52	119
472	154	56	116
476	154	49	116
473	155	53	116
474	154	50	116
472	154	54	117
474	154	51	114
475	155	50	117
474	153	53	119
474	154	51	116
474	154	53	115
473	155	53	112
473	155	54	116
472	155	54	115
474	154	52	116
472	155	56	114
473	153	55	117
472	153	54	116
473	152	55	118
472	152	57	117
473	152	52	119
471	154	54	115
473	155	50	112
472	154	52	114
472	154	52	114
470	153	55	116
469	154	55	115
468	154	56	114
469	151	54	117
469	150	54	119
468	149	55	121
468	150	56	119
468	150	51	119
469	150	49	118
465	150	56	118
465	151	51	116
464	150	52	118
464	152	50	116
461	153	52	113
459	150	54	115
459	149	52	117
458	150	51	116
455	149	56	115
455	148	57	117
452	149	57	114
453	150	52	113
453	149	51	112
452	150	52	113
451	151	52	108
452	148	48	112
450	148	50	111
448	148	51	112
447	149	51	108
445	144	54	114
445	146	52	111
444	144	54	114
443	144	51	113
441	143	53	111
440	143	54	113
439	142	54	113
435	139	60	119
438	140	53	112
441	141	51	113
441	141	48	113
439	139	51	116
438	142	52	111
437	140	53	113
439	140	50	111
436	140	50	109
433	137	56	114
431	137	56	114
433	138	54	112
434	136	50	113
434	137	47	111
432	135	49	116
432	136	48	112
431	136	51	109
431	135	49	112
431	134	47	112
429	133	50	114
429	134	49	112
429	134	48	111
430	133	47	113
425	131	52	115
425	130	57	117
425	133	47	108
426	131	46	114
422	130	50	114
422	131	48	112
422	130	49	113
423	130	47	113
422	132	48	109
420	131	51	111
420	131	53	112
421	129	49	115
420	128	52	115
420	131	51	111
421	131	48	111
421	132	49	110
421	132	49	113
421	131	50	114
424	131	47	114
422	131	51	114
423	131	51	112
421	131	56	114
423	130	51	117
424	131	50	116
425	130	48	117
425	131	48	116
424	133	51	114
422	132	52	116
419	133	55	115
419	134	55	115
423	134	52	112
424	135	50	113
422	133	56	116
420	133	56	118
420	133	54	120
421	134	55	116
419	133	56	120
424	133	51	119
422	133	50	117
421	136	53	114
421	134	55	116
429	133	48	114
428	134	46	117
427	134	48	115
425	135	51	113
423	136	54	115
423	135	55	115
424	135	53	114
424	134	54	117
424	134	53	119
423	134	53	119
423	135	56	115
425	135	54	115
424	135	54	117
425	135	54	116
425	136	53	116
424	138	52	114
425	138	50	113
424	138	51	112
423	138	53	114
423	137	53	115
422	138	53	111
422	139	55	113
423	137	54	115
423	137	51	115
424	137	51	115
425	137	51	114
425	136	50	116
424	136	53	117
421	136	56	118
422	138	52	115
422	138	52	115
422	137	52	118
420	136	57	118
421	139	54	112
420	138	57	114
422	137	53	116
420	138	58	114
421	137	55	115
420	137	56	116
423	136	53	118
421	137	57	117
425	138	49	111
427	137	48	115
426	138	49	112
427	138	49	113
428	138	48	112
428	137	47	115
427	139	48	111
427	139	50	111
429	137	45	114
428	137	48	116
429	138	47	114
427	138	50	113
428	138	52	112
427	137	59	117
425	135	51	121
423	137	55	117
426	137	48	117
427	138	48	113
426	137	51	115
427	138	49	114
428	137	49	116
429	137	46	114
428	139	48	113
429	137	46	116
429	138	46	113
427	137	51	115
427	137	53	118
428	137	46	119
427	138	50	115
429	138	46	114
429	139	45	113
429	139	47	113
429	139	47	113
429	138	45	115
427	138	50	114
427	138	51	114
429	138	50	116
430	139	46	113
429	140	46	112
428	141	48	109
430	139	46	112
429	138	48	115
430	138	47	116
431	140	44	113
429	137	48	117
432	138	43	115
432	139	43	112
427	138	51	115
429	138	47	116
429	139	47	113
430	138	46	114
430	141	47	111
430	139	48	114
429	140	50	113
429	138	50	116
429	138	49	116
430	138	46	116
430	140	47	112
429	140	46	112
428	137	49	116
428	138	51	116
429	139	50	114
429	139	46	113
429	139	47	112
428	139	47	113
428	141	48	109
429	139	47	111
429	139	46	111
430	139	46	113
429	138	49	114
429	139	48	113
428	138	50	116
430	137	45	118
428	138	48	115
427	137	51	117
427	139	48	115
427	139	48	113
428	140	46	111
426	138	51	116
429	137	45	116
426	140	49	112
426	140	49	113
426	139	50	114
426	140	50	112
425	140	51	113
423	140	52	113
422	140	56	115
420	137	59	119
421	138	57	117
421	140	56	114
423	138	53	118
424	138	53	118
424	140	53	116
425	139	53	116
426	140	55	113
431	139	44	114
430	140	46	111
430	140	49	113
432	139	47	114
433	140	43	114
432	140	46	113
434	139	43	113
433	139	45	116
434	139	42	115
432	141	45	112
432	139	48	113
432	141	45	113
432	140	45	111
431	140	48	113
431	140	46	112
431	140	46	112
430	141	48	111
430	141	49	112
430	142	48	111
429	141	50	112
427	142	55	111
426	140	53	113
427	143	51	109
430	142	48	110
429	142	49	111
428	142	50	112
428	143	50	109
428	142	50	111
429	143	49	108
428	143	49	110
428	143	50	110
428	143	49	109
430	141	48	112
428	145	50	108
427	142	53	114
428	143	52	110
428	142	52	115
429	143	51	111
428	143	52	110
425	141	56	113
418	140	64	116
422	142	60	111
416	139	66	117
429	144	52	104
429	145	51	106
430	144	50	107
430	145	50	110
430	145	52	109
431	145	50	112
430	145	55	111
433	144	50	112
432	145	49	111
432	146	49	111
430	147	53	111
431	146	52	112
433	146	50	111
432	146	52	112
434	146	51	114
434	147	50	113
433	147	51	113
435	147	49	112
434	149	52	112
437	149	49	113
437	150	50	111
438	151	49	112
438	150	51	114
437	152	53	113
439	152	53	113
437	153	56	114
437	151	57	116
435	152	62	117
433	152	62	116
438	154	58	117
437	155	60	116
438	155	61	116
443	154	56	118
447	157	54	111
447	157	54	113
448	157	55	113
448	158	55	115
449	159	54	114
449	157	57	119
455	161	53	109
458	161	51	113
459	163	50	110
460	163	50	111
463	164	49	114
463	165	50	113
467	165	50	113
467	165	51	113
467	166	52	113
471	167	50	112
471	167	52	113
469	167	57	113
471	166	56	114
475	169	53	111
473	168	58	113
465	166	73	117
474	166	65	117
488	168	50	115
491	169	50	116
493	171	50	114
496	171	50	114
497	172	50	111
496	173	53	112
500	171	52	115
498	171	55	116
495	169	60	115
503	171	55	110
507	173	52	111
510	171	53	117
513	172	52	113
514	173	52	113
517	173	52	112
518	173	54	115
520	173	52	113
519	173	53	113
522	172	54	117
521	171	58	114
529	172	51	115
530	172	52	117
534	171	51	118
534	173	53	114
538	172	50	116
536	172	54	116
538	172	54	119
538	171	57	121
544	170	54	122
543	170	54	125
542	170	57	123
543	170	58	124
544	170	59	125
540	170	65	129
545	172	61	129
545	173	60	124
548	173	58	127
546	174	62	128
547	173	64	134
552	176	61	131
551	175	63	131
552	176	64	133
562	177	56	131
563	180	56	130
560	179	62	133
559	179	64	133
564	178	60	137
562	180	65	136
577	181	51	133
578	180	53	134
575	181	58	133
572	182	61	135
561	179	75	141
566	182	74	135
591	180	62	140
586	181	58	139
581	182	66	139
594	183	57	135
594	185	59	136
588	183	69	140
592	181	66	140
593	182	69	144
602	181	62	143
603	183	63	143
608	183	63	145
603	182	70	145
611	183	64	146
609	185	69	143
617	183	64	147
619	184	67	148
619	184	67	147
621	184	67	148
633	181	59	154
634	186	62	147
629	187	71	150
633	185	67	150
628	185	74	154
645	184	61	155
643	188	67	153
639	186	74	158
653	187	58	153
652	192	63	150
646	189	72	157
650	189	74	160
634	189	94	161
634	188	94	162
637	193	93	158
669	193	84	160
671	191	65	165
672	195	65	164
665	196	74	162
679	197	63	163
669	200	76	164
671	201	78	163
664	202	90	166
662	202	91	164
661	206	94	163
656	209	102	159
678	204	104	165
668	204	107	167
661	201	111	172
667	202	102	171
667	204	105	166
670	205	102	168
695	202	101	171
690	202	89	175
675	206	105	171
684	203	96	174
691	205	94	175
705	204	83	176
691	205	100	177
692	205	101	174
714	208	78	177
705	204	88	185
691	204	108	182
701	205	99	182
710	209	92	181
712	207	95	184
719	206	92	186
736	209	74	179
732	210	80	181
721	210	94	185
735	207	89	192
746	212	80	186
746	215	73	181
751	215	69	184
754	213	68	186
753	213	75	191
749	217	85	187
744	213	95	193
753	214	83	192
754	218	85	191
756	214	89	196
757	216	87	195
756	215	87	198
760	218	87	196
754	220	94	196
770	220	79	195
769	219	82	198
769	220	79	194
767	220	84	191
768	222	85	191
767	219	90	196
772	222	87	196
771	222	84	196
770	223	88	193
772	223	88	190
775	222	87	196
775	219	90	200
778	218	86	201
774	220	95	197
775	220	92	200
777	223	90	197
782	223	89	198
786	223	83	196
787	226	80	191
788	230	78	190
786	229	84	189
785	226	91	199
787	231	82	191
788	229	85	196
787	230	85	195
788	227	83	200
787	234	80	190
786	230	84	194
786	230	84	194
786	231	84	196
788	230	83	193
787	232	82	191
787	230	82	195
787	230	83	198
783	228	90	199
784	230	83	195
784	230	84	197
786	229	84	198
784	230	85	197
784	229	86	197
783	228	85	196
780	228	85	199
778	225	91	204
778	226	86	200
777	225	88	200
774	222	96	203
770	226	99	201
772	224	98	204
774	227	92	196
772	226	93	201
773	225	92	204
770	222	97	205
770	224	102	204
765	224	107	203
758	220	119	205
751	220	126	208
753	219	131	206
741	220	141	208
745	221	135	208
747	223	132	205
755	224	123	201
739	223	147	202
744	221	133	209
767	217	103	211
775	222	91	205
774	224	91	201
772	224	95	205
770	221	97	204
772	221	93	205
774	226	93	203
770	222	96	207
772	221	95	207
774	225	90	207
772	227	92	201
770	226	97	201
765	222	106	204
770	222	100	204
774	218	91	214
778	223	86	204
775	224	91	207
784	226	81	203
788	226	77	201
786	222	80	208
781	228	84	197
779	224	90	204
782	222	82	208
779	223	86	206
771	223	101	204
749	218	123	214
747	223	130	203
761	224	115	204
760	221	113	206
767	222	104	205
762	224	110	205
755	219	118	209
750	218	124	210
738	221	142	206
745	220	128	210
757	218	114	212
741	224	137	201
742	223	133	204
744	221	129	207
760	220	111	208
743	221	138	204
757	220	122	208
759	222	117	203
743	220	141	204
748	219	129	211
762	222	118	204
751	224	131	204
749	221	128	207
742	223	142	204
741	221	140	209
743	222	140	207
753	218	120	213
745	218	136	208
749	216	132	210
750	219	127	210
757	220	122	210
770	223	95	204
778	222	86	206
776	221	88	208
778	227	86	198
776	225	87	201
772	227	93	200
768	222	100	203
779	221	85	206
774	223	92	205
778	222	86	205
776	226	89	201
773	224	97	203
774	220	89	205
774	224	91	205
773	224	92	205
775	222	92	207
769	223	97	202
776	221	88	206
779	222	84	207
777	227	88	197
774	224	92	202
770	222	95	206
769	222	97	207
770	224	95	206
763	219	104	208
778	222	88	203
775	224	89	203
770	224	96	203
778	223	88	208
779	223	84	203
776	225	89	202
778	224	86	204
769	223	100	206
767	221	100	206
775	221	94	209
776	222	87	205
775	226	93	204
772	223	94	202
780	223	86	207
779	223	85	203
777	224	89	201
777	227	88	199
779	223	88	201
780	226	86	200
780	226	86	199
784	225	79	197
780	227	82	194
779	228	83	195
778	228	86	192
779	227	84	198
779	227	85	195
778	227	86	198
779	224	84	201
778	225	87	199
778	226	86	197
779	226	86	198
777	226	88	196
776	225	89	197
785	226	80	195
782	226	82	194
780	227	85	194
782	224	84	198
781	226	87	195
781	225	86	194
780	229	88	192
781	224	88	197
779	228	89	196
779	228	88	191
779	226	86	194
781	228	86	194
780	227	88	194
784	223	80	200
783	229	84	191
783	228	85	192
782	228	84	192
781	226	90	196
782	225	84	195
781	227	87	193
778	227	88	191
781	224	85	198
782	227	82	193
779	225	87	197
779	225	87	195
781	224	86	197
783	224	80	198
780	227	82	192
778	227	83	193
778	228	86	193
777	226	87	197
772	227	96	197
778	224	85	200
775	225	92	200
774	223	89	201
774	223	92	203
769	225	100	202
767	225	99	199
772	222	96	202
772	222	94	204
775	226	90	199
776	226	89	195
774	225	93	200
777	220	87	207
774	225	89	198
775	224	90	203
773	223	95	202
776	228	89	197
771	226	99	200
776	225	89	205
774	224	95	201
773	224	89	201
771	224	94	206
776	224	90	203
777	225	86	201
780	224	86	204
775	223	90	203
774	226	92	199
772	223	93	203
778	224	87	204
776	226	89	199
779	225	88	199
775	225	90	202
777	222	89	204
777	225	86	203
777	225	87	202
779	226	84	199
777	226	88	200
776	223	90	204
777	224	85	202
774	224	92	205
774	225	95	203
773	225	91	204
772	223	99	204
777	224	85	207
780	223	86	205
781	224	83	204
777	226	89	200
777	225	89	199
773	225	92	200
777	225	89	201
774	224	93	204
774	224	96	205
770	223	99	207
780	226	83	203
781	225	86	203
778	225	86	202
780	226	82	203
780	226	86	201
778	224	87	202
782	225	79	204
781	224	85	207
779	227	86	199
780	226	86	201
780	224	85	203
773	225	96	198
778	225	87	205
778	223	90	202
776	225	90	203
778	226	87	198
781	228	83	197
781	230	84	194
783	226	84	198
785	224	80	203
785	224	81	199
784	222	83	204
782	226	86	201
781	224	88	206
776	224	97	201
774	227	99	201
781	224	85	206
781	227	82	199
782	230	80	194
784	227	81	199
782	228	85	195
783	225	82	199
783	225	82	202
786	225	77	202
783	224	82	200
782	228	79	199
781	227	84	196
781	226	82	197
783	226	81	200
782	223	82	204
779	223	87	203
783	224	80	204
784	226	79	199
784	227	80	201
782	225	80	202
781	228	85	196
781	224	83	203
780	224	82	200
780	229	84	196
779	224	88	202
773	224	95	200
774	224	91	201
773	223	94	205
780	221	85	210
779	225	83	203
783	226	82	204
783	223	80	202
780	229	87	196
778	225	86	199
781	226	82	202
784	225	79	204
785	225	77	203
785	227	77	200
782	225	85	200
775	224	97	202
774	225	100	203
776	223	93	203
777	222	91	205
776	226	91	199
778	227	86	199
778	225	88	201
779	224	88	203
777	223	93	201
779	224	84	197
781	225	85	200
780	225	85	197
782	221	86	205
786	222	75	200
785	229	77	194
783	228	82	194
782	223	84	203
778	225	89	200
779	222	87	200
780	226	85	198
783	223	81	201
781	224	82	204
780	224	85	200
779	223	87	202
781	226	82	199
785	223	79	202
784	224	82	199
782	221	83	206
778	221	89	207
775	222	89	206
775	222	92	202
780	222	83	203
777	224	91	204
779	225	83	204
778	227	88	198
781	222	84	203
780	226	83	199
781	226	84	197
781	225	84	199
779	224	85	202
779	223	86	205
774	226	93	197
779	226	83	203
780	225	84	201
781	225	85	200
780	226	81	197
782	226	80	200
784	227	80	199
783	227	83	197
782	225	84	200
784	223	78	199
783	227	77	196
780	228	84	192
779	228	83	196
780	226	84	198
778	228	89	192
782	227	83	197
783	226	83	196
784	228	80	194
779	227	86	195
779	224	86	199
777	224	89	198
780	226	87	198
780	227	84	193
780	227	84	195
781	226	84	196
778	224	90	199
783	222	79	202
780	229	84	193
781	230	83	189
782	231	82	190
782	226	82	193
779	229	85	190
782	230	81	191
781	226	83	195
781	227	84	194
784	227	80	194
783	228	82	192
783	229	81	191
782	227	82	193
783	228	81	192
780	227	86	195
777	225	92	198
777	222	91	200
784	223	82	200
783	226	82	195
781	227	86	196
781	227	88	193
783	225	85	195
783	226	84	195
783	229	84	191
784	225	84	196
786	224	87	198
786	225	95	200
792	222	72	201
789	227	81	197
790	226	81	194
791	226	73	196
792	225	72	194
792	226	73	194
790	225	76	195
787	228	83	196
789	226	81	199
792	224	79	199
787	223	85	198
787	223	86	200
789	223	81	198
788	226	79	198
790	227	76	193
788	227	77	192
784	229	85	192
784	230	86	191
783	229	90	192
781	223	95	199
781	226	88	195
782	226	83	195
782	230	85	189
781	233	88	186
782	231	82	190
779	229	88	188
781	224	83	199
779	228	87	190
780	228	88	191
777	227	90	193
778	229	91	193
779	227	87	196
779	227	89	195
777	229	90	192
777	230	92	191
775	228	94	194
775	228	96	194
776	228	91	195
773	228	94	192
775	230	93	192
773	227	95	196
772	225	99	195
771	226	98	195
775	224	94	198
774	224	95	197
775	229	92	191
774	233	92	186
775	232	89	184
776	233	87	188
778	227	89	195
774	230	96	187
773	227	94	192
772	224	96	197
773	224	95	195
775	227	91	191
778	224	92	198
777	224	90	199
775	230	92	187
777	224	93	200
777	227	92	194
778	230	90	191
776	227	92	196
779	225	89	195
777	232	89	188
779	233	89	188
777	229	90	188
779	228	88	192
780	229	84	189
779	224	89	195
780	222	87	199
779	225	88	196
779	231	89	187
780	232	86	187
783	228	83	190
782	227	89	192
785	228	83	190
785	229	82	191
786	232	84	187
785	228	88	192
782	230	84	188
786	227	83	193
786	229	80	189
784	226	84	194
785	228	82	191
781	227	81	194
777	230	89	190
780	231	83	187
778	228	83	193
780	228	81	195
778	225	84	197
777	224	85	198
778	224	85	199
778	223	84	200
780	226	82	200
780	223	82	203
780	224	83	205
782	227	79	200
786	223	77	205
782	222	81	206
778	222	89	207
757	224	109	207
739	220	130	210
739	226	129	202
734	224	135	206
736	226	135	205
729	231	142	200
739	226	161	207
733	224	149	206
737	224	138	206
736	227	136	201
736	228	133	201
730	231	141	195
740	221	151	212
736	223	140	210
733	226	142	205
738	225	137	205
729	225	152	208
729	224	152	203
735	220	144	214
743	223	133	211
737	226	142	206
731	224	150	209
734	223	141	213
738	227	134	202
737	222	138	208
747	223	126	208
741	224	131	206
742	224	128	205
746	224	124	208
738	226	134	205
734	229	139	200
736	229	135	202
731	225	144	208
730	225	142	205
741	223	123	205
741	222	125	204
749	226	118	203
751	221	117	205
759	221	109	204
779	222	87	201
781	227	83	199
784	223	81	204
784	223	81	207
784	223	78	205
783	226	80	199
783	225	80	200
783	225	79	200
783	228	82	195
788	228	72	198
784	224	78	200
779	226	88	197
784	226	81	198
780	227	88	195
778	225	85	201
777	223	89	200
776	222	89	205
777	228	82	194
781	229	79	193
782	227	79	194
779	227	84	194
779	226	83	197
781	227	80	195
779	228	85	193
777	227	89	194
781	229	82	191
780	231	84	189
780	229	84	192
782	225	83	197
780	229	83	192
777	223	88	198
774	224	94	200
776	226	85	194
781	224	81	198
782	228	82	194
782	227	82	193
778	225	88	195
778	227	87	193
786	225	76	196
782	225	83	195
780	228	84	190
781	226	84	195
779	227	85	194
779	231	83	188
776	226	89	192
778	224	85	197
770	224	97	196
776	223	89	195
780	223	85	200
777	224	88	196
773	225	95	194
774	220	90	204
771	221	95	203
778	224	87	197
775	225	93	197
777	223	89	200
778	226	86	191
781	224	82	200
780	227	81	197
780	225	82	200
778	228	86	194
779	223	87	200
779	224	85	202
776	223	86	201
773	220	95	202
770	220	96	204
780	224	88	198
784	224	80	199
779	224	86	199
778	224	87	200
773	225	95	196
774	222	92	202
775	223	89	199
779	223	87	200
780	225	85	198
779	222	88	204
778	220	88	204
774	223	91	202
776	224	91	199
780	225	85	193
783	225	79	197
783	225	81	197
780	226	86	195
777	224	93	200
778	222	97	199
779	224	87	194
783	225	84	194
785	228	81	192
783	228	82	192
782	225	87	195
784	225	87	194
783	226	84	196
786	225	78	197
785	225	82	198
785	224	81	199
785	227	88	195
784	225	84	196
785	227	85	192
786	226	81	192
782	231	88	185
781	233	87	185
781	230	88	191
780	225	88	198
780	227	90	196
780	226	91	197
781	232	88	190
779	233	89	182
781	232	87	189
780	232	88	189
782	235	85	183
781	232	88	187
781	233	86	185
782	226	86	198
779	229	88	191
780	230	88	192
780	230	91	188
781	233	85	185
781	229	85	191
782	232	84	187
782	230	84	189
782	227	84	195
783	227	84	194
782	229	87	190
782	226	84	194
780	227	86	193
781	234	84	183
781	232	83	188
781	230	87	189
782	229	85	192
783	230	83	188
782	232	84	186
783	227	85	193
782	228	85	192
781	225	91	194
783	226	87	197
781	227	91	196
782	228	83	187
782	233	80	182
783	227	82	189
783	235	84	179
781	231	87	186
783	228	86	191
783	230	87	190
783	229	87	191
783	233	84	186
783	230	83	188
784	232	82	185
783	231	84	187
783	234	82	182
782	234	89	180
783	234	84	183
782	229	83	190
784	227	84	196
784	230	83	190
783	232	82	186
783	231	86	187
781	235	88	183
781	227	90	197
782	226	90	197
782	227	87	194
782	228	85	194
783	226	84	198
782	225	86	198
783	227	82	193
780	230	90	188
780	229	91	192
782	228	88	189
783	229	89	192
781	228	85	194
782	228	86	193
782	232	81	187
780	229	88	190
781	226	86	197
780	232	86	189
781	235	87	186
782	231	84	190
782	231	86	191
779	231	92	192
779	231	88	187
781	235	85	185
780	237	85	184
781	237	86	182
781	234	89	184
780	233	89	188
782	231	85	190
782	229	88	190
783	229	85	192
781	223	88	200
782	231	83	190
784	229	82	191
783	229	84	190
784	225	82	198
783	227	83	194
784	233	84	186
782	230	86	191
781	225	89	199
785	222	82	205
784	221	84	203
782	226	89	193
783	223	87	199
782	230	88	191
781	226	89	196
781	230	88	190
781	232	88	188
783	230	86	190
782	225	86	197
782	226	85	194
783	226	84	192
782	228	87	191
781	230	86	190
784	230	85	188
783	227	87	193
781	222	91	201
784	222	84	205
783	228	87	192
782	231	96	190
783	230	84	186
784	231	83	183
781	231	88	187
780	230	89	190
780	228	89	191
781	231	87	187
781	232	87	187
781	230	84	188
779	229	86	189
779	227	90	189
780	226	87	192
778	223	89	199
777	229	88	187
777	231	87	184
774	232	93	180
774	231	95	182
773	225	96	192
770	225	97	194
771	222	97	199
765	222	106	200
764	225	103	192
757	223	108	191
756	220	111	194
757	224	109	190
755	224	111	187
760	224	104	191
759	226	105	189
757	222	109	196
751	222	114	194
748	220	121	193
748	221	118	189
750	220	117	182
747	222	118	190
749	220	118	193
745	220	123	196
743	219	125	195
749	217	119	198
745	220	125	193
744	221	122	189
740	218	139	194
747	215	132	200
746	216	128	202
748	217	124	199
744	220	128	198
743	218	131	198
742	219	133	194
743	220	128	195
744	219	123	193
741	221	125	193
741	220	128	193
751	219	117	196
740	218	127	199
746	220	121	197
750	221	112	195
749	218	117	205
750	218	119	206
742	219	128	204
746	217	122	212
754	220	113	203
751	217	115	207
755	217	112	208
742	218	127	205
751	219	114	201
749	220	116	196
741	218	123	195
746	221	119	192
742	219	125	198
751	218	115	200
743	217	121	195
743	216	124	199
746	214	123	204
747	217	120	203
746	213	123	203
744	216	122	201
741	216	128	197
743	216	126	197
742	217	127	195
737	218	131	194
747	211	124	203
741	217	127	198
744	215	125	195
744	212	127	209
739	212	134	205
742	211	134	203
742	212	129	203
748	211	119	204
740	209	129	202
746	211	123	202
742	211	129	200
746	212	122	192
741	212	126	192
742	208	132	198
739	206	132	201
745	207	126	201
741	207	128	194
741	208	128	197
746	208	123	191
741	206	122	190
748	205	124	195
746	206	119	191
745	201	120	196
738	201	136	195
752	200	117	196
739	200	129	190
749	195	119	199
746	197	120	200
742	196	127	189
738	196	132	197
752	196	115	192
742	189	124	202
754	192	111	202
741	193	122	193
739	189	128	194
743	188	125	200
739	190	128	196
745	191	119	194
741	193	119	191
740	194	123	186
741	191	119	192
738	189	121	195
732	192	129	194
739	188	125	197
735	192	126	191
738	192	119	185
730	191	126	188
734	195	122	179
729	193	125	185
736	190	117	184
732	193	118	177
734	194	114	180
736	191	112	183
730	190	122	181
728	191	120	181
733	189	113	178
729	187	115	180
728	190	118	177
723	184	126	184
727	182	120	185
724	184	124	178
719	180	130	182
721	178	121	180
718	182	120	178
717	178	119	180
719	178	111	179
716	178	115	175
723	177	104	177
717	175	110	178
718	182	103	170
716	178	103	174
720	179	96	173
715	179	102	173
714	174	102	174
702	176	110	170
698	171	109	173
698	171	109	173
698	171	109	173
698	171	109	173
698	171	109	173
698	171	109	173
698	171	109	173
698	171	109	173
698	171	109	173
698	171	109	173
698	171	109	173
698	171	109	173
698	171	109	173
698	171	109	173
698	171	109	173
698	171	109	173
698	171	109	173
698	171	109	173
698	171	109	173
698	171	109	173
698	171	109	173
698	171	109	173
698	171	109	173
698	171	109	173
698	171	109	173
698	171	109	173
698	171	109	173
698	171	109	173
698	171	109	173
698	171	109	173
698	171	109	173
698	171	109	173
698	171	109	173
563	116	113	181
567	116	105	183
560	105	104	190
554	109	92	177
555	109	88	170
551	111	82	168
541	109	97	168
538	104	93	170
528	102	104	163
530	103	103	162
517	103	114	161
517	100	113	162
503	97	124	162
504	94	117	166
503	94	121	166
492	94	125	163
497	92	111	160
492	93	109	159
493	91	107	160
489	87	112	165
487	87	104	161
478	86	113	156
473	85	117	159
476	83	113	159
477	82	111	160
467	82	122	161
475	77	108	161
473	75	107	159
474	79	105	156
468	76	109	156
473	76	104	157
470	76	105	155
475	75	100	153
475	75	97	154
472	74	98	152
472	72	106	157
476	70	103	159
475	69	106	157
478	71	99	153
477	72	101	151
480	70	95	148
476	68	105	151
481	64	101	153
482	65	95	152
484	66	94	149
478	67	105	147
478	65	112	151
488	61	102	156
484	62	103	155
487	61	97	155
488	60	92	159
487	60	96	160
488	62	95	163
488	57	101	165
495	61	93	157
500	60	90	159
498	63	93	155
488	62	111	158
489	60	119	156
478	59	132	166
467	61	146	160
463	62	139	156
453	67	154	150
447	64	163	150
440	62	171	152
429	66	189	150
417	64	207	153
420	67	201	153
416	66	207	147
475	69	171	160
486	65	131	156
495	66	104	148
500	65	104	155
500	67	105	153
501	67	106	153
507	67	96	154
504	69	99	153
508	70	99	150
507	69	96	152
510	69	98	150
513	68	104	155
518	66	103	154
524	67	101	154
515	69	113	155
523	67	106	158
531	69	104	153
536	68	102	156
541	70	96	150
536	70	99	151
541	74	101	145
545	72	99	152
549	72	103	151
554	69	103	157
548	71	110	157
551	71	114	152
559	72	106	153
565	72	102	150
572	72	96	149
571	77	92	145
574	76	93	144
578	77	94	141
586	77	89	143
587	76	91	145
587	76	90	144
590	75	93	150
596	72	84	153
598	75	77	153
600	77	74	153
600	77	74	153
602	76	70	159
608	75	49	164
621	59	64	180
611	70	63	173
612	74	45	173
646	71	42	172
639	70	57	172
637	61	66	180
618	71	88	169
612	67	100	171
613	69	102	171
612	69	103	171
616	66	106	177
617	68	103	175
617	66	108	174
620	69	103	172
621	70	107	168
623	69	105	167
622	67	103	168
630	69	97	168
626	73	97	158
626	74	91	157
627	74	92	157
626	75	93	146
629	77	86	157
630	74	87	153
628	73	94	158
628	74	91	159
630	74	93	156
631	74	92	154
632	76	92	157
633	74	91	146
637	81	85	111
636	83	90	110
632	81	99	106
630	83	104	102
636	88	96	97
643	92	83	98
645	80	81	103
649	84	75	99
644	84	81	107
641	81	88	108
643	83	84	123
647	81	84	104
649	79	81	110
646	83	86	103
650	94	81	93
646	78	93	103
649	82	80	113
643	76	95	112
645	83	81	143
646	79	72	156
649	77	75	152
649	78	87	152
652	80	81	147
649	80	95	147
652	77	94	152
650	77	97	151
653	75	99	153
648	72	106	160
652	77	102	147
655	75	100	153
655	74	103	152
656	74	103	150
656	75	100	150
658	77	100	151
662	76	97	153
660	74	102	153
663	75	101	152
664	76	98	150
662	73	103	153
662	72	110	156
665	75	110	151
658	73	120	152
661	71	117	161
665	72	109	150
671	73	98	153
672	74	96	151
674	73	94	152
673	76	96	148
671	76	98	147
672	75	104	152
666	73	109	153
670	72	109	152
667	75	115	154
675	74	107	151
670	75	110	151
673	75	112	150
666	75	118	153
671	70	115	156
675	72	113	160
674	74	111	150
668	71	121	157
673	71	116	160
675	74	108	152
680	74	104	149
679	74	101	150
677	76	102	150
683	74	97	152
678	75	99	149
681	76	98	150
678	74	100	151
680	73	103	152
679	71	104	153
680	72	101	153
674	71	111	157
676	72	109	155
682	72	106	155
681	73	102	155
675	73	112	154
681	69	105	155
674	72	116	158
676	74	119	157
679	74	112	157
673	72	121	156
681	73	106	151
682	70	101	153
683	71	106	154
684	67	104	159
685	67	102	160
684	68	103	154
680	68	115	155
680	65	119	161
684	64	110	163
686	64	110	163
690	67	104	158
688	67	103	159
687	68	102	157
689	67	101	155
690	67	100	157
690	65	103	157
691	68	101	152
682	66	113	159
685	62	117	160
689	63	110	161
693	64	108	157
690	64	112	159
688	64	118	157
694	64	104	156
692	64	106	161
692	64	107	159
691	65	110	159
692	66	112	151
693	64	110	159
694	65	109	157
693	64	111	157
692	62	114	160
690	62	117	164
690	62	116	156
696	64	108	157
695	63	107	159
697	62	104	157
695	64	107	158
701	64	102	155
696	66	103	155
696	62	110	157
701	65	99	152
697	60	108	158
701	61	100	158
698	63	103	155
700	67	106	153
702	61	104	155
703	59	102	158
702	63	104	156
699	59	112	159
704	58	102	162
705	59	100	156
701	60	109	157
707	60	103	160
702	56	112	163
706	56	109	162
705	60	104	156
707	53	109	165
705	55	108	161
707	54	105	163
709	55	102	162
713	55	101	159
710	57	105	156
710	54	103	158
707	55	109	157
709	53	108	161
708	51	111	163
711	52	110	161
708	51	114	166
714	52	108	164
705	53	117	163
707	52	119	163
712	51	117	161
711	51	113	164
704	49	123	167
709	50	119	164
716	48	111	164
708	50	114	164
712	50	112	161
720	51	104	161
715	49	110	160
717	49	108	161
716	50	108	160
721	50	101	161
714	50	116	164
718	51	114	160
713	49	116	160
718	46	115	162
724	47	108	161
721	47	107	164
725	44	110	166
726	46	106	165
725	46	109	163
728	40	106	168
730	46	104	159
728	43	113	164
729	42	107	165
733	43	107	163
733	40	105	165
731	44	110	165
740	41	102	163
736	41	110	162
736	40	110	166
735	35	109	172
735	36	111	169
739	36	111	168
737	34	118	171
742	34	108	163
737	35	119	168
742	33	113	167
746	32	109	169
740	28	124	175
744	28	119	172
742	31	117	171
747	29	120	171
748	29	121	170
750	26	120	174
752	26	116	171
754	28	111	167
752	24	121	173
750	23	123	176
756	24	120	168
757	24	121	171
758	23	118	173
765	22	113	175
764	20	113	175
764	18	125	179
766	19	121	177
754	18	132	177
757	15	142	180
773	15	118	177
772	17	117	176
776	14	119	178
775	14	116	178
779	16	115	174
777	13	116	176
774	13	121	178
775	10	128	182
783	9	115	180
780	10	119	177
783	7	116	182
785	11	113	181
779	5	127	186
788	7	116	177
780	9	124	177
784	3	123	184
784	5	122	183
787	6	121	181
778	2	129	187
782	4	130	179
795	2	112	175
788	4	123	180
787	0	124	184
789	0	121	182
787	-1	123	182
794	1	115	180
792	-4	119	183
783	-2	131	182
794	-2	120	179
787	0	128	179
801	-1	110	180
790	1	129	183
803	0	112	177
796	-2	121	181
798	0	118	180
797	-3	118	185
