2.500612
0.068254
0.069500
0.119947
0.102735
0.176662
0.105894
0.181182
0.041012
0.043017
0.040994
0.042513
0.040237
0.040484
0.042353
0.039466
0.041023
0.041962
0.040537
0.041825
0.049943
0.042013
0.041396
0.040827
0.042322
0.041358
0.039802
0.042002
0.039947
0.041207
0.041117
0.040965
0.042888
0.041622
0.044145
0.043480
0.042213
0.042453
0.047688
0.041828
0.047955
0.041458
0.041446
0.040888
0.038299
0.042095
0.041145
0.044520
0.049302
0.049059
0.050251
0.049700
0.049857
0.048477
0.047971
0.048510
0.048189
0.061575
0.074067
0.042495
0.047289
0.040233
0.040564
0.040759
0.043363
0.040182
0.048695
0.040370
0.043467
0.039443
0.039902
0.040381
0.040421
0.040212
0.040648
0.040228
0.042723
0.044567
0.043121
0.042262
0.047679
0.041478
0.042113
0.043140
0.041965
0.044076
0.041872
0.040529
0.043686
0.041467
0.041909
0.044356
0.041353
0.041749
0.042704
0.042243
0.042466
0.041737
0.042008
0.041494
0.050314
0.040886
0.041184
0.041638
0.042042
0.042661
0.041095
0.041128
0.041449
0.043287
0.041925
0.047701
0.042035
0.042354
0.042236
0.043361
0.040972
0.046381
0.041290
0.044716
0.046420
0.042329
0.040928
0.046972
0.040957
0.045076
0.043548
0.042055
0.040927
0.046472
0.042132
0.042123
0.042457
0.042247
0.042891
0.041564
0.042267
0.044282
0.041204
0.044382
0.047667
0.041380
0.041105
0.042326
0.041564
0.042495
0.041573
0.041054
0.042322
0.065655
0.056542
0.041203
0.042772
0.048158
0.070089
0.042012
0.048773
0.041491
0.049363
0.041425
0.047027
0.043193
0.042003
0.042086
0.041461
0.041391
0.048705
0.041577
0.042800
0.043366
0.042862
0.042010
0.043851
0.055960
0.043701
0.042049
0.041761
0.042316
0.049205
0.075570
0.051155
0.047627
0.061329
0.056023
0.052913
0.052530
0.048096
0.076385
0.043203
0.044774
0.087047
0.054413
0.044340
0.042525
0.042849
0.048972
0.043264
0.043587
0.042879
0.043871
0.050884
0.043539
0.042939
0.041843
0.042420
0.046613
0.042239
0.041504
0.053975
0.043817
0.043386
0.043495
0.041126
0.041841
0.040974
0.041631
0.041139
0.039959
0.040816
0.041273
0.046734
0.042848
0.040415
0.043467
0.041222
0.060967
0.044105
0.043170
0.042090
0.042494
0.043112
0.042881
0.043622
0.042349
0.043104
0.042608
0.042096
0.044359
0.043991
0.042767
0.048752
0.043512
0.044985
0.043656
0.043589
0.042752
0.042783
0.042659
0.043709
0.043123
0.043702
0.042629
0.042664
0.044023
0.043558
0.044750
0.042674
0.044147
0.044382
0.043400
0.048855
0.044797
0.045674
0.043459
0.043172
0.041487
0.042728
0.044711
0.043366
0.043026
0.042798
0.044335
0.042452
0.042152
0.042024
0.043962
0.043606
0.044180
0.042685
0.042583
0.048634
0.043753
0.042822
0.043307
0.042659
0.043269
0.042789
0.043312
0.042615
0.045082
0.044901
0.043652
0.043301
0.043353
0.043656
0.043285
0.049698
0.042011
0.044627
0.042508
0.048422
0.044108
0.044705
0.043377
0.042603
0.043809
0.041899
0.042854
0.042924
0.043040
0.042938
0.042753
0.042821
0.042613
0.041944
0.042677
0.043652
0.042900
0.042959
0.044276
0.049545
0.044785
0.043801
0.042497
0.043462
0.043404
0.044244
0.046024
0.044153
0.042875
0.044504
0.043851
0.043522
0.049571
0.043845
0.045012
0.044336
0.042199
0.042791
0.043411
0.048861
0.043222
0.044073
0.042344
0.044368
0.042271
0.044739
0.042258
0.041413
0.040797
0.040909
0.041065
0.041860
0.043950
0.041658
0.041745
0.041857
0.041367
0.041633
0.041622
0.046517
0.040752
0.041662
0.041675
0.042746
0.041835
0.042706
0.042753
0.042691
0.041874
0.041704
0.041095
0.041481
0.041542
0.041528
0.049333
0.040799
0.041729
0.042222
0.041533
0.047165
0.041918
0.041755
0.041569
0.041233
0.041657
0.041781
0.041066
0.041152
0.042213
0.042077
0.041409
0.041238
0.041147
0.043983
0.043186
0.040963
0.041508
0.045781
0.041012
0.050663
0.041072
0.042389
0.041816
0.040829
0.042021
0.041816
0.042030
0.041355
0.041828
0.041044
0.041449
0.040076
0.041403
0.041258
0.040984
0.041233
0.041059
0.041311
0.041186
0.045664
0.040914
0.041010
0.041649
0.042151
0.041804
0.040936
0.041490
0.041764
0.041014
0.042664
0.040764
0.042252
0.041763
0.041188
0.040780
0.041166
0.041033
0.040791
0.040865
0.053819
0.044735
0.042263
0.039910
0.044167
0.043085
0.041137
0.042248
0.041325
0.043332
0.041217
0.044271
0.041943
0.043838
0.040803
0.041968
0.041274
0.043211
0.043971
0.042856
0.049293
0.040942
0.041985
0.046458
0.042110
0.044085
0.041939
0.041572
0.041978
0.042792
0.041219
0.042445
0.042260
0.040635
0.043207
0.041264
0.040829
0.043155
0.048177
0.043707
0.047177
0.042377
0.041230
0.044976
0.041116
0.046710
0.041371
0.045698
0.041256
0.043999
0.047574
0.041556
0.042449
0.046369
0.041914
0.042425
0.043789
0.041323
0.042328
0.044793
0.048519
0.042324
0.041374
0.040945
0.041415
0.049315
0.042282
0.041548
0.040760
0.048280
0.042067
0.044192
0.041051
0.044924
0.041677
0.045193
0.041426
0.047246
0.042347
0.042176
0.051675
0.136784
0.055280
0.049804
0.050635
0.046179
0.048260
0.042094
0.045523
0.043232
0.042844
0.043953
0.046451
0.043325
0.043152
0.043600
0.042894
0.042808
0.044383
0.043277
0.048630
0.042437
0.043194
0.042391
0.041957
0.041929
0.042091
0.043071
0.045332
0.041631
0.043103
0.043669
0.041789
0.042512
0.043972
0.042707
0.043246
0.042077
0.042020
0.042818
0.048644
0.042895
0.042077
0.042589
0.043440
0.042689
0.042502
0.042735
0.042280
0.042725
0.042121
0.042272
0.041708
0.043445
0.042481
0.041800
0.043734
0.042969
0.043595
0.042006
0.047924
0.042289
0.044665
0.044621
0.043485
0.042575
0.044197
0.043614
0.042541
0.041770
0.042815
0.042788
0.043553
0.043216
0.043374
0.042179
0.042678
0.042864
0.043488
0.042253
0.048678
0.041811
0.044390
0.043283
0.042499
0.042102
0.041697
0.041734
0.041671
0.041863
0.042204
0.042299
0.041373
0.041888
0.042467
0.043690
0.043862
0.044330
0.043377
0.041955
0.047901
0.041792
0.046212
0.042873
0.042325
0.044478
0.043861
0.041681
0.044073
0.042549
0.043553
0.043339
0.043827
0.042276
0.043012
0.043269
0.042471
0.044309
0.049923
0.043418
0.048795
0.043968
0.043649
0.043839
0.043890
0.044340
0.047306
0.045087
0.042166
0.043244
0.045333
0.042885
0.043230
0.042844
0.042632
0.042384
0.043575
0.042169
0.043044
0.041188
0.047880
0.043058
0.042256
0.042547
0.046628
0.044561
0.042023
0.042002
0.046627
0.040657
0.043703
0.040198
0.050949
0.041400
0.041693
0.101084
0.044311
0.044259
0.046354
0.041407
0.047743
0.041946
0.042876
0.041886
0.042179
0.042252
0.041859
0.041718
0.041054
0.045068
0.041958
0.041897
0.042122
0.041583
0.042052
0.042467
0.041351
0.053066
0.041651
0.041837
0.047168
0.041742
0.041863
0.042094
0.043779
0.045319
0.041990
0.045007
0.041792
0.043644
0.044341
0.042921
0.043920
0.044408
0.042006
0.042082
0.042010
0.044655
0.042499
0.042212
0.047682
0.042190
0.043240
0.042846
0.042447
0.042094
0.042902
0.042107
0.041795
0.044852
0.041551
0.042246
0.041924
0.042685
0.042069
0.043067
0.042448
0.042143
0.042353
0.042117
0.048979
0.042308
0.043196
0.043954
0.043433
0.042822
0.044829
0.042733
0.043643
0.042847
0.042300
0.043359
0.042323
0.042002
0.042607
0.045583
0.042770
0.043038
0.042530
0.041717
0.048678
0.043226
0.042714
0.042065
0.043442
0.042927
0.043231
0.043729
0.042494
0.042634
0.042292
0.042294
0.042656
0.046218
0.042479
0.043748
0.042037
0.042725
0.042829
0.042539
0.048484
0.043624
0.042489
0.042586
0.043036
0.042982
0.042335
0.043690
0.043542
0.044976
0.041988
0.041707
0.047052
0.042530
0.042460
0.042876
0.042189
0.041520
0.044662
0.041985
0.047316
0.042293
0.042553
0.041953
0.048822
0.041755
0.041820
0.043350
0.044128
0.042418
0.042758
0.042676
0.043124
0.041662
0.041171
0.041769
0.042398
0.043523
0.042498
0.041666
0.047123
0.042657
0.045953
0.041929
0.042052
0.042870
0.042881
0.041861
0.042994
0.054801
0.045348
0.042530
0.041897
0.043483
0.045416
0.042255
0.045138
0.043150
0.046079
0.043471
0.049885
0.046793
0.042935
0.042356
0.041637
0.042034
0.042101
0.042264
0.042482
0.043978
0.043550
0.041326
0.044287
0.041023
0.040837
0.041523
0.042365
0.042451
0.046023
0.040434
0.046154
0.041408
0.040994
0.041384
0.067704
0.089618
0.042635
0.041833
0.041486
0.042710
0.039811
0.042203
0.040331
0.040579
0.042078
0.050179
0.039749
0.040534
0.040611
0.040224
0.045424
0.040233
0.040451
0.041747
0.040088
0.040700
0.042175
0.041513
0.040839
0.040440
0.040678
0.040094
0.040557
0.040736
0.046915
0.040637
0.041448
0.042644
0.041327
0.040951
0.047754
0.040797
0.041281
0.041163
0.041723
0.041389
0.040968
0.041515
0.042009
0.040497
0.040545
0.041121
0.039969
0.040790
0.039624
0.040898
0.039592
0.043927
0.039666
0.040211
0.045347
0.039732
0.041073
0.041063
0.041217
0.041809
0.040832
0.041152
0.040386
0.040150
0.040560
0.039804
0.039514
0.039797
0.039320
0.041869
0.048366
0.040922
0.040812
0.040767
0.046477
0.042147
0.041934
0.041838
0.041922
0.039710
0.040851
0.040020
0.040367
0.046278
0.046551
0.039760
0.041383
0.041137
0.040525
0.040974
0.039072
0.040312
0.041036
0.040658
0.050226
0.041233
0.041808
0.042506
0.089424
0.042984
0.043269
0.040652
0.040003
0.040258
0.049651
0.040235
0.043606
0.040051
0.039364
0.040072
0.039131
0.039382
0.039764
0.040675
0.045888
0.040984
0.042211
0.040318
0.040853
0.040785
0.041733
0.040643
0.040761
0.047174
0.039592
0.047185
0.040884
0.044779
0.041955
0.043401
0.039740
0.040831
0.039878
0.043639
0.046526
0.043469
0.040884
0.044733
0.041016
0.041034
0.040639
0.039716
0.040628
0.040177
0.040412
0.040284
0.040678
0.042373
0.040718
0.040098
0.040997
0.040759
0.039599
0.039885
0.045701
0.039664
0.041962
0.038966
0.042246
0.039370
0.039982
0.040275
0.039694
0.040950
0.039494
0.040584
0.040533
0.039853
0.039741
0.040389
0.040937
0.046044
0.039495
0.038992
0.045016
0.040470
0.040899
0.038560
0.040180
0.041435
0.040667
0.040197
0.043399
0.040004
0.040032
0.041000
0.039444
0.040890
0.039555
0.040207
0.043134
0.039408
0.041184
0.040325
0.046067
0.040132
0.039769
0.040368
0.040498
0.040303
0.041454
0.039445
0.040762
0.040434
0.040900
0.040579
0.039738
0.040536
0.041643
0.040676
0.040013
0.044234
0.040061
0.040421
0.045110
0.040958
0.041151
0.041368
0.041010
0.039958
0.040075
0.042104
0.039741
0.040699
0.039235
0.045358
0.042230
0.040648
0.040215
0.042954
0.044265
0.072084
0.042034
0.041929
0.048995
0.043337
0.041977
0.041657
0.041227
0.041554
0.041517
0.042201
0.040650
0.040672
0.041553
0.041837
0.041456
0.044655
0.045531
0.038984
0.038815
0.036825
0.037547
0.038038
0.052722
0.039289
0.036468
0.038868
0.039117
0.039626
0.047452
0.037543
0.038043
0.041173
0.040510
0.041033
0.041642
0.041839
0.042605
0.041227
0.040223
0.043806
0.040153
0.048172
0.049684
0.039484
0.039063
0.046272
0.051028
0.042359
0.043453
0.040887
0.042654
0.045419
0.038808
0.043458
0.041079
0.045895
0.039420
0.039777
0.040406
0.041485
0.040268
0.040270
0.046249
0.041502
0.040647
0.041737
0.039952
0.041345
0.040770
0.043022
0.040319
0.041251
0.041374
0.043077
0.040385
0.040885
0.041134
0.041457
0.044994
0.039642
0.041846
0.040961
0.046994
0.040551
0.041789
0.040978
0.041168
0.041092
0.041612
0.041852
0.059717
0.038436
0.040410
0.040234
0.040711
0.040767
0.039851
0.040164
0.041181
0.039507
0.040600
0.039657
0.044940
0.039725
0.039653
0.040152
0.038860
0.038751
0.047295
0.041299
0.041971
0.041757
0.043365
0.040570
0.040472
0.040451
0.043823
0.041383
0.041768
0.042391
0.041903
0.041219
0.046088
0.040983
0.041442
0.042776
0.041279
0.042401
0.042526
0.046896
0.045753
0.046963
0.046678
0.047142
0.046248
0.047483
0.049439
0.049247
0.047677
0.046739
0.045978
0.045023
0.051785
0.048923
0.045150
0.044326
0.049697
0.046927
0.044398
0.039741
0.042998
0.039676
0.041159
0.041198
0.040955
0.040312
0.075517
0.042955
0.040824
0.040298
0.047019
0.042324
0.053116
0.039573
0.040632
0.041152
0.042967
0.040231
0.039489
0.040177
0.040133
0.040731
0.040741
0.040082
0.040537
0.039939
0.040286
0.040443
0.040437
0.039886
0.040601
0.041108
0.045450
0.039773
0.040064
0.049383
0.039967
0.039901
0.039892
0.041262
0.039766
0.051316
0.039104
0.040464
0.040379
0.039748
0.039967
0.039359
0.039751
0.039300
0.040425
0.040481
0.044874
0.039809
0.038040
0.044445
0.039824
0.040106
0.039251
0.042622
0.041607
0.040385
0.041965
0.040944
0.041417
0.041276
0.041689
0.041033
0.041500
0.039704
0.039787
0.039847
0.045254
0.039555
0.040090
0.043461
0.039363
0.039800
0.040269
0.039773
0.040117
0.039946
0.039644
0.041384
0.042130
0.041551
0.042521
0.041305
0.040819
0.041779
0.041486
0.041297
0.047881
0.040467
0.040790
0.041336
0.043533
0.040462
0.046525
0.039924
0.046825
0.039080
0.038954
0.040644
0.039276
0.039478
0.039493
0.039445
0.039646
0.039444
0.042549
0.040253
0.049209
0.040919
0.039840
0.039186
0.045645
0.041040
0.041088
0.043123
0.040012
0.041802
0.041811
0.045133
0.039474
0.039697
0.042429
0.042239
0.039237
0.039796
0.037769
0.045950
0.046624
0.040193
0.041399
0.041140
0.039732
0.042937
0.041496
0.049535
0.132311
0.042159
0.040063
0.044183
0.046946
0.038883
0.044406
0.044262
0.042252
0.046860
0.041265
0.041594
0.049007
0.043057
0.053517
0.043986
0.043314
0.041001
0.043035
0.043823
0.042611
0.042346
0.043536
0.040152
0.044981
0.044703
0.043626
0.043346
0.045661
0.041437
0.044105
0.041342
0.052379
0.041621
0.041312
0.041044
0.044644
0.041208
0.040966
0.041003
0.041988
0.039283
0.059158
0.043679
0.044399
0.043184
0.040891
0.042942
0.042835
0.041001
0.041470
0.040982
0.047551
0.041353
0.040505
0.043484
0.043975
0.044959
0.042883
0.040794
0.043371
0.043630
0.041200
0.046558
0.044196
0.043926
0.042110
0.044022
0.044256
0.045169
0.049360
0.049326
0.053237
0.045242
0.044480
0.044149
0.043421
0.045138
0.043740
0.041319
0.042695
0.042068
0.046456
0.043052
0.042392
0.043998
0.044023
0.041368
0.042592
0.042513
0.043551
0.041769
0.052157
0.054825
0.050884
0.044700
0.042007
0.043539
0.042577
0.042933
0.045645
0.042140
0.043059
0.042259
0.042750
0.042417
0.042146
0.043629
0.042231
0.046360
0.042738
0.047174
0.056408
0.042002
0.043440
0.046103
0.050396
0.043536
0.043761
0.042221
0.061293
0.043305
0.044049
0.045105
0.044000
0.042522
0.042608
0.041515
0.039891
0.045577
0.049088
0.050318
0.054883
0.047220
0.050303
0.048987
0.040132
0.040914
0.041290
0.042830
0.040133
0.041995
0.040027
0.040447
0.042925
0.044013
0.043154
0.041396
0.042364
0.043927
0.043200
0.043258
0.048948
0.045916
0.048952
0.043653
0.044756
0.041615
0.040126
0.050750
0.043919
0.042459
0.041231
0.040416
0.041731
0.040550
0.039416
0.039768
0.040074
0.040700
0.040161
0.039032
0.054453
0.046715
0.042388
0.040627
0.042085
0.041075
0.042191
0.045119
0.043932
0.047210
0.126944
0.043903
0.047506
0.041599
0.042018
0.045727
0.042144
0.043124
0.041911
0.042126
0.047073
0.041554
0.041913
0.041801
0.041831
0.041999
0.044301
0.041763
0.042099
0.044109
0.044135
0.041973
0.041874
0.040263
0.043181
0.041981
0.041577
0.041618
0.041245
0.041097
0.047492
0.041059
0.041195
0.041074
0.040524
0.040875
0.041296
0.043756
0.040202
0.047250
0.040295
0.046630
0.044251
0.040516
0.040885
0.042178
0.042250
0.041940
0.041299
0.054776
0.046457
0.040675
0.041070
0.046165
0.040932
0.046552
0.040241
0.148877
0.040584
0.040908
0.040432
0.040463
0.039608
0.040263
0.040253
0.040399
0.040885
0.040374
0.043530
0.039438
0.046390
0.039548
0.039584
0.040600
0.040653
0.039623
0.045269
0.039884
0.040310
0.016116
0.015934
0.038455
0.016064
0.018262
0.020238
0.017521
0.062621
0.016333
0.060773
0.016913
0.016341
0.057801
0.016356
0.061241
0.017348
0.016384
0.059331
0.016001
0.016400
0.050282
0.016033
0.070757
0.016449
0.015888
0.051404
0.016030
0.060825
0.017265
0.018810
0.056286
0.016570
0.093326
0.042223
0.041656
0.042472
0.041432
0.041744
0.044780
0.039834
0.040840
0.040952
0.040496
0.040985
0.040963
0.041263
0.040335
0.043439
0.040156
0.041833
0.041865
0.052177
0.040255
0.040442
0.041542
0.040902
0.041645
0.042290
0.041610
0.044252
0.041990
0.043675
0.040550
0.041231
0.041608
0.047074
0.039432
0.044068
0.040519
0.043763
0.041108
0.047146
0.040567
0.045331
0.040844
0.041786
0.040894
0.046597
0.041536
0.041714
0.040778
0.041333
0.041219
0.042115
0.041303
0.045432
0.040017
0.040823
0.044181
0.053904
0.040579
0.047922
0.040838
0.040752
0.041837
0.042981
0.042330
0.041091
0.043174
0.052103
0.042503
0.042135
0.041041
0.040615
0.041423
0.041593
0.041141
0.041523
0.041452
0.042358
0.041140
0.044512
0.039817
0.040608
0.041232
0.041159
0.043847
0.040410
0.040731
0.040716
0.047005
0.040136
0.039902
0.040314
0.046829
0.040072
0.043398
0.041636
0.042897
0.040704
0.042967
0.047769
0.041361
0.042807
0.050893
0.042071
0.043857
0.043336
0.049427
0.041880
0.041714
0.041499
0.042662
0.043129
0.042401
0.041387
0.041356
0.042697
0.058641
0.041976
0.042058
0.046513
0.042573
0.040814
0.039746
0.040161
0.041726
0.040741
0.040658
0.039426
0.039776
0.040051
0.040249
0.043582
0.042893
0.042950
0.043451
0.042471
0.041022
0.043211
0.041094
0.048863
0.042423
0.042253
0.041143
0.042539
0.042486
0.042710
0.041518
0.044913
0.042642
0.041155
0.041305
0.046422
0.042247
0.046695
0.042088
0.044322
0.042188
0.044736
0.042008
0.050560
0.042224
0.042248
0.042668
0.041660
0.041808
0.047861
0.043595
0.040737
0.040201
0.040604
0.040370
0.040806
0.039757
0.040456
0.039727
0.040399
0.039923
0.040584
0.040165
0.046096
0.041260
0.040921
0.040394
0.053265
0.040636
0.040164
0.041152
0.043068
0.043031
0.043540
0.042668
0.040999
0.040249
0.040000
0.039974
0.042705
0.043371
0.040442
0.039753
0.044986
0.039861
0.039628
0.040420
0.040667
0.039242
0.040705
0.038435
0.039351
0.041177
0.038871
0.039966
0.039961
0.039778
0.046555
0.038672
0.039235
0.040129
0.039451
0.039185
0.044567
0.039256
0.039899
0.039533
0.039226
0.039127
0.038859
0.039866
0.040257
0.039984
0.039878
0.039676
0.040250
0.040289
0.039584
0.039973
0.039518
0.039426
0.040738
0.039416
0.045476
0.040056
0.039384
0.039835
0.043212
0.039386
0.038755
0.039726
0.039557
0.039388
0.039737
0.039896
0.039497
0.039118
0.039306
0.042578
0.039881
0.039800
0.040778
0.043748
0.044776
0.039366
0.039598
0.039756
0.039241
0.040368
0.040083
0.040043
0.042527
0.042100
0.041425
0.041588
0.041984
0.041322
0.041585
0.041152
0.049064
0.076743
0.041357
0.041545
0.046563
0.041354
0.041389
0.041767
0.041370
0.041715
0.041521
0.043399
0.041622
0.041489
0.042218
0.041605
0.047956
0.041127
0.041208
0.041422
0.042445
0.041526
0.049201
0.063456
0.047050
0.041793
0.041857
0.044696
0.042785
0.041118
0.041352
0.041481
0.042483
0.041067
0.041306
0.041579
0.041614
0.041451
0.040758
0.041312
0.041792
0.041572
0.131181
0.063495
0.047150
0.040586
0.040966
0.040522
0.040939
0.041127
0.041294
0.041332
0.043379
0.044260
0.043290
0.041487
0.041423
0.041033
0.041322
0.040368
0.040991
0.042576
0.041414
0.041540
0.046908
0.041243
0.042056
0.039862
0.040201
0.040497
0.045764
0.039980
0.075274
0.068651
0.045964
0.046691
0.044336
0.091484
0.043239
0.043586
0.043364
0.045615
0.041990
0.042040
0.048048
0.042773
0.041282
0.042120
0.041765
0.043037
0.041982
0.041961
0.042233
0.041596
0.041395
0.041476
0.047586
0.069695
0.042134
0.041631
0.041326
0.052163
0.040628
0.041926
0.047034
0.045202
0.041671
0.042309
0.040541
0.041067
0.041277
0.041483
0.041203
0.057504
0.044703
