3.016635
0.168898
0.100781
0.098627
0.148166
0.130824
0.097010
0.178763
0.105150
0.177297
0.095650
0.173591
0.106461
0.099082
0.183252
0.040999
0.044938
0.040497
0.124146
0.039689
0.045895
0.040919
0.040717
0.040895
0.040362
0.040375
0.041440
0.043747
0.039973
0.040830
0.041293
0.042955
0.049736
0.040713
0.041043
0.040175
0.047643
0.042132
0.040117
0.041217
0.048029
0.042205
0.041291
0.040508
0.040543
0.041325
0.042001
0.041306
0.040897
0.041651
0.041692
0.041355
0.040528
0.041424
0.041670
0.041679
0.049430
0.041262
0.042244
0.042344
0.049435
0.042535
0.042092
0.043994
0.045679
0.041575
0.051836
0.073960
0.042565
0.042145
0.043207
0.042995
0.042434
0.042846
0.042434
0.053688
0.074213
0.042120
0.041864
0.040751
0.047079
0.040766
0.042717
0.074173
0.043705
0.041129
0.048679
0.039441
0.041160
0.041423
0.042036
0.041302
0.042272
0.041768
0.041670
0.041985
0.040987
0.040814
0.040983
0.041069
0.053190
0.039331
0.040410
0.041430
0.041481
0.042747
0.040627
0.040898
0.041851
0.045993
0.067267
0.044625
0.041561
0.041866
0.042169
0.040895
0.041567
0.041374
0.041333
0.041781
0.046476
0.040621
0.041677
0.044352
0.044321
0.040265
0.043122
0.041853
0.041623
0.044042
0.041333
0.041206
0.041782
0.040935
0.040454
0.043720
0.041988
0.040855
0.040588
0.053665
0.046601
0.041592
0.041527
0.041624
0.040512
0.040643
0.042329
0.040400
0.040706
0.041688
0.040933
0.040734
0.040792
0.041256
0.040560
0.048113
0.040729
0.039369
0.040136
0.042518
0.044100
0.039870
0.039768
0.039972
0.055103
0.058975
0.038526
0.042396
0.040045
0.040641
0.040638
0.040687
0.039980
0.039420
0.039263
0.039840
0.039646
0.040823
0.039807
0.081645
0.182687
0.094374
0.181473
0.100447
0.099815
0.180667
0.105054
0.179517
0.107881
0.181092
0.181645
0.102610
0.096378
0.172298
0.105242
0.104524
0.176155
0.097340
0.181795
0.105987
0.186909
0.096853
0.175412
0.099489
0.187047
0.093566
0.167568
0.112342
0.101224
0.173934
0.100177
0.181165
0.100058
0.102591
0.178390
0.096807
0.183096
0.102835
0.103369
0.140427
0.108816
0.167483
0.102252
0.101752
0.179560
0.103120
0.180913
0.163503
0.125878
0.102825
0.175867
0.114093
0.182069
0.094405
0.183550
0.106017
0.186103
0.100216
0.145266
0.101913
0.149932
0.172886
0.110640
0.144347
0.133151
0.179515
0.099658
0.098131
0.120829
0.062542
0.071090
0.042229
0.040765
0.041281
0.040930
0.043600
0.040604
0.042001
0.057104
0.089477
0.085309
0.042863
0.040797
0.041503
0.041847
0.041325
0.058059
0.070870
0.042811
0.041720
0.041328
0.041343
0.041829
0.041312
0.043433
0.040488
0.041549
0.042170
0.042003
0.040895
0.115617
0.048178
0.047209
0.044640
0.042787
0.041992
0.041473
0.041683
0.041017
0.043345
0.046034
0.040901
0.081886
0.048560
0.041596
0.043862
0.041293
0.041399
0.041270
0.041301
0.048573
0.040683
0.041515
0.042945
0.041921
0.042681
0.042566
0.041934
0.041428
0.041985
0.040817
0.042582
0.042384
0.040689
0.041517
0.041535
0.041854
0.041490
0.041576
0.042827
0.046628
0.042673
0.041661
0.041445
0.042227
0.040938
0.041621
0.042405
0.041239
0.041988
0.041221
0.042940
0.040609
0.041876
0.041546
0.041038
0.041435
0.041687
0.042236
0.041506
0.046940
0.041748
0.042063
0.041744
0.041231
0.043368
0.042508
0.046614
0.046710
0.042205
0.046455
0.041818
0.044184
0.085951
0.041682
0.041663
0.042441
0.042721
0.039631
0.041508
0.047335
0.041264
0.040825
0.047300
0.043855
0.042154
0.043294
0.043330
0.043367
0.043879
0.043435
0.041595
0.084426
0.096673
0.100247
0.177736
0.098921
0.183484
0.101831
0.184442
0.104919
0.096364
0.179920
0.113283
0.164622
0.098189
0.183716
0.097421
0.104591
0.177438
0.186182
0.099783
0.096976
0.179734
0.097172
0.161400
0.113745
0.106660
0.176666
0.092011
0.179884
0.099310
0.090440
0.043346
0.045013
0.055650
0.040831
0.043100
0.044768
0.056779
0.041791
0.044274
0.043007
0.042562
0.043030
0.042908
0.043094
0.043387
0.044178
0.042048
0.048709
0.044697
0.043357
0.042574
0.043333
0.044714
0.043250
0.043913
0.043578
0.040518
0.041569
0.041398
0.041992
0.042426
0.045722
0.042232
0.042664
0.042968
0.047881
0.042492
0.047471
0.044308
0.044764
0.090635
0.092221
0.099184
0.172826
0.105731
0.183439
0.097714
0.101750
0.180488
0.100156
0.178705
0.100700
0.185328
0.098157
0.094169
0.181888
0.095947
0.111939
0.166051
0.099844
0.182740
0.093192
0.105989
0.173881
0.097568
0.097734
0.182642
0.042050
0.041718
0.083119
0.047514
0.046583
0.040422
0.050729
0.072196
0.043007
0.047002
0.046257
0.043726
0.042051
0.042355
0.041466
0.045681
0.041019
0.047669
0.068022
0.042696
0.042529
0.042114
0.043091
0.045401
0.054975
0.167901
0.100688
0.094088
0.183352
0.040683
0.048532
0.040251
0.040648
0.042333
0.041467
0.041057
0.045236
0.041190
0.041809
0.042437
0.041562
0.050638
0.040064
0.039787
0.040677
0.040142
0.045475
0.038851
0.039399
0.038975
0.044492
0.039015
0.040162
0.039961
0.039783
0.041722
0.041867
0.038435
0.038959
0.039165
0.038234
0.038426
0.038593
0.038930
0.038813
0.039274
0.039401
0.042067
0.040072
0.038951
0.044867
0.039591
0.041296
0.039819
0.040532
0.040068
0.041218
0.040410
0.039482
0.039989
0.039936
0.040472
0.040779
0.039713
0.040286
0.040064
0.040370
0.040872
0.040738
0.041211
0.046145
0.040569
0.040837
0.039672
0.039909
0.040550
0.040673
0.040394
0.044786
0.044847
0.041280
0.039956
0.040565
0.041983
0.041421
0.041543
0.041098
0.040746
0.041542
0.040706
0.046560
0.040506
0.039903
0.041060
0.040851
0.043228
0.041290
0.040864
0.041227
0.041433
0.043404
0.040865
0.041423
0.041478
0.041452
0.041264
0.041203
0.042204
0.041658
0.040679
0.046670
0.042055
0.041287
0.041835
0.041212
0.041471
0.040327
0.040898
0.039700
0.039026
0.041220
0.040373
0.043977
0.040343
0.040993
0.040222
0.040287
0.040424
0.040838
0.040329
0.046965
0.039888
0.040208
0.040148
0.040725
0.040545
0.040746
0.039872
0.041282
0.039172
0.039702
0.039885
0.040164
0.040164
0.042060
0.040873
0.040379
0.040511
0.039861
0.039874
0.046221
0.040334
0.040149
0.040402
0.040276
0.040199
0.040430
0.041273
0.040677
0.040694
0.039951
0.039139
0.039481
0.039564
0.040056
0.040769
0.040477
0.040545
0.040707
0.040935
0.045945
0.040017
0.040359
0.044551
0.040052
0.040174
0.040208
0.039690
0.040468
0.040479
0.041272
0.040449
0.039982
0.039365
0.039993
0.041054
0.040415
0.039979
0.040867
0.040441
0.046086
0.039070
0.040531
0.040377
0.040336
0.040578
0.039732
0.040369
0.041099
0.039668
0.040005
0.040278
0.040619
0.040109
0.039683
0.043721
0.040222
0.038717
0.039908
0.039073
0.048067
0.039762
0.040089
0.040568
0.040921
0.040314
0.040928
0.042781
0.040011
0.040747
0.039984
0.039159
0.040303
0.041115
0.041271
0.041197
0.040008
0.040145
0.040176
0.041137
0.047117
0.039789
0.040066
0.051179
0.039391
0.040254
0.039257
0.039966
0.040144
0.040937
0.040780
0.040147
0.041886
0.040910
0.041135
0.039989
0.040095
0.041092
0.041267
0.040574
0.047897
0.039820
0.039291
0.040184
0.039788
0.040982
0.044101
0.040077
0.040611
0.040649
0.041095
0.040359
0.040299
0.040629
0.040134
0.040514
0.040465
0.040992
0.041439
0.040049
0.052455
0.044977
0.043108
0.042562
0.042934
0.043081
0.044422
0.042105
0.041980
0.042481
0.042731
0.041942
0.042658
0.042401
0.041836
0.045745
0.041550
0.042331
0.042321
0.041867
0.048529
0.042813
0.041096
0.041735
0.041643
0.043214
0.042755
0.043075
0.041854
0.043319
0.042810
0.042698
0.042086
0.041147
0.041758
0.041965
0.040429
0.041216
0.040728
0.041057
0.046302
0.041497
0.040594
0.041285
0.041289
0.043819
0.040131
0.041080
0.040468
0.040081
0.041519
0.041260
0.040914
0.041460
0.041729
0.041465
0.041373
0.040509
0.041509
0.041002
0.047195
0.041419
0.041140
0.040759
0.040605
0.040974
0.040732
0.041032
0.045479
0.042041
0.042242
0.042848
0.042420
0.042133
0.042242
0.042113
0.042150
0.042058
0.041995
0.041493
0.046955
0.042418
0.042415
0.042140
0.042541
0.042655
0.041655
0.042187
0.041959
0.044518
0.041950
0.040730
0.040638
0.041887
0.040721
0.040798
0.040964
0.040870
0.040537
0.040622
0.045455
0.041579
0.040496
0.042381
0.041440
0.041078
0.041276
0.041125
0.040532
0.042131
0.043461
0.040344
0.041066
0.040897
0.040952
0.041466
0.041244
0.040936
0.041239
0.042091
0.047598
0.041784
0.041274
0.042013
0.042295
0.041439
0.042891
0.041695
0.040557
0.039768
0.041315
0.039648
0.040771
0.041987
0.040257
0.039309
0.039815
0.041250
0.040855
0.040920
0.049356
0.039800
0.040315
0.040347
0.040179
0.039567
0.040136
0.039692
0.040412
0.040286
0.040018
0.040151
0.040243
0.040720
0.040065
0.039850
0.040334
0.040486
0.040173
0.040390
0.045512
0.041142
0.040078
0.039715
0.040035
0.039510
0.039688
0.039936
0.039892
0.039465
0.039744
0.039719
0.040042
0.039992
0.041301
0.040345
0.040342
0.040275
0.040306
0.041250
0.046607
0.040400
0.040876
0.040761
0.040447
0.041412
0.041044
0.041496
0.041585
0.040909
0.040964
0.040300
0.040820
0.039959
0.040230
0.040217
0.040514
0.040235
0.040760
0.040323
0.047195
0.039467
0.040315
0.040926
0.041256
0.040167
0.040430
0.040048
0.040275
0.041072
0.040893
0.040192
0.041260
0.041048
0.040622
0.039657
0.040511
0.040558
0.040546
0.043545
0.051722
0.041297
0.039473
0.040323
0.039823
0.040287
0.039623
0.042060
0.039461
0.039675
0.039994
0.041414
0.041224
0.041025
0.039966
0.039943
0.039123
0.039020
0.039498
0.039498
0.045367
0.039288
0.039867
0.038535
0.039268
0.039780
0.042477
0.038661
0.049821
0.040039
0.040972
0.041301
0.041831
0.041703
0.040627
0.040716
0.041473
0.040261
0.041080
0.040272
0.045916
0.040732
0.041106
0.040776
0.041054
0.041629
0.041132
0.040865
0.041006
0.040421
0.039312
0.039837
0.041308
0.041735
0.040470
0.039048
0.038529
0.038469
0.039121
0.039141
0.046954
0.040006
0.039675
0.039814
0.041188
0.040542
0.039755
0.040485
0.040045
0.039913
0.040076
0.039930
0.039057
0.039138
0.040780
0.040396
0.040418
0.040410
0.040273
0.039940
0.045506
0.039172
0.039728
0.039459
0.039026
0.040765
0.041021
0.040162
0.040130
0.039948
0.040407
0.040302
0.040271
0.040653
0.040251
0.040136
0.040311
0.041048
0.040855
0.042374
0.045719
0.039858
0.040073
0.040341
0.039801
0.039774
0.041890
0.040692
0.039315
0.039640
0.039992
0.040842
0.040445
0.039772
0.039877
0.039643
0.039429
0.040779
0.039841
0.040064
0.045578
0.039987
0.040359
0.040286
0.040197
0.040058
0.040458
0.040972
0.040202
0.040513
0.040780
0.039801
0.040212
0.040495
0.040163
0.040783
0.041539
0.040245
0.040791
0.040591
0.046163
0.040022
0.040509
0.040202
0.040437
0.040487
0.040881
0.039769
0.039368
0.039449
0.039921
0.040290
0.038865
0.040087
0.040292
0.039235
0.039182
0.039672
0.040117
0.042439
0.045670
0.039109
0.039440
0.039926
0.040576
0.039085
0.039509
0.042495
0.039683
0.039881
0.039962
0.039713
0.039914
0.040218
0.039885
0.040038
0.039903
0.041569
0.040347
0.039694
0.044878
0.039188
0.044174
0.039947
0.040644
0.042081
0.043542
0.039954
0.040531
0.040581
0.041209
0.040738
0.040269
0.040298
0.040343
0.040798
0.042054
0.041551
0.040289
0.040612
0.046597
0.040990
0.040515
0.040500
0.041154
0.041147
0.040538
0.042102
0.041605
0.042307
0.041551
0.041666
0.042072
0.042272
0.041953
0.040356
0.040788
0.041582
0.041571
0.040054
0.046008
0.042420
0.041741
0.042071
0.043423
0.041274
0.041094
0.041007
0.040682
0.042092
0.041650
0.041396
0.041510
0.041641
0.041538
0.042430
0.041917
0.041726
0.041869
0.041302
0.047794
0.041021
0.041594
0.041646
0.041426
0.041494
0.042097
0.040642
0.041471
0.040925
0.042764
0.041905
0.041443
0.041796
0.041810
0.041113
0.041717
0.041728
0.040848
0.041067
0.046269
0.041345
0.041104
0.040055
0.041362
0.046099
0.041505
0.040167
0.041637
0.042735
0.045395
0.040145
0.040830
0.044166
0.040579
0.041593
0.040170
0.041289
0.041691
0.039801
0.047042
0.040664
0.041577
0.041667
0.041444
0.041668
0.044759
0.054090
0.040524
0.040704
0.040938
0.041757
0.040152
0.039663
0.040399
0.040470
0.039456
0.040818
0.041413
0.040178
0.046448
0.039909
0.041269
0.042090
0.041422
0.040472
0.040398
0.039480
0.039227
0.039844
0.040121
0.041512
0.040406
0.041035
0.039875
0.039560
0.057192
0.075723
0.040077
0.039044
0.046288
0.040407
0.040148
0.043628
0.039383
0.039906
0.042804
0.039027
0.040223
0.039815
0.040098
0.039892
0.039567
0.040384
0.039912
0.039940
0.039645
0.040832
0.038900
0.039521
0.049617
0.040602
0.040159
0.039718
0.043126
0.037847
0.039276
0.039088
0.038820
0.038875
0.039306
0.038878
0.039226
0.039201
0.039489
0.039131
0.039436
0.039663
0.039194
0.042597
0.045548
0.039295
0.041640
0.043748
0.039936
0.039691
0.040254
0.040288
0.040412
0.040008
0.040285
0.040834
0.040891
0.040285
0.040864
0.040506
0.039506
0.039921
0.040442
0.039927
0.048193
0.039187
0.040036
0.040493
0.041081
0.040275
0.039781
0.038505
0.039033
0.039221
0.038719
0.040186
0.038924
0.039270
0.039479
0.039666
0.039216
0.040734
0.040826
0.041737
0.045562
0.040249
0.040848
0.039958
0.040240
0.040629
0.039655
0.039572
0.039638
0.040224
0.040595
0.039348
0.040515
0.040110
0.040678
0.039804
0.044468
0.039244
0.040565
0.040984
0.045959
0.040186
0.040882
0.045383
0.042657
0.043701
0.040699
0.044202
0.070175
0.046452
0.040413
0.041331
0.041734
0.040236
0.041411
0.041624
0.042000
0.040223
0.040634
0.041743
0.066100
0.046422
0.042183
0.041869
0.041790
0.040534
0.053373
0.041195
0.043971
0.040800
0.040752
0.040616
0.041275
0.041161
0.040848
0.041124
0.046686
0.040161
0.043477
0.040897
0.046429
0.040949
0.041521
0.040468
0.041630
0.041534
0.041897
0.040460
0.043369
0.040794
0.040706
0.042310
0.040391
0.039901
0.040143
0.039511
0.041145
0.041468
0.039878
0.040422
0.046668
0.039408
0.039824
0.040325
0.040018
0.040069
0.040102
0.040540
0.040608
0.041849
0.041200
0.040768
0.040404
0.040797
0.040907
0.043543
0.040390
0.039985
0.041445
0.040410
0.046916
0.040822
0.039823
0.042253
0.040724
0.041154
0.040009
0.041014
0.043281
0.040103
0.040376
0.041108
0.041221
0.041307
0.041303
0.040546
0.040605
0.040669
0.041989
0.041791
0.046575
0.041142
0.041157
0.041731
0.041730
0.042148
0.041069
0.041834
0.041131
0.042521
0.041447
0.041795
0.041569
0.041355
0.040684
0.041454
0.041281
0.043752
0.038861
0.038405
0.044070
0.039703
0.039523
0.040269
0.039061
0.040406
0.042405
0.039448
0.039289
0.040777
0.039112
0.038892
0.039604
0.038902
0.039125
0.039234
0.040372
0.039030
0.039227
0.038949
0.045879
0.040410
0.040538
0.039728
0.041314
0.044472
0.039506
0.039987
0.040667
0.040683
0.040116
0.040263
0.039625
0.040018
0.041046
0.041168
0.041118
0.040485
0.040974
0.051445
0.044515
0.040381
0.041554
0.039819
0.041565
0.040137
0.040308
0.040707
0.040142
0.040006
0.043564
0.039860
0.039572
0.040575
0.041165
0.039735
0.040041
0.039720
0.041357
0.039867
0.044886
0.039579
0.040669
0.041863
0.041026
0.045410
0.044468
0.041683
0.041471
0.041847
0.041472
0.041130
0.042558
0.043164
0.041782
0.041822
0.041214
0.041756
0.042189
0.041448
0.047260
0.041930
0.043434
0.043046
0.041423
0.043155
0.041741
0.042294
0.042770
0.042125
0.042705
0.041659
0.042134
0.041921
0.041627
0.041454
0.042004
0.041175
0.041366
0.042027
0.046907
0.041615
0.041350
0.042446
0.041544
0.042084
0.041425
0.041943
0.043619
0.042317
0.041818
0.041880
0.041089
0.041784
0.048525
0.040984
0.042530
0.041621
0.040374
0.042110
0.045647
0.041761
0.042215
0.042310
0.041104
0.040740
0.041142
0.041756
0.041783
0.041166
0.040694
0.044213
0.041150
0.043062
0.041876
0.041910
0.041781
0.040796
0.042422
0.040393
0.047634
0.039720
0.040415
0.040123
0.039103
0.040655
0.040901
0.042872
0.053337
0.042481
0.051747
0.041409
0.043331
0.041678
0.042845
0.043194
0.042255
0.043301
0.041857
0.042136
0.047721
0.041666
0.040083
0.039335
0.041493
0.040386
0.042004
0.041842
0.041447
0.042322
0.039979
0.041321
0.040951
0.041051
0.040210
0.039632
0.043948
0.041080
0.039659
0.040271
0.047845
0.041287
0.041347
0.041098
0.040596
0.040272
0.040679
0.041003
0.039979
0.042629
0.042372
0.041223
0.090194
0.045102
0.042217
0.042985
0.044868
0.045000
0.042623
0.043817
0.048924
0.070162
0.049994
0.044890
0.043527
0.042722
0.046600
0.043334
0.043122
0.044279
0.043253
0.042239
0.041677
0.041670
0.041994
0.042894
0.050911
0.041390
0.043433
0.042741
0.049220
0.041421
0.040264
0.042066
0.042410
0.046250
0.045271
0.044469
0.041765
0.041262
0.041044
0.043837
0.041150
0.040809
0.040242
0.041646
0.041686
0.040888
0.040380
0.041603
0.045680
0.041662
0.041393
0.042732
0.040401
0.046381
0.040332
0.042099
0.040370
0.041258
0.040864
0.042253
0.040520
0.040811
0.042063
0.042777
0.042404
0.041513
0.045283
0.044119
