2.406427
0.068074
0.036329
0.035700
0.038507
0.035965
0.043462
0.035842
0.035007
0.034887
0.036556
0.060058
0.035715
0.053352
0.036525
0.035696
0.035935
0.036621
0.049598
0.040857
0.040023
0.035814
0.036591
0.051196
0.036032
0.035053
0.035065
0.035220
0.052626
0.036314
0.035801
0.036444
0.035478
0.054047
0.036051
0.035090
0.035112
0.035074
0.053854
0.036308
0.040874
0.035600
0.038863
0.043945
0.035574
0.035602
0.035901
0.036224
0.044363
0.036998
0.035228
0.035686
0.039045
0.057726
0.036395
0.035322
0.035658
0.035215
0.058906
0.035284
0.041001
0.036334
0.036712
0.039524
0.035344
0.036583
0.036706
0.035357
0.036333
0.035716
0.036884
0.040123
0.034796
0.034743
0.035051
0.035784
0.061117
0.035723
0.036804
0.038900
0.041552
0.038851
0.036398
0.035160
0.035316
0.036693
0.053626
0.041631
0.057041
0.036648
0.037047
0.037384
0.036212
0.040069
0.036415
0.036651
0.035563
0.036354
0.047172
0.038277
0.043846
0.036267
0.037360
0.046805
0.035852
0.036406
0.037003
0.035849
0.049178
0.037035
0.036555
0.036204
0.037176
0.048688
0.036602
0.036902
0.037761
0.036914
0.058471
0.035910
0.042127
0.036940
0.036269
0.038749
0.036281
0.037596
0.036537
0.036030
0.046888
0.036881
0.036611
0.035625
0.036834
0.041264
0.036596
0.036120
0.038171
0.036361
0.036270
0.035727
0.042229
0.044948
0.038312
0.036708
0.035891
0.035125
0.035466
0.036664
0.038172
0.037267
0.036759
0.064945
0.036344
0.055606
0.036247
0.036737
0.035340
0.035696
0.052438
0.037912
0.042042
0.036390
0.036474
0.041192
0.035481
0.035687
0.036428
0.035690
0.045787
0.036447
0.035793
0.035532
0.036577
0.034930
0.035898
0.035239
0.052213
0.037370
0.036543
0.036499
0.040789
0.047835
0.037676
0.054620
0.043053
0.041342
0.042894
0.042159
0.041166
0.041234
0.055404
0.040827
0.051101
0.040616
0.055527
0.040819
0.039529
0.040027
0.039631
0.043840
0.047439
0.041728
0.041990
0.040541
0.042040
0.040978
0.041409
0.041651
0.053358
0.041350
0.051823
0.041985
0.051456
0.040589
0.041733
0.041149
0.041668
0.040948
0.041894
0.047565
0.048529
0.042196
0.042586
0.042650
0.040011
0.040352
0.047769
0.043695
0.053874
0.039959
0.052716
0.042400
0.041763
0.039104
0.042226
0.043224
0.041467
0.045944
0.041527
0.058921
0.047814
0.043097
0.044237
0.042251
0.041756
0.042374
0.041286
0.041976
0.043875
0.038450
0.040291
0.047633
0.042268
0.044997
0.039999
0.040396
0.040136
0.039410
0.040911
0.040558
0.049868
0.040990
0.044064
0.040231
0.069577
0.041232
0.043241
0.042512
0.049425
0.041913
0.040933
0.040681
0.041047
0.041638
0.040874
0.051850
0.040654
0.041754
0.040985
0.041489
0.046463
0.040663
0.045090
0.041431
0.056370
0.042095
0.049723
0.039760
0.040046
0.039051
0.038967
0.043658
0.038919
0.039596
0.038574
0.040306
0.039354
0.038953
0.039751
0.039384
0.044936
0.040197
0.038664
0.049859
0.040109
0.039184
0.040395
0.039257
0.038834
0.040103
0.039120
0.039355
0.040314
0.042190
0.040083
0.054775
0.040686
0.057513
0.042525
0.053072
0.046726
0.041090
0.039993
0.040732
0.039737
0.040028
0.046206
0.039316
0.055224
0.039414
0.040310
0.039617
0.040483
0.039863
0.040001
0.039528
0.039439
0.040704
0.039965
0.041400
0.059920
0.040548
0.044171
0.039886
0.040380
0.040042
0.040000
0.042417
0.039065
0.038995
0.040174
0.043055
0.038672
0.039763
0.039057
0.039227
0.040499
0.040190
0.038876
0.050049
0.044989
0.039372
0.040201
0.040944
0.040930
0.040336
0.049248
0.042385
0.057746
0.040554
0.050752
0.039859
0.042247
0.039593
0.040409
0.039998
0.040635
0.040513
0.041341
0.040705
0.047453
0.041220
0.041366
0.042893
0.060518
0.040560
0.149783
0.041803
0.040448
0.041376
0.040520
0.043314
0.041999
0.044646
0.041216
0.058896
0.041260
0.053652
0.043692
0.044805
0.046992
0.042059
0.041930
0.043289
0.038514
0.038676
0.056202
0.037585
0.037381
0.036626
0.036899
0.041118
0.035651
0.036928
0.036942
0.042033
0.051338
0.036346
0.039028
0.038106
0.043312
0.037685
0.041538
0.052577
0.038310
0.060014
0.040124
0.053920
0.040925
0.041176
0.041938
0.040517
0.040352
0.040235
0.055805
0.040512
0.048123
0.039451
0.039692
0.040837
0.046401
0.040455
0.039413
0.057406
0.040772
0.057738
0.041231
0.045991
0.040563
0.041355
0.039927
0.040447
0.043982
0.039358
0.059590
0.041446
0.045727
0.040087
0.040930
0.039925
0.046510
0.039430
0.040917
0.056492
0.040679
0.059806
0.040117
0.047513
0.040969
0.041764
0.040200
0.040614
0.039716
0.040901
0.060534
0.040234
0.050892
0.039362
0.040011
0.041190
0.045439
0.041326
0.040525
0.049780
0.040180
0.056940
0.042944
0.043660
0.043964
0.041353
0.042736
0.042459
0.041712
0.038840
0.057990
0.041946
0.051976
0.042249
0.052020
0.042253
0.046408
0.041552
0.042050
0.040161
0.039150
0.047574
0.042252
0.058969
0.038949
0.057580
0.041600
0.041762
0.042758
0.041871
0.041646
0.042811
0.041366
0.042449
0.058456
0.042065
0.061859
0.042326
0.047324
0.042030
0.059058
0.044691
0.049863
0.041590
0.042240
0.042926
0.042074
0.042241
0.042406
0.042372
0.042354
0.046162
0.042556
0.047268
0.041903
0.041348
0.048380
0.042691
0.043098
0.042933
0.049892
0.042284
0.049576
0.044339
0.047410
0.042793
0.041495
0.041452
0.042152
0.042051
0.043416
0.050361
0.101436
0.042802
0.041346
0.041850
0.047869
0.041842
0.042844
0.040962
0.042822
0.049751
0.041982
0.047498
0.041335
0.042398
0.043645
0.042777
0.042510
0.043595
0.046052
0.042432
0.050451
0.041281
0.042013
0.042076
0.047316
0.041569
0.042049
0.040971
0.040912
0.053359
0.040443
0.041805
0.040347
0.040219
0.041325
0.041080
0.054302
0.040393
0.040850
0.040617
0.042152
0.040813
0.040703
0.042146
0.045827
0.041411
0.041770
0.040099
0.040298
0.040385
0.048220
0.040377
0.039908
0.041247
0.040273
0.042272
0.041356
0.049613
0.041961
0.050999
0.041581
0.042006
0.041456
0.042120
0.048243
0.041377
0.042964
0.041759
0.046795
0.040451
0.039975
0.042148
0.039818
0.040449
0.041540
0.040063
0.041219
0.041670
0.039969
0.041543
0.045315
0.040561
0.040320
0.041600
0.045567
0.041308
0.041404
0.040609
0.039929
0.041791
0.040671
0.041346
0.040481
0.041821
0.039871
0.039732
0.041250
0.041107
0.040158
0.041039
0.039425
0.042084
0.040496
0.040113
0.047323
0.039985
0.041544
0.040178
0.041487
0.040263
0.040523
0.043489
0.040561
0.040469
0.039738
0.041562
0.040172
0.039914
0.046738
0.039919
0.041900
0.040180
0.041671
0.040849
0.047242
0.041573
0.040159
0.041546
0.039975
0.040088
0.041151
0.040873
0.044229
0.040356
0.040149
0.042063
0.040618
0.040441
0.041188
0.040180
0.041721
0.040579
0.041827
0.040514
0.047361
0.044105
0.041752
0.054870
0.047769
0.041299
0.039626
0.038761
0.042148
0.039638
0.039195
0.039393
0.038944
0.039593
0.038810
0.043408
0.039132
0.040489
0.038169
0.041740
0.051726
0.045998
0.040283
0.040370
0.039696
0.041531
0.039824
0.040859
0.053451
0.041816
0.051324
0.040677
0.040931
0.042795
0.041764
0.037898
0.039380
0.039644
0.041137
0.040436
0.048742
0.040952
0.041872
0.040500
0.050120
0.043666
0.049331
0.041553
0.042650
0.044726
0.041549
0.040350
0.046599
0.051634
0.047937
0.046738
0.047662
0.047181
0.045868
0.048412
0.056353
0.046628
0.048370
0.046880
0.047421
0.046825
0.046257
0.048794
0.045464
0.045991
0.045947
0.045629
0.045717
0.048733
0.045967
0.044638
0.045198
0.044168
0.044696
0.044897
0.054479
0.044227
0.044679
0.044224
0.046985
0.042374
0.039857
0.049724
0.049432
0.042770
0.043699
0.042534
0.042539
0.051203
0.044084
0.048488
0.044011
0.049200
0.043238
0.043439
0.048919
0.042305
0.042322
0.042041
0.043742
0.042581
0.051483
0.042582
0.043755
0.041383
0.041920
0.043032
0.043501
0.042415
0.042810
0.054821
0.041869
0.054100
0.042185
0.042129
0.047758
0.042011
0.043448
0.041937
0.041619
0.042905
0.049955
0.043140
0.052207
0.041700
0.047024
0.042122
0.042651
0.042261
0.043013
0.044811
0.040284
0.049613
0.040421
0.054507
0.045522
0.040280
0.040374
0.040566
0.040822
0.039674
0.051896
0.040378
0.050091
0.039921
0.040891
0.040053
0.039293
0.040395
0.039861
0.040318
0.040395
0.040271
0.043462
0.040220
0.056263
0.039382
0.040369
0.040221
0.040400
0.039876
0.040862
0.046122
0.040703
0.039285
0.040326
0.040546
0.040972
0.039961
0.058678
0.074449
0.039663
0.040528
0.039692
0.044080
0.055078
0.041005
0.045027
0.044045
0.040948
0.040798
0.041981
0.040047
0.040876
0.056456
0.039351
0.052546
0.038379
0.039576
0.038755
0.039150
0.039662
0.038674
0.062431
0.038812
0.043985
0.040163
0.038302
0.039312
0.040312
0.065259
0.037924
0.038542
0.039008
0.042486
0.040223
0.039864
0.039995
0.040652
0.040398
0.039675
0.038795
0.039982
0.039311
0.047940
0.045143
0.039225
0.040491
0.039967
0.040237
0.040695
0.050556
0.040626
0.039541
0.040764
0.039376
0.040317
0.039420
0.039591
0.040006
0.040944
0.040121
0.040687
0.050447
0.039966
0.046719
0.039653
0.039592
0.040822
0.040048
0.049010
0.040013
0.039808
0.041146
0.040216
0.039428
0.040418
0.043759
0.040531
0.041113
0.041461
0.039443
0.041072
0.040150
0.040591
0.045326
0.040398
0.040571
0.040457
0.039574
0.040038
0.039119
0.040235
0.040924
0.039334
0.039218
0.040644
0.039604
0.039649
0.040285
0.039614
0.046270
0.038973
0.040069
0.039667
0.046332
0.039222
0.041262
0.041408
0.039714
0.040184
0.040494
0.040607
0.055145
0.040089
0.039392
0.041400
0.039192
0.040377
0.039695
0.044159
0.040016
0.039486
0.040712
0.038541
0.049642
0.038635
0.040061
0.039429
0.040605
0.039442
0.041347
0.039248
0.039577
0.040992
0.038616
0.039589
0.040012
0.039694
0.040065
0.038815
0.040862
0.039224
0.039064
0.040179
0.044109
0.039267
0.040459
0.040308
0.039535
0.038810
0.039425
0.039376
0.038999
0.043892
0.038898
0.041318
0.039851
0.039884
0.042300
0.039375
0.040159
0.039510
0.040080
0.039867
0.044922
0.038623
0.040022
0.039405
0.039957
0.039850
0.039683
0.040257
0.038713
0.039419
0.039066
0.049744
0.038936
0.039663
0.038952
0.040858
0.040281
0.039712
0.040258
0.039296
0.044936
0.039795
0.039897
0.044787
0.039943
0.040523
0.039857
0.040350
0.040434
0.039966
0.045015
0.040665
0.042797
0.043695
0.039924
0.041397
0.040509
0.053600
0.041593
0.040984
0.047317
0.042114
0.040036
0.045335
0.042323
0.042525
0.048758
0.043517
0.053233
0.042439
0.053088
0.041886
0.048196
0.044696
0.041457
0.041272
0.042886
0.042531
0.043256
0.051850
0.049350
0.042398
0.041981
0.039905
0.041399
0.040281
0.041275
0.040547
0.054157
0.041115
0.040686
0.041280
0.040759
0.042478
0.040244
0.040516
0.041434
0.041165
0.043340
0.040138
0.045797
0.041228
0.040709
0.041332
0.040162
0.044453
0.040898
0.042081
0.038924
0.044631
0.042495
0.040591
0.042007
0.042042
0.040715
0.042110
0.049070
0.042053
0.050137
0.042360
0.057612
0.041339
0.042165
0.041326
0.042990
0.041627
0.040897
0.049616
0.041731
0.059202
0.041080
0.051817
0.042708
0.052236
0.041667
0.043075
0.040127
0.041744
0.041843
0.040255
0.056822
0.037411
0.039491
0.040233
0.039147
0.038306
0.039879
0.054147
0.038543
0.039260
0.039138
0.039999
0.038525
0.038068
0.056046
0.038370
0.040098
0.039092
0.038478
0.039319
0.044332
0.040057
0.039721
0.039565
0.039857
0.040342
0.040226
0.040091
0.039766
0.039114
0.040189
0.039215
0.039111
0.039239
0.039502
0.042241
0.046453
0.040057
0.056617
0.041867
0.047211
0.041387
0.045012
0.131436
0.039968
0.054860
0.041919
0.050748
0.040640
0.052728
0.041409
0.041164
0.043210
0.040601
0.040630
0.040151
0.051711
0.041040
0.053490
0.040555
0.047467
0.041987
0.043262
0.040611
0.044419
0.040999
0.041060
0.053190
0.040947
0.042989
0.040684
0.045244
0.056455
0.071697
0.040566
0.060716
0.041594
0.054130
0.040623
0.049498
0.046979
0.058625
0.042014
0.048114
0.041456
0.040489
0.041487
0.043591
0.040388
0.041620
0.051793
0.040097
0.059044
0.044387
0.039689
0.041890
0.058656
0.040072
0.041360
0.040751
0.047279
0.053816
0.087720
0.041147
0.044797
0.042720
0.059663
0.041591
0.044041
0.044581
0.042101
0.049812
0.065587
0.041478
0.058763
0.042210
0.041557
0.044564
0.041744
0.041049
0.047446
0.048232
0.040786
0.050801
0.041225
0.055151
0.040007
0.056139
0.044355
0.041512
0.041573
0.040954
0.052909
0.081975
0.045538
0.050113
0.042350
0.056985
0.043842
0.053181
0.050534
0.047572
0.048678
0.049806
0.038912
0.039993
0.039736
0.040466
0.039891
0.046634
0.050438
0.040368
0.050275
0.039448
0.040604
0.039714
0.039793
0.039743
0.040925
0.055209
0.045220
0.040828
0.040747
0.040028
0.041556
0.040927
0.048405
0.038759
0.055576
0.040205
0.039479
0.040237
0.045631
0.039407
0.040785
0.045359
0.039104
0.039501
0.039947
0.039521
0.049414
0.039218
0.040045
0.039758
0.040069
0.040932
0.040448
0.048690
0.040366
0.040724
0.039596
0.040256
0.040177
0.040323
0.053800
0.039992
0.049654
0.039376
0.041445
0.040806
0.046126
0.040411
0.040793
0.053900
0.041331
0.047084
0.040509
0.053547
0.038356
0.038271
0.040378
0.043298
0.042771
0.042488
0.056545
0.041959
0.041910
0.047719
0.041495
0.040841
0.047525
0.040346
0.041185
0.054978
0.041309
0.041134
0.040598
0.041130
0.040578
0.041282
0.042960
0.040180
0.042166
0.041241
0.044255
0.040720
0.039729
0.043802
0.039405
0.040459
0.046476
0.040034
0.040729
0.038858
0.050083
0.039428
0.044891
0.041242
0.039779
0.039701
0.041985
0.048197
0.040618
0.051308
0.040111
0.040732
0.040380
0.042612
0.039833
0.040102
0.060319
0.039034
0.045254
0.039463
0.040357
0.040872
0.049324
0.041445
0.039625
0.049533
0.040601
0.054271
0.038701
0.039352
0.039586
0.039282
0.039406
0.039101
0.040056
0.043548
0.047307
0.041587
0.041339
0.044254
0.037944
0.049990
0.038678
0.040429
0.039633
0.041512
0.039345
0.040041
0.039227
0.039349
0.038795
0.043369
0.038226
0.040296
0.040221
0.039287
0.044252
0.039369
0.039035
0.040342
0.039687
0.040336
0.039269
0.043540
0.040156
0.039296
0.039603
0.040531
0.044022
0.039020
0.039239
0.038472
0.039225
0.040415
0.038642
0.039537
0.043762
0.039710
0.040082
0.041028
0.044557
0.039618
0.039881
0.039715
0.039204
0.042756
0.039279
0.040261
0.038714
0.040807
0.039243
0.039893
0.058234
0.039578
0.039104
0.039782
0.045110
0.039284
0.039247
0.043213
0.038323
0.039680
0.038708
0.039485
0.038970
0.039235
0.038822
0.039361
0.039410
0.045669
0.038305
0.044914
0.050998
0.066590
0.039149
0.039612
0.044547
0.039087
0.039716
0.039093
0.043921
0.040043
0.041072
0.040021
0.040514
0.040288
0.039034
0.040179
0.039675
0.040499
0.039719
0.039721
0.057824
0.043667
0.043760
0.039546
0.043941
0.039081
0.038983
0.039012
0.039411
0.042858
0.040457
0.038769
0.039529
0.039508
0.038571
0.039906
0.039713
0.038581
0.041430
0.046887
0.038434
0.040415
0.042500
0.039861
0.044296
0.041004
0.039014
0.039509
0.038627
0.039057
0.039513
0.047625
0.039823
0.042348
0.040711
0.039822
0.039528
0.039631
0.038874
0.039283
0.039500
0.040007
0.038095
0.039330
0.045197
0.038573
0.044087
0.038599
0.044800
0.037343
0.038197
0.038998
0.041134
0.039410
0.038320
0.039824
0.039340
0.037843
0.039238
0.038579
0.038244
0.039190
0.039072
0.039774
0.045821
0.039796
0.038911
0.039368
0.038421
0.038699
0.039145
0.037979
0.039013
0.039145
0.037977
0.038931
0.039083
0.039303
0.039061
0.038826
0.038133
0.038705
0.038920
0.043071
0.044413
0.039332
0.039009
0.038244
0.038792
0.039346
0.047183
0.038681
0.039849
0.038707
0.038306
0.040926
0.038728
0.037735
0.038888
0.039391
0.048302
0.038301
0.039548
0.039168
0.044132
0.039797
0.037929
0.057036
0.038283
0.038412
0.038862
0.038733
0.040365
0.037959
0.039578
0.038905
0.038195
0.038975
0.039360
0.039734
0.038060
0.039445
0.038292
0.039482
0.043864
0.038945
0.039414
0.038901
0.038796
0.041365
0.039551
0.038424
0.044224
0.039142
0.043280
0.038385
0.039710
0.039163
0.038370
0.047220
0.038119
0.039259
0.038215
0.039489
0.044229
0.039580
0.038850
0.043105
0.042604
0.039651
0.038223
0.039834
0.039040
0.038415
0.039264
0.039196
0.050085
0.037862
0.038562
0.039799
0.038607
0.039701
0.039311
0.041884
0.062331
0.053242
0.039626
0.038963
0.040922
0.039877
0.039849
0.039624
0.056376
0.039407
0.040274
0.039990
0.042168
0.041527
0.040391
0.049346
0.042991
0.040589
0.040129
0.040684
0.045492
0.040518
0.044497
0.039712
0.040752
0.041194
0.041704
0.040355
0.040398
0.049565
0.040413
0.051224
0.042238
0.040052
0.040776
0.040715
0.041769
0.041516
0.056517
0.042084
0.050943
0.041302
0.040314
0.041480
0.040031
0.040292
0.040184
0.052453
0.040575
0.040723
0.040223
0.040537
0.040031
0.043596
0.047007
0.042088
0.060870
0.042251
0.049654
0.041564
0.063616
0.041946
0.041942
0.042289
0.040922
0.040206
0.040651
0.041079
0.040194
0.055743
0.041056
0.046064
0.040128
0.039984
0.040767
0.039714
0.045615
0.039975
0.040420
0.039885
0.045303
0.041137
0.039730
0.048038
0.040875
0.039587
0.039907
0.040882
0.040441
0.039992
0.055179
0.041436
0.047228
0.040079
0.041530
0.040296
0.043697
0.039925
0.041032
0.048480
0.046523
0.040369
0.040952
0.042042
0.042392
0.039503
0.049395
0.040058
0.040679
0.039914
0.039443
0.040514
0.039602
0.051749
0.040483
0.039721
0.040967
0.041751
0.040828
0.039563
0.056237
0.039775
0.040051
0.039960
0.039947
0.040698
0.039784
0.047130
0.039897
0.041334
0.040824
0.041183
0.039874
0.040477
0.046075
0.039519
0.040264
0.040634
0.040169
0.043734
0.046993
0.049226
0.040631
0.147147
0.111592
0.104371
0.175716
0.116743
0.106130
0.045176
0.045065
0.045657
0.046893
0.046568
0.045936
0.045977
0.044609
0.044846
0.044782
0.045504
0.051412
0.048327
0.051161
0.137896
0.047847
0.047283
0.050136
0.046906
0.047538
0.046730
0.047304
0.047376
0.046377
0.047154
0.049813
0.047804
0.046734
0.045768
0.045745
0.046707
0.053325
0.047052
0.046406
0.046692
0.047208
0.046947
0.046513
0.046833
0.045326
0.046076
0.046258
0.046543
0.059986
0.087654
0.046398
0.046050
0.046275
0.045599
0.045779
0.045877
0.054860
0.046523
0.047154
0.047605
0.045915
0.046182
0.046621
0.046957
0.046712
0.051303
0.050038
0.049997
0.046747
0.068059
0.040837
0.041728
0.040681
0.042279
0.040085
0.044533
0.046557
0.046676
0.040720
0.040126
0.041292
0.040621
0.041203
0.040887
0.041332
0.056052
0.040882
0.051664
0.040872
0.040351
0.040866
0.040599
0.040969
0.040006
0.055462
0.041061
0.061422
0.040731
0.040435
0.041926
0.041223
0.041174
0.040708
0.042225
0.041264
0.051587
0.041318
0.042912
0.041113
0.041390
0.041219
0.041371
0.049524
0.041747
0.049068
0.041734
0.047734
0.040829
0.041079
0.041834
0.040928
0.045841
0.040395
0.046036
0.041538
0.041895
0.041806
0.040806
0.041534
0.040861
0.051936
0.041628
0.041607
0.040700
0.041412
0.040634
0.047073
0.044173
0.040486
0.056221
0.040910
0.039755
0.040251
0.040333
0.041192
0.040322
0.040492
0.042294
0.041423
0.041468
0.044257
0.044364
0.043013
0.050866
0.041165
0.058678
0.045939
0.041495
0.040628
0.043234
0.040247
0.040516
0.040528
0.045016
0.047751
0.042762
0.042495
0.040564
0.040415
0.045282
0.050629
0.043190
0.044436
0.047226
0.043480
0.055133
0.056166
0.042668
0.042302
0.046847
0.042288
0.041971
0.040333
0.041606
0.040726
0.043473
0.044739
0.040544
0.039785
0.040881
0.044356
0.038869
0.038067
0.039802
0.039410
0.038183
0.046237
0.040392
0.046345
0.038586
0.038696
0.039390
0.042722
0.041659
0.039813
0.047654
0.039899
0.038941
0.041173
0.038621
0.039100
0.037738
0.040710
0.038960
0.038421
0.039381
0.045025
0.039214
0.041406
0.038522
0.039700
0.038552
0.048881
0.038757
0.038532
0.043602
0.039143
0.043032
0.040488
0.037863
0.038870
0.042566
0.038584
0.039794
0.047524
0.038628
0.045805
0.038735
0.038852
0.039220
0.040107
0.038780
0.040247
0.039895
0.039344
0.039816
0.039705
0.038726
0.038721
0.040337
0.038970
0.039666
0.039123
0.040066
0.040319
0.039333
0.055767
0.043186
0.038861
0.045465
0.041231
0.039343
0.038381
0.040062
0.039386
0.042529
0.037856
0.039622
0.038754
0.038515
0.039432
0.040320
0.038232
0.039173
0.040660
0.039538
0.043847
0.054592
0.049585
0.040144
0.038606
0.045954
0.043800
0.039150
0.039973
0.040471
0.041136
0.039307
0.038734
0.039418
0.040108
0.038740
0.041364
0.038011
0.039595
0.043719
0.058938
0.050486
0.039236
0.041599
0.040473
0.039030
0.040026
0.039889
0.044869
0.068534
0.038450
0.038609
0.039291
0.038691
0.039721
0.040452
0.043490
0.040550
0.040458
0.048525
0.045609
0.040038
0.039689
0.041969
0.043886
0.046065
0.038938
0.040670
0.039880
0.041551
0.047984
0.042035
0.051879
0.040550
0.048471
0.045838
0.040342
0.043007
0.040002
0.040050
0.052998
0.045311
0.039284
0.040102
0.039481
0.039646
0.040400
0.042150
0.053480
0.041673
0.040101
0.042082
0.040823
0.048180
0.043845
0.042601
0.043938
0.046107
0.041349
0.054744
0.051212
0.047333
0.044640
0.045968
0.040739
0.046847
0.042221
0.044629
0.043552
0.042241
0.041589
0.041129
0.046131
0.038977
0.041857
0.046725
0.038341
0.038545
0.038467
0.038054
0.044040
0.037971
0.038380
0.039485
0.038701
0.038541
0.038584
0.043416
0.040653
0.040715
0.040995
0.040246
0.041167
0.040802
0.051671
0.041377
0.046216
0.040594
0.041176
0.040468
0.047360
0.041560
0.042229
0.053370
0.042468
0.046266
0.042011
0.040382
0.040808
0.041739
0.041825
0.041041
0.053635
0.038042
0.057264
0.038030
0.052718
0.037805
0.040876
0.039295
0.044004
0.038259
0.037612
0.038680
0.038058
0.038517
0.046376
0.037981
0.037306
0.039753
0.038544
0.041078
0.037817
0.041340
0.040785
0.042465
0.040515
0.040980
0.043863
0.045878
0.044354
0.040151
0.040761
0.041457
0.040448
0.050226
0.041334
0.051478
0.042383
0.057917
0.040928
0.040192
0.040867
0.040396
0.040634
0.040277
0.054688
0.040504
0.051128
0.040864
0.047399
0.040972
0.042899
0.042175
0.040211
0.045686
0.040914
0.053153
0.041486
0.040790
0.041873
0.040178
0.039979
0.040707
0.054874
0.040997
0.039633
0.040078
0.042169
0.042118
0.046977
0.042181
0.040270
0.040786
0.042114
0.044917
0.050615
0.070660
0.042581
0.069245
0.040855
0.046167
0.041434
0.054067
0.042322
0.039558
0.044360
0.040447
0.041146
0.041336
0.052895
0.043655
0.039866
0.040466
0.042791
0.042380
0.041938
0.050834
