2.385197
0.041901
0.040657
0.041263
0.047755
0.040118
0.049940
0.055017
0.039600
0.039031
0.042043
0.091475
0.038896
0.043335
0.041414
0.039034
0.038139
0.038910
0.039610
0.040327
0.044446
0.039559
0.040480
0.038887
0.056134
0.039800
0.044676
0.039298
0.054045
0.081828
0.091261
0.044684
0.047139
0.044354
0.047502
0.043563
0.043872
0.044988
0.043337
0.046190
0.051297
0.042982
0.043730
0.044680
0.043302
0.044018
0.045884
0.043803
0.044585
0.045024
0.044310
0.042601
0.047043
0.044475
0.046316
0.043758
0.045284
0.044658
0.043702
0.068185
0.049761
0.048206
0.047875
0.042348
0.043910
0.043087
0.043149
0.045686
0.044211
0.044137
0.043483
0.043374
0.059027
0.046794
0.075859
0.043161
0.043279
0.043420
0.048518
0.042492
0.049545
0.045406
0.043155
0.042987
0.043771
0.044407
0.042025
0.043571
0.042983
0.044207
0.056479
0.044306
0.045079
0.045783
0.044281
0.043440
0.043527
0.043737
0.045148
0.046092
0.053412
0.043537
0.042892
0.043508
0.046563
0.043533
0.047293
0.080813
0.043200
0.043094
0.040397
0.043100
0.043848
0.040895
0.039896
0.041416
0.044042
0.040358
0.041049
0.040297
0.047580
0.041664
0.042137
0.042225
0.041982
0.040694
0.043830
0.041451
0.046961
0.041516
0.046208
0.041639
0.041406
0.040842
0.041776
0.041144
0.041132
0.042583
0.040890
0.041155
0.046925
0.043925
0.042479
0.040699
0.042617
0.041824
0.042647
0.041895
0.042396
0.042906
0.041682
0.042124
0.043391
0.044118
0.041536
0.042310
0.051848
0.041755
0.042051
0.044428
0.046314
0.038932
0.041909
0.039736
0.040419
0.041190
0.042301
0.044452
0.041239
0.044335
0.043351
0.043242
0.042365
0.043755
0.044196
0.042886
0.042559
0.042740
0.042890
0.042070
0.046140
0.042262
0.042439
0.042126
0.041053
0.046018
0.047181
0.042466
0.044160
0.044841
0.044599
0.044342
0.043754
0.041322
0.042356
0.042708
0.045787
0.042029
0.042651
0.042675
0.048632
0.041276
0.045440
0.041819
0.043713
0.043359
0.042078
0.041082
0.048462
0.042969
0.044953
0.039330
0.047034
0.041399
0.039777
0.040585
0.041684
0.041108
0.040157
0.039981
0.047106
0.039212
0.039277
0.039633
0.040804
0.039393
0.039372
0.048761
0.039299
0.039596
0.039393
0.040015
0.039963
0.040526
0.039137
0.039635
0.039693
0.040003
0.039794
0.039801
0.056588
0.039013
0.040277
0.039651
0.039979
0.039756
0.039439
0.039577
0.039727
0.040290
0.041843
0.039476
0.039182
0.043321
0.038254
0.039342
0.040013
0.039650
0.039328
0.039406
0.044641
0.039614
0.045033
0.091827
0.046600
0.040751
0.039645
0.042833
0.042852
0.043334
0.042501
0.042556
0.041275
0.041716
0.041519
0.042454
0.042490
0.041588
0.042453
0.042686
0.048373
0.042893
0.048464
0.041441
0.045852
0.054184
0.042754
0.047143
0.042518
0.044188
0.042636
0.043447
0.042054
0.041374
0.041957
0.041425
0.041973
0.042797
0.042915
0.043092
0.051414
0.040131
0.041752
0.042302
0.045748
0.041745
0.050334
0.041296
0.041541
0.041895
0.042613
0.042801
0.041308
0.041923
0.041668
0.043026
0.043197
0.043014
0.043133
0.043161
0.049959
0.040045
0.040175
0.040927
0.044514
0.042564
0.042566
0.042414
0.042783
0.042680
0.042567
0.042719
0.042888
0.046270
0.041146
0.042103
0.043672
0.042998
0.043197
0.043145
0.048190
0.042541
0.042439
0.042204
0.043282
0.042948
0.053575
0.040793
0.040750
0.041815
0.041178
0.041646
0.041554
0.041660
0.041857
0.041716
0.041365
0.041089
0.041476
0.042476
0.050105
0.040512
0.040551
0.041237
0.041481
0.041050
0.043214
0.041402
0.042528
0.041999
0.042573
0.041594
0.041705
0.041682
0.041399
0.040430
0.042414
0.041438
0.040786
0.048898
0.047340
0.040264
0.040642
0.051245
0.044034
0.041229
0.040925
0.041523
0.042143
0.042249
0.041491
0.041115
0.041901
0.042166
0.040658
0.041310
0.041955
0.040296
0.041013
0.041256
0.051201
0.040427
0.041606
0.041435
0.041424
0.041271
0.043009
0.039996
0.042794
0.040810
0.041530
0.041770
0.041421
0.040610
0.041598
0.045164
0.041674
0.045946
0.040559
0.041525
0.047312
0.042312
0.041667
0.041889
0.041783
0.042250
0.043704
0.042533
0.040614
0.043030
0.042057
0.041796
0.042124
0.040824
0.041121
0.041914
0.042214
0.042112
0.041963
0.040686
0.048101
0.042246
0.046496
0.041103
0.041131
0.041828
0.041885
0.040574
0.041214
0.042674
0.041739
0.041131
0.041261
0.041597
0.043001
0.042089
0.042152
0.041208
0.041834
0.047196
0.047204
0.041087
0.041398
0.050926
0.041739
0.040890
0.040844
0.041608
0.042444
0.041623
0.041114
0.041326
0.041373
0.041661
0.042048
0.042906
0.042089
0.041897
0.042088
0.041995
0.050978
0.041550
0.041061
0.041286
0.045472
0.041236
0.044765
0.041675
0.040635
0.043577
0.040327
0.040481
0.043185
0.040372
0.041428
0.041475
0.041110
0.040767
0.041520
0.017144
0.016014
0.069132
0.016266
0.015801
0.054736
0.016305
0.015705
0.055111
0.016181
0.066545
0.016079
0.016003
0.059741
0.016162
0.015868
0.017818
0.015996
0.064822
0.016442
0.016274
0.056652
0.016565
0.072865
0.020461
0.068096
0.017541
0.070483
0.017817
0.061788
0.017223
0.016942
0.061353
0.017592
0.074681
0.016474
0.016316
0.056327
0.016093
0.070490
0.015802
0.015603
0.054601
0.015889
0.015668
0.018299
0.015864
0.066693
0.015867
0.015784
0.055437
0.015889
0.059882
0.016621
0.015935
0.066827
0.015855
0.015594
0.055235
0.015792
0.059971
0.016970
0.015558
0.062988
0.015842
0.040283
0.052676
0.042692
0.050205
0.041737
0.044220
0.040881
0.046778
0.041293
0.046373
0.040416
0.041679
0.042951
0.042017
0.042057
0.051286
0.049480
0.041868
0.042172
0.042727
0.042390
0.042792
0.042545
0.049308
0.042580
0.055388
0.044620
0.043326
0.043424
0.041830
0.042797
0.042810
0.041886
0.048542
0.042426
0.042098
0.048196
0.043678
0.041115
0.043706
0.042661
0.039892
0.040850
0.040893
0.042769
0.067288
0.043085
0.043093
0.043052
0.052602
0.042820
0.043040
0.044124
0.043394
0.042871
0.040896
0.051838
0.042848
0.043205
0.041757
0.042420
0.042500
0.043468
0.047905
0.042366
0.047852
0.044048
0.043640
0.044376
0.042881
0.044318
0.060883
0.043190
0.042928
0.042872
0.042627
0.049703
0.042971
0.043783
0.047728
0.044121
0.041230
0.044119
0.044253
0.040156
0.046124
0.064450
0.048334
0.047736
0.048548
0.045838
0.043818
0.043312
0.042542
0.042293
0.042994
0.073339
0.042967
0.042712
0.043602
0.043166
0.043939
0.054465
0.042997
0.044474
0.043492
0.048142
0.043571
0.047405
0.044361
0.045465
0.042802
0.046456
0.044104
0.044087
0.043074
0.051993
0.043495
0.043850
0.042676
0.042480
0.043826
0.043701
0.043539
0.043074
0.040810
0.047808
0.042673
0.048235
0.042903
0.047343
0.043233
0.046559
0.042474
0.043409
0.042742
0.052443
0.041866
0.045142
0.042832
0.043010
0.040511
0.048054
0.042709
0.046676
0.043308
0.050586
0.043178
0.043096
0.043047
0.046202
0.042669
0.044648
0.042608
0.048807
0.042043
0.047746
0.038648
0.041548
0.042462
0.042633
0.042161
0.042153
0.039897
0.040005
0.042660
0.068544
0.040257
0.043464
0.042362
0.039868
0.039434
0.041101
0.040401
0.043353
0.040459
0.045673
0.040289
0.039088
0.042845
0.041997
0.042959
0.039780
0.039289
0.039079
0.039756
0.041407
0.039993
0.046453
0.041184
0.040696
0.040592
0.040691
0.040937
0.043634
0.042774
0.050334
0.041028
0.045821
0.040635
0.044621
0.039423
0.041017
0.041085
0.039836
0.039904
0.016352
0.025059
0.039496
0.054997
0.016082
0.016107
0.049681
0.016734
0.015760
0.056246
0.047043
0.060744
0.041016
0.040061
0.040297
0.041594
0.039897
0.040269
0.040511
0.041058
0.039966
0.039637
0.039943
0.040051
0.053225
0.042194
0.039793
0.015754
0.040441
0.040539
0.046496
0.039047
0.040890
0.044703
0.039574
0.040053
0.040616
0.040904
0.041065
0.040868
0.039556
0.039633
0.041770
0.039988
0.040603
0.040159
0.048711
0.040092
0.040639
0.040223
0.046323
0.040485
0.039904
0.039876
0.040088
0.040559
0.041445
0.041177
0.040815
0.039540
0.039671
0.039537
0.040390
0.039753
0.040982
0.040116
0.040125
0.040573
0.038856
0.039875
0.046430
0.039507
0.040086
0.040501
0.039867
0.039562
0.040171
0.039793
0.039790
0.039138
0.039729
0.039850
0.043117
0.049129
0.039420
0.039607
0.040321
0.040070
0.044136
0.046678
0.045290
0.040368
0.016096
0.015642
0.015667
0.017222
0.015787
0.066586
0.016879
0.060183
0.016580
0.043075
0.062250
0.040468
0.044959
0.041465
0.047107
0.040794
0.040327
0.040563
0.045922
0.040821
0.040591
0.041039
0.039785
0.040219
0.040260
0.040693
0.040677
0.040448
0.040390
0.060157
0.092789
0.068119
0.044347
0.039119
0.040004
0.041498
0.040912
0.040019
0.045767
0.040613
0.040456
0.040366
0.043602
0.039344
0.040752
0.040325
0.040731
0.040639
0.040939
0.040629
0.041145
0.040478
0.039928
0.040613
0.040514
0.147654
0.041350
0.042063
0.047019
0.041138
0.042446
0.042000
0.042200
0.042330
0.042155
0.041490
0.041911
0.041451
0.041973
0.042199
0.041641
0.042093
0.041528
0.040906
0.041483
0.041795
0.041705
0.042141
0.049445
0.040457
0.041998
0.042176
0.058360
0.040899
0.043602
0.040839
0.041513
0.041425
0.041164
0.041110
0.041367
0.041188
0.041588
0.041735
0.041599
0.041546
0.041228
0.042380
0.046075
0.041056
0.041121
0.041250
0.041499
0.041070
0.041301
0.040572
0.040679
0.041054
0.040315
0.040348
0.039263
0.040839
0.040210
0.041061
0.040693
0.040302
0.040271
0.041132
0.045725
0.039819
0.041424
0.040195
0.041238
0.040899
0.040582
0.040293
0.040363
0.041103
0.040792
0.042388
0.040101
0.039384
0.040630
0.040619
0.041203
0.040739
0.040673
0.040977
0.050025
0.040459
0.040093
0.040800
0.040124
0.040939
0.039445
0.040821
0.041197
0.042054
0.040496
0.040613
0.040606
0.040519
0.039960
0.041173
0.040686
0.039648
0.040165
0.040379
0.045722
0.040777
0.040380
0.044267
0.040236
0.041309
0.040969
0.041069
0.039942
0.040960
0.041164
0.041024
0.041407
0.041566
0.041964
0.042534
0.041376
0.041333
0.040511
0.040674
0.046748
0.040953
0.042123
0.041625
0.040053
0.040937
0.045228
0.043033
0.042045
0.039863
0.039786
0.039929
0.039953
0.041788
0.040471
0.041285
0.040760
0.040607
0.040169
0.040485
0.045905
0.040548
0.039129
0.042884
0.040951
0.040111
0.040907
0.039689
0.040186
0.040065
0.041323
0.040488
0.039720
0.040188
0.040506
0.039518
0.042608
0.040550
0.041058
0.040261
0.046709
0.039545
0.047029
0.049691
0.048098
0.041280
0.041003
0.041155
0.040905
0.040855
0.040651
0.040840
0.039762
0.040821
0.041041
0.041110
0.041313
0.042377
0.041466
0.041279
0.046989
0.040831
0.040965
0.044553
0.040033
0.040969
0.040412
0.041529
0.040918
0.040467
0.042234
0.065166
0.041648
0.039879
0.039964
0.039967
0.039084
0.039553
0.039391
0.039138
0.045483
0.041373
0.040028
0.040713
0.039752
0.041333
0.045712
0.041409
0.041643
0.040447
0.039688
0.040071
0.040028
0.040994
0.039497
0.040693
0.041598
0.039368
0.039675
0.039910
0.046263
0.039367
0.040375
0.040298
0.040070
0.039728
0.040015
0.040304
0.040863
0.039982
0.040308
0.039351
0.040291
0.040346
0.045362
0.038275
0.047022
0.040351
0.040444
0.040269
0.045603
0.039701
0.043175
0.039842
0.039666
0.040338
0.040194
0.040072
0.039264
0.039380
0.039350
0.045431
0.038555
0.039671
0.039462
0.039330
0.039644
0.039185
0.039691
0.039800
0.045421
0.039751
0.039986
0.040110
0.039707
0.040002
0.040016
0.041060
0.040099
0.040625
0.039973
0.040381
0.040063
0.041342
0.040180
0.041572
0.041532
0.044500
0.040343
0.040759
0.045369
0.040599
0.040585
0.040646
0.040390
0.040318
0.040308
0.041235
0.040925
0.040792
0.040269
0.040175
0.042393
0.040055
0.044025
0.040773
0.040022
0.040670
0.040703
0.039979
0.045997
0.041303
0.039641
0.040104
0.040178
0.040072
0.040539
0.043638
0.040744
0.040761
0.039632
0.039363
0.039363
0.039342
0.040586
0.041050
0.041670
0.040005
0.039093
0.039800
0.045025
0.039859
0.040147
0.040761
0.040295
0.039841
0.039673
0.039687
0.049774
0.041674
0.039988
0.039613
0.039979
0.040593
0.039770
0.040710
0.040067
0.042890
0.039690
0.039693
0.045867
0.039713
0.039387
0.040045
0.041721
0.041821
0.043497
0.043797
0.045820
0.040944
0.040976
0.040366
0.040326
0.040795
0.040231
0.039743
0.044537
0.039023
0.040352
0.040735
0.045945
0.040445
0.040316
0.040933
0.041295
0.039284
0.039414
0.040345
0.040705
0.040846
0.042117
0.042709
0.040124
0.039268
0.038839
0.040376
0.039942
0.039674
0.039414
0.039179
0.046030
0.040484
0.043731
0.040688
0.040318
0.040949
0.040533
0.039427
0.039997
0.039925
0.040405
0.040429
0.039550
0.039719
0.039921
0.040616
0.039748
0.038949
0.038444
0.039529
0.044672
0.038949
0.041397
0.039739
0.040104
0.039430
0.039640
0.039916
0.044041
0.039188
0.039311
0.039188
0.039999
0.040784
0.040461
0.040226
0.040138
0.039650
0.040326
0.039742
0.045249
0.040017
0.040281
0.039999
0.039857
0.039643
0.039384
0.040100
0.039370
0.039680
0.039880
0.040114
0.045584
0.039089
0.040325
0.040310
0.039333
0.039598
0.039918
0.040326
0.044945
0.039164
0.038704
0.039893
0.039580
0.040458
0.041749
0.039188
0.038705
0.039118
0.040555
0.040018
0.039423
0.039338
0.040780
0.040016
0.039519
0.039741
0.039658
0.039775
0.045895
0.039116
0.041329
0.039732
0.041905
0.043378
0.044057
0.041212
0.041339
0.041022
0.041062
0.043797
0.039157
0.041449
0.042134
0.043942
0.040516
0.041610
0.041565
0.041305
0.047304
0.040711
0.041815
0.042370
0.040885
0.042876
0.042332
0.041884
0.041875
0.041989
0.041220
0.041603
0.041880
0.048454
0.039958
0.039725
0.043084
0.040165
0.040143
0.041271
0.044874
0.039736
0.040138
0.041036
0.040252
0.041347
0.041126
0.042384
0.039999
0.039553
0.040382
0.043234
0.040936
0.040886
0.041157
0.040782
0.040603
0.041084
0.040477
0.039948
0.045401
0.040380
0.041359
0.040761
0.042247
0.040904
0.041729
0.040790
0.041720
0.041742
0.044589
0.039580
0.049103
0.038789
0.040989
0.040313
0.040606
0.041286
0.038825
0.016647
0.045253
0.043167
0.040960
0.040927
0.040621
0.044315
0.040947
0.044898
0.041525
0.041244
0.041398
0.040879
0.042304
0.040976
0.045085
0.045230
0.040222
0.039982
