27	99	617	402
19	109	625	410
20	117	643	384
9	111	652	395
15	95	638	413
15	98	640	411
13	108	631	405
22	83	625	414
13	101	633	410
19	103	636	408
16	113	644	391
9	95	640	406
11	119	637	396
6	94	641	408
9	88	626	418
6	83	642	435
-2	70	651	438
11	88	630	422
7	91	640	423
8	87	630	426
7	91	625	412
12	92	616	415
9	88	625	419
10	86	634	421
17	102	620	412
12	101	617	402
13	81	621	422
14	89	626	416
16	99	611	417
4	89	647	418
13	111	634	392
13	99	633	401
10	98	655	406
19	100	631	408
11	97	638	419
23	95	619	409
25	86	616	414
21	91	627	410
27	95	613	420
21	82	623	428
28	98	617	414
39	88	606	417
21	96	635	405
24	89	636	422
21	90	616	415
12	90	662	411
20	90	615	418
17	75	631	433
24	92	608	421
24	77	628	425
23	81	626	439
18	69	641	447
13	90	649	411
14	77	659	431
27	83	623	429
28	73	624	448
10	79	629	427
22	50	612	457
14	64	640	448
25	50	613	465
23	65	603	453
23	38	604	486
25	61	619	454
26	59	605	463
23	48	602	462
28	37	596	478
19	42	614	462
12	30	617	473
20	31	606	478
14	25	600	484
17	23	596	463
16	25	596	452
22	33	600	449
9	38	622	450
16	44	592	432
14	20	607	459
11	20	614	452
18	29	610	457
10	18	584	462
32	15	573	460
20	23	585	452
9	40	605	435
13	24	609	459
11	26	610	452
11	16	606	459
15	18	589	467
11	9	578	455
4	19	604	441
4	32	625	437
2	40	603	430
2	27	587	443
3	33	607	437
0	20	611	458
-4	34	602	435
-5	39	629	430
8	41	606	435
1	37	613	457
1	52	598	430
-1	45	622	437
-2	44	603	436
-4	32	623	466
-1	31	610	441
-8	32	617	444
4	41	607	428
3	33	602	446
3	25	609	442
3	40	646	426
-8	44	661	430
-3	34	638	424
-4	47	678	423
-10	23	694	444
-7	27	716	447
3	21	715	432
-4	8	744	463
-12	4	776	463
-3	9	679	463
0	36	647	419
1	25	597	439
5	26	578	432
2	40	606	440
6	40	605	437
-2	38	622	435
0	50	640	417
7	50	609	431
1	47	646	447
3	38	668	455
2	27	673	470
3	42	672	455
7	35	651	445
8	47	656	447
18	69	646	433
8	51	653	440
9	43	661	460
9	36	654	482
14	27	639	465
25	53	633	457
11	44	645	461
20	49	652	464
17	59	653	442
17	67	646	444
30	62	630	435
27	63	646	424
22	81	661	409
19	81	663	406
12	75	667	411
26	91	669	400
18	87	672	393
32	90	648	400
24	87	659	405
31	74	657	417
30	76	661	422
16	74	682	419
39	94	652	408
30	96	665	395
37	86	664	422
39	102	660	408
46	86	702	416
63	90	686	404
68	94	685	408
60	74	683	421
63	71	731	411
63	81	709	433
45	88	759	412
55	87	759	426
65	102	717	390
66	138	722	368
60	137	742	350
41	126	764	382
64	124	725	369
43	132	771	349
63	121	728	385
52	100	720	381
55	101	750	387
41	86	765	396
44	78	730	407
53	74	734	422
35	88	743	390
42	69	770	417
39	101	807	385
53	100	798	373
45	78	836	408
35	78	867	405
38	51	873	441
48	70	832	408
53	58	802	438
45	59	897	419
45	61	895	420
49	75	842	416
44	89	857	393
40	81	847	389
57	77	821	397
55	57	787	409
46	82	777	397
70	71	767	409
48	88	760	386
66	77	742	404
83	56	694	421
93	67	675	416
102	70	658	414
71	83	705	388
101	84	660	401
86	76	670	396
110	86	657	415
90	90	669	383
116	129	636	365
145	127	591	343
124	123	602	355
137	135	581	332
133	143	588	347
129	133	600	337
149	157	564	315
147	142	550	325
150	165	553	309
142	148	573	324
151	146	555	317
152	156	551	314
166	155	532	311
167	150	525	304
166	162	527	319
174	149	536	303
154	178	544	295
176	150	556	315
159	164	600	306
167	159	577	307
157	173	688	289
157	176	696	291
149	174	706	292
148	182	716	280
148	191	745	273
156	187	634	266
140	170	629	281
146	165	591	290
152	168	609	288
150	167	607	287
140	156	594	307
137	150	605	310
124	147	604	306
124	135	583	304
134	147	569	314
118	128	611	315
121	137	590	311
98	152	602	291
98	151	585	296
112	150	567	295
102	156	591	292
100	162	602	282
99	157	599	284
109	150	605	292
75	155	651	284
78	147	641	286
88	147	621	284
88	151	638	284
94	125	652	317
89	135	686	310
87	137	629	308
100	148	616	287
99	134	606	303
103	133	594	300
110	132	603	300
98	111	614	323
103	102	597	311
98	110	625	315
94	109	625	315
103	131	616	300
109	144	599	290
126	142	567	287
123	155	584	282
125	155	560	280
117	156	602	280
102	159	640	281
100	157	637	278
97	160	616	281
106	162	599	279
96	168	610	276
99	165	615	275
100	160	607	284
111	162	598	293
126	159	583	291
120	171	587	273
119	165	581	283
106	172	622	279
121	173	588	278
124	172	587	275
123	173	597	279
119	180	614	277
126	173	603	286
124	188	622	273
126	190	621	271
111	193	643	266
111	192	629	264
107	183	641	282
120	170	620	278
117	194	629	259
111	189	629	266
123	187	605	268
121	182	604	268
115	180	604	264
120	182	599	265
109	179	609	269
109	179	602	269
93	176	615	270
87	173	622	271
95	174	609	276
101	178	592	267
86	162	602	283
84	181	608	266
88	173	599	268
76	166	606	275
77	179	605	258
85	170	589	276
78	163	592	277
77	166	592	271
76	165	593	274
80	167	587	267
68	171	598	261
73	168	587	261
63	168	598	259
61	161	592	269
59	164	603	269
60	168	603	256
55	149	605	280
42	157	632	275
56	163	602	266
43	165	626	269
43	168	619	260
44	157	616	271
48	157	620	266
41	160	624	274
38	151	648	282
34	151	639	282
40	158	662	277
39	153	670	287
40	160	659	280
50	161	666	273
56	167	660	272
47	164	727	280
55	157	662	285
58	156	666	281
61	161	637	281
77	170	631	265
83	165	627	280
80	146	601	300
85	167	595	277
73	168	634	273
76	164	651	276
71	165	675	279
71	159	642	284
71	157	663	291
66	155	634	285
63	158	624	276
57	158	640	270
51	151	633	287
60	158	621	285
58	165	612	277
66	152	600	276
63	156	615	287
62	152	596	283
79	149	590	286
63	156	599	289
64	144	608	305
57	153	612	290
72	164	599	286
80	163	594	276
70	175	609	271
90	166	584	273
65	178	619	271
83	173	603	268
92	182	587	269
82	184	600	260
88	181	588	260
84	173	592	267
75	192	614	258
83	189	593	252
90	195	589	255
100	191	585	251
87	185	592	265
76	188	613	260
64	177	630	271
72	169	633	284
76	179	594	273
73	175	612	279
85	176	596	272
69	183	616	265
77	190	607	258
84	190	601	254
90	182	598	261
86	188	600	264
88	186	597	259
89	182	593	261
77	193	609	256
70	191	618	261
85	187	608	261
92	176	595	269
79	184	601	267
79	189	606	265
80	183	604	263
75	184	607	270
81	191	606	261
85	185	600	264
93	196	595	242
81	196	602	255
83	192	603	260
78	182	609	266
73	189	606	265
71	196	610	256
72	189	610	262
76	185	608	267
73	189	616	265
72	193	620	260
68	176	618	277
63	173	625	277
63	181	615	271
47	179	643	276
56	187	638	268
66	191	630	255
64	181	647	280
72	184	649	267
61	181	686	273
70	168	666	290
63	164	694	295
76	183	650	269
105	190	623	265
83	178	656	276
84	171	640	287
86	166	634	288
78	166	651	285
84	165	613	291
85	163	631	292
88	166	636	299
85	178	609	280
85	172	628	285
78	176	632	275
79	165	625	298
58	162	659	311
66	180	636	287
82	183	615	280
80	184	615	280
84	184	607	277
71	189	627	274
76	176	606	285
67	184	619	273
79	184	590	273
84	185	605	276
89	185	590	274
78	182	615	275
83	180	612	274
76	179	623	285
88	182	607	276
92	178	598	280
90	180	604	277
87	190	620	266
94	193	609	262
97	185	610	267
94	200	602	258
90	191	603	265
95	190	603	261
98	196	607	257
94	204	594	248
98	177	589	280
89	189	609	268
109	196	589	256
98	200	599	257
100	197	594	250
109	202	585	255
96	192	599	260
90	200	602	259
103	198	586	257
100	197	603	256
96	191	594	261
88	196	605	262
92	194	601	259
82	201	611	256
83	195	607	260
94	197	602	261
86	201	603	258
88	207	600	259
79	217	619	243
87	206	604	253
94	192	598	263
95	193	613	257
63	188	642	270
82	189	615	268
80	187	616	270
63	185	638	272
62	179	629	280
63	183	629	274
58	186	641	273
66	177	644	288
50	180	665	277
56	179	668	288
52	185	704	278
61	186	673	274
78	192	649	273
84	195	651	267
70	190	671	268
63	180	664	285
86	194	645	269
80	177	661	287
71	173	690	293
73	182	658	275
75	166	717	295
70	166	729	307
71	158	778	322
71	158	764	327
60	168	786	311
66	163	767	320
67	160	747	319
84	164	690	307
72	178	719	296
77	174	655	295
69	186	646	287
73	188	666	279
78	182	629	282
86	197	638	269
78	189	630	276
83	189	618	276
88	192	610	273
80	194	624	272
75	190	644	289
78	192	625	283
88	195	614	277
83	195	624	272
86	197	622	280
86	211	620	259
98	197	597	269
93	196	611	277
89	200	622	268
86	208	625	259
88	208	616	264
98	205	610	264
108	209	592	262
96	204	612	268
87	214	616	254
103	202	592	260
100	204	595	263
95	213	617	251
94	216	619	259
95	204	610	262
96	208	601	255
105	201	598	262
104	208	598	260
104	209	604	261
100	216	602	251
105	211	590	257
103	213	598	250
108	215	598	255
109	204	581	261
104	204	598	264
96	211	620	263
100	215	609	255
99	204	609	272
92	207	619	261
100	195	601	279
99	199	613	272
97	199	612	272
100	202	613	267
107	208	599	256
108	213	588	253
103	196	578	263
91	189	617	277
94	196	619	262
99	196	616	268
94	191	629	280
96	190	601	281
88	196	642	269
96	196	639	273
93	194	656	275
92	190	667	280
96	207	638	264
115	194	614	274
117	189	615	277
107	188	635	278
106	180	621	288
108	187	649	283
108	191	668	283
111	193	689	280
105	185	712	289
80	179	747	304
96	183	688	293
88	192	666	293
99	180	623	290
94	185	632	291
88	193	648	287
77	197	650	288
105	200	606	274
103	200	607	275
93	199	615	274
104	188	608	290
92	192	617	277
88	197	621	291
93	187	594	290
88	191	612	291
101	202	596	277
103	199	601	272
95	199	609	279
97	199	619	280
115	197	586	277
103	202	598	270
103	203	611	278
102	204	606	272
96	200	615	288
114	215	585	267
98	215	609	262
105	220	607	263
106	217	612	262
110	221	591	257
110	218	594	260
93	216	612	265
104	219	597	261
98	217	614	261
102	216	602	263
104	222	612	254
105	233	610	249
100	223	613	257
105	223	602	255
110	227	595	254
105	226	605	257
99	230	610	253
98	228	595	253
109	228	585	252
104	221	596	264
106	224	603	257
108	227	592	251
93	223	607	255
92	218	612	264
112	231	582	251
98	222	603	262
107	222	598	258
99	231	603	246
96	234	595	249
106	226	591	252
104	226	594	251
111	225	586	250
106	233	586	248
107	226	587	257
98	227	599	259
104	230	607	249
115	227	589	251
114	226	593	251
112	224	595	251
108	229	594	251
111	237	585	248
110	217	592	264
110	228	591	248
102	227	591	254
107	219	597	266
107	224	602	259
109	226	603	259
111	225	588	255
109	217	594	262
89	225	620	254
113	226	599	247
103	221	600	257
112	217	595	259
112	223	602	249
114	224	589	249
121	220	581	254
110	221	593	251
106	211	600	259
112	225	598	248
120	226	581	254
111	222	586	250
116	221	580	251
108	217	595	251
106	223	599	259
104	218	608	258
103	221	601	250
107	216	601	255
108	224	592	246
98	215	604	257
95	212	610	259
100	212	610	256
99	200	610	270
94	214	625	253
97	204	625	263
104	197	618	265
100	192	632	264
107	205	634	264
113	200	591	274
123	213	613	257
127	204	633	264
123	202	619	267
131	199	663	268
135	214	719	257
121	207	749	264
126	219	757	240
136	217	760	247
125	217	799	245
142	215	832	253
126	202	891	259
136	206	893	266
142	207	889	274
143	211	907	247
171	222	869	238
200	199	835	266
222	195	837	266
230	189	977	278
247	146	981	321
306	126	884	340
347	112	835	344
385	86	788	374
389	111	781	345
378	128	808	351
369	109	801	350
432	156	731	304
423	145	733	320
459	155	695	308
406	170	690	290
459	162	659	305
481	158	684	302
324	150	732	319
288	125	804	340
273	75	848	397
231	94	914	385
230	75	916	406
209	79	975	415
231	73	947	407
195	99	997	393
179	88	1023	398
218	86	995	400
144	115	1034	384
193	77	1035	419
196	100	1044	391
170	124	1070	376
163	134	1074	386
147	51	1078	455
179	71	1056	440
311	64	910	442
240	117	950	389
184	179	1002	325
222	137	988	365
341	127	852	381
492	137	770	380
525	223	739	313
424	214	777	361
263	196	811	366
255	198	836	369
220	215	935	353
177	231	972	337
169	210	1027	356
162	196	1053	390
117	190	1139	459
145	189	1181	410
224	211	1083	404
284	186	1002	436
403	157	895	492
231	132	1025	522
270	95	1004	592
375	87	927	617
225	48	1001	655
375	74	899	614
212	63	1002	641
332	48	909	671
344	97	875	595
404	105	766	646
426	119	727	613
407	149	677	591
390	60	686	550
412	107	616	415
443	136	492	375
463	157	388	375
475	155	362	389
473	154	365	397
451	127	391	434
433	118	405	417
410	93	436	457
396	83	443	467
379	71	452	484
351	49	468	494
327	47	481	472
324	40	467	481
364	6	565	557
339	5	561	583
333	-15	582	517
340	2	591	509
338	5	587	521
285	-3	616	480
263	-19	660	492
220	-26	718	554
129	-29	800	579
134	-41	790	580
75	-30	764	649
29	8	768	722
15	-10	739	719
37	-22	697	698
39	-5	704	623
11	-20	702	564
3	-13	743	557
-4	0	702	579
18	-12	659	548
21	-6	640	557
10	-3	630	551
0	-7	640	533
-13	4	625	538
-21	3	642	550
-1	2	616	584
-3	25	621	545
-7	29	636	554
-1	34	650	537
-5	24	661	576
-3	17	668	604
20	23	640	563
-1	22	686	549
8	9	703	575
15	4	688	541
32	17	665	558
14	13	709	541
0	1	732	539
-1	-10	723	549
-8	-2	756	537
14	0	687	545
-95	6	705	550
-17	-14	731	536
-81	-4	651	590
-6	-14	610	576
6	-8	574	602
13	1	539	573
12	-3	527	571
7	-8	493	603
1	-7	527	577
0	-7	516	592
0	-10	497	602
-6	-22	516	642
-1	-25	490	652
0	-16	488	617
1	-19	515	643
3	-19	496	650
3	-11	485	619
0	-1	520	612
-5	-10	519	626
-7	-12	512	643
-14	-1	542	622
-9	-9	524	626
2	-15	516	621
3	-16	518	612
17	-12	501	628
0	-14	524	628
-2	-15	524	625
-17	-12	551	594
-13	-12	551	612
-7	-1	545	588
-9	-2	557	585
-24	-10	578	603
-19	-6	561	595
-12	-10	575	588
-16	2	587	583
-12	-6	571	588
-25	-11	598	599
-16	-6	598	589
1	-2	580	591
0	0	557	597
1	0	540	601
-8	9	577	587
-14	-6	587	616
-28	6	601	595
-23	-9	577	606
-14	0	572	644
-41	13	601	576
-21	9	561	598
-21	3	552	611
-10	8	554	596
-11	-4	517	637
-9	5	514	628
-21	0	525	652
-3	4	529	671
-8	6	528	678
-9	30	539	639
-8	31	538	660
-20	23	519	667
-20	46	482	659
-25	42	481	664
-35	50	489	597
-22	54	505	581
-21	64	477	601
-16	64	460	619
-6	60	447	625
-16	67	476	617
-3	67	454	614
-1	67	492	602
4	84	489	567
-6	74	504	583
-7	76	526	561
-6	82	530	526
3	94	520	536
-7	100	555	535
-6	96	561	535
-6	104	574	571
-3	113	564	507
-12	116	572	532
-9	114	568	530
-17	118	585	557
-1	126	556	518
-11	121	559	529
0	115	550	546
0	122	544	536
4	122	519	531
-8	120	480	547
8	126	511	513
-8	118	481	531
-7	124	509	512
7	131	495	503
1	133	493	502
-8	138	489	530
-5	143	478	516
-13	161	422	523
-7	155	384	537
-5	158	385	547
2	153	340	531
-2	165	361	518
-2	168	357	528
-2	169	345	525
12	174	327	514
4	167	334	526
3	175	322	514
13	178	318	522
4	185	320	496
13	180	307	518
7	179	395	512
13	172	329	535
11	169	326	516
10	173	365	529
1	165	347	540
4	165	337	538
-3	157	334	545
-6	161	369	524
-2	157	334	534
0	162	355	504
0	172	337	487
-1	186	334	459
0	188	320	483
-1	189	337	476
1	195	325	463
7	203	324	442
4	188	330	469
8	194	336	516
-1	189	353	516
-2	205	354	492
-1	194	338	511
0	192	344	511
-3	199	373	464
-3	213	370	476
-5	200	374	490
-5	211	399	442
-2	219	410	412
0	206	402	431
-7	211	422	410
-9	206	401	402
-1	210	364	386
7	199	332	395
0	192	338	425
1	186	370	419
-8	186	383	433
-9	187	405	433
-8	189	405	464
-1	185	438	499
8	188	393	489
2	197	404	490
0	207	381	445
5	204	405	423
-2	211	425	454
-4	206	435	457
5	202	461	479
14	176	463	495
24	174	450	493
42	175	437	501
36	209	463	469
50	191	432	478
44	186	454	491
30	163	459	527
34	160	463	509
57	159	439	521
63	154	434	527
52	155	462	495
41	135	467	541
12	119	494	564
29	123	491	542
42	120	465	552
45	98	482	568
82	96	461	557
47	86	541	564
67	89	515	498
40	85	573	528
32	85	584	527
73	81	538	536
90	77	537	541
81	75	537	530
85	79	534	526
93	76	541	531
61	47	571	525
70	48	571	535
54	52	598	537
76	41	599	530
67	36	630	520
59	28	686	535
76	38	763	545
92	46	766	531
92	47	742	531
107	37	612	491
77	56	662	494
53	50	693	493
53	45	682	500
44	47	711	519
33	49	724	521
61	70	708	495
45	53	718	517
55	63	702	508
39	70	735	484
27	77	744	502
4	67	773	523
15	67	781	479
21	87	746	466
15	101	759	463
20	72	748	488
36	75	740	458
38	86	728	473
21	90	760	484
9	73	762	490
20	80	748	473
21	85	751	480
29	79	728	450
20	81	743	493
25	83	768	467
28	76	713	424
30	91	701	432
32	81	708	447
30	78	693	457
32	71	688	485
27	64	699	499
21	63	676	473
16	97	706	467
25	62	661	481
34	71	656	478
41	85	644	456
31	80	645	468
30	68	653	471
27	81	647	447
24	81	658	459
30	74	626	449
53	97	593	433
23	105	620	430
37	91	610	443
19	95	631	441
19	99	622	442
8	94	621	443
21	91	606	443
17	104	603	437
22	105	597	448
31	94	591	455
21	98	585	446
26	91	597	453
30	98	594	444
35	102	585	433
60	82	561	467
41	83	612	460
45	85	602	462
47	94	608	459
39	78	609	478
51	89	609	454
45	96	595	448
47	106	608	449
46	94	653	459
45	88	665	468
41	56	723	511
45	60	754	507
48	88	742	470
38	80	736	482
52	77	733	477
41	74	761	473
42	66	748	485
70	70	674	482
71	80	662	468
70	52	668	502
62	45	654	496
85	62	622	487
116	44	592	483
79	53	619	486
87	39	617	493
58	39	634	495
56	23	628	504
52	33	654	512
65	53	609	486
62	39	625	506
59	47	620	497
60	43	626	482
56	23	621	522
50	29	617	506
53	11	611	529
60	20	614	512
45	9	620	531
51	28	627	508
84	30	585	499
63	29	617	497
79	23	593	505
56	26	622	509
57	30	625	497
69	25	610	506
71	29	610	491
54	29	629	507
53	37	623	491
49	38	624	489
58	62	628	475
41	54	643	477
50	44	627	488
51	50	628	485
42	49	652	471
54	51	624	476
42	74	658	454
43	55	648	470
60	62	637	456
47	68	656	448
49	66	639	438
41	59	649	452
46	47	652	467
29	62	679	460
42	58	655	459
44	52	667	472
49	47	650	474
29	46	672	461
39	40	669	476
73	37	621	455
39	51	683	476
57	54	667	455
19	53	719	467
38	37	689	477
36	33	683	482
32	42	691	476
44	56	685	457
48	45	674	464
33	48	700	470
19	51	713	472
10	38	730	469
33	45	689	479
38	42	677	480
30	54	686	472
19	57	705	468
22	53	707	485
40	43	682	470
39	47	688	476
23	52	701	460
35	35	671	487
29	42	685	471
67	42	630	482
15	46	708	485
34	43	672	472
32	49	690	486
28	47	672	472
27	62	694	463
56	54	661	475
52	36	663	479
33	64	708	457
46	54	689	449
66	48	676	472
32	38	723	469
33	43	740	485
53	41	704	473
65	44	713	477
26	36	759	501
30	38	769	481
54	44	743	466
23	52	793	461
42	51	767	472
26	33	834	492
22	37	830	482
38	37	829	478
31	54	838	464
17	31	856	473
2	35	906	486
-2	33	940	501
11	41	926	469
11	35	928	479
6	35	963	504
-1	15	950	507
11	42	920	465
2	13	934	496
-1	24	951	492
39	34	879	470
30	27	877	494
6	16	901	495
4	39	933	477
7	23	916	503
2	28	933	505
5	16	930	504
23	50	919	469
5	17	933	501
8	25	957	524
3	27	967	495
15	48	953	481
7	25	950	508
-5	42	966	479
11	45	954	492
4	22	969	503
6	38	940	493
1	21	952	498
-2	49	971	486
3	50	987	470
-1	43	1009	486
0	41	979	479
7	47	991	492
0	39	976	484
1	25	1004	516
-12	42	1105	494
-4	37	1020	512
-2	46	1100	510
-4	62	1099	488
12	42	980	516
0	39	1017	506
-2	47	1016	496
0	36	980	500
-5	39	990	502
-3	49	983	488
-6	34	1017	514
-3	40	1018	510
3	44	978	500
0	34	955	493
-7	35	980	504
1	43	976	503
-13	41	970	495
-10	55	975	499
-15	59	972	479
-13	52	978	498
-1	48	984	504
-13	44	970	492
-10	29	959	512
-18	30	987	502
-10	44	1005	511
-5	34	961	501
-9	33	962	496
-16	27	945	517
-1	13	920	535
4	41	913	503
-11	25	926	513
-1	26	911	509
-12	26	934	508
-11	32	926	516
-3	33	908	520
-14	20	900	507
-14	22	923	539
-28	39	975	498
-4	41	947	514
-4	19	929	538
16	36	907	516
-6	44	924	498
-10	24	948	523
-3	23	914	514
3	28	915	516
4	41	907	535
-13	30	933	530
-3	43	911	509
7	45	922	512
-16	27	955	539
-13	25	954	548
-12	18	928	540
26	41	876	546
10	31	891	545
6	42	920	503
-10	35	929	542
-18	29	949	536
-6	45	971	500
-10	39	942	505
-11	44	972	514
2	53	960	520
32	46	911	519
1	66	963	481
22	53	907	482
115	50	832	515
19	63	935	486
11	48	930	513
29	48	901	511
81	45	846	507
43	46	896	521
34	58	907	495
26	47	945	520
46	55	889	509
32	53	918	512
18	54	949	511
28	49	912	522
32	60	897	497
45	50	882	508
75	65	834	486
70	57	835	488
58	81	879	480
93	81	838	481
96	74	824	474
104	76	811	487
120	74	809	469
128	56	810	482
143	79	786	472
157	91	772	454
157	72	770	472
169	77	753	468
169	72	786	475
188	83	760	469
206	72	748	470
201	77	772	461
191	80	784	466
208	76	762	469
198	93	796	449
208	83	782	459
211	82	764	457
206	77	793	471
213	74	853	451
224	84	851	465
236	91	867	438
207	91	913	451
226	77	886	450
252	77	860	453
264	89	836	444
266	93	852	439
270	92	792	448
268	90	841	427
263	92	866	426
295	75	793	446
280	75	827	450
307	97	781	429
287	87	825	434
296	94	816	425
291	89	833	437
290	75	824	446
295	76	814	439
318	84	796	430
303	82	796	439
317	93	740	417
302	110	793	406
294	99	816	416
308	89	793	418
304	88	789	421
316	96	734	409
320	93	752	415
320	95	770	424
305	93	794	427
295	86	838	433
278	96	853	431
293	106	806	418
287	94	829	428
303	83	800	428
292	85	824	435
289	81	809	435
291	81	824	442
279	77	831	439
280	76	830	445
257	71	860	449
273	79	849	441
246	61	894	462
284	77	824	432
265	66	862	450
280	66	838	445
243	74	900	426
282	66	830	425
279	80	818	430
286	78	806	418
284	78	801	420
282	87	817	417
269	99	832	394
270	86	807	417
264	95	816	416
261	89	822	418
256	85	834	424
252	91	845	409
239	87	845	412
257	89	805	428
215	61	870	449
221	67	875	446
218	96	850	432
206	102	890	419
207	97	890	423
196	93	885	424
199	83	879	440
230	95	845	420
242	91	834	424
215	82	862	435
242	87	814	448
225	92	847	440
226	87	847	439
255	83	814	447
247	85	825	436
261	96	790	428
232	81	839	429
221	66	874	449
253	86	796	424
273	94	761	429
221	78	850	438
224	78	847	435
235	60	822	447
224	69	827	442
249	77	796	429
249	80	824	439
264	75	789	438
247	80	802	431
235	71	820	443
261	57	797	461
232	68	860	448
229	91	885	426
244	76	848	438
235	77	835	445
258	82	831	418
231	82	860	436
234	79	849	440
227	71	851	438
249	74	833	442
221	68	869	454
245	72	834	444
254	78	822	439
254	66	816	441
255	75	806	430
243	80	810	431
265	67	773	437
249	96	823	411
261	89	806	420
249	73	830	437
251	83	818	429
251	77	818	428
252	77	810	435
252	80	804	422
256	82	823	432
248	68	800	430
241	73	838	438
261	73	808	440
256	72	802	428
259	78	810	426
252	75	817	426
262	64	812	440
247	75	821	425
273	82	783	424
252	67	783	416
260	80	832	428
243	85	843	410
240	81	836	410
269	74	806	430
278	74	789	415
266	69	797	438
275	57	797	433
281	68	800	415
284	71	789	420
299	68	763	424
308	69	772	432
336	75	728	428
309	89	770	423
308	82	781	418
317	70	762	440
315	88	762	423
326	70	740	443
338	84	724	411
350	90	706	415
343	97	732	420
312	86	766	421
331	75	740	415
341	86	720	419
322	92	761	399
334	83	740	408
353	80	703	413
330	82	750	405
343	91	730	412
344	93	720	417
344	84	731	423
337	83	718	408
337	88	736	416
338	78	729	409
339	85	727	405
320	81	749	406
337	79	723	411
340	89	716	408
337	81	717	415
354	89	690	416
352	83	680	415
326	86	711	412
340	86	697	426
335	90	718	406
339	78	708	409
340	89	718	423
339	90	708	412
331	70	724	431
342	86	727	421
324	84	736	417
317	82	742	411
339	82	717	440
345	79	686	426
333	85	712	434
331	84	722	430
321	67	717	448
316	76	739	438
321	73	735	435
320	83	734	429
327	68	707	441
333	81	711	432
325	82	712	426
309	77	745	418
299	73	764	438
314	73	745	440
299	59	769	461
324	72	750	441
309	82	768	428
325	75	771	433
297	84	788	430
318	76	780	435
300	78	801	430
309	72	790	433
325	72	779	445
332	81	771	432
318	84	792	446
339	84	779	428
318	89	822	441
328	84	823	442
353	83	757	441
351	81	820	439
349	78	838	453
371	88	810	424
377	89	822	450
353	83	880	435
384	82	850	446
390	82	869	455
394	81	893	462
415	89	837	440
451	92	767	449
465	93	792	442
466	100	748	449
470	96	783	440
474	92	790	437
483	102	733	446
487	98	761	442
489	95	779	437
476	87	807	443
490	81	790	460
500	92	754	448
515	85	753	464
515	86	746	446
519	88	744	453
519	90	753	467
516	84	740	474
510	78	750	477
524	75	749	494
542	74	702	471
537	66	735	468
525	69	759	494
531	59	748	480
535	60	743	466
540	57	729	489
548	63	717	493
544	51	718	487
548	50	702	477
529	53	709	492
512	43	762	496
526	43	723	496
516	32	714	516
496	33	764	516
510	29	719	523
527	22	720	543
526	36	714	522
520	22	732	521
516	32	736	540
501	28	768	524
521	13	740	556
510	20	759	539
519	22	754	548
518	24	759	509
519	19	760	573
501	19	771	544
505	42	784	515
508	35	762	500
493	31	794	545
495	36	790	518
501	36	776	518
502	44	766	487
496	34	776	478
507	41	765	515
489	37	779	485
494	40	761	513
509	52	762	507
491	29	786	518
500	26	772	523
494	37	780	499
495	45	772	504
501	31	759	526
490	43	773	519
506	54	768	495
508	40	759	509
499	51	767	513
492	30	777	517
500	41	774	522
501	36	774	536
487	39	793	521
487	36	807	554
471	18	809	555
472	38	812	504
498	43	778	522
498	40	782	520
500	35	778	563
488	40	791	520
503	27	777	528
511	42	779	550
517	27	750	529
527	51	758	526
535	36	732	534
548	44	729	523
549	35	720	552
541	46	736	534
528	35	754	539
548	37	717	535
538	32	730	556
548	41	733	528
540	30	748	550
555	23	721	539
544	46	733	518
548	32	720	565
514	41	774	538
514	30	756	542
525	44	770	542
525	34	735	518
542	39	729	559
524	36	753	526
517	21	762	580
513	32	754	548
497	24	769	536
509	22	773	555
504	28	767	556
495	34	790	513
500	30	775	563
494	23	776	563
496	22	799	554
501	30	777	558
492	32	788	533
478	34	805	531
496	40	805	520
496	18	771	538
499	49	784	526
508	32	780	531
491	37	799	527
506	35	780	542
489	18	787	537
486	36	801	546
515	36	752	553
511	25	791	573
516	21	770	559
494	21	791	572
497	10	789	593
527	24	767	558
504	18	778	569
487	27	823	549
496	19	794	550
519	22	779	537
534	16	759	561
543	9	751	605
550	19	748	588
536	15	753	581
541	15	755	552
540	6	740	617
543	17	745	574
548	11	748	571
558	10	732	615
573	9	734	598
561	12	714	591
566	9	722	580
551	20	742	598
565	20	719	555
540	-4	750	642
550	12	750	567
588	11	707	587
557	20	730	592
571	11	706	580
582	30	727	557
562	22	725	556
566	16	713	572
574	13	719	569
581	24	695	579
573	14	710	568
568	-2	721	592
587	5	712	584
574	16	715	573
580	12	712	584
588	12	723	567
585	13	712	571
579	10	719	552
566	19	740	549
569	20	723	565
565	17	745	563
569	23	732	585
577	13	734	593
562	29	737	583
567	31	720	578
579	44	706	544
572	53	706	542
571	56	728	559
570	58	717	567
565	53	726	572
591	62	704	552
572	34	724	608
558	43	729	583
549	43	741	584
561	55	727	523
575	44	706	558
573	31	722	583
565	42	727	586
588	37	683	555
563	31	732	580
564	30	739	574
563	21	711	586
551	16	743	602
568	10	714	575
571	25	724	587
566	24	728	555
568	22	727	582
566	17	711	582
581	18	714	608
571	15	725	603
569	23	715	558
570	20	706	594
569	15	719	589
559	17	715	567
572	14	709	597
577	15	710	587
555	15	718	587
571	8	738	597
575	5	695	579
544	0	743	598
547	-1	765	613
556	-7	737	588
556	8	734	583
549	7	756	540
557	5	757	600
566	1	736	562
553	-12	745	582
560	0	747	603
569	-10	735	622
566	3	739	563
565	7	739	540
561	-3	735	557
559	6	744	556
572	5	723	591
566	1	728	594
579	0	693	577
554	-4	731	591
561	0	722	566
578	-6	703	619
559	-10	732	602
562	-13	738	597
558	-16	729	586
564	4	739	591
569	-1	708	602
565	0	713	602
562	-2	727	576
572	-7	731	581
568	-8	732	569
571	-5	709	606
568	-3	734	607
579	1	707	561
583	0	713	605
570	-7	723	599
566	-6	720	563
568	-5	733	582
568	-10	739	554
556	-3	746	597
565	-12	722	578
579	-12	703	627
567	-4	719	581
568	-16	722	630
567	-15	731	636
573	-17	710	619
561	-22	732	609
564	-17	742	604
579	-13	713	570
577	3	722	586
584	-19	700	625
596	-7	675	616
581	-3	716	583
582	-12	699	643
587	-6	706	608
592	-8	696	614
588	-6	702	608
593	3	695	572
596	-9	682	588
603	3	692	577
604	-1	666	581
610	-5	688	599
593	-12	678	593
616	3	670	571
602	-9	673	602
608	-2	692	570
599	-2	683	597
615	-4	682	606
622	-1	670	619
621	-8	679	589
616	-9	669	621
637	4	657	585
610	-6	676	605
637	2	668	586
638	8	645	618
635	-9	653	618
629	5	649	566
638	10	652	583
650	18	649	556
637	12	643	563
624	5	673	583
641	13	640	525
625	0	665	565
637	12	660	582
638	13	631	552
659	11	636	570
641	16	637	553
660	18	633	556
658	8	634	564
669	27	606	551
670	11	635	569
654	16	651	554
662	4	629	566
691	18	583	533
681	7	607	551
677	13	606	558
683	20	600	540
692	9	597	589
692	18	601	562
683	18	607	574
693	28	593	540
702	30	593	545
684	1	597	601
689	21	598	564
684	3	609	591
702	17	580	564
699	13	586	570
714	14	567	588
701	25	578	552
709	27	580	537
694	11	589	547
703	24	568	532
700	16	592	562
706	26	564	551
709	36	548	525
721	33	549	559
713	15	545	587
722	45	529	558
718	35	537	547
707	42	541	549
715	48	536	539
725	44	530	529
730	46	531	512
725	45	513	508
716	52	526	487
725	62	509	483
707	43	549	497
697	82	529	454
739	95	438	433
736	89	416	440
725	99	421	422
731	94	431	432
726	79	416	435
705	81	424	426
729	84	433	408
701	79	469	417
705	77	455	433
701	72	457	429
681	56	561	448
649	60	608	457
598	69	616	447
590	54	587	460
612	58	531	453
590	81	537	424
601	93	539	425
599	80	560	430
571	83	572	425
645	79	584	423
717	88	536	427
702	70	573	443
715	66	526	439
720	65	544	441
694	81	580	430
685	55	600	457
687	55	548	462
682	67	575	441
696	71	506	430
687	61	522	447
675	73	545	437
684	73	513	409
686	66	519	438
685	71	520	432
678	65	535	424
673	72	555	417
688	73	536	429
678	62	548	427
685	68	556	431
678	60	571	422
691	63	523	431
695	81	534	418
681	73	560	422
680	58	572	438
671	64	582	435
680	75	572	412
679	62	558	427
670	60	571	438
676	64	559	412
668	50	574	430
676	60	569	429
668	56	592	417
647	52	631	434
649	40	627	443
628	61	647	426
609	38	665	440
610	55	673	430
627	60	647	425
608	62	661	417
616	61	648	423
611	50	657	434
591	44	675	436
608	75	650	414
609	42	650	445
590	46	669	447
564	52	699	431
567	63	690	431
580	49	685	422
596	43	665	450
590	24	670	456
589	51	665	442
576	42	681	448
604	71	644	420
595	55	662	435
583	17	687	470
587	36	666	445
604	49	666	439
614	44	657	441
603	47	664	453
599	47	674	449
609	13	674	472
617	47	652	433
613	4	657	478
607	31	666	458
618	37	663	451
607	38	674	446
620	47	646	434
619	24	643	456
639	42	635	451
632	31	640	457
635	34	644	451
632	25	636	455
633	60	640	430
631	35	636	449
647	51	614	433
656	30	607	454
659	28	601	455
649	42	639	443
659	21	608	461
656	37	613	441
679	32	611	452
677	35	606	438
697	28	583	449
699	23	578	461
726	14	550	471
731	43	544	451
732	31	544	445
733	18	547	463
749	43	523	450
749	26	535	464
759	39	513	446
765	47	510	430
761	32	517	443
771	51	508	430
773	59	503	424
765	52	520	426
757	45	515	434
744	29	528	441
757	74	528	414
756	55	519	430
746	17	525	455
761	33	509	433
766	52	500	434
776	57	486	424
779	52	477	425
781	31	485	443
785	42	459	428
777	12	483	463
787	31	467	442
784	24	483	454
795	-4	465	478
784	-2	466	480
776	9	479	470
770	19	489	454
776	3	490	472
769	-6	493	481
749	12	510	459
753	-8	510	489
754	5	507	467
746	9	517	465
738	10	532	459
726	7	563	465
710	3	560	458
720	8	549	474
723	4	532	471
706	-2	565	470
696	4	575	471
680	0	595	474
682	2	604	479
681	3	592	470
669	7	608	470
668	-6	622	488
648	14	625	457
655	23	617	456
665	27	619	451
644	29	631	448
641	11	629	471
653	24	619	455
639	20	633	454
646	16	624	462
638	35	640	444
639	20	636	457
637	23	634	453
632	15	632	461
630	39	639	441
631	34	648	447
627	38	649	443
627	24	638	453
635	43	629	441
629	40	645	446
615	47	657	437
624	60	633	420
625	46	641	431
629	68	640	420
623	42	640	437
613	59	641	417
632	80	615	410
626	63	605	412
630	91	620	396
625	93	629	391
617	93	643	391
617	94	641	387
622	83	633	399
621	99	631	386
624	85	649	392
603	93	642	391
612	91	654	398
618	68	646	421
617	83	631	402
625	91	608	389
614	82	660	392
624	87	619	397
620	85	632	394
617	74	631	422
615	84	641	403
613	88	639	396
620	88	644	402
622	83	617	406
619	86	655	409
621	79	621	414
621	88	641	418
608	77	653	420
621	83	616	408
635	82	611	413
624	81	618	423
628	87	595	403
631	93	611	395
635	83	615	422
639	84	594	406
643	75	585	419
645	73	593	425
633	62	599	439
626	77	632	437
623	65	631	423
635	61	627	445
617	68	639	430
619	64	652	448
621	69	628	415
614	68	646	437
635	68	620	436
621	67	636	441
634	63	600	438
633	81	609	435
626	66	604	439
617	70	647	426
622	69	631	433
634	74	616	419
620	62	621	433
629	70	616	437
620	74	627	431
617	78	622	433
625	73	598	442
628	73	592	433
623	79	607	429
636	83	590	419
638	77	598	434
629	69	616	444
637	79	607	426
631	71	605	439
626	72	617	431
628	74	608	436
625	50	613	456
622	50	623	456
619	65	631	436
622	63	631	449
630	70	618	437
624	66	631	453
591	66	682	450
590	57	669	460
599	39	656	475
587	46	690	478
595	51	671	471
598	57	665	455
591	51	673	469
599	54	668	457
590	50	671	474
578	63	688	449
587	63	672	456
571	57	675	456
566	66	685	450
574	57	686	466
550	64	710	464
557	52	689	465
557	38	709	485
551	51	723	488
556	49	709	473
532	55	739	460
545	62	721	463
525	66	736	464
537	37	721	490
525	56	740	466
540	49	714	472
533	59	729	465
526	57	737	457
532	51	732	473
528	40	726	464
547	59	721	468
529	40	737	490
521	52	740	471
534	57	739	465
550	66	716	452
535	65	725	461
524	53	748	463
520	49	736	473
535	69	719	460
535	66	726	456
526	54	742	461
524	66	737	445
525	61	738	470
504	62	766	459
525	60	733	476
510	54	757	476
498	58	761	472
508	48	747	476
480	46	782	483
469	60	801	469
475	65	796	464
457	43	820	479
481	61	780	481
464	68	817	476
467	51	795	481
456	61	819	481
473	55	786	483
470	50	786	464
467	61	794	489
467	47	785	478
476	64	800	477
472	51	795	482
450	53	826	482
441	32	816	500
438	39	851	508
459	40	811	486
451	31	827	507
467	25	799	506
448	27	817	518
422	24	844	510
441	16	822	527
436	34	832	512
454	34	813	505
458	26	802	516
455	39	808	507
448	29	810	504
461	39	783	515
438	30	812	496
434	26	821	509
426	23	820	508
436	26	836	519
431	23	827	500
434	32	837	505
443	0	809	544
448	20	806	524
433	19	813	510
445	44	820	490
448	33	807	504
448	31	816	510
426	21	815	517
434	40	833	495
432	18	821	519
422	28	858	499
421	19	851	513
438	21	821	534
444	26	817	508
446	28	831	511
429	18	847	510
442	19	815	528
456	21	802	513
442	21	802	501
447	32	824	521
453	28	800	494
456	32	808	515
451	27	815	506
438	30	811	502
423	30	855	507
438	8	812	519
437	30	827	518
433	18	819	514
446	30	815	508
423	28	844	499
419	28	854	515
418	24	827	509
421	37	853	501
433	30	824	505
423	24	839	501
431	18	819	507
427	22	818	518
420	17	832	502
410	22	847	510
393	27	877	512
421	22	826	501
415	29	836	503
405	27	839	511
423	20	819	490
424	17	819	522
416	34	820	498
400	6	858	522
409	14	849	515
421	29	826	484
413	16	830	513
422	18	821	496
423	25	822	501
421	20	803	487
437	24	801	486
430	25	785	485
439	17	801	502
423	18	820	494
416	16	830	489
434	13	811	509
420	7	821	494
433	2	819	516
431	-3	812	507
441	4	801	471
458	5	792	504
439	0	797	507
446	-5	787	515
444	18	807	505
432	15	812	497
440	-2	810	516
428	9	808	502
451	12	804	504
453	5	792	499
441	3	802	497
450	5	803	503
442	8	816	492
450	12	815	488
449	7	792	497
452	1	798	511
444	1	821	511
450	7	814	507
448	3	799	492
447	-5	804	499
452	10	802	500
456	10	799	497
465	4	783	498
451	10	798	503
461	4	799	507
462	8	801	496
479	-1	765	518
460	1	799	505
444	0	807	504
464	6	779	512
470	6	778	503
468	18	776	475
460	2	785	496
451	13	813	495
446	12	806	495
442	8	805	496
454	-8	798	518
457	-6	784	504
452	12	808	503
438	10	814	506
449	1	801	492
453	9	797	493
466	15	788	492
467	21	793	494
468	27	772	480
466	9	788	511
459	26	805	493
461	17	784	496
450	15	802	500
458	20	804	502
455	23	802	492
458	10	783	507
449	27	803	487
435	19	841	498
445	16	825	506
466	14	788	500
429	13	830	508
469	24	778	490
458	22	792	495
457	12	791	499
448	21	827	506
448	0	810	505
444	12	819	516
466	8	783	514
462	18	785	496
457	8	795	511
451	20	806	501
441	18	821	494
452	21	829	488
453	19	803	492
443	15	818	498
457	16	808	505
467	23	799	504
444	7	824	507
429	16	828	494
441	9	820	503
459	17	799	487
469	7	781	522
464	20	787	501
449	15	813	509
460	24	804	501
470	18	785	498
462	31	796	493
460	18	801	500
460	21	801	501
470	32	788	496
475	28	772	489
470	24	771	496
455	15	797	500
461	20	806	507
470	20	789	492
461	7	800	528
464	8	789	518
468	21	803	508
469	26	789	496
469	34	788	486
456	11	790	522
460	16	794	497
455	23	791	499
459	12	801	509
454	25	795	487
451	17	814	505
452	18	828	502
458	27	807	496
452	24	810	496
452	21	810	495
447	24	827	502
462	36	797	498
452	15	806	514
450	22	800	510
461	12	783	512
448	24	823	504
440	27	831	499
459	45	793	484
444	27	813	505
447	18	820	504
450	8	800	517
455	22	799	503
457	25	810	508
449	20	804	500
447	27	830	507
456	30	808	493
453	25	802	491
438	24	834	501
421	23	838	498
430	12	836	515
439	31	841	507
439	21	832	513
426	13	840	522
402	25	868	509
415	22	858	498
423	23	856	500
419	18	845	504
422	21	863	510
405	18	864	508
442	21	833	514
449	22	809	497
433	29	850	499
412	22	848	508
420	25	864	500
429	29	849	505
425	17	843	515
438	16	823	504
449	32	815	497
460	31	798	499
425	20	840	512
421	15	834	512
405	16	893	510
435	12	837	520
426	8	832	518
417	21	857	513
368	13	903	510
436	9	844	511
426	25	854	500
433	11	832	516
428	6	834	512
400	24	886	520
391	13	892	509
403	7	870	507
397	8	881	503
411	7	877	519
430	20	843	507
431	14	838	504
417	4	858	509
426	24	845	499
451	11	834	515
448	11	817	503
436	2	818	517
409	33	860	468
429	7	846	507
409	19	871	494
402	12	876	512
432	11	845	504
427	16	849	505
433	16	833	503
415	17	844	498
433	25	866	496
438	16	829	498
444	8	817	509
443	19	837	507
454	13	818	503
455	27	814	503
458	24	820	498
441	23	834	490
448	13	826	507
447	13	827	509
453	19	831	505
465	25	821	487
450	17	831	502
447	26	830	489
452	38	828	490
460	31	810	496
478	27	797	501
466	2	791	514
485	8	788	514
467	26	802	501
452	26	830	492
459	31	815	490
461	23	791	487
469	16	799	499
468	25	792	498
466	33	793	485
444	19	825	500
457	24	795	480
484	28	779	496
474	25	795	499
479	22	790	503
469	38	803	482
475	23	797	495
465	43	805	488
468	19	787	495
464	28	809	489
460	29	809	502
454	38	826	500
464	35	787	475
471	31	784	491
462	30	797	489
474	29	784	482
480	36	768	481
448	10	832	505
453	25	818	492
461	37	814	498
456	24	801	489
460	19	821	497
454	14	814	506
482	25	781	493
458	40	802	481
456	19	813	508
454	20	813	485
440	31	830	495
438	25	835	495
455	25	791	483
452	29	842	485
455	21	826	498
442	20	814	497
437	20	821	493
427	26	837	501
428	16	821	504
431	13	845	508
424	29	838	498
427	26	835	501
421	24	842	500
462	20	813	499
433	35	843	493
436	33	842	496
416	19	854	491
429	27	854	505
432	28	842	501
441	21	830	494
448	20	822	500
454	14	814	496
449	34	826	490
467	26	782	488
455	27	816	481
446	23	840	483
442	37	838	489
459	22	799	501
435	17	836	504
438	18	840	504
440	28	819	480
455	18	802	490
445	24	818	509
437	32	846	503
416	29	869	490
462	25	803	484
440	37	826	477
432	31	847	488
425	23	851	494
432	22	857	507
442	26	837	498
425	30	851	489
441	21	858	497
453	20	816	496
431	25	846	491
443	31	830	496
429	31	855	489
430	28	827	502
437	21	846	526
436	17	851	504
457	18	827	505
431	15	840	503
452	18	806	511
441	23	822	488
466	33	802	499
432	24	831	492
439	28	861	486
426	24	861	488
424	33	860	494
444	32	826	504
447	23	802	493
449	28	832	502
448	31	822	498
460	31	831	497
468	22	796	502
462	21	798	501
461	33	799	507
461	36	811	500
437	31	842	490
457	35	800	498
424	37	836	497
432	27	842	508
417	34	861	497
440	28	816	500
439	25	798	496
428	22	840	515
421	26	858	512
416	20	864	508
418	18	861	510
436	27	835	500
418	33	839	496
424	23	841	505
406	27	870	511
416	23	862	508
358	29	923	496
387	35	908	483
392	39	899	490
415	16	845	505
436	22	830	514
422	33	854	501
442	8	827	515
440	25	821	509
415	25	849	496
416	24	869	504
426	36	850	504
432	23	822	510
405	26	855	493
419	39	846	485
376	28	912	506
403	31	867	495
424	22	839	511
423	29	831	492
423	25	865	513
402	26	873	503
406	11	854	521
364	28	916	498
402	23	884	495
394	26	882	501
402	22	852	493
380	33	916	502
398	20	882	509
421	15	847	513
382	16	872	503
415	17	865	513
419	25	861	495
409	23	864	504
391	23	883	510
374	17	914	514
399	3	879	512
400	25	874	509
423	23	853	516
413	15	854	506
401	29	876	518
428	16	827	525
414	20	843	512
402	31	871	494
423	18	848	519
403	28	870	503
417	12	864	517
399	6	870	510
389	20	880	515
392	14	884	515
409	8	850	520
404	16	849	518
422	2	815	522
414	6	865	524
438	12	815	524
424	21	827	511
419	5	855	538
405	4	851	531
394	11	858	508
399	13	855	511
418	12	848	520
415	9	826	501
412	18	857	504
415	15	849	506
393	15	867	512
427	20	837	507
422	13	811	500
416	21	846	511
420	12	836	506
403	18	841	496
375	8	881	506
370	8	900	495
390	13	883	494
401	13	860	506
428	15	821	489
408	25	859	493
416	10	850	510
396	20	867	497
425	21	845	498
441	25	838	478
431	27	831	491
408	18	854	502
437	27	806	482
441	24	816	498
440	40	805	472
448	31	793	474
438	27	832	503
440	30	813	483
425	33	838	485
441	32	830	490
441	31	830	484
425	40	845	491
459	46	821	473
455	33	804	494
432	32	843	482
447	34	830	491
460	30	805	499
449	35	815	494
456	23	801	499
451	24	813	493
475	37	788	490
448	47	812	472
462	35	793	475
451	40	824	480
464	37	808	489
450	37	817	486
440	30	836	485
426	41	846	480
449	33	822	482
465	41	797	477
460	40	810	488
469	35	782	488
471	38	805	471
432	38	841	481
432	23	839	491
429	29	822	496
427	31	841	496
454	29	806	488
442	31	817	492
455	31	810	490
449	40	814	476
451	27	818	489
457	45	815	469
458	49	811	479
439	39	825	472
441	33	822	481
447	35	822	487
467	45	786	471
479	48	766	468
454	51	798	462
447	45	823	470
460	49	806	462
444	54	818	480
448	29	809	492
442	36	831	477
414	41	863	481
446	43	825	484
442	34	814	486
449	37	821	473
467	51	778	460
461	51	799	478
446	57	825	466
438	42	817	482
451	44	792	481
452	45	807	482
454	34	795	483
441	36	810	489
437	53	834	470
453	40	818	487
457	28	798	494
425	34	844	481
438	43	829	477
438	44	839	476
432	43	826	469
445	47	832	471
471	39	787	478
435	40	840	480
424	44	845	475
450	30	814	497
433	34	822	479
434	32	827	497
442	32	825	481
439	46	819	493
405	39	842	484
432	55	821	470
416	40	848	503
406	43	863	474
397	39	871	499
420	35	817	492
415	39	857	493
410	40	840	469
425	35	836	482
402	38	857	495
405	38	850	487
434	38	837	478
445	33	813	491
429	36	827	479
440	38	821	492
452	44	797	482
423	26	832	493
426	21	834	507
427	33	816	485
437	36	819	491
428	48	832	472
431	42	824	480
451	49	807	486
437	43	824	473
421	35	839	490
435	25	824	499
440	28	821	477
428	46	848	473
435	32	841	506
431	31	825	479
395	46	872	487
434	49	834	472
447	31	820	488
443	20	820	509
409	21	836	491
440	32	843	485
427	33	828	490
406	44	866	478
444	32	846	491
445	20	810	527
433	23	839	486
420	34	840	502
404	38	872	483
435	35	842	481
410	34	852	500
408	31	879	485
424	30	845	479
426	44	834	485
438	32	822	496
423	35	846	491
441	39	810	494
443	28	818	494
431	40	831	495
427	40	829	481
441	43	824	484
443	34	810	498
432	36	822	486
436	33	824	488
449	44	812	470
438	24	830	498
439	23	820	493
445	27	820	497
441	29	816	498
436	36	842	484
437	23	821	497
463	30	800	491
450	41	827	480
476	43	780	490
468	37	804	494
482	33	783	494
469	42	803	485
446	30	821	489
469	33	805	497
470	36	794	491
435	33	828	490
477	28	788	484
473	41	802	492
471	37	787	477
467	43	800	488
439	39	828	488
461	37	801	475
479	37	780	492
469	41	781	468
451	30	816	488
472	32	772	483
449	49	830	488
477	38	772	476
482	40	778	487
472	34	783	482
465	36	788	488
425	35	827	477
446	30	812	499
437	33	815	491
422	39	847	493
412	29	841	477
446	30	811	503
457	45	800	492
437	43	804	482
436	30	813	503
430	43	827	485
416	31	853	499
433	33	817	501
438	40	813	487
419	33	831	503
395	37	846	483
413	44	856	482
427	26	809	503
442	40	802	481
415	33	834	492
406	31	857	507
412	18	823	494
424	26	829	499
420	34	843	492
416	23	850	511
406	15	846	505
401	24	864	506
412	27	846	507
408	9	825	511
422	36	810	499
402	24	831	495
399	22	872	492
391	18	846	511
409	30	848	473
417	24	823	491
404	20	822	486
420	21	830	498
390	6	856	507
410	7	848	509
412	9	835	495
420	19	843	517
423	13	818	511
417	14	813	492
409	13	843	498
416	10	834	519
407	21	833	497
410	20	833	501
417	1	827	512
410	-1	843	517
414	8	831	519
410	0	866	540
411	6	855	532
424	9	840	523
420	-12	835	549
412	-18	852	579
388	-7	890	567
423	-23	831	568
411	-3	855	530
412	-10	854	550
416	-18	859	558
391	-14	871	559
394	-20	874	555
383	-19	891	574
381	-28	908	566
354	-11	938	567
353	-19	927	545
367	-11	917	550
354	-23	920	572
338	-22	928	553
356	-2	909	555
348	-44	937	576
351	-17	942	564
334	-15	962	553
327	-13	936	545
320	-24	973	565
291	-6	1000	548
302	-4	973	542
311	-5	984	546
311	-16	965	555
310	-9	966	544
294	-12	988	542
282	-8	1009	549
313	-6	964	541
317	-22	986	560
323	-12	963	548
335	-9	954	558
303	-23	978	563
287	-6	1009	559
298	-6	992	548
276	-10	1025	546
273	-21	1002	547
268	-20	1018	546
281	-6	999	548
294	-12	1013	562
278	-10	1011	533
284	-18	1003	556
284	-23	1008	552
277	-7	999	552
316	-2	936	514
334	-5	929	535
299	-13	949	533
281	-23	986	566
283	-18	982	548
280	-13	991	540
277	-4	1009	532
296	-16	967	554
300	-4	971	514
298	7	981	521
321	-27	916	558
267	-16	1001	540
234	-15	1059	543
258	-24	1013	533
267	-20	1001	531
237	-16	1035	525
242	-6	1054	531
259	-33	1029	562
281	-23	992	547
274	-20	1004	539
275	-8	1012	525
234	-13	1059	550
246	-17	1041	556
260	-6	1041	545
271	-7	1013	548
267	0	1007	550
276	-8	995	538
303	-9	974	528
300	14	968	515
288	2	991	505
289	13	1008	533
307	-1	961	541
280	-5	1021	550
278	5	998	537
292	-1	972	536
286	8	1003	530
290	-5	994	527
313	-5	964	548
298	9	993	547
311	-4	961	549
315	8	960	525
289	-6	981	548
247	-6	1048	549
274	8	1004	515
282	19	990	512
248	-4	1055	537
250	-11	1024	536
285	9	1012	535
286	16	980	533
292	4	992	540
289	0	996	532
284	18	1016	530
278	-2	1019	543
276	-5	996	540
283	1	1000	555
272	7	1028	551
290	-6	998	538
283	-12	998	561
272	9	1005	527
269	-19	1024	546
254	-15	1033	560
269	12	1017	525
292	6	987	520
267	14	1044	540
262	-3	1039	558
287	8	1009	547
297	15	959	530
305	13	983	523
305	11	979	526
302	14	996	534
284	7	986	541
292	13	1009	527
300	2	980	541
312	0	962	542
304	9	981	535
304	14	966	524
304	9	996	546
259	6	1026	536
308	6	980	527
341	2	921	535
326	25	962	523
328	14	959	530
305	27	1002	513
274	2	1024	554
295	-8	985	558
310	0	968	549
275	2	1016	538
272	9	1012	526
276	10	1012	520
291	10	999	531
262	5	1027	533
276	6	1032	541
282	7	1000	540
270	9	1025	532
263	-6	1021	551
285	3	1011	545
300	19	965	525
309	12	976	535
290	13	1019	537
284	6	998	541
298	14	973	542
297	11	1013	534
287	27	996	524
274	14	1037	553
285	-1	989	552
265	3	1001	543
257	9	1043	524
275	5	1003	526
280	20	1023	514
256	25	1020	517
307	15	989	516
336	12	933	528
325	25	960	520
313	16	991	525
304	18	988	548
299	3	981	550
301	12	970	547
303	2	976	537
278	6	989	531
275	10	1006	533
271	22	1018	527
259	2	1040	547
259	3	1010	551
294	24	988	537
306	23	974	522
287	13	1023	528
292	14	991	534
301	20	977	528
279	8	1016	528
288	1	1005	548
279	7	997	548
258	7	1027	548
299	11	994	540
307	10	975	539
296	15	990	538
272	6	1012	538
255	-3	1039	561
265	13	1015	521
327	12	975	526
292	3	993	550
294	12	973	545
310	15	987	540
295	8	1000	549
291	15	996	539
296	18	980	528
322	11	973	550
311	0	966	567
290	7	1009	544
292	19	998	532
293	14	982	525
298	15	998	551
265	17	1030	532
282	9	1016	538
269	24	1008	520
281	8	1014	531
307	5	968	538
305	23	988	529
346	28	928	518
337	31	945	522
315	24	990	523
307	17	981	512
333	19	955	526
331	24	957	530
339	30	938	529
315	20	968	527
352	23	927	526
348	28	922	530
325	14	949	527
333	39	947	504
350	37	905	509
334	33	943	522
358	32	928	522
340	30	924	521
322	25	959	537
302	36	974	511
282	25	1008	524
309	6	986	540
288	-3	994	554
282	20	1024	508
338	6	949	547
332	31	937	517
330	32	970	519
316	27	973	529
322	36	957	514
331	34	929	506
362	34	931	505
333	28	957	513
340	22	910	502
343	22	941	505
339	23	932	522
359	21	931	536
360	24	892	516
379	24	895	525
364	27	901	515
375	23	899	515
347	27	919	516
336	26	944	503
310	27	974	499
310	28	986	512
306	21	965	496
267	25	1017	520
297	26	984	504
279	25	984	518
272	13	1012	524
259	15	1011	518
238	14	1027	521
274	24	1002	524
247	17	1020	524
232	29	1061	518
250	30	1027	532
208	12	1083	535
240	11	1027	563
236	22	1059	532
218	40	1044	529
226	25	1024	522
189	28	1074	535
202	34	1035	502
196	36	1050	511
169	34	1100	507
178	34	1060	520
153	37	1095	508
151	48	1097	507
143	46	1123	517
148	35	1108	526
129	41	1102	500
137	45	1076	519
136	26	1063	534
126	31	1076	524
113	48	1085	513
90	43	1102	525
102	46	1062	509
90	65	1096	503
80	44	1094	495
70	28	1170	555
68	38	1143	527
62	47	1152	528
48	31	1193	526
59	49	1151	514
47	30	1149	525
53	46	1154	517
50	56	1058	500
38	38	1135	527
38	42	1093	520
25	47	1151	505
22	41	1175	517
31	48	1159	503
27	52	1165	491
30	38	1168	501
44	50	1102	488
44	24	1080	512
47	41	1057	490
45	31	1051	488
54	28	1047	519
56	32	1038	501
58	27	1042	515
65	23	1114	508
65	45	1007	482
60	26	1071	480
64	34	1172	500
51	18	1112	491
64	9	1049	487
72	43	1102	491
61	31	1069	491
56	28	1078	496
59	32	1156	490
53	26	1139	496
59	30	1019	483
74	32	990	489
49	26	1030	505
88	32	1000	495
87	24	984	507
74	32	1029	483
51	6	1128	496
62	21	1141	486
60	23	1089	490
79	30	1061	485
74	20	1005	491
79	37	1048	494
64	20	1046	491
58	27	1092	513
46	30	1172	486
40	9	1124	502
59	26	1154	507
42	19	1115	503
46	19	1099	502
47	3	1146	507
43	17	1089	506
60	30	1082	502
42	25	1121	501
53	18	1081	500
47	42	1067	490
35	22	1048	494
45	10	1046	511
52	45	1027	487
41	35	1031	496
49	20	1003	507
34	14	1061	525
36	35	1063	500
28	10	1088	515
21	40	1130	489
15	26	1179	505
29	24	1099	504
31	16	1126	520
32	31	1074	502
26	27	1105	495
30	28	1099	504
31	26	1158	511
12	37	1134	492
21	24	1183	507
32	19	1085	519
32	43	1118	503
31	53	1104	472
36	47	1086	482
15	37	1156	492
14	27	1121	485
21	40	1126	493
22	31	1086	501
22	47	1173	512
1	43	1104	501
22	36	1034	499
13	36	1047	500
14	36	1043	487
24	54	1027	488
17	46	1042	490
6	47	1055	495
17	49	1069	501
27	47	1011	494
16	43	1074	509
15	34	1108	485
18	52	1108	497
20	45	1064	485
39	49	1024	477
25	45	1027	493
34	69	997	471
39	55	994	465
46	72	1008	474
35	66	979	460
47	60	1005	468
42	55	970	477
49	72	974	472
46	68	937	463
34	58	998	478
31	68	1003	472
48	68	952	466
45	75	944	472
35	64	974	467
47	75	926	468
47	65	969	472
42	62	989	455
28	76	1069	458
23	57	999	462
26	58	1078	493
37	60	976	443
46	57	950	472
54	62	969	463
40	56	1011	474
40	59	993	453
41	55	951	472
51	64	930	454
35	66	1032	462
39	56	977	461
53	69	914	460
60	80	945	441
41	59	998	458
49	78	934	449
40	67	986	466
30	63	987	460
46	75	969	445
60	79	903	443
51	75	937	462
43	66	970	461
41	56	1012	469
60	59	914	457
34	75	919	447
25	77	964	455
36	81	977	446
34	80	906	432
36	89	937	435
35	75	953	450
26	77	1025	456
35	98	952	428
33	88	963	436
43	91	1002	432
50	95	924	426
40	95	901	423
45	112	914	416
55	117	961	421
56	98	957	427
51	110	1016	443
56	106	955	433
64	99	915	439
89	115	855	415
84	107	895	435
101	99	828	444
128	127	789	419
117	116	795	420
121	124	818	426
109	129	812	408
131	123	768	412
131	122	781	412
135	144	750	399
126	128	791	413
143	137	738	402
142	134	743	413
159	116	722	421
158	153	772	392
143	118	763	428
148	143	771	396
174	136	729	410
141	144	759	402
178	134	719	424
171	145	722	401
164	151	740	399
151	129	769	410
175	168	727	381
168	169	730	371
174	172	715	381
162	170	746	384
177	157	727	397
178	189	741	356
163	186	737	358
161	163	741	387
180	168	729	376
168	204	739	344
151	205	744	342
78	188	837	353
71	211	858	333
91	208	840	333
105	207	792	331
124	198	784	346
122	231	796	316
146	214	783	325
139	235	774	313
154	211	769	328
181	209	726	330
167	228	753	332
173	223	752	334
176	212	742	327
166	222	753	329
152	232	777	329
150	213	793	345
161	214	772	348
180	201	747	348
162	220	776	340
122	225	818	329
167	188	766	366
170	218	754	341
170	213	748	351
213	222	701	332
201	223	697	324
194	210	718	354
197	205	726	355
201	203	711	352
212	222	696	329
197	218	705	332
191	206	718	346
180	217	728	341
182	217	742	342
201	238	707	318
202	216	713	335
187	223	741	334
176	216	763	339
158	223	783	338
163	209	765	347
169	221	771	341
169	207	774	344
163	201	762	362
157	217	770	347
196	217	729	338
185	222	740	338
193	199	724	351
175	207	751	343
173	214	738	343
181	209	734	348
149	206	769	350
197	177	724	381
166	217	774	335
181	194	737	364
198	216	725	340
182	225	747	331
181	215	768	343
167	213	758	347
176	211	748	347
185	221	742	343
183	201	714	354
179	220	735	337
182	225	729	335
159	219	785	349
184	199	729	357
168	237	747	318
188	216	721	340
164	212	753	346
161	198	762	365
188	222	730	346
190	245	705	310
191	230	722	326
200	229	710	324
186	224	764	327
189	235	723	320
171	219	748	331
170	231	756	328
181	221	734	331
174	202	741	354
182	225	736	338
159	201	761	360
171	219	758	347
184	208	727	355
188	214	725	345
191	233	720	327
180	209	743	347
180	225	728	334
168	208	736	350
174	206	726	351
167	236	754	320
183	232	749	328
174	216	771	340
174	234	741	328
175	230	728	325
143	221	793	348
158	225	748	340
155	227	769	340
152	229	766	335
150	237	770	333
153	226	758	340
141	225	785	340
137	231	801	340
141	227	811	341
135	206	798	367
115	217	829	367
146	222	785	341
157	220	758	348
157	241	754	334
147	211	784	351
138	229	772	337
140	237	795	335
158	250	772	314
176	217	736	348
191	236	709	332
177	233	722	337
186	246	718	326
186	236	713	337
169	234	766	335
185	241	721	339
175	227	736	337
168	223	742	348
168	213	725	351
158	208	742	355
148	210	782	378
141	203	811	367
124	188	799	401
153	150	779	429
176	178	746	394
152	166	768	404
124	163	800	405
164	168	769	410
153	178	753	404
175	180	724	392
160	183	736	390
170	196	722	379
175	184	720	391
153	191	760	391
151	179	766	389
146	151	765	421
151	177	767	396
174	161	729	394
166	181	725	389
145	180	772	402
130	169	784	406
129	167	808	408
118	179	815	411
162	174	764	387
137	180	788	397
173	164	740	413
167	184	738	398
168	172	744	399
169	154	733	424
152	157	772	416
163	192	790	386
162	145	775	421
169	192	753	378
163	186	748	392
156	179	756	396
161	174	761	401
169	172	747	405
171	172	728	396
175	180	737	398
192	174	703	416
191	184	699	393
178	170	717	408
166	151	754	419
