2.492211
0.042182
0.039340
0.043547
0.049095
0.041932
0.055867
0.040909
0.046995
0.039643
0.038560
0.039868
0.038903
0.039396
0.039052
0.039315
0.039252
0.038871
0.039836
0.038852
0.044371
0.039184
0.039740
0.039912
0.039113
0.039320
0.040894
0.039134
0.039961
0.045475
0.039251
0.039282
0.040114
0.039056
0.040468
0.039927
0.043479
0.039053
0.040732
0.039079
0.046125
0.039675
0.039640
0.039623
0.040362
0.053092
0.039541
0.040961
0.040694
0.039759
0.040014
0.039666
0.040840
0.039889
0.048625
0.040379
0.039616
0.041265
0.040164
0.043251
0.045954
0.040000
0.039355
0.042756
0.039895
0.043913
0.039268
0.040394
0.040451
0.039664
0.040971
0.039256
0.051985
0.038304
0.040508
0.040432
0.039732
0.040707
0.038695
0.044017
0.043892
0.048468
0.039895
0.039531
0.038813
0.040039
0.039294
0.039996
0.038877
0.039758
0.043813
0.039243
0.040173
0.053256
0.064859
0.040376
0.039007
0.040362
0.038435
0.041128
0.045938
0.040955
0.040414
0.049525
0.040037
0.052257
0.039348
0.040524
0.040558
0.040424
0.039452
0.040254
0.039759
0.039712
0.066975
0.088640
0.041625
0.050388
0.041089
0.049678
0.046786
0.040683
0.041518
0.041915
0.039111
0.040167
0.042239
0.041337
0.042423
0.039600
0.052132
0.041287
0.040725
0.041759
0.040743
0.041178
0.041514
0.040434
0.040603
0.046606
0.046683
0.049804
0.040177
0.051687
0.043016
0.040995
0.041323
0.041423
0.040063
0.040517
0.041257
0.040749
0.045149
0.039851
0.056899
0.045941
0.040436
0.049043
0.059126
0.040658
0.047609
0.040673
0.050784
0.043133
0.052987
0.040735
0.041429
0.041167
0.046230
0.041371
0.042327
0.041060
0.040442
0.042007
0.041066
0.050821
0.040494
0.054629
0.042285
0.053857
0.051543
0.039962
0.039945
0.053507
0.041054
0.048704
0.041206
0.040155
0.040237
0.041404
0.040886
0.040680
0.040983
0.042112
0.052166
0.040042
0.056911
0.043480
0.049667
0.041159
0.051555
0.041547
0.042092
0.043289
0.042208
0.042351
0.041742
0.042251
0.042931
0.041807
0.041737
0.049590
0.040917
0.042327
0.041816
0.047389
0.043072
0.042768
0.042344
0.060217
0.046329
0.043213
0.040776
0.042509
0.041232
0.041618
0.041975
0.042195
0.047732
0.041588
0.056277
0.042260
0.049891
0.041893
0.042454
0.042361
0.052320
0.041589
0.053379
0.043055
0.048807
0.042145
0.044100
0.043084
0.042281
0.042214
0.042509
0.043610
0.042740
0.044816
0.041337
0.055893
0.096118
0.043288
0.044313
0.041885
0.052723
0.042283
0.050212
0.041732
0.054152
0.041630
0.042956
0.040823
0.041196
0.043888
0.040986
0.041620
0.041713
0.043327
0.040672
0.048649
0.041779
0.055449
0.041866
0.049391
0.043358
0.047115
0.041646
0.046769
0.046782
0.046865
0.042791
0.042952
0.042101
0.042875
0.041223
0.040586
0.041940
0.042600
0.041276
0.042036
0.055721
0.041621
0.049031
0.042340
0.053960
0.044002
0.047600
0.042925
0.056367
0.041731
0.047378
0.042983
0.052876
0.043801
0.048939
0.042530
0.051155
0.041629
0.052529
0.041815
0.051610
0.041809
0.051976
0.043315
0.041592
0.041481
0.042583
0.041658
0.047233
0.041159
0.039702
0.040334
0.041126
0.046757
0.040614
0.045016
0.039871
0.054415
0.039521
0.040874
0.040399
0.040290
0.041165
0.040062
0.043791
0.039311
0.015619
0.039709
0.016068
0.068235
0.016057
0.015493
0.042513
0.038880
0.038909
0.040549
0.039592
0.046557
0.039286
0.040198
0.039180
0.039830
0.038566
0.039599
0.049272
0.038828
0.039762
0.039337
0.044609
0.040091
0.040431
0.039135
0.039986
0.044074
0.039019
0.039596
0.038837
0.039043
0.040911
0.038737
0.050335
0.038880
0.038628
0.039732
0.042217
0.039224
0.038775
0.039759
0.044593
0.039057
0.038524
0.039517
0.041676
0.039443
0.038721
0.039105
0.050519
0.039291
0.043436
0.016959
0.067521
0.018580
0.077203
0.017112
0.016357
0.058056
0.017086
0.067944
0.016949
0.016009
0.065723
0.017100
0.016360
0.063224
0.017637
0.073477
0.016746
0.064181
0.018058
0.016460
0.056688
0.017836
0.016406
0.067357
0.016858
0.016423
0.061574
0.018336
0.074508
0.021909
0.062318
0.019117
0.016862
0.059804
0.017167
0.070708
0.018064
0.016063
0.070086
0.016644
0.016378
0.056532
0.041693
0.071996
0.017298
0.016365
0.037964
0.017153
0.064657
0.018088
0.016207
0.066557
0.015281
0.015294
0.062038
0.017356
0.015217
0.063472
0.015513
0.075283
0.015485
0.015173
0.059517
0.015262
0.015121
0.057222
0.016011
0.015256
0.066481
0.017093
0.015136
0.053396
0.016153
0.015262
0.067023
0.015403
0.015172
0.062364
0.015393
0.015200
0.060629
0.015645
0.063477
0.017607
0.015184
0.065977
0.015503
0.017905
0.050913
0.016479
0.015249
0.059647
0.017614
0.014920
0.014925
0.054411
0.015492
0.015302
0.059246
0.015390
0.015113
0.062336
0.015314
0.015242
0.062305
0.015355
0.015337
0.062437
0.015504
0.015117
0.058242
0.015356
0.015112
0.061898
0.017469
0.015359
0.060256
0.015451
0.015473
0.061003
0.015475
0.015135
0.063015
0.015328
0.015173
0.058458
0.015404
0.015218
0.062459
0.015388
0.015341
0.059932
0.015621
0.015495
0.061961
0.015175
0.015192
0.061875
0.015545
0.015508
0.059308
0.015353
0.015398
0.062341
0.015518
0.015310
0.061880
0.015529
0.015513
0.059773
0.015549
0.014990
0.061770
0.015538
0.014981
0.061709
0.015391
0.015046
0.061599
0.015494
0.015502
0.059799
0.015093
0.014843
0.074887
0.039186
0.015563
0.023890
0.015493
0.015526
0.061524
0.016103
0.015752
0.059120
0.015893
0.015311
0.062067
0.015902
0.015257
0.062133
0.015418
0.015558
0.053629
0.016568
0.015289
0.066887
0.015931
0.015318
0.084612
0.040309
0.041078
0.040052
0.041273
0.040738
0.040138
0.040776
0.039716
0.043275
0.040595
0.039757
0.039907
0.016630
0.025402
0.015480
0.039095
0.039900
0.039709
0.051904
0.023918
0.015739
0.055011
0.015946
0.015831
0.062063
0.015752
0.078277
0.016260
0.015694
0.059063
0.016185
0.064007
0.017135
0.015671
0.071331
0.016123
0.015973
0.061602
0.016461
0.063945
0.018140
0.015798
0.069143
0.015766
0.015942
0.020031
0.016041
0.069134
0.016170
0.016115
0.063147
0.016121
0.015709
0.058878
0.016280
0.069594
0.016766
0.040351
0.066504
0.045054
0.043372
0.043804
0.039409
0.039560
0.039680
0.038666
0.039436
0.041846
0.039328
0.039110
0.039308
0.040515
0.038808
0.046475
0.041472
0.040198
0.049250
0.043523
0.040572
0.045430
0.040176
0.042018
0.040155
0.040921
0.040091
0.040586
0.039245
0.040556
0.043219
0.039897
0.040918
0.040668
0.040164
0.040907
0.038578
0.040778
0.039944
0.040755
0.040723
0.045836
0.039685
0.040438
0.041659
0.040289
0.043178
0.050509
0.038118
0.040703
0.040521
0.040431
0.041733
0.053053
0.047811
0.045752
0.040640
0.040293
0.049530
0.096701
0.043254
0.053852
0.043348
0.042927
0.042683
0.041220
0.041115
0.042504
0.042675
0.042173
0.041729
0.038912
0.040252
0.038410
0.039169
0.039921
0.040113
0.039955
0.040860
0.039588
0.038854
0.050149
0.044308
0.042575
0.042360
0.041075
0.040878
0.041978
0.042379
0.039301
0.046450
0.040432
0.048342
0.041065
0.044299
0.044555
0.040403
0.041871
0.045222
0.040092
0.042031
0.049397
0.043600
0.123346
0.115020
0.055540
0.139939
0.098407
0.090170
0.055002
0.043001
0.041949
0.045359
0.041859
0.156772
0.098618
0.092693
0.099982
0.042938
0.047374
0.041760
0.046490
0.105950
0.049672
0.046638
0.095434
0.046976
0.044673
0.039596
0.040514
0.039004
0.039431
0.038987
0.041568
0.044498
0.040318
0.046753
0.039401
0.051966
0.040385
0.045483
0.049205
0.042982
0.042657
0.049116
0.040458
0.040034
0.041451
0.045062
0.047656
0.044941
0.041437
0.039293
0.039500
0.038511
0.040004
0.038940
0.039916
0.040751
0.040183
0.039310
0.046257
0.038018
0.038830
0.039751
0.038427
0.039232
0.038708
0.039578
0.039727
0.041940
0.039430
0.039697
0.041231
0.043745
0.046217
0.040052
0.038845
0.039405
0.038970
0.039215
0.047699
0.039383
0.039670
0.040534
0.039939
0.039175
0.039698
0.039478
0.040272
0.039897
0.041188
0.043644
0.043619
0.041270
0.046557
0.044424
0.042782
0.041016
0.041248
0.041927
0.047496
0.041939
0.044631
0.045242
0.040893
0.041007
0.044289
0.042678
0.043104
0.045856
0.040627
0.041129
0.042523
0.042766
0.039405
0.041631
0.047594
0.039316
0.039482
0.042933
0.044529
0.049608
0.040208
0.044323
0.040487
0.039499
0.042784
0.040691
0.039103
0.040040
0.038713
0.038807
0.038576
0.038329
0.040330
0.015165
0.039045
0.014979
0.015395
0.060317
0.048148
0.040122
0.040424
0.038884
0.041225
0.049514
0.123821
0.042988
0.042377
0.044450
0.058599
0.041949
0.042549
0.043823
0.039903
0.040636
0.042819
0.049596
0.053606
0.041230
0.055151
0.041927
0.073211
0.104354
0.082489
0.091069
0.041223
0.040903
0.039577
0.085414
0.180822
0.098521
0.039787
0.043869
0.037796
0.038506
0.037698
0.038331
0.037386
0.038749
0.044454
0.038641
0.039444
0.039253
0.038947
0.039041
0.038347
0.039050
0.038312
0.039024
0.038221
0.039161
0.038332
0.038499
0.037930
0.039297
0.039034
0.039375
0.039800
0.038751
0.048760
0.039312
0.039457
0.040690
0.040397
0.040084
0.039666
0.039600
0.040203
0.040711
0.040500
0.040109
0.040470
0.040438
0.039232
0.040632
0.039869
0.040344
0.041209
0.040113
0.045939
0.040165
0.040224
0.040021
0.041895
0.042510
0.039577
0.040471
0.040192
0.039598
0.040754
0.042336
0.039343
0.040498
0.039301
0.040804
0.039472
0.041175
0.040469
0.039561
0.045928
0.040467
0.040421
0.040518
0.040002
0.044854
0.040925
0.041579
0.040898
0.040533
0.040202
0.040696
0.040729
0.039930
0.042253
0.042715
0.040174
0.040890
0.041884
0.041496
0.047320
0.041582
0.041472
0.041915
0.042951
0.041862
0.040007
0.041711
0.040317
0.041209
0.041188
0.041828
0.040573
0.041887
0.041505
0.044513
0.041760
0.039678
0.041987
0.041129
0.047582
0.041425
0.041514
0.043864
0.039783
0.040741
0.040765
0.043537
0.040826
0.039599
0.040415
0.039836
0.041327
0.040392
0.040349
0.040308
0.040836
0.042993
0.053052
0.038866
0.046299
0.039724
0.039810
0.047888
0.039446
0.040347
0.039615
0.041250
0.039832
0.040750
0.040956
0.040921
0.041127
0.041756
0.041037
0.040804
0.040851
0.040757
0.042318
0.041477
0.045944
0.041079
0.040789
0.041257
0.042244
0.041754
0.040810
0.040560
0.041044
0.040809
0.042247
0.039937
0.040950
0.041976
0.040932
0.040927
0.043301
0.040574
0.040118
0.054621
0.046874
0.040946
0.040467
0.041022
0.041704
0.040735
0.040697
0.042001
0.040649
0.040746
0.052826
0.041617
0.048604
0.039996
0.046548
0.041351
0.041917
0.040083
0.041080
0.017176
0.014952
0.014894
0.080877
0.041430
0.040506
0.039599
0.015784
0.015293
0.016428
0.014385
0.014674
0.048831
0.015315
0.015363
0.062268
0.015358
0.015364
0.055807
0.015682
0.015163
0.014840
0.017932
0.014391
0.014865
0.055991
0.017709
0.014684
0.053047
0.016700
0.014797
0.014448
0.018095
0.040479
0.054055
0.039057
0.040254
0.017701
0.015922
0.039806
0.044389
0.045047
0.039450
0.039946
0.039716
0.040838
0.039969
0.040682
0.041693
0.046371
0.039734
0.040877
0.041200
0.040047
0.041227
0.040985
0.042679
0.041416
0.048102
0.041172
0.041408
0.047589
0.042534
0.041663
0.041287
0.042057
0.042081
0.042820
0.042626
0.041041
0.042115
0.043527
0.041862
0.042269
0.040895
0.042001
0.042007
0.041457
0.041264
0.042645
0.040898
0.046421
0.040500
0.042310
0.040882
0.041257
0.041732
0.041983
0.041898
0.042668
0.041618
0.042352
0.041920
0.042722
0.040996
0.042322
0.042165
0.041390
0.041768
0.042127
0.047496
0.047276
0.041878
0.041843
0.042479
0.042249
0.042706
0.041994
0.041807
0.041862
0.043188
0.041953
0.041926
0.049178
0.042428
0.042054
0.043056
0.042605
0.047672
0.037464
0.036861
0.043500
0.037794
0.038045
0.056619
0.038470
0.042511
0.038296
0.038095
0.038809
0.040141
0.040693
0.038725
0.054553
0.041357
0.041275
0.041070
0.042185
0.041305
0.041899
0.041564
0.048258
0.040591
0.042846
0.048409
0.041595
0.039120
0.039735
0.039682
0.040201
0.040838
0.040921
0.039571
0.049107
0.040432
0.041960
0.040403
0.040572
0.040415
0.047167
0.041683
0.045953
0.039755
0.041322
0.047341
0.039004
0.040515
0.042053
0.039545
0.041597
0.039747
0.042491
0.040267
0.047659
0.044058
0.048433
0.040393
0.039216
0.040237
0.039432
0.039647
0.047168
0.040502
0.039416
0.044948
0.041921
0.041709
0.039826
0.040241
0.040562
0.040764
0.039564
0.039217
0.045291
0.039120
0.042201
0.041290
0.046748
0.040320
0.041210
0.042211
0.047622
0.043347
0.044997
0.046210
0.043530
0.048224
0.040876
0.040560
0.040844
0.050134
0.042946
0.039502
0.041614
0.041172
0.040080
0.041533
0.045357
0.039577
0.041031
0.041643
0.045307
0.040674
0.040177
0.041879
0.041160
0.040897
0.041693
0.054865
0.040951
0.041793
0.040629
0.040009
0.040474
0.042072
0.052095
0.082770
0.041144
0.045223
0.041563
0.053851
0.046400
0.044118
0.040778
0.056007
0.044210
0.049161
0.042436
0.053134
0.040924
0.042677
0.042744
0.054773
0.042058
0.046289
0.041967
0.042482
0.121112
0.043391
0.046468
0.042831
0.059198
0.042717
0.045848
0.042503
0.052656
0.043555
0.045927
0.039702
0.054788
0.045209
0.047392
0.042819
0.054615
0.043131
0.051459
0.043083
0.048478
0.043674
0.051757
0.041256
0.056017
0.095496
0.042108
0.045014
0.042377
0.054509
0.041516
0.040190
0.040213
0.049245
0.042360
0.040979
0.040771
0.040184
0.041407
0.042940
0.043323
0.042479
0.044545
0.043072
0.063197
0.043215
0.042354
0.042111
0.047675
0.042222
0.054145
0.042383
0.049803
0.042706
0.050352
0.042624
0.054451
0.043550
0.047120
0.042200
0.053233
0.042643
0.057381
0.042603
0.050780
0.041568
0.047343
0.041456
0.056577
0.041974
0.049357
0.040509
0.049635
0.043154
0.053781
0.040347
0.041912
0.040795
0.046294
0.041231
0.041345
0.042713
0.040485
0.040235
0.047277
0.040371
0.039980
0.045095
0.040749
0.055059
0.041495
0.040915
0.041529
0.039974
0.040315
0.040456
0.042428
0.039801
0.044837
0.040916
0.039987
0.039624
0.041015
0.040261
0.045610
0.039304
0.042426
0.056545
0.040007
0.040487
0.040162
0.056083
0.040194
0.039680
0.040715
0.041174
0.041982
0.040291
0.042992
0.040885
0.055363
0.040926
0.048983
0.041596
0.047667
0.041136
0.041288
0.041656
0.041315
0.040791
0.041925
0.040554
0.040721
0.060548
0.040505
0.043796
0.041943
0.050500
0.040879
0.045047
0.041384
0.040237
0.040667
0.041052
0.046050
0.039978
0.040696
0.040540
0.039828
0.039867
0.040700
0.039555
0.039665
0.042548
0.040227
0.048552
0.039480
0.039919
0.040820
0.041567
0.048395
0.040457
0.042471
0.041767
0.048329
0.042475
0.042840
0.042352
0.042272
0.042042
0.042734
0.042123
0.042158
0.041924
0.042192
0.042651
0.041627
0.045145
0.042279
0.048522
0.041617
0.041037
0.042376
0.041373
0.048062
0.041720
0.043618
0.041020
0.041197
0.042189
0.041541
0.042492
0.042507
0.041667
0.042590
0.041422
0.042016
0.042793
0.041797
0.042191
0.041666
0.046027
0.042073
0.042496
0.047452
0.042068
0.042224
0.042393
0.043101
0.043104
0.042571
0.042427
0.043169
0.043903
0.044247
0.042067
0.046640
0.043164
0.047044
0.043805
0.042313
0.042722
0.042921
0.043037
0.048151
0.042408
0.042524
0.042941
0.042817
0.043721
0.042591
0.050046
0.043508
0.051072
0.042700
0.046744
0.043360
0.043537
0.043050
0.043719
0.042986
0.041363
0.041273
0.043412
0.049520
0.043361
0.044555
0.043464
0.043225
0.042502
0.049347
0.043351
0.051133
0.042401
0.043038
0.042279
0.042599
0.042745
0.044904
0.042650
0.042919
0.042646
0.043912
0.042940
0.048636
0.042838
0.043275
0.049066
0.042111
0.047050
0.042997
0.041922
0.042422
0.041239
0.043405
0.043550
0.042998
0.042569
0.042860
0.043318
0.043577
0.043273
0.051575
0.041979
0.047949
0.042293
0.043362
0.042698
0.042454
0.043239
0.043160
0.043122
0.043795
0.042762
0.042032
0.070190
0.069847
0.041523
0.046732
0.041517
0.049204
0.041606
0.041726
0.043048
0.048142
0.041750
0.043582
0.040954
0.041595
0.041857
0.042065
0.046747
0.041029
0.052257
0.042317
0.041906
0.045122
0.046959
0.045258
0.041328
0.041331
0.043320
0.054265
0.046111
0.053657
0.044923
0.041669
0.044008
0.042384
0.042314
0.041591
0.042195
0.041750
0.042159
0.041854
0.042754
0.042516
0.042075
0.042462
0.042027
0.043289
0.042408
0.042933
0.042430
0.048405
0.041443
0.042171
0.042088
0.041997
0.042950
0.042494
0.042577
0.042370
0.042123
0.042698
0.041916
0.046691
0.041622
0.049688
0.041449
0.052487
0.043125
0.042124
0.041747
0.047270
0.042380
0.042016
0.042901
0.043047
0.042711
0.042348
0.041875
0.042930
0.047465
0.042804
0.043310
0.042665
0.042966
0.042852
0.042423
0.043212
0.042377
0.042184
0.042797
0.048167
0.042740
0.043902
0.042164
0.051422
0.042658
0.042471
0.042304
0.042191
0.042782
0.044095
0.042694
0.043524
0.044095
0.043214
0.042830
0.043468
0.043761
0.042356
0.043033
0.048364
0.043402
0.042382
0.042907
0.042589
0.042230
0.042289
0.042050
0.042621
0.041929
0.045690
0.045696
0.052249
0.043509
0.045477
0.043257
0.051402
0.042829
0.052044
0.043128
0.048382
0.041389
0.042481
0.042757
0.042188
0.042746
0.042903
0.042651
0.042302
0.042143
0.042570
0.044651
0.042534
0.049513
0.043445
0.042633
0.041712
0.042439
0.042139
0.042156
0.048549
0.041919
0.042674
0.042044
0.041939
0.042798
0.048659
0.041839
0.042314
0.043141
0.042576
0.042192
0.043030
0.042019
0.043322
0.042443
0.088278
0.040630
0.041214
0.040436
0.046072
0.040722
0.044653
0.041691
0.040372
0.041330
0.042273
0.045529
0.040964
0.055947
0.041758
0.049559
0.040845
0.051879
0.043419
0.040205
0.040930
0.040778
0.040951
0.041473
0.046383
0.040974
0.040899
0.040741
0.052281
0.040614
0.055257
0.040781
0.049841
0.040461
0.045710
0.040687
0.046440
0.040604
0.040217
0.042098
0.039148
0.040450
0.040527
0.055072
0.045023
0.039934
0.040964
0.040617
0.040112
0.040749
0.041178
0.039495
0.044015
0.040155
0.039892
0.040525
0.040159
0.040511
0.041125
0.041221
0.039821
0.050143
0.040125
0.040395
0.046595
0.040884
0.041045
0.041093
0.041279
0.041326
0.045130
0.040545
0.044839
0.039894
0.045593
0.041651
0.040903
0.040851
0.041654
0.041232
0.042063
0.041876
0.041482
0.050494
0.046510
0.049405
0.040512
0.040377
0.040975
0.040878
0.040920
0.041912
0.041022
0.042107
0.043108
0.041261
0.052616
0.040554
0.041691
0.040911
0.040751
0.041308
0.040766
0.040465
0.047411
0.041473
0.040643
0.055676
0.041310
0.050722
0.041230
0.040982
0.041955
0.043094
0.040206
0.041475
0.041304
0.040602
0.041364
0.041746
0.051707
0.040839
0.055415
0.042104
0.052974
0.040122
0.044375
0.040054
0.040828
0.041318
0.041131
0.041640
0.041450
0.041057
0.042260
0.051751
0.040939
0.052641
0.040581
0.055422
0.040223
0.041246
0.040195
0.046963
0.046194
0.041413
0.041537
0.041873
0.041088
0.040554
0.044514
0.041196
0.052822
0.041228
0.050303
0.040800
0.041039
0.041097
0.052310
0.039939
0.040497
0.041433
0.042495
0.042131
0.047542
0.050128
0.079790
0.042678
0.043652
0.041545
0.043525
0.043134
0.041905
0.042221
0.042498
0.042644
0.042085
0.046373
0.041979
0.050014
0.041992
0.057572
0.041374
0.044689
0.049760
0.043535
0.040272
0.039606
0.039301
0.041217
0.040291
0.039924
0.042101
0.043804
0.041585
0.042358
0.041070
0.041880
0.040869
0.040725
0.041500
0.041036
0.042021
0.048378
0.046091
0.048534
0.039721
0.039998
0.041062
0.040963
0.039631
0.039675
0.041726
0.041235
0.048769
0.041821
0.048934
0.040845
0.040756
0.040514
0.042153
0.041318
0.041582
0.041723
0.046961
0.043175
0.041218
0.041773
0.041169
0.040909
0.041251
0.041558
0.041208
0.041290
0.044831
0.041304
0.041153
0.041596
0.041183
0.041223
0.042032
0.041742
0.041111
0.043522
0.047825
0.040619
0.041450
0.040867
0.040789
0.041706
0.041422
0.042063
0.041351
0.045120
0.044404
0.040513
0.054235
0.040747
0.041414
0.042121
0.041303
0.040724
0.042217
0.041848
0.047416
0.039832
0.041629
0.048174
0.042436
0.043074
0.042123
0.041884
0.040425
0.041481
0.042202
0.041135
0.041405
0.041103
0.050577
0.041761
0.054534
0.043813
0.041453
0.040882
0.046132
0.042051
0.041990
0.041229
0.040803
0.041316
0.040853
0.043322
0.039853
0.044887
0.040947
0.040008
0.040956
0.040725
0.040205
0.040443
0.044729
0.041222
0.051880
0.051182
0.051001
0.042524
0.047330
0.042229
0.048221
0.041659
0.042536
0.043474
0.043708
0.041540
0.043363
0.041834
0.042136
0.041847
0.042684
0.044281
0.042766
0.050145
0.042339
0.042165
0.048384
0.042346
0.042599
0.041494
0.042105
0.043274
0.042809
0.041016
0.043675
0.041024
0.047552
0.041855
0.042306
0.041917
0.041970
0.042426
0.042244
0.041941
0.041612
0.042172
0.047495
0.041619
0.041326
0.044958
0.041464
0.040800
0.041315
0.042498
0.042288
0.041917
0.041974
0.041761
0.043372
0.043283
0.041345
0.043003
0.042878
0.041862
0.044442
0.042362
0.049997
0.043510
0.042985
0.042573
0.042426
0.043098
0.041904
0.045563
0.042114
0.049553
0.041209
0.042494
0.043186
0.041568
0.044133
0.042572
0.043082
0.076635
0.041837
0.041032
0.048992
0.040905
0.042262
0.041637
0.016856
0.016203
0.015981
0.019585
0.040754
0.073188
0.041619
0.042634
0.041848
0.041890
0.043621
0.039770
0.041978
0.040776
0.041506
0.040816
0.047930
0.041334
0.043475
0.041198
0.040992
0.042031
0.041948
0.040273
0.040483
0.040829
0.039806
0.040970
0.042175
0.041388
0.040587
0.041340
0.042880
0.040873
0.041336
0.041991
0.051228
0.039526
0.040877
0.040342
0.041515
0.041586
0.040576
0.042095
0.046313
0.041060
0.041112
0.045207
0.041287
0.040948
0.040421
0.041516
0.040639
0.040769
0.125288
0.040443
0.045682
0.043685
0.040947
0.042001
0.039493
0.041239
0.041655
0.045348
0.040293
0.041669
0.041919
0.047032
0.041075
0.049719
0.038631
0.040152
0.040557
0.040190
0.049956
0.040111
0.044986
0.040246
0.040635
0.040884
0.039622
0.049740
0.041839
0.043161
0.037419
0.038565
0.039492
0.038419
0.039899
0.038615
0.039534
0.040456
0.041941
0.038634
0.040077
0.039311
0.045403
0.040131
0.039246
0.038820
0.039864
0.054521
0.039721
0.039025
0.039388
0.040040
0.038767
0.040540
0.044853
0.040278
0.040104
0.039462
0.041272
0.040390
0.039403
0.042044
0.045504
0.039913
0.039499
0.060611
0.039986
0.039890
0.042736
0.039983
0.039216
0.040571
0.040134
0.041282
0.040614
0.040597
0.041630
0.039982
0.040390
0.041020
0.040854
0.041675
0.046828
0.041021
0.043797
0.044242
0.040233
0.052445
0.040858
0.040296
0.041360
0.042022
0.040970
0.040617
0.041725
0.040134
0.046413
0.043819
0.052648
0.041103
0.040103
0.040916
0.045683
0.040382
0.038848
0.039899
0.040307
0.044472
0.039769
0.046913
0.040670
0.040069
0.039621
0.040624
0.039698
0.039948
0.043861
0.038659
0.040142
0.041263
0.039564
0.040560
0.046052
0.039841
0.040333
0.044297
0.039447
0.040728
0.039684
0.041047
0.039274
0.039193
0.040721
0.040227
0.038406
0.040495
0.039442
0.039954
0.039260
0.039592
0.040577
0.039001
0.045674
0.039337
0.039507
0.046212
0.039602
0.039156
0.038960
0.040843
0.040271
0.040621
0.038487
0.040007
0.041232
0.038885
0.039360
0.039679
0.039346
0.038893
0.040329
0.041165
0.047794
0.038747
0.042327
0.041932
0.040959
0.040327
0.041384
0.043094
0.040718
0.042149
0.048111
0.040932
0.039766
0.040210
0.038706
0.041236
0.039666
0.040420
0.039856
0.039417
0.046830
0.040138
0.038877
0.040246
0.039768
0.039298
0.040532
0.038949
0.041007
0.046437
0.041827
