2.305935
0.044629
0.047594
0.040477
0.041598
0.040869
0.048414
0.061112
0.042777
0.041822
0.040646
0.041698
0.041017
0.041717
0.041076
0.041454
0.041574
0.041690
0.041136
0.044445
0.045974
0.040895
0.040019
0.039678
0.039452
0.038788
0.039381
0.039918
0.038678
0.039768
0.046039
0.039278
0.040671
0.038719
0.039853
0.039524
0.039108
0.040842
0.039521
0.039323
0.045458
0.038644
0.040358
0.111707
0.041739
0.042074
0.045091
0.042521
0.049330
0.041104
0.043558
0.042806
0.042532
0.042303
0.051791
0.042496
0.042766
0.042328
0.042188
0.047319
0.052876
0.038175
0.037632
0.038402
0.038252
0.038244
0.038061
0.037753
0.042044
0.036624
0.037572
0.038152
0.047460
0.037896
0.045498
0.037288
0.038587
0.037792
0.037913
0.037876
0.043887
0.038783
0.038508
0.038238
0.036963
0.041914
0.038206
0.049941
0.037386
0.042715
0.037737
0.039104
0.037957
0.038247
0.040083
0.037030
0.037974
0.038311
0.041027
0.037488
0.061742
0.040625
0.040238
0.040213
0.042540
0.042437
0.043719
0.040780
0.040339
0.041018
0.046141
0.040467
0.039852
0.039070
0.039358
0.038784
0.038829
0.038399
0.039256
0.039589
0.045248
0.038753
0.038820
0.039681
0.038732
0.039243
0.039177
0.038646
0.039908
0.038616
0.040293
0.039110
0.039083
0.039580
0.045089
0.038663
0.038462
0.039926
0.040120
0.047774
0.046002
0.039916
0.039868
0.040970
0.039519
0.040158
0.040354
0.041626
0.040012
0.040478
0.045633
0.040966
0.039516
0.040020
0.043630
0.038734
0.039743
0.038922
0.039886
0.041426
0.050739
0.039798
0.041004
0.039362
0.040307
0.039174
0.039829
0.043828
0.040536
0.040052
0.039968
0.047189
0.040097
0.039112
0.040305
0.039244
0.039804
0.040581
0.041111
0.039941
0.045480
0.045248
0.039940
0.040122
0.040506
0.040250
0.039716
0.039539
0.042152
0.043039
0.038676
0.040108
0.041046
0.037502
0.042585
0.039098
0.039471
0.038914
0.039083
0.039229
0.047825
0.040281
0.038764
0.039420
0.038683
0.042241
0.040231
0.040415
0.040314
0.039417
0.038507
0.038362
0.038282
0.038903
0.041448
0.039541
0.038720
0.039732
0.038528
0.040070
0.047666
0.037656
0.038421
0.040397
0.039710
0.038310
0.044496
0.042107
0.041472
0.039212
0.045896
0.040316
0.041031
0.041556
0.041543
0.040718
0.040182
0.042182
0.041110
0.041002
0.045635
0.041162
0.042628
0.040005
0.039964
0.040686
0.040941
0.041944
0.041368
0.042020
0.041768
0.041699
0.040479
0.044744
0.040416
0.040139
0.041814
0.041390
0.041507
0.041593
0.047894
0.041216
0.041724
0.045562
0.042540
0.042201
0.042667
0.041431
0.043405
0.041644
0.040231
0.042785
0.042074
0.040024
0.039916
0.045038
0.039860
0.040608
0.040554
0.038883
0.045437
0.040833
0.040641
0.039896
0.040642
0.040029
0.040014
0.038649
0.040155
0.039927
0.039468
0.040457
0.040241
0.039472
0.039639
0.039869
0.041186
0.040598
0.041239
0.039977
0.051155
0.041431
0.041078
0.040983
0.041427
0.041440
0.041251
0.040482
0.041143
0.040142
0.040689
0.041380
0.040139
0.042068
0.048360
0.040498
0.040350
0.041709
0.039752
0.040685
0.047242
0.042139
0.041775
0.040749
0.041005
0.040257
0.041378
0.041371
0.040297
0.041465
0.041362
0.041391
0.040523
0.040440
0.041577
0.040354
0.041781
0.040185
0.040801
0.040249
0.049278
0.039866
0.040237
0.040856
0.042094
0.040810
0.041054
0.041624
0.041385
0.041419
0.043707
0.041681
0.042035
0.050759
0.041352
0.042252
0.041252
0.041806
0.042177
0.041582
0.048595
0.041846
0.041325
0.042122
0.042889
0.041618
0.041384
0.042756
0.042170
0.043512
0.042247
0.042191
0.040811
0.041155
0.039062
0.040241
0.041619
0.043703
0.041371
0.041199
0.047164
0.041655
0.041762
0.043037
0.041800
0.044034
0.041270
0.041166
0.041653
0.041176
0.043059
0.040740
0.045532
0.040218
0.041243
0.041440
0.041375
0.041038
0.042273
0.041250
0.047373
0.044794
0.041801
0.041400
0.041491
0.041573
0.041144
0.042004
0.041740
0.040928
0.041087
0.040967
0.050982
0.041189
0.040558
0.041032
0.040823
0.040891
0.041112
0.042059
0.046237
0.040929
0.041162
0.040736
0.041147
0.041959
0.041684
0.044391
0.081034
0.042795
0.041780
0.042726
0.042924
0.045910
0.042963
0.042480
0.042743
0.042389
0.042847
0.042457
0.048459
0.042905
0.043375
0.040783
0.042275
0.042210
0.040735
0.042069
0.039691
0.041320
0.044069
0.040290
0.041990
0.044682
0.041910
0.041505
0.042431
0.043353
0.041517
0.041814
0.046890
0.043929
0.043459
0.041921
0.042924
0.042595
0.042283
0.041586
0.041235
0.042347
0.045008
0.040575
0.042160
0.041789
0.043025
0.041654
0.041609
0.042413
0.042968
0.041775
0.048061
0.045689
0.041020
0.041507
0.042886
0.042262
0.044444
0.040198
0.041627
0.041814
0.042554
0.041115
0.040874
0.041790
0.042070
0.041863
0.041997
0.042471
0.041190
0.044349
0.047308
0.040884
0.040893
0.040906
0.041417
0.041678
0.041369
0.041347
0.041369
0.040900
0.046883
0.045806
0.040488
0.040686
0.041175
0.041248
0.040876
0.041010
0.040534
0.040863
0.046449
0.042726
0.040659
0.039997
0.040563
0.040623
0.039801
0.040398
0.041569
0.040672
0.040662
0.039488
0.038130
0.039617
0.040932
0.040044
0.039423
0.040010
0.039508
0.039348
0.047799
0.039722
0.039104
0.039375
0.039954
0.039889
0.039416
0.039577
0.039831
0.042687
0.040560
0.040822
0.041811
0.041214
0.041203
0.040583
0.040843
0.041296
0.040759
0.040204
0.045769
0.039680
0.041111
0.045065
0.039053
0.039615
0.039573
0.040004
0.043008
0.040022
0.040817
0.040115
0.039664
0.039959
0.040050
0.039521
0.039838
0.040612
0.040266
0.040299
0.045423
0.040631
0.040733
0.040340
0.040025
0.040278
0.040304
0.043209
0.040403
0.039865
0.041781
0.039850
0.040079
0.041765
0.039548
0.039900
0.041212
0.040287
0.040165
0.041072
0.046279
0.040159
0.041634
0.040982
0.040617
0.041468
0.038787
0.038973
0.038843
0.038718
0.038841
0.044216
0.038318
0.038643
0.045001
0.039609
0.039560
0.040899
0.039286
0.039343
0.046076
0.039567
0.039582
0.040122
0.043163
0.039173
0.039977
0.040112
0.039450
0.040389
0.039322
0.039171
0.039550
0.039463
0.040663
0.040710
0.040852
0.039718
0.039473
0.040964
0.044945
0.042055
0.086940
0.039320
0.055694
0.037613
0.046250
0.038574
0.039153
0.040245
0.038863
0.039917
0.039783
0.038686
0.039781
0.039844
0.040467
0.039887
0.039137
0.039716
0.045990
0.039759
0.040818
0.040579
0.043187
0.040059
0.040948
0.039063
0.039637
0.040752
0.039176
0.039114
0.041075
0.040250
0.043902
0.063947
0.044169
0.041941
0.042039
0.041703
0.086806
0.093392
0.047764
0.136528
0.042841
0.041787
0.040545
0.040781
0.040895
0.040881
0.043939
0.040509
0.042135
0.042830
0.042001
0.043601
0.041294
0.042339
0.040373
0.040429
0.044616
0.041398
0.043393
0.044515
0.040586
0.042651
0.040850
0.041286
0.041748
0.039257
0.040113
0.039829
0.040639
0.041417
0.041764
0.040968
0.041682
0.041326
0.043456
0.039402
0.051286
0.042034
0.042280
0.046169
0.047023
0.042357
0.046110
0.043424
0.042812
0.047837
0.043513
0.046249
0.042612
0.042653
0.043604
0.043454
0.047676
0.043838
0.045859
0.041921
0.046261
0.041825
0.042940
0.042694
0.044291
0.041845
0.042974
0.045316
0.040865
0.041214
0.041514
0.040901
0.041856
0.041538
0.041379
0.042067
0.045201
0.042355
0.044531
0.042780
0.047179
0.045168
0.043961
0.043103
0.042037
0.042490
0.043632
0.043767
0.041835
0.042928
0.043690
0.041088
0.043237
0.045043
0.041569
0.040949
0.042828
0.041055
0.040873
0.042369
0.046547
0.044388
0.040900
0.039758
0.041415
0.041482
0.040076
0.047369
0.039422
0.039323
0.040445
0.048053
0.038803
0.039874
0.039875
0.039532
0.039844
0.038847
0.041660
0.041736
0.048807
0.039328
0.045818
0.039449
0.047386
0.041978
0.040242
0.042526
0.042652
0.042791
0.044963
0.045743
0.041913
0.043070
0.045969
0.042048
0.042497
0.043706
0.042637
0.041856
0.048189
0.041983
0.043262
0.042197
0.042332
0.043345
0.042442
0.041950
0.043830
0.041764
0.042492
0.054964
0.049203
0.041574
0.043277
0.042112
0.042028
0.041326
0.043538
0.053771
0.058836
0.044080
0.040678
0.041713
0.042630
0.042794
0.039419
0.041735
0.040207
0.041348
0.042939
0.041956
0.044750
0.043112
0.044273
0.040460
0.041062
0.040633
0.041325
0.041438
0.045977
0.042249
0.042071
0.042404
0.043027
0.040970
0.045098
0.043513
0.040880
0.040815
0.041831
0.040997
0.042096
0.041399
0.040642
0.041903
0.043180
0.047135
0.049499
0.045924
0.045464
0.041002
0.040592
0.045362
0.043011
0.043433
0.044003
0.044236
0.042225
0.042821
0.043049
0.043691
0.043306
0.043067
0.043922
0.045391
0.045816
0.041535
0.040726
0.044973
0.047005
0.040801
0.041972
0.043521
0.041000
0.040210
0.041011
0.040957
0.040805
0.041448
0.040671
0.041646
0.041071
0.041514
0.045689
0.040582
0.040835
0.044381
0.040376
0.041214
0.045840
0.039676
0.046510
0.042349
0.040209
0.040631
0.040223
0.040021
0.039301
0.040277
0.040978
0.040168
0.046635
0.040192
0.041016
0.040175
0.040658
0.039999
0.041014
0.043057
0.046773
0.041057
0.040536
0.040417
0.041193
0.041537
0.041162
0.040609
0.040258
0.040763
0.040758
0.041141
0.040982
0.041321
0.041027
0.040502
0.041391
0.042102
0.041644
0.040436
0.046167
0.041063
0.040970
0.040032
0.043110
0.049681
0.038864
0.041021
0.044625
0.039612
0.039498
0.040379
0.040612
0.040402
0.042142
0.041482
0.041628
0.042102
0.045350
0.041750
0.046890
0.042414
0.042016
0.041174
0.040304
0.040648
0.040225
0.040545
0.040567
0.040582
0.040244
0.040708
0.045020
0.041023
0.041534
0.041849
0.041711
0.041682
0.042469
0.041295
0.047719
0.040759
0.041059
0.042804
0.040768
0.040941
0.040843
0.040660
0.041292
0.041566
0.041202
0.041001
0.045131
0.040427
0.044352
0.040667
0.042097
0.041348
0.043165
0.041864
0.047704
0.041171
0.042289
0.041363
0.041799
0.040659
0.041715
0.041552
0.041031
0.041291
0.041656
0.042740
0.041302
0.043128
0.041467
0.040918
0.042658
0.042675
0.049820
0.039575
0.045377
0.039793
0.039197
0.038817
0.039422
0.040605
0.039283
0.047025
0.039282
0.038847
0.039372
0.039410
0.040457
0.040999
0.039287
0.039669
0.039607
0.039676
0.039542
0.039751
0.046993
0.039103
0.039274
0.039153
0.040145
0.039129
0.050632
0.040030
0.039460
0.039780
0.039303
0.040632
0.040543
0.046267
0.065431
0.041483
0.041009
0.041638
0.041420
0.041017
0.046642
0.041591
0.054530
0.041337
0.041219
0.043139
0.041949
0.043044
0.044255
0.041203
0.042109
0.041980
0.042855
0.041442
0.041527
0.041395
0.044307
0.122122
0.042019
0.042159
0.047678
0.043002
0.042312
0.041923
0.042315
0.042498
0.042481
0.041324
0.041483
0.043980
0.039909
0.040506
0.040809
0.041205
0.040859
0.041226
0.040553
0.041117
0.041107
0.040323
0.046270
0.040527
0.040854
0.040524
0.040975
0.041483
0.040110
0.041143
0.041441
0.041525
0.040927
0.041060
0.040555
0.040987
0.040442
0.040449
0.038765
0.039636
0.039257
0.039240
0.045308
0.039773
0.039205
0.039204
0.039173
0.040302
0.039940
0.039353
0.040098
0.039524
0.038608
0.038510
0.038038
0.039110
0.040100
0.040453
0.039843
0.039613
0.038910
0.039329
0.044910
0.039448
0.039513
0.039947
0.040757
0.039890
0.040937
0.039805
0.040025
0.039225
0.039063
0.040794
0.038495
0.039302
0.039617
0.039478
0.038991
0.038767
0.038233
0.039398
0.043447
0.039517
0.038780
0.039334
0.039651
0.039524
0.039047
0.040368
0.044101
0.039656
0.039360
0.039416
0.038997
0.040573
0.039843
0.040284
0.040005
0.039347
0.043885
0.039899
0.044740
0.039588
0.039836
0.039611
0.040751
0.039663
0.039479
0.039280
0.038880
0.054384
0.039443
0.039664
0.040164
0.040118
0.040792
0.039922
0.040460
0.040079
0.039159
0.039510
0.044691
0.039704
0.039096
0.039323
0.040009
0.039865
0.039153
0.039201
0.039172
0.039124
0.040076
0.038911
0.040895
0.039406
0.039606
0.039103
0.039397
0.039754
0.039582
0.040054
0.044562
0.040029
0.041290
0.040343
0.040331
0.039673
0.039842
0.038924
0.039483
0.038061
0.038475
0.040830
0.039150
0.039874
0.039547
0.039507
0.041330
0.038761
0.038658
0.051037
0.046694
0.039595
0.043888
0.039371
0.039657
0.039212
0.039454
0.040413
0.039557
0.039448
0.040562
0.039957
0.039132
0.039786
0.039448
0.039594
0.039932
0.041012
0.041300
0.040690
0.046979
0.040281
0.040774
0.040300
0.039857
0.040675
0.041102
0.040288
0.039791
0.042134
0.145506
0.040362
0.040025
0.041545
0.041294
0.042147
0.040752
0.041376
0.041218
0.041384
0.046662
0.043989
0.040588
0.040221
0.040849
0.041444
0.041471
0.040935
0.040581
0.040338
0.040793
0.040677
0.041885
0.041386
0.042011
0.040853
0.039965
0.044405
0.039336
0.040540
0.044441
0.040199
0.039696
0.039763
0.038903
0.039516
0.039462
0.039858
0.040701
0.039114
0.040195
0.040351
0.039700
0.039968
0.039292
0.039986
0.039847
0.039468
0.039297
0.041091
0.046256
0.040291
0.039401
0.040207
0.039892
0.039377
0.039473
0.039606
0.040520
0.040265
0.040135
0.039822
0.039072
0.039387
0.039852
0.039788
0.039796
0.039793
0.039828
0.039717
0.045904
0.040177
0.040190
0.040165
0.040395
0.040190
0.040226
0.039100
0.039286
0.041000
0.041527
0.039947
0.039860
0.040343
0.040386
0.039152
0.040794
0.039564
0.039828
0.040260
0.045497
0.039172
0.040536
0.039762
0.040438
0.039618
0.041730
0.039641
0.039299
0.039011
0.039479
0.039522
0.040380
0.038918
0.039711
0.039559
0.040035
0.040332
0.040081
0.039987
0.045155
0.039831
0.039557
0.043014
0.040967
0.041175
0.041356
0.040553
0.041117
0.040731
0.040386
0.040376
0.041312
0.040842
0.040900
0.040517
0.040763
0.040799
0.040560
0.040632
0.047105
0.039733
0.040234
0.066310
0.040220
0.040361
0.040813
0.044815
0.040534
0.040513
0.040451
0.045432
0.041378
0.041135
0.041371
0.044001
0.040562
0.039466
0.041610
0.041911
0.047570
0.040999
0.041059
0.039473
0.041088
0.040027
0.040312
0.039752
0.040679
0.042673
0.045608
0.040660
0.040625
0.041984
0.048572
0.040333
0.040613
0.043833
0.040053
0.040776
0.046595
0.040280
0.043955
0.040081
0.043441
0.041902
0.041902
0.041674
0.041595
0.041939
0.041834
0.041786
0.041358
0.041177
0.041556
0.041511
0.040940
0.040979
0.041198
0.041336
0.045485
0.040111
0.041116
0.041258
0.041533
0.046726
0.040910
0.042206
0.040644
0.042631
0.040324
0.040036
0.040000
0.044225
0.040179
0.043551
0.040291
0.040553
0.040139
0.040757
0.046160
0.040344
0.040514
0.040750
0.040143
0.040262
0.039823
0.039937
0.041709
0.039258
0.038929
0.039214
0.039227
0.039914
0.038848
0.039724
0.039144
0.040338
0.039255
0.040778
0.045060
0.038977
0.039528
0.044504
0.040065
0.039820
0.039818
0.039328
0.039998
0.039036
0.039154
0.041098
0.038980
0.040168
0.039447
0.039572
0.038952
0.039361
0.043324
0.039444
0.044642
0.039180
0.039902
0.039207
0.039566
0.040094
0.039503
0.039307
0.041989
0.040387
0.040123
0.039602
0.039763
0.039513
0.040059
0.053375
0.038351
0.041762
0.039831
0.040643
0.045186
0.039359
0.040617
0.039703
0.039411
0.039800
0.039667
0.039782
0.039758
0.039803
0.040795
0.039280
0.040094
0.040529
0.041451
0.040743
0.041914
0.041484
0.040803
0.041168
0.046512
0.040480
0.040951
0.041453
0.046076
0.040560
0.045904
0.039637
0.039091
0.039657
0.039372
0.040440
0.039490
0.040252
0.039375
0.039633
0.039667
0.044419
0.039637
0.039909
0.045975
0.040356
0.040769
0.040972
0.040764
0.040181
0.040407
0.039757
0.039799
0.039923
0.039230
0.040269
0.039636
0.039738
0.039704
0.040434
0.046304
0.038749
0.040232
0.040004
0.045264
0.039754
0.039418
0.039924
0.040118
0.039415
0.040275
0.041267
0.040021
0.039551
0.039901
0.039259
0.040480
0.044658
0.038662
0.038941
0.039780
0.040022
0.040475
0.039349
0.044707
0.039680
0.039527
0.039636
0.040586
0.040314
0.040004
0.038987
0.039952
0.041995
0.039751
0.039125
0.039748
0.039719
0.039514
0.039678
0.039510
0.039087
0.041513
0.040456
0.045003
0.040018
0.040081
0.040363
0.041934
0.043465
0.038934
0.040149
0.038659
0.039528
0.039667
0.039272
0.039887
0.039402
0.040255
0.039478
0.038861
0.039262
0.043133
0.039583
0.044690
0.041431
0.038624
0.038744
0.039287
0.039238
0.038819
0.040071
0.039407
0.039809
0.039735
0.039766
0.039828
0.046940
0.039934
0.039275
0.039618
0.040071
0.039462
0.039764
0.045246
0.039413
0.039588
0.039300
0.040649
0.040391
0.038696
0.039877
0.041580
0.038736
0.039032
0.039558
0.039615
0.040467
0.041115
0.040316
0.039508
0.039614
0.039627
0.039789
0.046162
0.039653
0.039586
0.046849
0.040128
0.040153
0.040205
0.039543
0.038871
0.050948
0.039142
0.039011
0.038500
0.039466
0.039575
0.042926
0.038718
0.039686
0.039882
0.040465
0.046249
0.040123
0.042750
0.040420
0.043612
0.038930
0.039994
0.040234
0.039795
0.040101
0.045231
0.102792
0.040253
0.041016
0.041269
0.040894
0.041373
0.041002
0.041880
0.041942
0.059203
0.041066
0.042112
0.041792
0.042132
0.041671
0.038847
0.040449
0.041210
0.041594
0.041307
0.041541
0.040543
0.041211
0.041082
0.044259
0.038549
0.039856
0.039747
0.039973
0.046728
0.039769
0.043135
0.042336
0.046226
0.040182
0.040969
0.040934
0.041667
0.042033
0.042627
0.040823
0.041192
0.042250
0.039662
0.040694
0.043309
0.041001
0.043820
0.040049
0.046732
0.039900
0.040355
0.041581
0.040210
0.040879
0.040812
0.040595
0.038992
0.039968
0.041060
0.042149
0.040509
0.041445
0.040820
0.040584
0.041573
0.041445
0.040741
0.043285
0.045882
0.040405
0.044383
0.042841
0.040319
0.040569
0.040166
0.040714
0.040684
0.041059
0.044514
0.039449
0.040929
0.039426
0.039274
0.039119
0.039069
0.039298
0.040213
0.039324
0.054156
0.039717
0.039835
0.039755
0.045315
0.039850
0.039700
0.038942
0.040337
0.039855
0.040625
0.040386
0.040344
0.040818
0.039867
0.039976
0.040056
0.040406
0.040839
0.039513
0.044803
0.042289
0.039159
0.039467
0.039160
0.040483
0.039936
0.039785
0.040095
0.039674
0.039891
0.040144
0.039130
0.040829
0.040728
0.041114
0.039944
0.039867
0.046774
0.039729
0.045349
0.039675
0.040270
0.040285
0.048945
0.040360
0.040852
0.039709
0.039674
0.039164
0.038813
0.038851
0.039323
0.038046
0.039258
0.038908
0.039491
0.046681
0.039558
0.039402
0.045497
0.040802
0.040892
0.040791
0.040153
0.041086
0.039418
0.039502
0.039396
0.039859
0.040400
0.040956
0.039952
0.040236
0.040077
0.039764
0.039643
0.039567
0.041110
0.039533
0.044783
0.039703
0.039888
0.039588
0.039461
0.039310
0.039858
0.040158
0.040265
0.040869
0.039802
0.039415
0.039191
0.042649
0.038901
0.039414
0.039879
0.040137
0.040237
0.039496
0.045129
0.040375
0.040864
0.040445
0.040325
0.040144
0.039679
0.040994
0.038978
0.039182
0.038883
0.039401
0.044414
0.039940
0.039545
0.039268
0.039313
0.040147
0.039432
0.039717
0.045346
0.039084
0.040057
0.039664
0.039529
0.039781
0.039425
0.041206
0.040059
0.043343
0.040210
0.039217
0.040019
0.039436
0.039126
0.038990
0.038818
0.039850
0.040159
0.039447
0.044994
0.040036
0.040200
0.039801
0.039537
0.039028
0.045881
0.039356
0.038718
0.039359
0.039026
0.039843
0.040612
0.039541
0.039106
0.039162
0.039106
0.039477
0.038883
0.040961
0.044401
0.040051
0.039257
0.043786
0.039604
0.039210
0.039089
0.039042
0.040784
0.038915
0.039634
0.039663
0.040606
0.040319
0.039407
0.039618
0.039577
0.040134
0.041406
0.099629
0.046801
0.040729
0.040827
0.040315
0.041327
0.053915
0.046366
0.047359
0.072271
0.039886
0.041070
0.042278
0.040434
0.040775
0.040534
0.040859
0.041284
0.041231
0.041561
0.040800
0.048997
0.039419
0.039756
0.039953
0.043362
0.039726
0.056100
0.050376
0.047766
0.049999
0.044271
0.041175
0.042929
0.041532
0.044987
0.040693
0.043884
0.040491
0.045069
0.042783
0.048469
0.041323
0.040795
0.040549
0.044417
0.041624
0.041764
0.041381
0.040921
0.041716
0.041867
0.040814
0.040539
0.041621
0.041970
0.040811
0.041477
0.041230
0.041327
0.041180
0.046892
0.041947
0.040063
0.040548
0.041295
0.044425
0.041620
0.041977
0.041564
0.041738
0.041761
0.041517
0.041758
0.041733
0.041765
0.045933
0.041329
0.040196
0.041239
0.040949
0.049259
0.041748
0.041582
0.041912
0.041619
0.041901
0.042740
0.042019
0.041465
0.041743
0.041894
0.043102
0.041626
0.041057
0.042169
0.042631
0.043134
0.041390
0.040789
0.040510
0.047849
0.042802
0.040713
0.041481
0.040987
0.040731
0.040959
0.040934
0.041066
0.040027
0.041286
0.041047
0.041405
0.040755
0.041704
0.040291
0.041621
0.040140
0.040986
0.040686
0.046777
0.040669
0.041022
0.040468
0.041224
0.040969
0.040200
0.041462
0.040444
0.041234
0.040796
0.040919
0.041429
0.040306
0.042182
0.041692
0.041168
0.041207
0.041903
0.040351
0.050182
0.041263
0.040740
0.041245
0.040607
0.042137
0.040534
0.040338
0.041231
0.041589
0.041627
0.041326
0.041570
0.046863
0.041978
0.041358
0.045630
0.039052
0.040359
0.040835
0.045887
0.040765
0.040831
0.040369
0.040714
0.041394
0.040599
0.040978
0.041102
0.040014
0.040684
0.041939
0.041775
0.045556
0.040556
0.040307
0.041044
0.040325
0.040708
0.039891
0.045829
0.040201
0.040543
0.040791
0.041483
0.041634
0.042543
0.040549
0.042761
0.040695
0.042276
0.039832
0.041701
0.040689
0.041268
0.040665
0.041388
0.041512
0.040877
0.041656
0.046562
0.041472
0.041655
0.041950
0.041392
0.041254
0.040965
0.040662
0.040815
0.041028
0.042485
0.039893
0.040783
0.040491
0.040911
0.040709
0.040307
0.040546
0.040443
0.040682
0.045639
0.041115
0.040673
0.040209
0.040102
0.040118
0.040529
0.040755
0.042153
0.041264
0.041018
0.040637
0.040195
0.040113
0.040271
0.039420
0.040688
0.040091
0.039826
0.040466
0.045334
0.040114
0.040390
0.040889
0.040616
0.041797
0.061361
0.040111
0.043515
0.039934
0.040853
0.040532
0.051598
0.038920
0.040632
0.041101
0.041582
0.041185
0.040153
0.040375
0.046198
0.040431
0.040510
0.040437
0.041051
0.040253
0.040964
0.041380
0.040458
0.040773
0.040576
0.040787
0.041254
0.040571
0.040201
0.041763
0.039925
0.042875
0.039762
0.040696
0.045012
0.039090
0.039940
0.038519
0.038909
0.038779
0.039187
0.038306
0.050365
0.073574
0.040637
0.040700
0.040795
0.041066
0.040689
0.041497
0.040742
0.040929
0.040717
0.041346
0.046051
0.042606
0.039984
0.039985
0.039820
0.039720
0.039697
0.040061
0.041811
0.040226
0.040648
0.040728
0.041672
0.047955
0.041417
0.040315
0.040532
0.040494
0.040362
0.040914
0.048380
0.039548
0.041446
0.040441
0.041453
0.040310
0.040992
0.041299
0.041631
0.041364
0.039835
0.040193
0.039387
0.038901
0.039879
0.040182
0.039562
0.039269
0.039774
0.039569
0.047306
0.041248
0.040276
0.044046
0.039356
0.040587
0.040826
0.040182
0.039978
0.041314
0.040312
0.040751
0.040472
0.040810
0.041257
0.041219
0.040958
0.040525
0.040358
0.040553
0.046535
0.041201
0.041212
0.041392
0.040316
0.040763
0.040886
0.040797
0.042678
0.040392
0.040657
0.040990
0.041543
0.040615
0.041339
0.040584
0.040312
0.041247
0.040870
0.041792
0.046524
0.040167
0.040259
0.040620
0.040916
0.041022
0.040176
0.040230
0.040593
0.040393
0.040577
0.040992
0.040886
0.039324
0.041265
0.039012
0.040541
0.038439
0.039003
0.038634
0.044760
0.038507
0.041348
0.040297
0.039381
0.039165
0.039632
0.039551
0.041643
0.038920
0.038990
0.038700
0.038799
0.040036
0.038603
0.039158
0.038842
0.038951
0.038693
0.042374
0.046549
0.040032
0.040713
0.042507
0.039901
0.042852
0.039685
0.042969
0.039546
0.039106
0.039640
0.039872
0.040211
0.040076
0.041814
0.040744
0.041135
0.040058
0.040500
0.040495
0.046806
0.040616
0.039754
0.050350
0.040076
0.056042
0.040582
0.041259
0.040822
0.040274
0.040221
0.040817
0.041226
0.041576
0.040263
0.040830
0.039343
0.039369
0.042588
0.038822
0.045822
0.041996
0.039335
0.041306
0.041802
0.041385
0.041387
0.038527
0.039303
0.040247
0.039624
0.039005
0.039921
0.038663
0.048281
0.041079
0.038944
0.039478
0.040876
0.038477
0.045348
0.038560
0.041175
0.040018
0.039829
0.039232
0.039031
0.039025
0.039071
0.038019
0.039066
0.039552
0.039718
0.040677
0.039266
0.040360
0.040150
0.039930
0.038443
0.043203
0.046884
0.041445
0.041109
0.039259
0.041007
0.041488
0.041717
0.041446
0.041499
0.041186
0.041103
0.041086
0.041887
0.040392
0.041263
0.040956
0.041362
0.040950
0.040794
0.040469
0.046941
0.040854
0.041523
0.041403
0.041954
0.040185
0.041159
0.041601
0.041013
0.041167
0.046299
0.040037
0.041574
0.041640
0.040729
0.040834
0.041252
0.042245
0.041931
0.041222
0.049634
0.041093
0.040310
0.041358
0.041922
0.045270
0.040649
0.041790
0.041351
0.040887
0.041267
0.043048
0.040771
0.046076
0.039311
0.040722
0.040483
0.040797
0.041128
0.041312
0.046469
0.040671
0.040919
0.040637
0.041137
0.041366
0.040942
0.040304
0.040888
0.043960
0.041916
0.041115
0.042262
0.041466
0.041668
0.041339
0.041443
0.041352
0.041477
0.042374
0.047489
0.041805
0.042000
0.042140
0.041445
0.041259
0.041047
0.040838
0.040883
0.041548
0.040959
0.040973
0.041713
0.041594
0.041893
0.046718
0.042331
0.041375
0.041569
0.041450
0.047306
0.042173
0.042372
0.042000
0.042471
0.047627
0.085574
0.042229
0.046305
0.041705
0.042841
0.041651
0.041939
0.043460
0.044889
0.041179
0.041928
0.041223
0.042424
0.041680
0.047312
0.041764
0.040682
0.041302
0.040872
0.043972
0.039459
0.040061
0.040459
0.041182
0.040504
0.040674
0.042354
0.041051
0.040582
0.040854
0.040178
0.040611
0.040800
0.042978
0.046276
0.039896
0.040303
0.040349
0.039752
0.040631
0.041130
0.039988
0.040424
0.040729
0.041549
0.040171
0.040188
0.040687
0.040775
0.040585
0.040545
0.040685
0.040462
0.039680
0.045970
0.039272
0.041356
0.040786
0.040744
0.039464
0.040306
0.040380
0.039612
0.039907
0.040993
0.040633
0.039950
0.040073
0.042828
0.039962
0.041090
0.040938
0.041432
0.039671
0.044787
0.042735
0.039873
0.040169
0.039712
0.039451
0.039548
0.040436
0.040364
0.039043
0.040149
0.040586
0.042236
0.041130
0.040155
0.040536
0.040185
0.040143
0.040082
0.042278
0.047876
0.040228
0.040295
0.040133
0.046308
0.042160
0.041765
0.041641
0.043153
0.041939
0.040839
0.040631
0.041364
0.041322
0.041066
0.040977
0.042494
0.039088
0.041102
0.042204
0.048112
0.041262
0.040872
0.040792
0.043110
0.040711
0.040958
0.040852
0.040533
0.041030
0.041873
0.040605
0.041791
0.041783
0.041719
0.053737
0.044980
0.041346
0.041249
0.042150
0.046905
0.040294
0.040363
0.041165
0.040202
0.040428
0.040979
0.041001
0.040468
0.040612
0.040189
0.040635
0.042209
0.041544
0.041167
0.040700
0.041031
0.041007
0.040788
0.040547
0.045939
0.040862
0.042239
0.075176
0.038262
0.037732
0.038137
0.038267
0.036709
0.036676
0.036647
0.036017
0.039174
0.036024
0.036724
0.036426
0.036453
0.036505
0.036793
0.036583
0.041883
0.036207
0.036111
0.035968
0.036256
0.036244
0.036196
0.036319
0.050580
0.036647
0.036493
0.036542
0.036795
0.036862
0.036942
0.036740
0.037513
0.050349
0.036119
0.036381
0.041594
0.036498
0.036531
0.036390
0.036501
0.036672
0.041826
0.036377
0.049990
0.036809
0.036214
0.036738
0.036692
0.036542
0.036632
0.036420
0.038484
0.041001
0.036360
0.036919
0.041997
0.036445
0.036586
0.036670
0.040761
0.035473
0.036343
0.036149
0.036674
0.039316
0.037371
0.036711
0.036515
0.045743
0.036385
0.036203
0.036528
0.036377
0.036486
0.036310
0.045407
0.035917
0.035707
0.036435
0.036295
0.036524
0.036657
0.036562
0.036451
0.036513
0.036001
0.036419
0.036501
0.036501
0.036523
0.036491
0.045056
0.036169
0.036056
0.039619
0.046027
0.039500
0.039354
0.040056
0.042102
0.040164
0.039371
0.039430
0.039508
0.042865
0.039234
0.039585
0.039635
0.040252
0.040406
0.039875
0.040316
0.040360
0.039445
0.039579
0.045019
0.039249
0.039261
0.042021
0.040139
0.039371
0.039585
0.040308
0.041409
0.038686
0.039350
0.039166
0.039380
0.039598
0.039497
0.039081
0.039783
0.040600
0.038475
0.042772
0.045967
0.039552
0.052009
0.039714
0.038831
0.039112
0.039471
0.040833
0.041359
0.038653
0.039113
0.040572
0.039931
0.042207
0.041327
0.041408
0.040514
0.040165
0.041180
0.041310
0.046319
0.062148
0.039183
0.040525
0.041072
0.040992
0.041235
0.041195
0.043376
0.040840
0.040984
0.041065
0.039423
0.041081
0.041499
0.041504
0.042264
0.039970
0.040911
0.040427
0.045719
0.040442
0.041252
0.040962
0.041147
0.040714
0.041090
0.040586
0.041240
0.041087
0.040110
0.040149
0.040153
0.040118
0.039477
0.039884
0.039241
0.040167
0.040313
0.040392
0.045200
0.040133
0.040839
0.040046
0.040590
0.042376
0.041235
0.039973
0.040126
0.040207
0.039628
0.040128
0.038985
0.038729
0.043474
0.039244
0.039440
0.039851
0.039873
0.039493
0.045960
0.039408
0.040101
0.039401
0.039845
0.039272
0.040240
0.040006
0.039721
0.039024
0.040249
0.038974
0.039170
0.037544
0.039074
0.039475
0.039570
0.040612
0.040498
0.040005
0.045346
0.039813
0.040390
0.039635
0.041181
0.040040
0.044076
0.040074
0.040020
0.039124
0.039478
0.038599
0.040016
0.040644
0.040022
0.039491
0.040445
0.040380
0.039957
0.039825
0.046002
0.038851
0.039847
0.043639
0.039337
0.039028
0.039348
0.039638
0.040805
0.037351
0.037666
0.039660
0.039015
0.039760
0.039774
0.045469
0.050479
0.040554
0.040622
0.041587
0.046575
0.041386
0.053632
0.078763
0.041882
0.045124
0.041970
0.043860
0.041760
0.042065
0.042546
0.046140
0.046328
0.041017
0.042444
0.041137
0.040823
0.045658
0.040709
0.041685
0.045883
0.041210
0.040645
0.040573
0.041114
0.040954
0.041381
0.041178
0.041225
0.041840
0.040348
0.040974
0.041126
0.041041
0.041489
0.041495
0.041311
0.041594
0.041240
0.043051
0.046235
0.040840
0.041110
0.041207
0.041294
0.041254
0.043050
0.041119
0.042476
0.041472
0.041706
0.041636
0.041490
0.041348
0.041423
0.045216
0.041089
0.041279
0.041395
0.041407
0.047034
0.041209
0.043538
0.040786
0.040916
0.041301
0.041394
0.041497
0.041493
0.041260
0.041072
0.041345
0.041098
0.041426
0.040349
0.041305
0.042142
0.040858
0.041471
0.044994
0.046509
0.040914
0.041435
0.045043
0.041069
0.044261
0.041332
0.041163
0.041497
0.041483
0.041445
0.041500
0.044614
0.041135
0.041610
0.041062
0.041270
0.043381
0.040832
0.041394
0.048393
0.041157
0.042413
0.040869
0.041938
0.041397
0.041143
0.041117
0.041183
0.041598
0.041290
0.044994
0.040891
0.041358
0.040758
0.042977
0.042387
0.043469
0.042103
0.086400
0.049686
0.043325
0.042620
0.044227
0.066396
0.046994
0.041469
0.046068
0.039801
0.039304
0.046106
0.051623
0.140793
0.042607
0.043960
0.039674
0.044743
0.041353
0.041977
0.040833
0.047942
0.045036
0.042382
0.041790
0.042256
0.040226
0.038600
0.039381
0.038734
0.039242
0.038778
0.040918
0.041500
0.051075
0.040758
0.041173
0.040309
0.040469
0.040552
0.039137
0.045764
0.041033
0.039940
0.041872
0.040552
0.041267
0.047593
0.052557
0.076844
0.043510
0.043106
0.042212
0.043668
0.042471
0.042882
0.041733
0.044954
0.041849
0.041546
0.043837
0.049051
0.051719
0.049096
0.041891
0.043964
0.041523
0.041458
0.041843
0.039871
0.043535
0.041302
0.041471
0.043258
0.043628
0.042262
0.039968
0.043541
0.041112
0.041292
0.039447
0.049408
0.038905
0.040741
0.039363
0.040177
0.041747
0.042572
0.040880
0.040205
0.039423
0.045567
0.038865
0.040026
0.044383
0.039015
0.039795
0.040033
0.040358
0.038553
0.040378
0.047058
0.039775
0.039573
0.039420
0.042377
0.040807
0.042559
0.040146
0.044187
0.045741
0.042718
0.043188
0.042232
0.053274
0.044660
0.041862
0.042555
0.040556
0.038976
0.039072
0.045276
0.039645
0.051670
0.049621
0.039181
0.040086
0.041608
0.041210
0.041401
0.042935
0.039625
0.039495
0.042049
0.039790
0.041610
0.041520
0.042065
0.044052
0.045826
0.041723
0.045920
0.042777
0.039709
0.040318
0.039797
0.040977
0.042333
0.042943
0.042085
0.040178
0.041650
0.040837
0.041040
0.043968
0.041712
0.040513
0.041224
0.041445
0.042007
0.041039
0.050076
0.042017
0.041420
0.051937
0.040230
0.041583
0.042773
0.053311
0.044607
0.043156
0.041047
0.040942
0.042404
0.045232
0.043982
0.043772
0.043783
0.042999
0.044788
0.042761
0.047523
0.042141
0.044903
0.042313
0.041327
0.041671
0.042262
0.044447
0.041181
0.042764
0.042922
0.048311
0.052672
0.063261
0.042452
0.041459
0.042023
0.047810
0.049915
0.040306
0.047955
0.042146
0.043313
0.041909
0.040947
0.047408
0.042093
0.039490
0.040791
0.043254
0.040850
0.040403
0.041182
0.041023
0.040769
0.041448
0.040709
0.041350
0.041245
0.041489
0.046801
0.041132
0.041457
0.046293
0.041338
0.041876
0.039505
0.039775
0.039035
0.039683
0.040274
0.041108
0.038877
0.039703
0.043543
0.040377
0.039536
0.044135
0.040307
0.039925
0.045187
0.038710
0.037873
0.038604
0.038914
0.039770
0.041533
0.038871
0.039126
0.039536
0.039460
0.038360
0.038475
0.040115
0.040097
0.044210
0.040213
0.039601
0.039516
0.039160
0.044940
0.042566
0.040110
0.039789
0.039518
0.039350
0.040534
0.039752
0.040622
0.040226
0.039101
0.040385
0.040092
0.039991
0.039979
0.039921
0.039645
0.041207
0.040496
0.040690
0.045583
0.040972
0.039847
0.041930
0.038977
0.039127
0.038933
0.038268
0.039572
0.041534
0.038689
0.039131
0.039589
0.039693
0.039418
0.040536
0.039756
0.040321
0.043929
