478	143	80	111
475	141	82	109
473	138	81	109
472	135	82	109
470	133	82	110
468	131	82	110
466	130	82	109
465	127	80	110
463	126	81	111
462	125	81	111
460	123	82	112
459	123	83	113
458	122	83	113
458	121	82	114
458	119	82	116
457	118	83	117
456	117	84	117
454	118	84	116
452	118	84	116
450	120	86	114
448	120	86	116
445	120	87	117
442	120	88	118
439	120	89	119
435	123	90	119
430	125	91	119
423	128	92	121
415	130	94	122
408	134	94	123
398	137	96	126
387	141	99	127
378	144	99	127
369	149	99	124
359	152	98	125
446	150	77	88
336	152	98	135
452	151	71	92
311	157	101	137
300	160	97	134
286	161	103	135
275	160	105	138
265	160	113	142
259	159	115	145
253	160	115	141
248	161	119	144
245	161	121	148
243	162	121	150
244	163	123	151
245	162	123	148
248	161	123	146
249	159	124	149
253	157	123	151
255	154	123	149
257	150	124	152
260	143	122	153
261	134	124	157
260	123	127	158
259	111	130	158
262	103	127	154
262	94	125	153
264	85	122	149
265	74	118	148
264	68	117	144
264	59	116	146
265	53	113	144
266	48	109	141
266	45	106	135
268	42	103	130
268	38	100	129
270	36	98	127
272	34	97	124
275	34	94	122
277	35	92	120
282	36	89	118
286	37	89	119
292	38	85	117
298	41	84	114
304	42	84	113
311	45	82	112
318	47	81	111
325	48	81	111
332	48	82	113
341	50	82	112
350	50	84	112
360	50	86	112
372	51	84	112
383	52	88	113
395	52	89	111
408	55	91	114
420	55	93	113
433	58	100	120
445	60	96	116
457	63	97	119
470	66	96	122
479	70	97	123
488	73	98	124
497	75	99	127
501	79	100	128
506	83	100	127
508	88	100	127
508	91	100	126
506	94	100	125
504	97	100	126
500	101	98	126
494	105	96	126
488	110	95	124
479	114	97	124
471	117	98	123
463	121	94	124
455	125	97	124
447	128	97	125
439	130	97	126
430	133	98	128
423	136	103	129
415	139	104	130
407	142	104	129
400	146	101	131
390	147	105	135
383	154	106	134
376	156	106	135
369	158	107	136
364	162	105	138
356	170	106	134
348	171	107	142
338	175	111	142
331	178	108	142
323	180	108	144
317	181	109	144
310	181	109	145
306	181	108	147
303	181	109	146
302	181	110	148
304	181	109	147
308	180	104	146
313	180	103	145
320	181	103	144
328	184	103	143
338	185	100	140
349	189	101	138
359	194	100	138
370	197	102	137
381	199	102	142
390	201	108	146
403	205	106	143
415	207	104	144
428	212	100	142
434	215	106	144
434	217	117	149
436	219	122	152
437	221	128	153
438	221	128	154
440	223	124	151
442	221	116	150
442	218	109	149
441	213	103	147
436	208	106	147
432	204	108	148
432	203	103	150
430	201	105	153
428	198	112	156
428	196	114	157
430	193	110	156
431	188	109	157
430	182	114	160
428	180	118	162
428	181	119	163
427	180	117	165
423	180	117	166
419	179	116	167
410	176	118	169
399	175	124	168
385	176	131	164
373	178	130	164
363	180	124	162
352	179	118	161
340	176	115	161
325	175	113	158
310	174	113	156
292	169	114	155
279	166	113	153
267	162	110	152
257	162	118	152
247	160	115	150
237	159	118	149
224	158	122	148
214	158	125	148
206	159	127	147
202	160	125	147
194	163	126	148
188	164	127	151
180	167	129	152
174	172	130	151
166	178	134	149
161	179	133	150
155	180	135	151
151	182	135	153
145	182	137	154
141	184	138	155
138	185	139	155
138	184	140	156
134	184	143	157
135	184	142	156
132	185	143	155
131	185	144	154
128	183	145	152
128	177	145	154
124	174	147	152
121	170	151	150
118	164	149	149
115	157	142	149
111	150	136	150
110	141	135	148
105	131	135	146
102	118	135	146
98	111	134	142
98	99	130	143
99	89	128	140
101	78	125	141
102	68	125	140
106	57	126	148
108	40	130	160
115	32	127	159
124	30	124	145
131	25	121	129
140	21	120	127
153	16	114	129
165	12	109	124
174	6	104	133
181	2	106	141
200	11	95	121
210	10	94	118
219	10	94	118
228	9	92	117
236	10	91	115
243	10	91	116
248	12	90	114
251	13	89	114
255	15	89	113
257	17	88	112
257	20	88	110
257	23	87	110
255	26	86	108
254	27	86	107
253	30	83	106
251	32	82	105
250	35	81	104
249	38	81	103
248	41	80	102
248	44	80	101
249	47	79	101
249	49	79	100
251	51	77	99
253	53	77	98
257	53	77	100
256	52	79	102
266	56	74	99
266	59	77	100
267	56	84	104
269	53	88	106
271	51	91	107
274	52	88	106
280	53	80	103
281	55	77	101
283	56	76	99
283	57	77	100
281	55	79	102
279	55	82	104
279	57	82	104
279	61	80	101
279	63	76	100
279	68	75	98
277	70	74	98
276	71	76	99
274	72	77	99
274	74	78	98
274	78	78	97
275	81	77	96
277	86	75	93
279	87	73	94
279	90	73	94
280	92	73	94
279	93	75	94
279	96	76	94
279	99	75	92
279	102	74	91
280	105	73	92
281	107	73	91
281	109	72	92
280	112	73	91
281	116	72	88
282	120	73	87
284	125	72	85
286	126	72	85
288	129	71	85
289	131	71	84
290	133	73	83
292	136	73	85
294	140	72	91
295	143	72	98
297	147	71	97
298	151	71	97
299	152	71	75
302	154	71	92
303	155	70	99
306	156	69	99
307	157	69	97
307	159	68	97
305	160	68	71
304	161	70	68
303	162	70	67
303	164	71	65
303	165	70	65
303	164	70	63
304	163	69	65
304	162	68	67
305	160	69	69
305	157	68	71
305	155	68	72
306	152	68	74
306	149	67	76
305	144	67	80
305	138	69	88
304	132	71	92
303	126	73	94
304	119	73	100
305	113	72	101
305	106	72	104
307	99	72	102
308	94	72	99
311	88	72	99
313	81	72	103
315	79	73	100
319	72	73	102
323	69	73	101
326	64	71	101
329	57	72	102
332	52	73	102
335	47	74	104
340	42	74	105
346	40	74	104
353	37	74	103
360	33	75	102
367	28	76	104
374	25	77	103
381	20	80	105
389	16	81	107
399	17	80	104
409	19	79	103
417	21	79	103
426	24	79	101
435	28	80	102
443	32	84	107
449	38	88	109
454	42	88	108
459	48	90	108
463	54	91	109
470	63	85	106
470	73	85	99
469	82	83	99
467	87	83	99
463	94	84	101
463	96	81	100
459	98	82	105
458	106	78	101
455	114	76	98
452	120	75	96
450	127	75	97
446	127	78	98
444	133	80	99
444	139	79	97
444	142	79	96
446	145	78	98
450	157	75	92
451	161	73	94
455	166	73	93
459	171	71	93
464	172	70	95
465	175	72	96
467	177	72	96
466	175	73	98
467	176	73	97
466	177	75	97
467	176	75	98
467	175	75	98
468	174	74	98
469	171	73	99
469	169	72	100
469	166	72	100
469	162	72	99
469	157	73	100
469	150	73	101
470	144	73	101
471	139	74	100
472	134	74	102
471	128	77	104
471	123	78	106
473	117	78	106
474	111	78	107
476	106	78	108
477	101	78	110
476	97	79	110
475	94	81	110
471	88	86	112
469	84	88	112
464	78	91	114
458	68	95	119
456	64	94	119
454	62	91	117
448	60	93	116
441	56	92	116
436	52	90	116
429	49	87	114
422	46	85	110
413	44	83	109
400	40	87	110
393	36	84	109
384	35	84	107
374	32	84	107
365	29	80	104
356	27	79	104
347	24	77	104
337	22	76	102
328	20	75	102
318	18	75	100
309	16	76	102
301	15	76	101
290	15	81	103
286	15	79	100
280	16	78	99
277	16	76	99
270	15	78	100
264	14	79	102
259	15	80	101
257	16	78	101
254	16	78	102
251	18	78	102
248	20	79	101
246	22	79	103
245	24	80	103
241	28	80	99
239	32	81	99
237	35	79	98
232	38	80	100
226	39	80	99
221	44	79	98
217	47	78	95
213	53	76	93
211	56	78	92
211	59	78	92
207	62	79	93
201	66	84	90
200	72	85	83
198	79	84	79
197	84	83	75
195	90	83	70
195	98	76	58
195	103	78	53
195	106	80	52
196	110	71	48
198	115	69	45
209	119	67	43
216	84	64	71
222	78	60	78
205	106	72	56
198	106	79	55
202	106	75	55
201	106	77	55
204	106	74	57
204	105	74	57
205	104	68	59
206	104	67	59
204	104	70	56
201	105	74	55
200	106	76	54
201	106	76	54
205	105	72	55
207	107	73	54
205	114	76	47
204	110	77	52
211	114	76	50
211	111	80	54
213	107	81	59
214	101	83	63
217	96	82	68
216	92	85	72
219	87	85	83
222	83	85	88
224	77	84	90
224	73	86	93
225	66	86	97
227	60	86	101
227	56	86	102
227	50	86	105
230	51	87	102
233	49	88	100
239	48	87	99
244	46	89	99
247	46	92	101
251	44	96	104
255	40	99	107
259	37	104	108
267	36	105	109
270	34	109	113
278	33	110	116
286	33	109	118
292	35	109	119
297	37	110	121
302	39	112	123
307	43	113	123
312	49	117	125
316	55	118	126
321	62	119	124
327	69	121	126
331	77	122	127
336	84	121	127
342	90	120	128
347	100	119	126
353	106	117	128
358	111	114	128
364	116	112	127
370	120	109	128
376	124	105	126
382	126	100	125
389	128	94	122
394	130	92	120
398	133	94	120
409	131	89	121
416	133	90	119
421	135	94	118
429	131	92	122
436	132	93	123
441	132	96	124
447	131	101	126
447	132	110	128
451	133	114	133
453	138	120	134
459	141	124	139
470	146	123	140
477	149	127	142
483	153	129	144
493	159	129	145
499	161	130	147
505	163	131	149
509	166	129	151
512	167	127	153
511	168	127	156
512	168	126	159
511	171	127	157
510	171	128	159
508	170	131	161
504	170	134	161
499	171	138	160
492	172	143	159
487	172	141	157
485	171	134	156
484	173	122	152
469	175	118	151
450	173	127	152
433	165	138	158
421	164	140	155
403	165	146	153
394	161	147	155
383	159	147	159
375	158	147	160
369	158	149	162
365	159	149	162
359	161	138	158
352	161	140	158
347	160	141	156
342	161	140	157
338	163	140	160
334	160	144	160
328	161	141	157
323	160	136	157
319	161	134	160
313	163	130	155
306	166	122	152
298	167	123	153
290	170	116	150
280	170	115	149
268	169	114	149
256	169	114	147
248	167	110	147
240	167	107	148
231	166	107	149
222	165	109	150
214	163	110	151
188	161	128	152
202	161	108	151
200	161	108	152
196	159	110	153
195	158	110	154
195	157	112	155
191	156	120	157
192	155	125	158
199	153	125	159
203	153	129	160
208	153	132	160
213	152	134	160
220	152	134	160
223	151	137	160
224	150	143	160
230	151	142	158
237	150	140	157
242	148	139	156
246	148	138	154
251	147	133	153
252	144	131	151
254	142	128	150
253	140	127	148
254	137	126	147
254	134	125	147
252	130	126	147
251	127	126	146
249	126	127	144
249	124	128	143
250	123	129	142
251	120	129	142
254	116	128	143
256	116	128	143
257	113	128	143
261	110	126	143
263	106	125	143
264	104	124	141
266	104	121	136
268	101	119	136
269	99	116	134
270	97	115	132
270	96	115	131
271	95	114	131
273	95	113	130
274	96	112	127
276	97	109	126
281	99	104	124
283	99	103	123
287	100	101	122
290	102	101	121
292	104	100	120
296	106	101	121
299	107	103	121
302	110	106	122
305	111	107	124
309	115	107	125
312	118	107	124
316	122	109	125
320	126	109	125
323	129	110	128
324	132	112	130
324	136	115	132
323	140	114	133
323	146	115	132
320	148	116	136
318	149	117	141
313	155	117	142
308	164	118	137
304	168	115	136
299	173	113	137
294	178	112	138
287	184	113	136
283	189	110	135
282	192	105	133
278	194	102	132
281	198	95	132
280	201	95	130
285	205	90	129
283	207	92	128
285	209	92	127
282	205	97	131
284	207	97	130
285	209	97	128
286	208	97	131
285	209	98	131
286	209	97	131
285	208	97	129
285	208	97	129
285	208	97	130
286	209	97	129
286	208	97	129
286	210	97	128
287	208	95	130
287	208	95	129
286	208	95	129
287	208	95	129
287	208	95	129
287	208	95	129
287	207	94	129
287	208	94	129
287	207	95	130
287	207	94	130
287	206	94	130
287	206	94	130
287	206	94	129
288	206	93	129
288	207	94	129
289	207	93	129
288	206	93	130
289	207	93	130
289	206	93	129
289	207	93	129
289	206	93	129
289	207	93	129
288	207	93	130
288	206	93	129
289	207	92	129
289	205	92	129
289	206	92	129
289	206	92	129
289	206	93	129
289	205	92	129
290	206	92	128
290	205	92	129
290	205	92	129
290	206	92	128
290	206	92	129
290	206	92	129
290	207	91	128
291	207	91	128
291	205	91	129
291	206	91	128
290	206	91	129
290	205	91	129
291	205	91	128
290	205	91	128
290	205	91	128
291	206	91	128
291	205	91	128
291	205	91	128
290	206	91	127
291	205	91	127
290	206	91	127
291	206	91	127
290	206	91	127
291	205	91	127
291	206	91	126
291	206	91	126
291	206	91	126
291	205	91	126
291	207	91	126
291	206	91	126
291	206	91	125
291	206	91	125
290	207	92	125
291	207	91	125
290	206	91	126
291	207	91	125
291	206	91	125
292	206	91	125
291	207	91	125
292	206	90	124
291	207	91	125
291	206	91	125
293	206	89	124
293	206	90	124
293	205	90	125
293	206	90	124
292	206	90	124
293	206	90	124
293	207	90	123
292	207	90	123
293	207	89	123
292	207	90	123
293	207	90	123
292	206	90	123
294	207	89	122
293	206	89	122
293	207	89	122
294	208	89	122
293	207	90	122
294	207	89	122
294	207	88	122
294	207	88	122
295	207	88	122
295	207	88	121
294	207	88	121
294	208	88	121
295	207	88	121
295	208	87	121
295	207	88	121
295	207	88	121
296	207	87	121
296	208	87	121
296	207	87	121
296	208	87	121
295	207	87	122
296	208	87	121
296	207	87	121
297	207	87	121
297	207	87	121
297	208	86	121
297	208	87	121
297	208	86	121
296	208	87	121
297	207	86	121
297	208	86	120
297	208	86	120
298	208	86	120
298	206	86	121
297	207	87	121
298	207	86	121
298	206	86	121
298	207	86	121
298	207	85	121
298	206	86	122
297	206	86	121
297	205	86	123
297	204	86	123
297	203	86	122
295	202	86	122
295	200	85	121
296	199	85	121
296	196	85	121
298	191	84	122
300	186	85	123
303	181	86	124
305	175	87	124
309	171	90	125
313	165	91	126
321	160	90	127
328	151	89	132
330	148	97	129
337	145	96	129
343	136	95	135
350	133	98	134
356	130	99	135
361	125	102	137
368	122	105	137
372	119	107	136
377	115	110	136
385	116	109	134
391	118	111	130
399	119	112	130
408	120	109	129
414	121	109	128
420	124	106	125
426	126	105	124
429	129	105	122
433	131	106	122
437	133	106	120
441	135	104	121
446	138	102	120
449	141	101	119
453	145	100	117
455	149	100	115
456	154	100	114
459	159	100	112
463	163	98	111
464	165	99	112
466	167	98	111
471	169	95	110
471	170	96	110
471	173	94	108
470	176	94	107
469	179	93	105
466	177	94	109
465	179	94	107
464	179	93	107
461	179	92	107
459	179	91	106
457	178	91	107
455	178	90	106
453	178	90	106
453	177	89	106
451	176	89	105
450	175	89	105
449	175	89	104
449	173	88	103
451	173	89	102
452	172	88	103
453	168	88	103
454	168	88	103
455	165	89	104
456	164	89	104
457	163	89	104
459	161	89	104
460	160	89	105
461	159	88	106
461	159	88	105
460	158	88	105
465	158	81	104
465	158	80	103
461	156	80	104
458	155	81	106
456	153	83	107
455	151	90	109
455	150	94	111
456	149	96	112
456	147	98	115
456	146	101	116
457	147	103	117
458	146	103	118
459	145	104	119
461	144	103	119
463	143	103	120
464	143	102	120
465	142	100	121
465	141	96	121
466	139	94	120
467	139	97	122
460	139	105	124
455	137	108	125
450	136	109	126
447	137	107	126
442	138	108	124
435	138	110	124
427	138	108	126
421	137	107	127
413	138	111	127
410	140	110	126
400	139	114	127
390	137	116	129
383	134	116	133
377	131	116	137
374	132	112	136
371	132	108	136
369	131	109	138
369	131	110	140
368	133	109	140
368	134	111	139
370	134	115	139
371	135	120	141
372	138	124	140
374	140	127	141
374	143	129	142
374	146	130	144
373	149	131	143
370	151	131	144
369	151	130	146
367	152	127	152
367	152	122	150
361	151	117	154
348	150	115	160
338	149	115	158
327	149	120	158
317	149	119	161
308	152	125	160
298	168	117	143
289	167	106	143
281	165	105	144
275	165	105	144
268	163	104	145
262	162	109	146
258	161	111	146
254	160	114	146
252	158	116	146
252	156	117	146
255	153	117	145
259	149	118	145
264	144	117	145
271	138	115	145
278	131	112	147
285	122	111	150
290	112	112	152
295	108	114	149
299	103	116	149
301	94	120	150
303	89	122	147
302	82	124	148
302	78	119	145
301	74	112	141
300	70	109	139
298	66	109	137
295	62	107	134
292	57	103	131
288	53	101	127
285	49	97	125
281	47	94	122
278	45	92	121
275	46	91	119
272	47	90	117
271	49	89	116
270	51	88	115
271	53	86	115
272	54	84	114
274	55	84	115
278	55	83	116
281	58	84	115
285	62	85	116
291	68	87	116
296	73	90	119
300	82	93	116
307	89	99	119
312	95	103	123
319	103	108	127
325	109	107	133
331	120	108	129
337	128	110	133
341	134	111	138
343	141	112	140
344	146	113	143
343	149	114	149
343	151	111	152
337	155	108	148
332	169	105	136
328	171	103	133
321	172	103	132
315	171	99	130
309	171	97	125
305	167	91	125
299	165	91	121
295	162	85	118
290	158	84	116
289	154	88	118
291	153	90	120
294	152	90	120
298	151	87	118
303	151	84	116
307	150	84	116
308	146	86	117
307	143	89	118
308	139	90	121
308	136	91	121
308	135	91	121
308	134	90	121
307	134	88	120
305	134	88	120
302	133	89	121
298	131	90	120
293	132	91	120
290	131	92	120
287	132	91	119
284	132	92	120
283	130	92	119
283	129	92	118
285	128	92	118
286	127	93	117
287	127	93	118
289	126	93	117
290	126	93	116
290	126	92	117
289	125	92	116
288	126	92	116
287	125	93	116
287	125	94	116
289	125	93	115
290	125	93	115
292	124	93	115
292	124	94	115
292	124	94	115
292	124	93	115
292	125	93	114
293	124	93	114
293	123	94	114
294	123	94	114
293	122	95	114
294	122	96	115
293	121	96	113
294	121	95	114
294	122	95	113
295	124	94	113
295	124	95	113
295	124	96	114
295	123	96	113
296	123	97	113
296	124	97	113
296	124	97	113
296	124	97	113
296	124	98	113
296	124	98	112
296	125	98	112
296	124	98	113
296	123	98	113
296	123	99	113
296	122	99	113
295	122	98	113
295	121	98	113
295	121	98	114
295	120	98	114
294	120	97	114
294	119	97	114
293	118	97	113
292	117	97	114
292	116	96	114
291	117	96	115
289	117	97	115
288	117	97	115
287	117	96	114
286	117	96	114
286	116	95	114
285	114	95	114
286	113	95	114
286	113	94	115
286	112	94	115
287	112	93	115
287	111	94	116
289	111	92	115
289	110	92	116
290	109	91	116
292	107	91	116
292	106	91	116
294	105	90	117
297	104	90	116
299	104	89	116
302	104	89	117
305	101	89	119
309	100	90	119
313	101	90	120
317	102	91	120
320	103	92	119
325	103	92	122
328	104	94	120
332	106	96	124
336	105	96	123
340	107	98	126
344	108	98	126
348	108	99	128
350	109	101	127
353	109	103	129
356	108	104	130
360	110	104	129
362	111	105	131
364	112	106	131
367	112	105	131
368	111	105	131
369	111	105	130
370	112	104	129
369	113	103	128
370	113	102	127
370	113	101	128
370	112	100	128
371	112	98	127
370	113	97	126
372	113	95	125
372	114	94	124
375	113	94	125
375	114	95	124
376	114	95	124
378	116	95	124
382	118	95	122
384	118	96	122
387	119	96	122
391	120	97	123
393	123	98	125
397	125	98	125
399	127	99	126
402	130	100	128
403	130	101	124
405	132	102	129
406	134	103	129
406	136	104	131
405	138	106	131
404	141	107	132
401	140	106	129
399	141	106	134
395	141	107	135
391	141	108	134
387	141	108	136
382	141	108	135
381	138	105	136
375	138	105	134
369	138	105	134
364	136	104	133
359	135	103	132
354	133	100	130
354	128	97	134
350	126	96	132
348	125	93	131
347	123	91	129
345	123	90	126
345	122	89	125
347	122	86	123
349	122	84	120
