204	41	23	30
203	39	22	30
201	37	22	30
198	39	24	29
177	86	24	19
154	111	36	30
147	116	71	10
196	61	22	18
192	54	22	29
191	58	22	29
190	64	22	29
187	69	22	29
185	74	22	30
187	85	19	24
190	92	18	21
191	96	17	20
188	93	21	27
189	97	20	27
192	100	19	25
194	103	18	23
194	104	18	21
193	103	17	20
191	98	17	20
187	87	19	23
186	79	20	21
181	69	20	21
176	56	20	24
171	45	20	25
162	36	21	23
162	35	19	20
202	58	14	25
165	28	10	17
153	24	16	17
148	20	17	18
138	16	20	21
163	29	27	22
148	28	32	27
155	38	20	19
136	38	18	13
144	48	16	16
150	60	18	17
154	68	19	18
163	78	15	16
167	82	15	16
174	85	15	16
182	87	14	15
186	90	14	15
188	90	14	15
189	92	14	15
193	93	14	15
198	94	14	15
203	95	14	16
206	96	16	17
211	96	15	15
214	96	14	14
214	83	19	20
217	82	20	22
222	83	20	19
229	86	16	18
227	95	28	27
230	146	32	22
234	103	18	29
232	106	17	23
229	108	18	23
225	110	18	25
222	112	18	24
222	114	18	23
223	114	17	24
224	113	19	24
223	111	19	23
221	107	19	24
220	104	19	24
221	100	19	23
222	96	19	23
223	93	19	21
220	90	19	22
220	87	19	22
221	84	19	22
225	81	19	22
226	79	19	24
225	78	19	24
221	79	19	23
220	79	19	23
221	81	19	23
