347	58	103	251
343	57	102	247
342	60	101	244
339	58	98	245
338	58	98	245
332	61	94	241
327	61	92	241
323	64	89	237
321	65	86	236
304	71	97	228
308	73	90	226
268	82	116	218
282	81	96	219
296	86	77	212
267	94	107	203
252	79	121	218
233	79	140	218
266	76	108	221
224	93	149	207
252	71	120	222
207	105	158	191
235	72	138	197
231	101	134	166
222	99	152	195
218	127	132	177
217	84	155	221
213	116	168	189
207	89	174	214
202	91	184	211
206	87	193	215
275	75	161	227
225	72	217	227
268	60	173	238
250	59	191	238
248	56	187	238
257	57	174	237
261	62	158	235
243	66	174	232
259	77	156	222
256	85	165	215
247	91	182	205
240	92	195	204
219	89	222	205
217	89	237	206
217	84	243	207
202	79	261	211
194	78	262	214
192	81	260	213
222	76	222	217
187	70	252	224
188	79	221	215
197	72	230	219
218	78	173	213
227	76	177	213
268	71	169	220
288	66	155	225
326	67	123	223
333	68	117	222
332	68	124	222
311	68	153	222
306	71	167	219
319	64	147	226
309	58	173	232
313	55	169	233
305	49	161	239
309	48	147	238
300	43	138	242
288	44	140	242
283	36	122	252
283	37	117	252
279	40	113	247
278	42	113	246
272	45	115	243
238	53	147	235
226	59	156	229
218	62	163	225
206	68	171	219
204	71	171	216
206	72	162	215
207	71	160	216
232	68	140	220
260	67	115	224
260	61	123	231
259	57	124	236
261	47	132	243
261	44	135	246
262	45	159	246
262	47	165	245
264	56	172	237
266	61	171	231
269	72	177	222
268	76	183	218
266	84	194	208
267	88	196	206
268	95	203	199
272	97	198	198
271	98	201	196
269	97	204	198
267	94	199	201
266	94	197	200
265	91	196	202
262	87	191	204
255	80	183	210
254	78	173	210
251	70	153	219
254	67	138	221
252	60	127	229
251	59	124	231
248	54	120	236
250	55	116	235
247	57	117	228
249	58	111	227
253	57	100	227
256	57	94	225
257	60	87	221
258	61	89	219
263	61	87	218
266	61	87	217
279	62	78	218
288	62	74	219
294	59	76	223
294	57	81	226
301	53	83	231
300	52	90	231
298	49	104	234
303	53	105	232
307	54	106	234
309	54	104	234
309	59	101	228
312	60	99	228
313	62	96	225
312	63	96	224
306	64	103	220
313	63	100	220
313	56	103	223
311	53	104	226
315	44	98	234
315	40	94	237
317	36	82	233
308	35	85	236
309	40	77	243
308	43	78	241
303	51	85	234
303	52	84	233
306	50	85	233
306	46	89	233
300	39	101	234
294	36	109	209
279	33	120	223
276	34	116	206
276	39	93	194
282	41	98	220
285	47	77	218
285	51	73	203
285	55	71	184
284	58	77	181
284	60	76	182
287	58	80	186
293	54	77	188
299	52	71	188
302	48	83	186
302	44	87	199
307	33	92	214
310	29	90	224
307	30	94	229
308	34	93	225
320	41	85	214
322	42	88	210
323	47	93	205
315	50	123	204
321	48	100	208
322	53	94	200
315	54	98	196
323	42	105	206
320	43	91	207
316	43	106	212
307	47	98	206
305	51	107	202
315	57	131	194
322	56	114	195
322	57	112	194
323	54	99	197
325	52	103	199
327	51	121	201
325	48	130	202
317	50	144	198
306	53	153	192
292	56	159	184
284	58	161	182
274	59	153	183
271	59	151	182
266	61	148	179
284	60	128	185
274	62	141	177
292	63	126	178
349	61	73	177
353	62	69	170
349	56	72	174
347	53	74	176
325	49	96	179
324	51	94	181
320	54	100	184
317	56	102	186
316	60	106	185
315	62	108	184
315	63	109	182
315	62	111	185
315	63	112	186
315	61	112	188
313	58	115	191
314	54	116	193
307	51	123	197
308	50	118	197
313	48	100	198
316	50	100	199
321	55	99	196
322	59	99	194
324	66	100	189
322	69	102	185
316	73	108	181
319	76	106	178
317	79	106	174
319	82	104	171
323	85	101	166
324	86	102	162
325	90	103	156
326	90	105	154
330	90	108	154
332	87	108	156
341	83	103	163
348	80	95	166
349	79	86	165
349	79	84	161
346	77	79	155
341	76	76	158
338	74	76	161
328	64	95	172
345	72	87	165
348	74	79	164
348	79	62	159
347	78	63	160
347	80	59	155
346	80	57	152
337	77	62	155
329	76	67	156
320	76	71	158
316	76	71	156
322	77	67	156
322	78	67	155
320	81	60	154
320	81	59	153
324	84	58	151
324	85	55	151
324	84	45	152
325	82	45	154
315	84	66	151
319	84	63	153
309	85	66	148
309	82	61	158
304	84	83	154
295	85	86	155
291	84	71	156
291	85	82	157
292	86	74	157
292	87	88	156
298	86	97	171
316	106	88	152
324	108	80	149
325	109	81	147
326	112	82	148
321	112	86	148
317	116	91	143
313	115	89	141
311	115	85	135
303	116	94	139
296	113	101	143
297	111	102	145
293	106	104	151
294	102	100	154
292	95	97	161
293	94	93	164
293	93	82	166
292	95	82	164
289	97	91	164
288	99	95	162
280	104	107	157
276	105	112	156
282	105	106	154
277	106	110	155
275	104	102	157
273	105	96	156
269	103	66	156
265	100	67	160
265	94	60	161
264	93	64	162
266	83	80	170
267	84	66	162
290	77	75	175
274	82	89	167
285	82	82	176
285	87	79	172
286	96	77	164
284	99	86	160
280	108	95	153
271	110	102	152
257	112	118	153
250	114	126	152
241	112	140	155
239	111	142	154
237	108	153	159
234	107	152	158
228	96	158	171
226	85	129	182
227	104	146	163
228	100	143	168
231	99	161	170
235	96	133	173
239	93	110	174
234	97	141	172
233	97	164	171
234	97	159	171
249	99	135	170
257	100	113	168
253	95	117	174
252	97	109	172
259	90	98	179
264	88	88	181
273	86	76	183
277	86	67	182
278	81	77	185
269	78	92	188
278	82	78	184
280	83	77	185
289	86	87	181
289	87	89	182
291	91	99	178
290	90	97	180
294	100	106	170
294	104	105	168
293	104	111	172
292	99	101	177
289	102	107	179
286	102	87	178
282	106	89	177
280	105	92	179
279	100	75	186
277	97	79	191
262	97	87	192
239	108	122	184
228	93	136	198
215	96	149	198
213	99	152	194
203	105	166	190
197	108	173	190
196	110	177	187
192	111	184	187
196	114	179	182
198	114	173	181
235	97	121	199
208	95	142	202
238	77	113	219
215	72	135	224
225	69	118	227
221	64	114	228
223	65	119	231
223	65	130	232
236	71	120	226
230	76	132	223
228	78	120	221
226	78	130	220
225	81	164	216
224	79	133	218
236	82	144	214
241	81	134	216
257	80	128	218
264	79	122	222
275	71	112	228
294	68	95	232
292	63	101	237
295	64	101	236
293	68	116	232
291	72	120	227
318	77	98	223
308	77	106	224
240	74	184	224
304	73	145	225
298	67	187	234
299	64	148	233
302	56	104	239
288	55	123	239
305	47	94	242
323	49	70	236
292	55	93	232
281	76	96	211
272	55	101	230
272	59	105	228
267	33	108	251
263	38	113	246
254	33	131	250
256	35	128	248
260	37	92	245
261	37	88	245
264	36	85	247
254	34	102	247
250	35	121	247
251	35	115	246
258	38	122	243
263	40	115	240
272	50	91	230
256	58	98	222
236	66	130	215
212	69	155	212
193	71	179	209
187	72	189	208
181	68	205	212
184	71	197	208
179	58	192	222
179	55	189	225
185	39	183	239
190	26	177	255
206	25	156	260
205	24	159	262
210	25	157	262
207	27	160	260
205	27	157	261
204	27	159	262
190	34	170	254
168	25	194	261
127	45	236	240
126	44	226	242
107	65	242	223
102	71	252	217
104	78	253	211
101	77	254	209
106	84	244	203
109	85	240	203
122	83	204	204
130	80	207	207
142	75	203	213
149	72	202	216
145	71	201	218
152	69	187	218
169	75	168	212
205	79	128	206
197	87	130	199
184	93	148	194
207	99	121	187
214	103	113	183
208	107	120	180
204	103	128	185
192	106	138	181
183	107	147	182
167	106	161	183
164	107	166	183
154	107	184	184
158	106	181	186
160	106	168	188
164	105	166	189
170	99	162	196
173	93	159	204
181	88	159	211
184	80	156	219
197	74	137	223
205	73	129	224
222	74	123	226
227	76	117	226
241	78	104	226
243	82	104	223
249	87	94	220
250	88	94	221
253	92	98	221
256	90	98	224
259	88	103	228
