16	88	19	51
13	87	25	53
15	87	25	53
17	87	24	53
19	87	25	54
21	87	24	55
22	87	24	57
23	86	25	56
25	87	25	56
25	87	26	55
26	89	29	53
27	89	29	53
27	90	29	52
27	91	31	54
29	91	30	55
30	91	28	54
36	90	25	55
39	90	22	55
40	90	23	55
42	91	22	55
44	90	22	56
112	103	21	59
159	121	32	58
158	122	34	57
158	121	35	58
231	64	38	64
228	64	42	64
221	70	44	61
204	81	54	54
130	63	44	115
131	66	40	112
62	88	23	55
64	89	24	54
86	103	32	57
85	102	29	59
84	102	25	59
83	102	22	59
80	103	23	60
77	96	26	67
73	93	28	69
68	91	34	71
122	117	28	62
123	118	23	60
66	97	51	64
60	106	40	57
60	104	37	59
60	103	36	60
59	104	30	59
60	101	72	75
84	70	35	90
86	64	30	90
86	63	49	116
90	87	36	93
93	87	32	93
97	89	29	91
134	76	53	79
92	111	29	71
91	122	25	60
89	123	25	59
109	87	23	56
112	87	24	56
43	103	32	59
74	125	37	56
72	126	38	55
72	125	37	56
116	87	28	57
73	124	31	55
116	88	30	56
119	87	28	55
125	87	26	56
127	87	23	56
130	88	21	56
131	88	20	56
65	122	25	56
136	65	24	78
49	127	31	57
136	60	22	84
49	127	30	56
134	62	20	82
51	126	25	55
41	127	29	57
17	63	23	59
37	126	25	49
10	70	33	62
22	62	91	70
181	109	41	69
153	87	24	55
157	86	21	56
158	87	22	57
159	88	21	55
160	87	28	65
162	88	44	89
161	85	40	92
161	86	38	90
164	88	34	91
166	88	28	90
162	88	31	90
158	88	36	89
153	88	41	89
150	111	41	66
151	112	40	64
149	112	40	65
149	112	39	65
148	111	37	66
148	111	35	65
184	88	25	54
184	87	28	54
185	87	29	54
185	86	30	54
188	87	28	54
190	86	27	54
194	86	23	54
197	86	21	53
199	85	19	52
201	85	19	54
203	83	20	56
204	84	21	55
205	85	21	54
206	85	24	55
206	85	28	54
207	86	28	54
207	85	31	55
209	86	29	54
216	87	24	53
217	87	22	53
220	87	21	53
223	87	20	53
224	86	19	54
225	86	19	54
228	86	21	54
228	86	21	54
229	87	23	54
230	86	24	53
230	86	27	52
229	86	29	53
230	87	29	53
232	87	28	53
237	87	24	53
242	85	20	53
243	85	20	52
245	84	19	53
247	84	20	53
248	84	20	56
249	84	21	56
250	83	22	56
251	83	25	56
252	85	27	55
251	84	30	55
252	85	31	55
256	85	28	55
262	84	21	55
264	84	21	55
265	84	20	55
268	84	19	55
270	84	20	55
271	83	19	55
273	84	20	55
274	84	22	55
275	84	24	55
275	84	27	55
275	84	29	54
275	84	30	54
276	85	30	54
281	85	27	54
283	84	26	54
286	84	25	54
290	84	23	54
292	83	22	54
293	82	21	56
293	83	23	55
295	82	24	57
297	83	24	56
298	84	26	55
299	85	28	54
299	85	28	55
