0.026427
0.088838
0.077379
0.032248
0.040701
0.079155
0.065550
0.074294
0.079341
0.029649
0.029215
0.071238
0.028019
0.027359
0.073752
0.071802
0.087086
0.027993
0.028607
0.075439
0.074871
0.081599
0.030239
0.069769
0.074578
0.077855
0.026863
0.066178
0.069846
0.037273
0.030987
0.074068
0.078438
0.071778
0.031096
0.065152
0.074032
0.087667
0.025944
0.024640
0.079979
0.088816
0.082041
0.079481
0.074604
0.045494
0.061966
0.069596
0.074446
0.029356
0.038113
0.028148
0.069942
0.079320
0.086881
0.092438
0.075952
0.037705
0.028432
0.071592
0.071929
0.031986
0.032163
0.073458
0.061089
0.030715
0.033982
0.077961
0.072011
0.029581
0.038389
0.032007
0.060595
0.088799
0.081895
0.036520
0.094004
0.028883
0.036604
0.038029
0.072082
0.097339
0.073137
0.080396
0.030209
0.035002
0.029942
0.072206
0.079985
0.086439
0.085934
0.079010
0.037005
0.029158
0.068376
0.075655
0.031249
0.064073
0.072372
0.027436
0.028205
0.057514
0.079879
0.033454
0.024674
0.072692
0.082851
0.032622
0.036878
0.070785
0.078338
0.082854
0.038026
0.028237
0.037810
0.065624
0.076559
0.036287
0.038121
0.025541
0.077564
0.085959
0.092369
0.076578
0.080688
0.032148
0.073126
0.075554
0.074434
0.030160
0.029160
0.063582
0.077188
0.027986
0.036973
0.092734
0.032093
0.073169
0.077939
0.081635
0.074830
0.028689
0.029914
0.070392
0.076632
0.031872
0.028420
0.070951
0.069530
0.030984
0.071512
0.078808
0.079152
0.081844
0.037504
0.033645
0.078425
0.068781
0.028404
0.029401
0.071781
0.087522
0.078208
0.078996
0.078950
0.031096
0.031395
0.083037
0.073964
0.085224
0.078380
0.027966
0.030371
0.088595
0.065537
0.095605
0.072468
0.029810
0.029154
0.074938
0.081350
0.030206
0.092219
0.029585
0.030547
0.071703
0.072058
0.032238
0.033026
0.083167
0.072740
0.082639
0.080593
0.031739
0.030953
0.080549
0.078184
0.080006
0.027865
0.029253
0.073550
0.072713
0.088496
0.028037
0.034531
0.066287
0.070005
0.078380
0.077772
0.028212
0.086887
0.040867
0.030071
0.067747
0.084826
0.073048
0.081618
0.086694
0.073054
0.027937
0.030935
0.084540
0.063887
0.083895
0.027793
0.035859
0.031930
0.077828
0.079926
0.094422
0.084470
0.071368
0.027238
0.034595
0.060242
0.075013
0.075961
0.028346
0.029284
0.070478
0.074796
0.030078
0.029606
0.073575
0.071254
0.076002
0.084437
0.080513
0.024122
0.031161
0.063991
0.089719
0.079856
0.081068
0.083271
0.032786
0.024524
0.069318
0.028956
0.088866
0.059766
0.092904
0.082075
0.087527
0.081688
0.031973
0.029159
0.069170
0.081207
0.029601
0.030261
0.073946
0.068526
0.080458
0.030750
0.032632
0.079900
0.067617
0.027835
0.070269
0.074039
0.079925
0.091929
0.083399
0.089995
0.091325
0.086067
0.030567
0.029088
0.060954
0.028517
0.040532
0.028705
0.076069
0.088497
0.084644
0.075461
0.078154
0.030924
0.028056
0.077979
0.090542
0.079494
0.090816
0.087731
0.086509
0.079921
0.027991
0.034813
0.081867
0.032013
0.073081
0.073049
0.030126
0.032273
0.072455
0.072923
0.075717
0.028553
0.028267
0.068465
0.085395
0.095758
0.086109
0.077204
0.082930
0.030565
0.067858
0.074294
0.078725
0.084410
0.032613
0.093962
0.038664
0.043866
0.034062
0.067349
0.081444
0.085246
0.086087
0.025500
0.035878
0.062506
0.084698
0.083714
0.082117
0.026289
0.073450
0.070110
0.080873
0.026102
0.034368
0.061649
0.075548
0.028167
0.023456
0.074684
0.085109
0.028857
0.034663
0.036151
0.049725
0.027756
0.029610
0.068211
0.075892
0.028594
0.028888
0.067964
0.076246
0.028169
0.032274
0.069473
0.076019
0.082083
0.032565
0.027236
0.077366
0.084924
0.080747
0.028491
0.026826
0.078620
0.087998
0.077380
0.029067
0.027989
0.072464
0.072875
0.082381
0.038236
0.028924
0.065094
0.030622
0.028486
0.073444
0.070622
0.028328
0.030290
0.074548
0.069527
0.029110
0.063946
0.075824
0.080499
0.037882
0.039180
0.024526
0.066897
0.028632
0.032550
0.072083
0.072076
0.028305
0.084855
0.031823
0.023233
0.076312
0.081505
0.028682
0.037664
0.067938
0.079183
0.030381
0.024778
0.107904
0.026893
0.074781
0.078701
0.093707
0.081485
0.089178
0.083426
0.079581
0.030781
0.033833
0.096817
0.033326
0.066063
0.083174
0.074124
0.026982
0.036154
0.070360
0.071569
0.034416
0.024990
0.069912
0.081342
0.084615
0.034420
0.032073
0.042851
0.073739
0.074547
0.089085
0.083513
0.081150
0.023234
0.096690
0.028962
0.077461
0.060773
0.029206
0.029245
0.079757
0.081103
0.068043
0.028291
0.029376
0.066300
0.075910
0.031322
0.029270
0.028253
0.080453
0.078763
0.032064
0.036205
0.030910
0.068624
0.066738
0.028685
0.024097
0.076121
0.030178
0.031492
0.084342
0.078469
0.096913
0.080506
0.094821
0.085171
0.085657
0.093066
0.079338
0.084672
0.091238
0.030292
0.028649
0.070520
0.088423
0.084183
0.091385
0.085351
0.094906
0.073729
0.086408
0.023005
0.072344
0.081848
0.035074
0.026731
0.078700
0.079285
0.077150
0.026567
0.070613
0.072616
0.084264
0.031901
0.030893
0.026236
0.075797
0.091796
0.080060
0.088861
0.089690
0.081429
0.085545
0.099344
0.086752
0.079964
0.030230
0.032467
0.080200
0.074786
0.081035
0.029270
0.033356
0.069614
0.076192
0.082004
0.032471
0.067237
0.087080
0.078179
0.082397
0.082026
0.030674
0.072534
0.066392
0.029647
0.023922
0.084656
0.082342
0.085395
0.080281
0.029047
0.071306
0.076749
0.080962
0.084400
0.083684
0.029696
0.076248
0.067220
0.081127
0.029298
0.028520
0.084413
0.074142
0.078257
0.081591
0.078213
0.030954
0.030290
0.070727
0.079062
0.085308
0.028327
0.028623
0.074772
0.087089
0.075008
0.025375
0.083353
0.075239
0.075346
0.079991
0.025619
0.039436
0.026538
0.077981
0.075737
0.032201
0.033758
0.062816
0.079884
0.084493
0.030677
0.031894
0.082140
0.069794
0.073983
0.033594
0.029447
0.088740
0.071168
0.071857
0.025655
0.036719
0.059384
0.079096
0.025473
0.028660
0.071717
0.077626
0.092716
0.083841
0.088820
0.083842
0.031269
0.064704
0.077579
0.084462
0.083564
0.031776
0.032211
0.028931
0.072179
0.072726
0.027056
0.030147
0.067194
0.078599
0.025302
0.035583
0.063937
0.087093
0.074224
0.030651
0.025677
0.081108
0.082962
0.087070
0.081749
0.029343
0.029590
0.079752
0.081902
0.081062
0.085319
0.095852
0.084146
0.029694
0.062526
0.076370
0.086503
0.076563
0.027849
0.150168
0.030768
0.070851
0.067711
0.082581
0.080778
0.034323
0.030452
0.061865
0.025740
0.036226
0.067060
0.079847
0.027048
0.030034
0.069129
0.081617
0.029080
0.096499
0.085150
0.090826
0.084978
0.030124
0.032181
0.075754
0.077910
0.080432
0.083425
0.030298
0.031768
0.082412
0.060518
0.086436
0.031620
0.033048
0.072251
0.094697
0.075921
0.089178
0.091056
0.081008
0.079345
0.030238
0.072311
0.087170
0.077761
0.085154
0.079345
0.028980
0.044238
0.061828
0.086144
0.083863
0.080385
0.029508
0.029444
0.026370
0.070798
0.088813
0.078133
0.030140
0.032072
0.074348
0.079927
0.095780
0.073379
0.086543
0.029047
0.028315
0.075124
0.088148
0.088099
0.082338
0.091457
0.090150
0.074616
0.029589
0.031548
0.088427
0.075225
0.078126
0.084219
0.089023
0.093563
0.083764
0.074940
0.029126
0.027564
0.075967
0.075309
0.076870
0.088190
0.090522
0.076928
0.081562
0.085511
0.029685
0.041661
0.040083
0.043110
0.078219
0.085777
0.087133
0.091468
0.093047
0.082380
0.089545
0.082228
0.083768
0.071556
0.028485
0.029577
0.057255
0.027522
0.029571
0.031325
0.066230
0.074818
0.033668
0.028943
0.069386
0.072641
0.070056
0.026799
0.075289
0.068659
0.078202
0.080496
0.033915
0.028779
0.051583
0.078913
0.030687
0.038470
0.041451
0.042901
0.029300
0.072345
0.080347
0.077655
0.085375
0.085603
0.090333
0.074840
0.087077
0.077888
0.037933
0.101908
0.074403
0.087456
0.082111
0.026282
0.068791
0.085305
0.079326
0.025505
0.029431
0.034854
0.060554
0.088708
0.083042
0.090204
0.079176
0.074996
0.098960
0.071396
0.029685
0.031523
0.076835
0.068309
0.085203
0.082799
0.077308
0.079942
0.030653
0.027229
0.082929
0.075603
0.079556
0.080947
0.028181
0.028538
0.058417
0.070320
0.028679
0.034560
0.034705
0.063536
0.089609
0.071321
0.094815
0.077356
0.079998
0.025888
0.035827
0.031917
0.089576
0.072431
0.102985
0.034339
0.073077
0.075189
0.030014
0.031600
0.081291
0.076579
0.088758
0.078336
0.033204
0.027498
0.037868
0.034150
0.081760
0.064119
0.032354
0.090620
0.035579
0.036701
0.074891
0.070524
0.035805
0.024674
0.077766
0.073677
0.027825
0.033938
0.068419
0.087558
0.084160
0.079953
0.095769
0.075321
0.030089
0.033972
0.076105
0.076346
0.079237
0.033702
0.024535
0.077566
0.095395
0.088535
0.085137
0.075909
0.028095
0.033762
0.091525
0.061578
0.037252
0.033296
0.075395
0.072252
0.027827
0.027717
0.076514
0.075196
0.029230
0.028663
0.066427
0.086251
0.084289
0.083695
0.029387
0.026770
0.069032
0.083228
0.033821
0.086957
0.086498
0.029406
0.078665
0.085449
0.071445
0.080038
0.029274
0.030305
0.071793
0.081517
0.080936
0.082484
0.088168
0.035403
0.027794
0.032268
0.077118
0.075571
0.085276
0.030004
0.028683
0.072974
0.073298
0.081775
0.086395
0.086901
0.032547
0.031176
0.075592
0.069511
0.029787
0.033808
0.080667
0.070306
0.031102
0.028458
0.078070
0.073693
0.087191
0.077042
0.029856
0.030709
0.071867
0.071611
0.087823
0.081102
0.087782
0.029276
0.065154
0.077293
0.031160
0.027154
0.088068
0.065783
0.084366
0.084199
0.087259
0.087136
0.029174
0.028332
0.085146
0.072025
0.034302
0.035614
0.064162
0.082634
0.022421
0.024612
0.077385
0.081704
0.080328
0.088533
0.088432
0.045392
0.031789
0.078265
0.022373
0.026595
0.081226
0.077221
0.082542
0.080340
0.027292
0.039699
0.023297
0.069337
0.085649
0.025865
0.026048
0.160331
0.032906
0.031807
0.073220
0.069348
0.029468
0.030197
0.064548
0.025474
0.028683
0.069794
0.082502
0.077020
0.028538
0.033430
0.070972
0.079787
0.090900
0.077715
0.029199
0.029325
0.081595
0.073196
0.087795
0.083879
0.032512
0.035605
0.037503
0.035709
0.092454
0.061575
0.076180
0.029876
0.068701
0.072695
0.094403
0.081285
0.033708
0.029037
0.071130
0.076824
0.084400
0.026334
0.021247
0.021771
0.022609
0.021984
0.026943
0.021285
0.027289
0.021246
0.021635
0.023198
0.024829
0.021997
0.031550
0.021185
0.021009
0.021337
0.082775
0.081007
0.023666
0.024376
0.081040
0.079844
0.086833
0.079057
0.024440
0.027847
0.072795
0.083209
0.079846
0.022720
0.028933
0.084587
0.083679
0.022129
0.046907
0.022797
0.048634
0.080713
0.027209
0.052487
0.024014
0.026200
0.022712
0.022559
0.115284
0.025686
0.026860
0.092872
0.033537
0.052123
0.090235
0.071498
0.032938
0.027988
0.080685
0.079641
0.072422
0.081375
0.039622
0.035781
0.065695
0.078031
0.031605
0.085139
0.084879
0.081063
0.091071
0.077015
0.028249
0.031204
0.068219
0.075758
0.074771
0.027961
0.029420
0.031669
0.071703
0.076648
0.031054
0.025586
0.070828
0.068904
0.087456
0.027985
0.093914
0.029897
0.060616
0.071286
0.029043
0.092740
0.030210
0.032844
0.077490
0.070396
0.077867
0.029417
0.033402
0.073983
0.073362
0.028099
0.072401
0.080272
0.083679
0.076987
0.029727
0.066414
0.076925
0.086882
0.027949
0.031201
0.082614
0.074363
0.078174
0.029396
0.070152
0.072633
0.082299
0.025314
0.032481
0.027557
0.082233
0.085243
0.083861
0.075533
0.030033
0.030099
0.065272
0.081246
0.084921
0.070302
0.022139
0.072032
0.074348
0.086852
0.089623
0.086251
0.079261
0.028994
0.066497
0.075002
0.093136
0.077745
0.028593
0.029621
0.073937
0.078110
0.028183
0.033713
0.070951
0.071397
0.094615
0.074956
0.029801
0.031805
0.077914
0.072893
0.080877
0.085747
0.027180
0.030251
0.058589
0.089799
0.079277
0.031162
0.036901
0.064091
0.079304
0.086200
0.028247
0.028624
0.068549
0.077432
0.090209
0.026650
0.024218
0.069860
0.027977
0.028059
0.072851
0.071677
0.032767
0.034907
0.068585
0.075839
0.093310
0.077138
0.033888
0.024997
0.061926
0.086706
0.028423
0.029534
0.077713
0.072240
0.080062
0.028378
0.029500
0.075147
0.087870
0.074944
0.029368
0.023426
0.078959
0.090207
0.089859
0.087030
0.081303
0.029440
0.072438
0.079372
0.077604
0.030940
0.030039
0.033471
0.073057
0.075462
0.030744
0.030130
0.036565
0.059628
0.087981
0.087460
0.079131
0.089212
0.030970
0.023564
0.080266
0.086269
0.078749
0.028553
0.028122
0.076931
0.085316
0.086684
0.079416
0.035610
0.060501
0.080207
0.079416
0.026760
0.025828
0.075278
0.093386
0.083842
0.080609
0.033522
0.028321
0.070983
0.082558
0.072461
0.083925
0.035332
0.075315
0.065789
0.084232
0.034695
0.024639
0.080111
0.076970
0.031770
0.035495
0.072381
0.080994
0.079117
0.082537
0.031189
0.035045
0.080482
0.077657
0.079407
0.089434
0.091697
0.075392
0.027287
0.040791
0.058660
0.094334
0.071579
0.028788
0.028140
0.076281
0.086395
0.091618
0.073099
0.029522
0.027997
0.070507
0.085308
0.087914
0.074248
0.031970
0.028556
0.067310
0.082880
0.038434
0.039380
0.073228
0.067061
0.094087
0.081167
0.085803
0.094148
0.089647
0.083996
0.086573
0.078975
0.034562
0.029496
0.065904
0.087350
0.085221
0.078023
0.035287
0.064094
0.079563
0.086137
0.078043
0.031332
0.029195
0.078956
0.066544
0.028200
0.029409
0.034605
0.079394
0.071178
0.029692
0.043526
0.069229
0.075096
0.083374
0.028559
0.032896
0.075488
0.068879
0.028524
0.028905
0.079056
0.084088
0.075476
0.094252
0.083980
0.033124
0.034075
0.035383
0.029827
0.072061
0.081633
0.084037
0.078335
0.039585
0.028359
0.066222
0.030184
0.024247
0.076056
0.079512
0.025219
0.035120
0.062923
0.085088
0.081990
0.031358
0.038463
0.074443
0.077864
0.087292
0.081967
0.082107
0.027099
0.044193
0.075528
0.082698
0.067985
0.028625
0.071421
0.078707
0.072843
0.035435
0.079149
0.068836
0.075230
0.034247
0.036530
0.069055
0.072145
0.088151
0.091893
0.088331
0.028912
0.027359
0.079365
0.085268
0.088257
0.076722
0.031730
0.066262
0.068873
0.029525
0.031533
0.078516
0.078340
0.086980
0.080583
0.083763
0.087508
0.027033
0.026251
0.072483
0.066392
0.028283
0.029790
0.062697
0.080619
0.080652
0.028642
0.037193
0.060879
0.030224
0.032906
0.085694
0.067664
0.022729
0.037332
0.064838
0.028126
0.031819
0.078473
0.072975
0.084979
0.029704
0.028227
0.079335
0.070263
0.081608
0.028540
0.027929
0.068576
0.075851
0.034449
0.079286
0.066118
0.083337
0.028749
0.033442
0.085257
0.066931
0.086653
0.081831
0.086575
0.029046
0.028633
0.060520
0.028704
0.024684
0.076270
0.090571
0.078283
0.029411
0.033695
0.073795
0.078732
0.091354
0.082455
0.032954
0.031028
0.083262
0.072295
0.073874
0.031734
0.033855
0.077326
0.070420
0.080142
0.032197
0.040169
0.087244
0.076931
0.081656
0.087861
0.083123
0.031285
0.030231
0.075261
0.079357
0.087630
0.079268
0.025156
0.040101
0.059753
0.082812
0.093676
0.078978
0.032651
0.073813
0.066426
0.081341
0.077399
0.031835
0.078713
0.070399
0.027669
0.042527
0.026723
0.066686
0.085011
0.031837
0.023002
0.077974
0.083381
0.036123
0.027756
0.078288
0.077168
0.028912
0.032439
0.074038
0.079351
0.028713
0.033685
0.081795
0.068652
0.086965
0.032574
0.060650
0.074251
0.083021
0.032347
0.031351
0.067683
0.084532
0.080317
0.035803
0.070311
0.077023
0.072152
0.028272
0.067292
0.065322
0.029567
0.085757
0.079713
0.077538
0.073921
0.026951
0.073328
0.081314
0.081419
0.031422
0.033285
0.061379
0.075713
0.032638
0.030554
0.067258
0.029756
0.028054
0.078318
0.073355
0.027551
0.030007
0.073207
0.077298
0.028947
0.030434
0.030416
0.073061
0.085554
0.081177
0.081425
0.029786
0.026035
0.068532
0.085570
0.029316
0.035979
0.074717
0.071623
0.098520
0.074038
0.029378
0.029938
0.068711
0.075522
0.095041
0.085614
0.090037
0.082124
0.028767
0.027735
0.082459
0.076046
0.078928
0.028414
0.030029
0.066905
0.088519
0.034472
0.033154
0.034084
0.076196
0.072992
0.075862
0.028652
0.072470
0.079302
0.078689
0.083008
0.033988
0.025205
0.070876
0.028031
0.024619
0.078870
0.088125
0.077284
0.029249
0.029773
0.080338
0.066378
0.089942
0.091498
0.080607
0.030752
0.066178
0.077263
0.093182
0.081841
0.028786
0.064446
0.082671
0.086055
0.080345
0.078680
0.032057
0.034299
0.031944
0.068511
0.075493
0.085378
0.082695
0.079781
0.031507
0.035048
0.055617
0.074074
0.029992
0.037476
0.028682
0.027889
0.071776
0.028017
0.075434
0.069046
0.078125
0.028972
0.038750
0.067798
0.077567
0.088402
0.079869
0.026423
0.074078
0.073843
0.080125
0.028415
0.081492
0.066398
0.076999
0.030304
0.038879
0.069730
0.082685
0.079674
0.086599
0.028718
0.071179
0.085933
0.078397
0.082070
0.090829
0.080589
0.084284
0.025431
0.038179
0.060161
0.084287
0.084749
0.083281
0.028712
0.025252
0.079941
0.081833
0.081334
0.086793
0.033624
0.032656
0.081683
0.068299
0.084287
0.083520
0.086270
0.028757
0.088466
0.078328
0.069905
0.032174
0.027970
0.081375
0.072537
0.081062
0.093495
0.031342
0.029539
0.086092
0.070899
0.080892
0.028686
0.032375
0.073515
0.086244
0.072750
0.029421
0.075113
0.081081
0.079333
0.078754
0.030593
0.080268
0.084201
0.069239
0.080981
0.026120
