734	166	34	129
734	162	34	132
732	159	34	131
732	158	34	131
729	156	34	130
727	153	34	132
727	153	35	132
727	154	34	131
728	156	34	132
728	155	34	132
729	159	35	132
732	164	35	131
736	168	35	132
741	174	35	132
746	181	35	132
750	189	35	132
756	199	35	132
761	205	35	132
765	206	35	132
766	205	35	130
766	202	35	131
767	201	35	131
768	201	35	130
768	200	35	130
767	199	35	132
767	199	35	131
766	196	35	130
764	190	35	130
763	184	35	131
763	182	35	131
764	181	35	132
763	181	35	132
764	181	35	131
763	182	35	132
761	185	34	133
758	189	34	133
755	195	34	131
755	194	35	132
754	197	35	132
754	196	35	131
755	194	35	130
755	187	35	131
756	180	35	131
756	179	35	131
758	174	35	130
756	168	36	131
757	163	35	131
757	156	35	131
755	151	35	132
755	151	34	133
755	147	34	137
752	148	34	133
745	145	35	136
741	143	34	133
737	138	34	136
737	139	35	133
732	139	35	133
726	138	35	138
721	144	34	135
717	150	35	138
713	157	34	134
712	156	35	137
711	166	34	133
707	170	34	137
705	177	35	133
706	177	35	138
706	180	35	135
706	179	35	134
707	181	35	134
708	177	35	139
709	176	35	133
711	172	35	138
711	170	35	132
712	168	35	137
713	166	35	135
713	161	35	138
715	160	35	134
715	155	35	138
715	153	35	135
715	152	34	138
714	148	34	139
714	147	34	134
714	143	35	137
715	141	35	135
714	136	35	138
714	138	35	134
716	135	35	138
717	134	35	136
718	132	34	139
717	134	34	134
719	136	35	138
719	135	35	135
720	136	35	139
721	139	35	135
720	144	35	133
721	146	36	134
723	148	36	134
723	146	35	135
724	145	36	138
725	150	35	134
725	150	35	133
725	150	35	133
725	150	35	133
725	150	35	133
725	149	35	133
725	148	35	133
724	149	35	133
723	150	35	133
722	151	35	132
722	151	35	133
722	152	35	132
722	153	35	133
722	155	36	132
723	156	35	134
723	157	35	133
723	156	35	133
723	157	36	132
723	157	36	132
722	157	35	132
721	156	35	133
718	155	35	134
718	156	36	132
716	154	34	134
715	154	35	133
715	153	35	133
715	152	35	133
714	151	35	133
714	151	36	132
713	149	34	133
713	148	36	133
713	148	35	133
714	148	35	133
714	150	35	132
713	149	35	133
713	149	35	133
713	151	35	133
713	151	35	132
713	152	35	133
713	154	35	132
712	153	35	133
713	154	35	132
712	153	35	133
712	154	35	133
712	155	35	133
712	156	35	132
711	156	35	133
711	156	35	132
711	156	35	132
712	156	35	132
713	156	35	133
715	155	35	133
715	154	35	133
717	154	35	133
719	152	35	133
720	152	35	132
721	151	35	133
722	150	35	132
721	151	35	133
721	150	35	132
822	146	34	127
820	138	38	145
690	61	298	298
593	132	97	157
468	254	45	141
474	255	43	133
473	253	43	136
473	252	44	138
474	253	42	135
474	252	43	136
474	251	44	137
475	252	42	134
476	251	43	135
476	250	44	137
478	251	42	134
477	251	43	135
477	250	43	136
478	249	42	138
479	250	43	136
478	248	44	138
481	248	42	135
480	249	43	136
480	248	44	138
481	249	42	135
483	249	43	136
481	247	44	137
483	248	42	134
483	248	43	135
482	247	44	137
483	248	42	134
484	248	43	135
482	247	43	136
484	251	42	133
483	250	43	134
484	252	43	131
483	250	43	135
483	251	44	132
483	249	43	136
483	251	44	133
483	251	44	132
484	249	43	136
485	251	42	133
485	251	43	134
484	250	43	136
485	251	44	132
485	249	43	136
486	251	44	133
486	248	44	137
486	249	44	134
487	250	44	133
488	250	44	132
489	247	43	136
488	246	44	138
488	248	45	135
488	248	44	134
488	248	44	133
488	246	44	137
488	248	44	134
490	248	44	133
489	245	44	137
488	244	44	139
489	246	45	136
488	244	45	140
489	244	45	137
488	242	45	141
490	244	43	138
489	242	44	138
489	244	45	135
489	242	44	139
487	243	45	136
488	244	45	135
487	244	44	134
488	245	44	133
487	243	44	137
486	244	44	134
486	242	44	138
486	244	45	135
485	241	44	139
487	243	43	136
484	243	43	136
486	242	44	138
485	241	42	140
485	242	44	138
485	241	42	140
486	242	42	138
485	243	43	136
486	242	42	138
486	242	41	136
486	244	41	134
485	244	42	135
487	243	38	135
487	238	41	144
488	239	38	140
487	236	39	148
489	240	38	140
489	236	38	147
490	241	38	135
490	237	36	144
490	242	36	134
490	240	40	140
490	242	37	137
489	237	38	147
491	235	40	152
491	241	39	139
492	237	37	148
493	236	39	149
493	243	38	137
494	238	39	146
496	236	43	152
497	240	40	145
497	233	38	155
500	236	38	141
499	237	37	149
503	233	37	149
502	231	37	153
503	236	38	138
505	233	36	146
504	234	36	146
505	233	39	147
505	154	38	304
499	231	35	144
507	159	38	289
497	233	38	140
508	230	36	147
507	227	36	148
508	232	37	138
507	230	38	143
510	232	37	138
509	157	36	288
509	232	40	136
510	230	37	139
510	232	38	134
510	228	41	142
512	230	39	137
512	231	42	135
514	231	41	135
511	231	42	136
514	231	41	136
513	232	43	135
514	231	43	136
515	230	42	138
514	230	43	136
515	229	42	138
514	229	43	136
517	230	42	133
517	229	43	134
518	228	41	136
517	227	43	137
518	227	42	137
517	228	43	136
518	227	42	137
518	228	43	136
520	229	42	132
519	229	42	133
520	228	41	135
520	229	42	133
519	228	41	135
518	229	40	133
517	229	42	132
516	231	42	133
516	230	40	135
515	232	42	135
514	235	41	136
513	238	41	134
510	241	40	132
505	240	41	133
506	240	40	133
503	242	40	135
502	245	42	132
501	244	40	133
499	246	42	135
496	246	43	135
497	247	41	136
491	248	41	138
486	253	43	135
485	253	41	136
485	254	41	135
483	257	42	133
483	256	41	135
481	257	42	133
481	256	43	135
481	257	41	132
481	256	42	128
485	246	42	132
483	244	42	133
492	238	43	130
501	230	43	134
506	228	43	131
511	224	43	135
515	223	44	132
514	223	43	131
521	221	43	130
525	217	43	134
529	215	43	131
532	212	43	135
533	213	41	132
534	213	42	133
535	210	43	135
539	212	43	132
543	210	43	136
547	211	44	132
552	212	43	132
550	210	43	136
557	213	44	132
559	214	43	136
563	218	44	133
568	219	44	137
571	222	42	134
569	222	43	135
573	222	41	134
577	141	33	298
569	90	49	399
823	123	34	126
831	118	35	132
833	115	35	139
834	118	35	142
837	124	35	137
838	128	36	140
840	137	35	134
842	138	35	139
842	139	35	136
844	142	34	140
846	149	35	135
846	149	35	138
848	152	35	136
845	150	34	139
845	151	34	140
836	153	35	135
825	151	35	138
818	148	35	140
815	148	35	141
813	150	35	136
815	149	34	139
813	148	34	140
813	153	35	133
812	151	35	137
812	152	35	135
810	150	34	138
810	152	34	133
808	151	35	137
807	152	34	134
805	150	34	138
802	152	34	133
799	153	35	136
799	154	36	134
797	157	34	132
794	156	34	137
790	154	35	139
787	158	35	133
786	155	35	138
786	157	35	134
783	154	35	138
780	154	35	136
778	153	36	139
776	153	35	137
774	152	35	140
773	154	36	135
772	151	35	141
769	154	35	134
768	152	35	139
768	153	35	136
767	150	34	140
766	151	36	140
765	153	35	136
765	151	36	140
765	156	35	132
765	151	36	138
765	152	35	135
764	150	36	140
765	152	35	135
764	149	36	140
764	149	35	134
764	147	36	130
764	141	36	128
764	137	37	137
766	136	35	132
765	132	36	138
765	129	35	143
765	130	35	143
764	130	35	144
765	134	36	136
764	132	36	141
763	134	35	136
763	129	36	141
762	127	35	144
763	129	36	136
763	126	36	141
767	127	35	136
769	125	35	141
772	123	35	141
772	123	35	142
774	122	35	142
773	123	35	139
774	125	36	138
775	125	36	138
775	124	36	137
775	124	37	138
775	125	36	136
776	124	36	137
776	123	36	137
776	124	37	137
775	124	37	136
777	122	36	138
778	122	37	138
778	124	37	137
780	124	37	137
781	125	37	136
782	125	37	136
783	127	36	135
783	128	36	135
783	127	37	136
785	128	35	136
786	130	36	135
789	130	35	135
790	129	35	140
791	133	36	137
791	133	36	136
792	133	36	136
793	135	35	135
794	136	35	135
795	136	36	134
796	138	35	135
796	138	36	134
797	137	36	137
797	139	36	136
799	139	36	136
798	138	35	137
799	139	35	137
799	140	35	136
799	140	35	137
800	141	35	135
800	141	36	135
800	142	35	135
799	141	36	135
800	141	35	135
800	140	35	136
800	140	35	137
798	141	36	135
799	140	36	136
799	140	36	137
799	140	36	137
799	140	36	136
799	141	36	136
800	140	35	135
800	141	36	136
799	140	35	135
800	140	36	136
799	140	36	135
800	140	35	135
800	139	35	135
799	138	35	136
799	138	35	135
799	138	35	137
798	138	36	135
799	138	35	135
798	138	36	135
797	138	35	135
798	137	36	136
798	138	35	135
798	137	35	136
797	137	35	136
797	136	36	136
796	137	36	136
795	135	36	136
795	135	36	136
796	135	35	137
795	134	36	137
795	134	36	137
793	134	35	136
793	130	35	140
793	132	36	137
793	132	36	137
792	132	36	136
791	131	35	137
791	130	35	137
791	130	35	137
791	130	35	137
790	129	35	137
789	129	35	137
790	127	35	140
789	127	35	137
789	125	35	140
789	126	35	138
788	125	35	140
788	125	35	136
787	122	35	140
786	123	35	136
786	121	35	140
786	123	35	137
786	122	35	137
786	122	36	137
785	122	36	136
784	120	35	137
784	120	36	137
784	120	36	137
784	121	36	136
783	121	36	136
784	120	35	135
784	119	36	137
783	118	36	137
783	118	36	136
784	119	36	136
783	118	36	135
784	117	35	137
784	117	36	137
784	118	36	136
784	118	36	136
785	118	36	136
785	117	36	137
786	118	36	136
787	117	36	136
787	117	36	136
787	118	36	135
787	118	36	135
788	117	36	136
789	117	36	136
789	117	36	136
789	117	35	135
789	118	36	135
790	117	36	135
791	117	36	135
792	116	36	136
792	117	35	135
793	117	36	135
793	117	36	135
794	117	35	135
794	117	36	134
795	117	35	135
795	116	35	136
796	116	35	135
795	115	35	136
797	116	35	135
797	116	35	136
797	116	36	135
798	116	35	135
798	115	35	136
798	115	36	136
799	115	35	135
800	115	35	135
801	115	35	136
801	115	36	135
801	115	36	135
801	115	36	135
802	115	35	135
803	115	36	135
803	114	35	135
803	114	35	136
802	114	36	136
803	114	35	135
803	114	36	136
803	113	35	135
803	112	36	136
804	112	35	135
804	112	36	137
804	112	36	136
803	113	35	135
804	112	35	136
805	113	35	135
803	112	35	136
804	112	35	135
804	111	35	136
804	111	36	136
805	112	35	135
804	111	35	135
805	110	36	136
804	111	36	136
804	110	35	135
803	110	36	136
803	110	35	135
802	109	36	136
803	109	35	135
803	108	36	137
803	108	36	136
803	108	36	137
803	109	36	136
803	107	35	137
803	107	35	137
803	107	35	137
803	107	35	137
803	107	35	137
803	107	35	137
803	106	35	141
804	108	35	136
803	108	35	139
804	108	34	137
804	107	35	139
805	107	34	140
804	109	34	137
805	108	34	139
805	108	34	139
804	107	34	139
804	107	34	139
804	107	34	139
804	106	34	139
805	106	34	139
805	106	34	139
805	107	34	140
805	107	34	140
805	108	34	136
805	107	35	138
805	107	34	140
806	107	34	140
805	108	34	137
805	108	35	139
805	109	34	137
806	108	35	139
806	110	35	136
806	110	35	139
805	110	34	137
806	109	35	139
806	112	35	138
805	113	35	140
806	116	35	136
807	116	35	139
805	117	35	137
806	119	35	136
806	120	35	137
806	123	35	136
807	123	35	139
807	126	35	136
807	126	35	135
807	126	35	135
807	127	35	136
807	129	35	136
807	130	35	134
809	129	35	139
808	131	35	135
808	132	35	134
808	132	35	136
809	134	35	134
809	134	36	135
810	135	35	135
811	134	35	134
811	135	35	136
811	136	35	135
811	136	35	134
812	137	35	134
811	137	35	135
812	137	35	134
812	138	35	134
812	138	35	134
813	138	35	135
813	139	35	134
814	139	35	133
814	139	35	133
814	138	35	135
813	140	35	134
814	140	35	133
814	139	35	135
814	140	35	135
814	140	35	134
815	140	35	135
816	141	35	134
816	141	35	134
816	141	35	135
818	142	35	134
817	141	35	135
819	142	35	134
820	143	35	134
821	144	35	133
822	144	35	134
824	144	35	133
824	144	35	133
825	144	35	134
827	144	35	134
828	144	35	134
828	145	35	135
829	145	35	134
829	144	36	134
831	144	35	134
831	144	35	134
832	144	35	135
832	144	35	134
832	144	35	135
832	144	35	134
833	144	35	134
832	144	35	134
833	144	35	134
832	144	35	134
832	144	35	134
832	144	35	134
832	143	35	133
832	142	35	134
832	142	35	134
832	142	35	134
832	141	35	134
833	141	35	133
832	140	35	135
833	139	35	134
833	139	35	134
832	138	35	133
833	138	35	133
832	138	35	134
832	138	35	133
832	138	35	134
832	137	35	135
832	136	35	135
832	135	35	136
832	135	35	136
832	135	35	136
831	136	35	135
831	136	35	135
831	136	35	135
832	136	35	135
832	136	35	135
831	136	35	135
832	136	35	135
832	135	35	138
832	135	34	136
831	134	35	138
832	135	34	136
833	134	34	138
832	133	34	139
832	133	34	139
832	132	34	139
832	132	34	139
831	132	34	140
832	132	35	140
831	135	34	135
831	133	35	138
831	134	35	136
832	133	34	139
832	133	34	140
833	133	35	140
830	135	36	135
830	134	36	137
829	133	36	137
829	132	36	143
829	134	36	138
829	133	35	143
829	135	35	138
829	133	36	141
828	138	36	136
828	134	36	141
828	135	35	138
828	134	36	142
827	135	36	139
826	133	36	143
826	134	37	140
826	137	36	138
825	135	37	143
826	135	36	139
825	137	37	139
826	137	36	139
825	138	36	137
824	138	35	138
824	136	36	141
825	137	36	139
823	135	35	142
825	133	35	143
824	137	35	137
824	136	35	140
824	135	35	141
823	134	35	141
823	134	35	142
822	136	35	137
822	134	34	140
821	134	34	140
821	134	34	140
820	134	34	140
820	133	34	140
819	132	34	140
819	132	34	140
819	132	34	140
818	132	34	140
818	131	34	140
818	132	34	136
817	131	35	138
816	130	34	137
816	128	35	139
816	130	34	135
814	127	35	138
815	126	34	136
814	124	35	138
813	124	34	136
812	123	35	138
812	123	34	136
812	122	35	138
811	123	34	137
810	121	35	139
810	122	34	135
810	120	35	138
810	120	34	140
810	119	34	140
809	120	35	140
809	121	34	137
809	120	35	139
808	121	34	137
807	120	35	139
807	121	35	137
806	120	35	140
807	121	35	137
805	120	35	140
807	122	35	137
805	121	35	139
806	122	35	137
804	122	35	139
806	122	34	137
804	121	35	139
805	123	35	137
805	122	35	139
804	124	34	137
804	123	35	139
804	124	34	137
805	123	35	139
804	125	35	137
804	124	35	140
804	125	34	137
806	124	35	139
806	125	35	137
807	125	35	139
809	127	35	138
809	127	35	137
811	127	35	140
813	127	35	139
813	126	35	141
814	128	35	138
813	127	35	140
814	127	35	138
813	126	35	140
811	127	35	138
811	126	35	137
809	124	35	140
807	124	35	137
807	123	35	140
804	124	35	136
802	122	34	139
800	121	35	139
797	120	34	140
794	120	34	140
795	120	35	140
791	119	34	141
788	119	35	141
784	121	36	141
780	121	35	140
777	122	36	142
777	123	35	139
773	123	36	142
768	127	36	138
765	124	35	143
762	124	35	144
759	129	36	139
758	129	36	138
755	128	36	142
752	130	36	138
751	131	36	139
754	133	36	140
758	131	36	143
757	132	36	140
761	133	36	144
767	134	36	140
772	134	36	143
777	135	36	141
783	136	36	140
782	134	38	145
787	136	37	140
791	136	37	141
794	136	37	141
796	135	37	142
798	136	38	142
798	135	38	142
798	135	38	143
799	135	37	143
799	135	39	143
799	135	38	144
799	138	38	142
799	138	38	142
799	139	38	141
798	140	39	141
799	140	38	142
797	139	38	142
797	139	38	141
797	138	38	142
796	139	38	141
790	139	37	142
784	141	37	141
781	144	37	141
778	147	37	142
778	147	37	142
777	151	37	141
777	156	37	142
777	159	37	147
778	166	37	143
780	170	37	144
779	170	37	142
781	170	36	142
782	168	37	141
780	166	37	140
780	164	37	140
780	161	37	141
780	157	37	145
779	158	37	141
777	156	37	142
777	153	37	146
774	153	37	144
770	157	37	148
771	160	37	142
768	162	37	147
765	166	37	143
760	164	37	148
755	166	37	144
752	165	36	143
752	163	37	146
751	164	37	143
748	165	37	142
748	164	37	141
747	161	37	146
745	163	36	142
746	163	36	141
733	89	29	290
687	50	46	368
860	161	36	146
857	174	36	131
752	168	31	111
763	164	29	118
744	168	36	143
744	167	36	144
743	165	37	146
743	166	37	143
744	164	37	146
744	165	37	143
744	164	37	146
745	168	38	143
746	168	37	143
747	166	37	147
747	168	37	143
747	167	37	147
748	168	36	143
749	167	37	146
750	166	37	143
750	165	37	147
752	166	36	143
751	164	37	146
751	165	37	143
746	175	29	135
736	116	50	251
557	181	41	129
488	276	44	116
488	273	43	144
489	276	39	137
490	197	37	296
466	135	84	419
764	159	34	133
759	154	36	143
759	152	36	146
759	151	36	146
759	149	36	147
760	149	36	142
759	142	37	145
760	137	37	139
761	135	36	145
761	129	37	140
761	121	37	139
761	113	37	145
763	110	37	145
765	109	36	142
765	107	36	145
767	104	36	146
769	103	36	146
771	100	36	147
775	97	36	147
777	96	36	148
777	95	37	148
780	94	37	149
781	97	37	143
783	95	36	147
784	95	38	148
786	100	37	145
786	98	37	149
786	99	37	149
787	102	37	150
787	107	37	144
785	108	37	148
780	110	37	144
780	108	37	148
775	113	37	143
772	110	37	147
768	112	37	144
760	108	37	148
749	110	37	144
748	108	38	148
735	109	37	145
721	109	38	149
713	114	37	143
709	113	38	147
709	115	37	142
708	116	38	142
707	114	38	142
707	114	37	140
705	114	38	140
704	113	37	141
702	112	38	142
703	113	36	139
701	110	38	144
699	112	37	141
698	110	37	146
697	112	37	143
696	115	37	142
697	115	37	142
696	113	37	146
696	116	38	143
698	115	37	148
700	117	37	144
702	118	37	148
701	121	37	142
703	119	37	146
704	122	36	142
703	122	37	146
704	123	36	143
703	122	37	146
704	123	36	143
703	122	37	146
702	123	36	142
701	122	37	145
701	123	36	143
699	122	36	145
700	122	36	146
698	123	37	143
697	121	36	147
697	125	35	124
696	126	35	114
695	125	34	109
695	125	34	108
695	126	34	106
695	126	34	105
695	129	34	107
697	127	35	111
698	127	35	125
699	123	36	135
700	126	36	141
699	130	37	144
700	133	37	147
701	137	37	143
701	138	37	141
702	139	37	141
702	138	37	146
703	140	36	142
704	139	37	145
705	140	36	142
705	139	37	145
705	141	36	142
706	142	37	141
708	140	37	145
709	141	36	142
710	140	36	145
711	142	36	141
711	140	36	145
712	141	36	141
713	138	36	145
711	139	36	141
711	137	36	145
710	138	36	141
710	136	36	144
708	136	36	142
707	134	35	145
706	132	34	145
706	131	33	142
705	130	31	138
704	128	31	143
702	123	30	146
696	120	33	145
693	120	34	130
691	117	35	122
689	119	35	117
690	120	35	115
688	121	34	113
686	118	34	112
684	121	35	107
683	121	35	106
682	119	35	110
682	121	35	107
681	120	35	113
681	121	35	115
681	122	35	118
679	120	35	122
679	121	34	122
679	121	35	124
677	123	35	123
677	120	35	132
675	125	35	128
675	122	35	136
673	125	36	133
673	124	36	135
672	124	36	136
672	122	36	141
671	125	36	139
669	124	36	142
669	126	36	140
669	125	36	143
668	126	36	140
668	127	36	140
668	127	36	139
666	127	36	140
666	127	36	140
666	127	36	140
666	126	36	140
664	124	36	144
663	126	36	140
662	124	36	141
662	125	36	140
661	126	36	140
660	125	36	140
659	126	36	140
658	125	36	140
657	126	36	139
656	126	36	140
657	126	36	140
655	126	36	140
654	126	36	140
652	129	35	139
652	128	36	142
650	132	35	140
650	130	36	142
649	131	35	138
649	137	35	127
604	66	22	269
570	44	39	313
463	139	40	148
469	164	28	116
468	108	28	230
466	60	29	326
637	143	33	98
643	141	34	77
647	134	23	69
648	137	22	53
649	135	17	47
646	139	23	29
642	137	21	26
643	103	19	94
642	65	21	171
637	130	34	121
739	139	32	130
646	157	21	119
645	158	22	117
638	139	29	139
633	138	33	141
632	138	34	138
629	139	36	138
628	140	35	137
628	139	35	140
626	138	35	141
626	141	35	137
625	139	35	140
624	141	35	137
624	140	35	140
624	141	35	136
624	141	35	136
623	139	35	139
624	140	36	136
624	142	35	135
626	141	36	136
631	140	36	137
635	138	36	141
639	139	36	133
640	142	35	129
644	138	35	123
651	142	35	114
657	138	34	109
662	142	34	99
666	143	35	104
666	142	34	104
670	143	34	107
673	141	35	116
676	141	35	116
678	143	35	117
680	140	35	130
681	142	35	126
683	140	35	139
685	143	35	136
687	143	35	137
687	145	34	135
688	143	35	138
688	144	35	136
688	142	35	139
689	144	35	135
690	146	35	135
690	143	35	138
691	144	36	136
691	146	35	135
691	143	36	139
692	147	34	135
694	146	35	138
695	196	33	84
693	234	35	47
694	234	32	47
678	179	31	158
673	291	40	108
671	291	38	133
669	309	40	114
669	333	39	92
668	340	40	77
666	267	44	223
698	178	34	86
699	148	34	110
700	150	33	105
699	149	34	107
700	150	33	104
701	149	34	95
702	151	32	92
703	153	32	88
702	149	33	86
704	149	33	86
703	149	33	86
704	149	33	86
704	153	33	86
705	148	33	96
705	151	33	103
705	152	34	118
704	151	35	119
705	150	35	135
705	151	35	136
707	152	35	135
708	150	35	138
708	152	35	135
708	150	35	139
709	152	35	135
710	152	35	135
818	158	34	124
809	89	52	263
806	0	59	456
693	0	65	557
678	0	96	662
667	162	126	337
462	279	41	103
459	265	43	131
463	262	43	136
463	266	42	132
466	262	42	136
467	262	41	135
467	263	41	134
470	261	40	138
471	261	39	138
471	260	40	140
472	262	39	137
473	261	38	139
475	261	38	139
474	261	38	138
475	259	38	138
475	259	38	138
475	259	39	138
475	260	39	138
475	260	40	137
476	257	39	138
476	258	37	138
476	258	39	138
476	259	40	137
476	256	38	138
477	256	39	138
477	256	39	137
477	255	40	139
477	255	38	138
478	253	39	138
479	253	38	138
480	251	38	138
480	249	38	139
482	249	38	139
482	250	37	136
483	249	37	136
484	248	38	138
484	249	39	135
486	247	38	137
487	246	39	137
486	247	38	136
486	244	41	137
487	244	39	137
489	243	40	137
489	244	41	136
489	243	40	136
489	241	42	139
488	241	41	138
489	240	43	137
488	240	42	138
489	240	43	136
489	240	42	136
488	240	42	136
490	240	43	136
490	241	42	132
489	241	42	133
489	240	43	135
491	239	42	137
491	239	41	136
489	240	43	134
491	238	43	136
492	237	40	136
493	239	42	135
493	238	39	135
493	238	41	135
493	238	41	134
494	237	42	135
494	237	40	136
494	237	42	135
495	235	42	138
495	236	41	136
495	235	43	137
496	235	40	137
496	234	42	136
497	233	41	136
498	232	41	138
497	233	41	135
499	231	41	136
499	231	41	137
501	230	41	137
500	230	40	134
500	229	42	136
500	230	40	135
501	229	42	137
501	229	40	136
500	229	42	135
501	228	41	136
501	227	41	137
501	227	41	137
501	227	41	137
501	227	41	137
501	227	41	137
501	227	41	137
502	224	43	139
502	226	38	137
502	225	41	138
509	142	27	306
579	110	24	148
576	62	30	243
496	11	43	345
490	0	54	428
572	180	40	68
503	232	35	87
503	230	37	134
500	227	40	140
500	230	37	135
501	224	41	144
500	227	38	137
499	226	41	140
500	227	39	139
501	227	39	138
501	231	38	135
500	229	40	140
501	230	37	138
500	231	41	137
501	230	39	137
500	233	42	136
500	234	39	135
500	232	39	138
499	236	40	135
499	235	42	137
500	235	39	136
498	235	42	136
499	236	41	137
499	236	41	137
499	236	41	137
498	236	43	137
498	235	41	137
498	235	41	138
500	236	41	136
500	236	41	136
500	237	40	136
501	237	42	136
502	238	40	135
502	237	40	136
502	237	40	137
502	237	40	136
503	237	40	136
504	237	40	136
504	237	40	136
503	236	41	136
505	235	42	136
505	234	41	136
505	234	43	137
509	233	41	137
511	231	41	138
512	233	41	135
513	232	42	136
513	231	40	136
514	232	42	135
513	232	41	136
512	233	43	136
513	233	41	137
513	234	41	135
513	235	40	133
510	235	39	132
509	233	41	137
511	234	41	134
514	230	42	135
524	219	41	138
523	223	41	135
527	219	42	136
528	219	40	135
527	219	42	135
528	219	43	136
529	218	42	136
528	218	41	135
530	219	42	133
529	218	43	135
529	218	44	135
529	217	44	136
529	219	40	134
529	217	42	136
520	221	40	138
512	230	41	136
507	235	40	136
506	240	42	136
507	243	41	136
506	243	41	134
504	246	42	135
505	246	40	136
505	248	42	136
504	248	40	134
503	248	40	135
502	248	42	135
500	248	39	135
494	247	41	138
491	248	39	136
488	248	40	136
486	239	42	140
486	243	42	138
483	233	43	141
482	228	41	140
502	144	34	308
548	135	45	137
551	45	39	319
743	120	35	132
739	118	36	137
737	116	35	142
735	124	35	137
732	128	36	140
771	55	26	286
772	25	23	346
827	143	44	143
851	54	40	322
902	0	50	443
897	0	60	522
852	0	59	615
743	231	46	152
745	138	42	339
726	171	35	109
733	101	21	249
715	81	58	291
711	0	64	487
921	178	47	130
952	86	39	113
955	8	33	268
948	0	47	332
940	0	63	418
816	0	72	534
726	0	52	661
456	257	37	136
448	245	35	143
447	245	40	144
448	248	38	138
448	248	37	138
450	248	37	138
450	249	38	137
454	248	38	137
455	248	39	138
456	254	39	137
460	262	40	134
459	262	40	135
466	266	40	134
472	267	40	137
475	266	41	138
478	263	40	138
479	262	39	136
480	262	40	137
481	261	38	135
484	258	41	137
487	258	41	137
492	258	41	137
493	258	38	137
493	258	39	137
494	256	38	137
493	254	39	137
494	253	39	137
494	251	39	137
494	252	39	135
494	251	39	135
494	248	40	136
493	247	39	137
492	244	40	136
493	240	42	137
493	236	38	136
493	236	41	136
493	233	38	136
491	228	41	138
492	226	39	136
491	222	42	136
493	220	40	138
492	220	40	136
492	219	39	136
492	217	42	137
492	217	40	136
492	214	40	138
492	215	40	136
493	214	40	136
494	214	40	136
493	213	39	136
493	211	40	136
492	211	40	137
492	211	40	136
491	211	40	136
491	211	40	136
491	209	40	138
491	210	41	137
490	209	41	136
490	207	40	138
490	208	41	137
490	208	41	137
491	208	40	137
490	209	40	135
489	209	40	135
488	208	42	138
489	208	41	137
489	209	40	135
488	208	40	135
487	208	42	135
488	207	41	135
487	207	40	136
486	207	42	136
485	207	39	136
484	204	42	139
483	205	41	137
482	204	41	138
481	206	41	135
480	205	42	136
480	205	41	136
479	208	43	137
480	210	41	136
479	214	41	134
478	214	42	135
478	214	41	136
478	213	43	137
478	213	40	137
477	213	41	136
476	212	43	136
476	212	41	137
477	211	41	138
476	213	41	135
476	210	42	138
476	210	40	138
476	211	43	137
480	210	44	137
481	211	39	134
483	209	43	138
485	208	42	138
488	208	43	136
490	207	42	138
493	208	42	136
493	208	40	136
497	207	42	138
500	208	40	137
502	209	39	138
505	209	39	137
507	210	39	137
508	209	40	139
509	211	37	136
513	209	35	138
513	209	36	138
515	206	35	143
516	204	31	146
517	207	30	140
534	146	52	67
531	60	59	239
546	125	31	108
547	61	29	236
541	12	41	335
581	0	42	415
789	106	35	130
788	101	37	136
788	102	36	137
789	102	37	138
790	102	36	137
790	100	36	142
790	102	36	137
790	100	37	142
790	101	36	139
790	101	37	139
790	101	37	139
790	101	36	139
789	101	36	139
788	101	37	138
787	101	37	139
787	101	37	139
785	101	36	138
785	101	37	138
782	101	36	138
781	100	36	139
778	100	37	138
778	100	37	139
777	99	36	139
776	99	36	139
775	99	37	138
774	99	37	139
773	98	37	139
772	98	36	138
772	98	37	138
771	96	37	139
771	96	37	138
771	95	37	139
770	94	37	140
769	93	37	140
770	92	37	139
769	92	37	139
770	92	37	140
770	91	36	140
770	92	37	138
768	90	36	144
768	96	36	141
767	97	37	140
767	108	37	138
767	116	36	138
767	126	36	135
768	124	36	141
768	125	35	138
768	124	36	142
768	124	36	139
767	120	36	143
768	120	37	140
768	116	38	141
768	114	38	142
768	115	37	140
769	110	37	145
769	112	37	140
769	107	37	145
771	108	37	142
772	105	36	146
772	107	36	142
773	105	37	145
773	109	36	142
776	113	38	146
779	119	37	141
781	122	37	142
781	122	38	142
783	126	38	141
784	131	38	140
786	130	38	142
787	133	38	142
789	132	38	143
789	133	38	141
790	136	38	139
792	135	38	139
794	136	36	138
795	133	37	143
796	135	36	139
796	132	37	144
798	135	36	138
799	131	37	143
800	133	37	138
801	133	37	139
802	132	37	139
802	134	36	138
803	129	37	142
804	129	37	141
805	129	37	140
806	129	37	141
807	128	37	141
807	128	38	142
808	127	38	142
808	127	38	143
809	126	38	143
809	127	38	142
811	126	38	143
810	126	38	143
811	127	37	142
812	127	37	141
813	126	38	143
813	126	38	143
814	126	38	141
814	126	38	143
814	127	38	140
816	125	38	142
816	127	38	139
816	127	38	139
819	125	37	141
818	124	37	141
818	123	38	142
820	122	38	142
820	123	38	140
822	122	38	142
823	123	38	140
823	122	37	141
825	122	38	142
825	121	38	142
827	122	37	139
828	120	38	145
828	123	37	138
828	119	38	144
829	119	38	143
829	120	38	141
829	120	38	143
829	119	38	143
827	118	38	143
827	117	38	144
827	117	38	144
825	120	38	142
826	120	37	142
824	120	37	141
821	117	38	147
820	119	39	143
819	121	38	141
818	121	38	141
816	117	38	148
815	119	38	143
813	119	39	143
813	118	38	144
812	118	38	145
810	119	39	143
810	118	38	144
809	119	37	143
808	117	38	147
807	119	38	142
806	118	38	143
807	118	37	144
805	115	38	148
804	122	37	139
804	116	38	146
805	118	37	142
804	118	38	142
803	121	38	139
803	116	38	147
803	119	37	139
803	116	38	146
803	119	37	139
803	116	38	146
803	120	37	138
803	116	37	145
803	118	37	139
802	118	38	139
802	119	37	138
803	118	38	140
802	114	37	147
801	115	37	142
800	110	38	147
802	111	37	145
802	109	38	149
801	110	39	146
800	109	39	147
801	109	39	147
801	108	38	148
800	106	39	152
800	111	38	145
800	105	38	151
801	108	38	146
800	105	39	150
800	107	38	146
799	104	39	151
799	104	39	150
799	104	39	149
798	103	40	149
797	102	40	149
797	104	40	147
797	103	40	147
797	104	40	146
797	103	40	147
797	103	39	146
795	103	39	148
795	104	39	146
794	104	38	147
793	104	39	146
793	105	39	145
791	105	39	145
790	104	40	146
790	105	39	145
789	105	38	146
789	105	39	145
788	106	38	144
788	106	38	144
788	107	38	143
787	106	38	144
786	107	38	143
786	106	39	144
786	108	38	143
785	108	38	144
784	109	38	143
784	109	38	144
783	110	38	143
783	109	38	144
782	109	39	144
781	109	40	145
781	108	39	145
782	112	38	143
781	111	39	144
781	111	39	143
782	113	39	143
781	114	38	141
783	112	37	142
782	114	37	142
781	112	37	147
781	115	37	141
781	114	37	142
781	114	37	143
781	114	37	141
779	112	37	146
779	114	37	143
779	114	37	142
778	113	38	142
777	113	38	142
775	113	38	142
775	113	39	142
774	112	39	143
774	112	39	143
774	111	39	142
774	111	39	143
773	111	39	142
773	110	39	142
772	109	39	142
773	108	38	144
771	109	38	141
772	108	39	143
771	110	38	139
771	108	38	141
771	108	38	141
771	107	38	142
771	105	39	143
772	106	38	141
771	106	38	140
771	104	38	142
772	105	38	140
772	105	38	140
770	104	38	141
770	104	38	141
769	102	38	142
770	101	38	142
770	100	39	143
770	101	39	142
768	101	38	142
770	99	38	143
769	98	38	144
769	97	38	144
769	97	38	145
768	97	39	145
768	96	39	146
768	95	39	146
767	95	39	147
766	96	39	144
767	96	38	145
766	97	39	145
766	96	37	144
765	97	38	143
765	94	38	149
763	96	39	144
762	98	38	143
763	94	38	150
760	97	39	144
759	98	39	143
758	98	39	142
756	98	38	142
755	97	39	143
755	98	39	142
753	99	38	142
751	97	38	143
749	97	39	143
745	96	39	142
743	97	38	142
743	96	39	143
740	96	38	143
737	96	39	142
734	96	38	143
731	95	39	144
729	95	39	143
729	95	39	142
727	96	38	142
724	96	39	140
723	96	38	141
721	96	38	140
720	96	38	142
719	94	38	142
719	95	38	140
718	95	38	139
716	95	37	141
716	94	37	141
714	97	37	139
714	93	37	145
713	95	37	139
713	95	37	141
714	97	36	139
714	95	36	144
714	97	36	140
714	95	36	144
714	97	36	140
715	95	36	144
716	96	36	140
717	95	36	144
717	96	36	140
717	95	36	144
718	95	37	142
718	96	37	142
718	92	37	147
720	93	37	144
719	94	38	143
720	94	38	143
720	93	38	145
720	94	37	144
721	94	37	145
723	92	37	149
723	94	37	144
723	92	37	147
723	94	37	143
725	92	37	147
725	94	38	143
726	91	37	149
726	93	37	145
726	92	37	149
726	95	37	145
726	92	38	149
728	95	37	144
728	93	38	148
729	95	37	143
729	94	38	148
731	96	38	145
732	96	38	144
733	95	38	144
736	95	38	145
738	94	39	145
738	95	38	144
739	94	38	144
741	94	38	145
742	94	38	144
743	95	38	145
745	95	37	144
744	95	37	145
746	93	38	149
747	96	38	144
748	95	38	144
750	100	38	144
753	104	38	143
752	103	38	144
754	106	38	144
757	108	38	143
758	108	38	144
760	111	38	143
761	110	38	143
761	111	38	144
761	111	38	143
762	112	39	144
762	112	38	144
764	113	38	144
764	114	38	142
765	115	38	143
764	115	38	143
765	115	38	145
764	115	38	144
765	115	38	146
764	116	38	144
765	116	38	145
765	116	38	145
765	118	38	144
765	117	38	146
765	117	38	146
765	117	38	146
765	118	38	146
766	118	38	146
768	117	38	147
768	118	37	145
768	116	37	149
768	117	37	149
768	117	37	149
768	117	37	149
767	117	37	150
767	116	37	150
767	116	38	151
766	118	38	147
766	119	38	146
766	117	39	151
766	118	39	149
766	120	39	146
766	119	39	146
766	119	40	146
766	119	39	146
766	118	39	147
766	118	38	148
765	116	39	152
765	116	38	149
766	117	38	147
765	118	38	145
764	117	39	150
764	119	38	146
763	117	38	147
761	119	39	144
762	119	38	144
762	119	38	144
761	118	38	144
761	118	38	144
761	119	37	143
762	119	37	142
763	117	36	144
762	116	37	146
764	118	37	143
764	116	36	146
764	116	36	147
765	115	36	147
764	114	36	148
765	114	37	148
765	116	37	145
765	114	37	148
765	116	37	144
766	117	37	142
766	114	37	147
766	116	36	143
766	113	37	146
767	115	37	143
767	113	37	146
768	116	37	141
769	113	37	145
769	112	36	147
769	112	36	148
770	111	37	148
771	115	36	141
773	113	36	145
774	115	36	141
774	113	36	145
775	112	36	145
775	111	36	146
776	111	36	146
775	111	36	147
776	110	36	147
776	112	36	142
776	111	36	146
776	110	37	146
774	109	37	148
774	110	37	144
773	107	39	148
773	108	38	145
773	109	38	143
773	109	38	144
772	108	39	144
772	108	40	144
774	108	39	144
773	108	39	145
773	109	39	144
774	105	40	146
776	110	39	139
776	108	39	141
776	107	38	141
777	106	39	143
778	109	38	138
778	104	38	146
778	106	38	141
779	103	38	144
777	107	38	139
777	106	38	140
777	106	39	139
777	106	39	138
777	104	38	139
777	105	38	138
777	105	38	138
777	104	38	138
777	97	38	146
776	100	37	142
776	97	37	147
776	99	37	143
778	97	38	147
777	99	37	142
778	97	37	146
778	100	37	141
777	97	37	146
777	95	37	149
776	100	37	142
777	98	36	147
776	98	36	147
776	103	36	131
776	101	37	140
774	104	37	145
775	124	34	123
774	120	34	131
767	51	33	269
883	98	25	63
887	93	32	75
881	100	39	88
781	110	33	79
776	111	29	77
770	54	32	193
880	159	28	90
792	121	33	137
769	115	37	146
769	153	32	104
771	153	29	104
674	94	222	222
876	138	44	134
874	123	38	133
878	125	36	128
774	112	30	109
779	122	29	77
774	125	34	95
773	120	36	142
771	121	38	145
771	123	38	141
772	124	39	143
772	124	38	141
772	126	39	141
773	128	39	139
773	128	38	141
773	127	38	142
773	129	38	142
773	130	39	141
773	128	39	143
774	130	39	143
774	132	38	141
774	133	39	143
774	133	38	143
774	134	38	142
774	136	39	141
773	137	38	140
774	136	39	143
772	135	38	144
772	137	39	143
771	137	39	143
772	137	39	144
771	139	39	143
770	140	39	143
770	140	39	144
771	140	38	145
770	140	39	145
770	140	39	144
770	140	38	145
770	142	39	143
770	142	38	144
769	142	38	143
769	142	38	144
769	141	38	144
769	141	38	145
769	143	37	143
769	140	37	147
769	142	37	143
769	140	37	147
769	142	37	143
769	140	36	147
767	143	36	142
767	141	37	146
766	142	37	143
766	140	36	147
766	140	36	147
765	143	36	142
766	141	36	146
766	141	36	146
765	140	36	147
765	140	36	147
764	142	36	142
764	141	36	146
763	141	36	146
764	141	36	147
763	140	36	147
763	144	36	140
763	142	36	145
762	141	36	145
762	146	36	138
762	143	36	143
761	146	36	137
762	143	36	142
761	142	36	145
761	140	36	146
761	144	36	138
760	140	37	143
759	138	37	146
759	141	37	141
759	138	37	146
758	141	37	141
758	141	37	141
757	142	37	139
756	138	38	146
756	143	37	137
757	143	37	137
755	137	38	144
755	141	37	137
754	136	37	144
754	139	37	138
754	135	37	144
753	137	38	139
751	136	38	139
751	134	38	141
751	130	38	148
749	132	38	140
751	129	37	147
748	131	38	142
748	126	38	149
748	128	37	143
748	124	38	148
748	125	38	143
748	122	38	148
748	124	39	143
748	119	38	150
748	122	38	144
748	116	38	149
748	118	38	144
749	115	38	149
749	116	37	146
750	113	38	150
750	114	38	147
751	112	38	151
751	114	39	146
752	115	38	145
755	113	38	149
754	118	39	143
757	113	38	151
758	119	38	143
758	114	39	149
758	114	38	149
759	114	38	149
760	115	38	150
761	117	38	147
762	117	38	146
762	118	38	146
762	118	38	145
762	119	39	145
761	118	39	146
762	122	39	143
762	124	39	143
761	126	39	143
761	124	40	146
760	128	39	143
760	126	39	147
758	128	39	144
756	130	39	144
755	130	39	145
755	129	39	145
753	129	40	146
752	133	39	144
752	132	39	145
750	132	39	146
750	134	38	144
750	133	38	144
750	133	38	145
748	135	39	144
748	135	38	143
746	146	39	131
743	156	36	96
745	164	29	79
735	107	48	195
847	131	43	147
755	133	35	107
742	134	35	115
736	130	38	141
737	131	38	141
735	129	38	142
735	126	38	143
733	124	37	143
733	122	38	143
732	121	37	141
732	120	38	142
732	119	37	142
732	117	37	142
730	115	37	143
731	114	37	143
729	113	37	142
729	113	38	142
729	113	37	142
729	111	38	142
728	111	38	142
728	109	37	143
729	109	37	142
729	109	37	142
728	109	37	142
728	108	37	142
729	108	38	142
729	106	37	142
730	105	37	143
729	105	37	143
730	105	37	143
730	104	37	144
730	105	37	142
730	104	37	142
731	104	37	142
730	104	37	142
732	104	37	142
731	104	36	142
731	104	37	142
732	104	37	142
732	105	37	141
731	105	37	140
732	107	37	138
732	104	38	145
733	106	38	141
732	106	38	142
733	104	38	143
734	104	38	144
733	104	38	143
734	104	38	144
734	104	38	144
734	106	38	144
734	108	38	144
735	106	38	146
734	110	38	143
735	112	38	143
735	112	38	144
736	114	38	144
735	115	38	144
735	114	38	144
735	115	38	142
735	117	38	143
735	118	38	141
734	118	39	143
734	118	38	142
734	118	38	142
734	118	38	143
733	118	38	143
732	119	38	142
732	120	38	142
732	119	38	143
732	119	38	143
732	118	38	143
731	120	37	143
730	120	38	143
729	120	37	143
729	120	38	143
729	120	37	143
729	120	38	143
728	120	37	143
727	120	38	143
727	120	38	143
726	121	38	143
726	122	37	141
726	122	38	142
726	121	38	142
725	123	38	141
725	123	38	142
726	122	38	143
725	123	38	141
725	124	38	141
727	124	37	140
728	124	37	141
729	124	37	141
730	125	36	140
731	124	37	140
733	125	37	140
734	124	37	140
737	121	37	145
738	122	37	143
740	123	37	141
740	122	37	142
741	122	37	142
742	122	37	142
744	122	37	142
745	122	37	141
746	122	37	142
746	119	37	146
747	122	37	140
748	118	38	146
749	120	37	141
750	120	37	142
750	120	38	142
750	120	38	143
752	120	37	143
752	120	38	143
753	120	37	143
753	120	37	142
