860	282	84	64
858	280	86	64
858	272	87	66
859	254	87	65
869	246	87	65
869	249	86	65
877	238	90	67
877	237	89	67
885	235	87	66
881	239	88	66
894	224	87	66
894	225	88	67
885	243	88	67
886	243	88	66
888	253	88	66
883	261	88	66
875	262	88	65
872	262	91	65
857	272	88	66
857	271	88	66
850	273	88	66
840	280	92	66
830	278	87	66
828	274	85	67
822	273	87	65
822	274	86	65
816	272	86	66
815	277	87	65
820	267	86	67
819	264	88	66
824	253	87	68
823	253	88	66
825	246	88	68
820	257	87	67
828	254	88	67
824	255	88	67
823	255	88	66
823	255	88	66
838	249	88	67
823	258	91	67
817	266	88	67
826	265	88	66
815	283	88	67
815	283	88	67
811	284	89	66
816	282	88	67
806	288	88	66
809	284	88	68
808	280	89	68
809	281	87	67
807	270	88	68
809	266	89	68
805	266	90	69
809	264	90	68
815	261	90	68
815	261	90	67
816	257	90	69
811	255	90	68
810	258	90	70
807	272	88	68
807	273	89	69
807	273	89	69
810	273	90	69
807	272	89	70
811	279	91	67
815	290	90	68
821	294	92	67
823	293	90	68
834	293	93	68
848	301	89	68
843	311	90	67
843	309	90	69
839	307	90	70
839	307	90	70
835	299	89	70
833	291	89	69
830	288	90	68
832	274	90	69
838	266	90	69
838	266	91	68
841	262	90	69
839	262	91	70
849	262	94	69
846	264	92	69
831	269	92	69
832	268	92	70
831	272	92	69
823	276	92	68
821	278	91	70
825	281	90	69
825	283	91	69
825	283	91	70
828	287	92	69
830	289	92	69
830	294	91	70
835	298	92	69
835	301	92	69
835	301	91	70
843	302	92	69
842	302	92	71
836	306	91	69
835	301	91	71
828	299	92	71
829	299	92	71
829	287	91	71
827	280	92	72
822	281	93	71
822	288	90	72
826	292	92	71
824	293	93	72
829	296	93	71
825	302	93	73
827	309	92	71
828	312	93	72
835	309	90	71
833	309	92	73
832	309	92	72
832	307	89	73
833	303	93	72
832	306	92	73
840	301	93	71
838	301	94	73
845	300	90	72
848	289	92	73
847	286	95	72
849	288	91	72
840	288	109	72
844	288	102	71
852	285	86	72
855	279	79	73
856	276	76	76
855	274	153	83
855	274	151	85
855	274	149	87
848	277	147	88
847	277	138	92
845	279	136	94
839	280	132	95
839	280	129	96
839	280	130	96
827	277	131	98
817	273	133	101
801	272	140	102
779	274	145	106
773	275	146	108
771	275	144	108
760	274	155	110
748	272	167	112
737	269	177	117
723	265	192	119
713	264	203	121
710	262	210	126
722	254	210	120
774	259	159	106
810	285	87	70
840	280	79	75
843	270	84	73
841	269	86	73
818	273	93	74
821	263	95	74
817	262	96	73
806	266	97	72
805	265	98	74
806	265	98	74
802	262	97	74
799	255	96	73
800	249	96	73
792	246	96	74
792	239	97	74
791	239	97	74
786	242	98	73
780	253	97	73
780	252	97	76
781	253	97	75
786	253	98	75
786	252	99	76
792	254	97	74
793	261	97	74
800	266	98	73
804	268	97	74
800	268	98	76
799	268	99	76
796	268	100	76
802	265	100	75
799	266	100	77
795	267	99	77
799	268	100	77
797	268	101	76
789	268	98	75
790	267	99	77
790	268	99	76
788	268	100	76
787	267	100	77
786	268	101	76
784	266	101	77
784	266	102	77
784	263	100	76
783	261	100	79
782	259	101	78
783	260	100	77
782	260	101	77
781	258	102	79
781	258	101	79
780	258	101	78
784	258	102	78
785	258	102	78
783	261	101	76
776	265	101	76
784	266	100	75
770	280	103	76
767	285	102	78
767	285	102	78
762	285	105	77
744	286	103	77
744	265	102	77
747	247	102	76
739	240	101	76
737	239	104	77
735	229	100	77
728	225	104	76
710	234	105	79
697	245	103	77
697	236	102	77
696	235	104	78
690	240	103	77
687	246	101	77
689	245	101	79
676	262	103	77
681	261	102	78
680	261	103	79
678	264	104	78
678	261	103	80
683	255	104	80
677	268	103	79
679	261	103	79
679	261	104	78
676	251	103	79
677	239	104	80
680	226	104	80
681	224	107	80
686	224	107	80
686	223	106	81
685	231	107	83
683	243	108	81
688	231	107	79
682	230	111	81
679	253	109	81
678	253	110	80
685	257	111	79
685	268	112	81
683	272	112	81
683	271	113	82
684	268	113	82
685	267	111	82
680	269	112	81
686	255	114	81
688	249	114	83
688	252	112	83
693	242	111	83
692	241	110	83
692	234	117	84
676	240	120	85
680	229	111	85
671	229	112	84
659	235	111	83
659	236	111	85
664	235	106	83
673	234	102	84
679	238	97	84
681	244	91	84
683	245	88	84
684	245	86	83
684	251	85	82
685	262	84	84
693	263	67	82
697	271	60	84
698	269	57	81
699	268	54	82
700	266	54	77
701	256	52	86
592	230	270	108
674	218	145	129
671	212	154	127
669	210	154	130
664	200	162	135
664	201	162	142
669	203	152	135
616	192	199	144
619	203	199	136
624	198	189	144
710	217	83	98
738	229	60	72
733	227	66	76
725	236	71	78
723	240	75	82
717	241	79	79
709	246	86	79
697	240	91	83
683	237	105	87
670	245	110	87
647	238	131	89
649	237	130	91
645	237	131	87
638	239	132	89
639	221	130	91
636	213	132	91
634	199	132	91
634	197	132	91
634	193	133	93
635	198	134	92
633	198	134	94
630	200	135	90
629	203	133	88
628	201	133	91
624	198	134	93
619	206	135	90
618	210	133	92
615	217	133	94
615	225	133	94
615	226	133	93
612	235	134	95
612	249	134	96
611	264	133	96
610	278	133	96
610	293	130	96
608	292	132	95
605	297	134	96
604	298	134	96
604	290	131	97
605	273	132	97
603	273	134	96
603	272	133	97
603	268	131	98
603	267	130	96
601	276	132	98
601	271	131	97
610	266	129	97
607	266	135	99
608	265	133	98
609	262	131	98
609	263	130	98
609	265	130	99
617	274	114	101
612	276	123	95
630	281	87	92
617	279	197	108
609	273	203	117
618	266	186	93
614	252	193	120
618	254	184	114
621	245	178	123
617	244	187	128
620	259	181	124
597	242	187	144
600	247	182	140
607	247	168	138
614	238	153	146
590	243	200	144
622	246	136	136
636	257	109	137
576	237	229	150
529	236	239	160
537	236	224	167
519	233	259	170
482	240	278	168
513	242	217	145
550	246	142	128
603	245	108	129
606	262	105	95
600	262	115	100
581	257	130	108
564	244	143	105
564	252	123	98
556	249	126	102
549	247	114	101
552	243	108	108
546	250	109	103
550	242	101	107
559	243	83	104
553	243	94	105
535	236	100	112
525	239	106	112
517	240	109	109
514	247	101	110
522	244	84	106
522	242	86	108
526	245	77	102
529	247	71	102
525	241	69	115
619	217	102	59
600	216	105	62
598	243	109	40
601	214	89	53
582	211	111	46
563	235	128	36
569	211	109	45
556	203	126	60
561	235	117	43
544	206	119	57
437	228	332	66
543	252	119	74
540	248	126	81
607	263	81	50
641	267	51	43
635	265	63	38
612	259	79	49
587	258	100	50
564	249	114	95
559	254	119	104
562	252	112	107
535	252	147	105
508	258	166	111
491	255	182	109
484	253	189	113
486	249	188	117
485	256	191	112
485	252	189	118
485	253	191	120
485	256	191	121
487	262	188	122
498	268	188	121
494	269	194	121
502	272	193	123
500	275	195	117
509	277	194	121
515	278	196	123
522	280	193	125
521	279	193	125
534	279	196	125
545	284	197	118
553	282	197	123
557	281	199	125
563	280	199	126
564	282	200	123
565	285	201	126
573	285	198	127
573	287	198	127
573	289	198	127
571	293	201	127
573	292	202	128
568	294	203	129
564	296	204	130
570	295	203	131
573	300	203	131
567	310	208	131
567	311	205	129
573	309	208	130
585	315	205	132
586	320	208	132
588	325	206	133
598	326	209	133
596	326	210	134
610	327	211	134
612	328	213	135
619	314	211	136
623	302	217	136
630	302	214	131
629	300	212	135
634	287	213	135
639	287	214	136
642	288	213	134
647	285	217	135
658	289	216	137
657	288	218	138
665	291	216	133
675	295	219	136
683	296	220	136
691	289	221	134
700	285	220	134
700	283	219	138
707	291	224	133
719	277	223	139
716	269	222	138
723	265	223	135
727	251	223	139
728	251	223	138
719	239	226	141
719	233	225	137
714	226	226	139
711	223	228	136
709	222	225	139
708	222	227	139
704	222	227	139
700	211	230	142
695	219	233	145
689	225	232	144
687	227	231	140
688	227	230	140
684	223	231	142
681	223	231	143
677	221	234	140
672	218	235	142
670	218	233	143
672	218	233	143
666	221	236	144
662	228	237	142
656	231	237	141
652	229	235	145
647	239	241	148
650	241	235	144
645	239	238	142
642	239	238	148
637	242	241	147
632	245	242	145
627	253	245	146
629	253	242	145
625	254	242	146
624	250	244	145
620	247	246	145
621	243	245	148
618	242	245	153
618	243	244	150
617	253	246	150
614	257	247	148
614	260	246	153
612	275	250	149
620	286	249	153
621	287	246	151
624	298	250	149
627	299	252	151
628	300	251	149
632	297	253	148
631	300	253	151
631	301	254	150
635	299	261	149
638	296	256	148
633	304	260	152
641	291	257	153
644	280	260	153
646	281	256	150
633	279	262	153
634	275	260	150
637	267	265	151
629	268	268	153
632	268	262	152
632	270	262	153
640	270	265	153
633	278	270	154
636	281	264	153
631	273	269	154
632	278	266	156
634	278	264	156
628	286	272	155
629	295	268	155
624	301	274	155
626	310	269	156
627	311	268	159
626	312	270	158
631	317	270	158
636	314	277	153
642	313	276	159
641	323	280	158
643	327	276	156
642	325	278	159
644	327	281	162
644	340	286	163
646	344	283	165
654	352	278	162
637	366	284	161
639	367	280	158
641	361	282	158
659	337	283	162
668	319	287	163
678	306	290	162
696	303	291	158
694	305	287	159
701	300	292	158
702	303	288	163
708	310	290	162
704	315	291	164
697	323	293	165
696	323	295	165
691	329	296	165
697	326	302	164
711	324	298	167
723	328	299	167
732	327	300	168
731	328	301	166
731	339	300	169
748	335	302	162
767	317	302	166
759	313	309	166
762	305	303	170
761	306	304	168
772	305	303	170
778	296	304	170
781	297	310	168
788	301	316	173
807	302	313	170
806	301	309	171
809	307	308	172
809	310	309	171
782	295	321	174
769	306	317	175
788	307	316	173
784	307	323	173
791	308	317	175
781	315	326	169
792	301	324	174
768	302	328	171
738	304	317	167
733	307	325	166
723	294	311	174
703	302	317	172
709	301	313	173
705	301	322	173
701	290	326	175
704	289	320	170
693	283	318	173
697	282	324	173
704	280	317	172
697	292	323	177
694	293	326	169
693	290	325	174
723	276	319	171
721	279	319	179
717	287	326	177
726	296	322	182
729	318	330	177
726	317	330	173
713	298	338	177
708	283	334	175
719	265	337	179
739	271	330	177
728	258	335	179
728	260	334	174
717	258	333	178
711	265	327	175
699	247	338	179
696	248	330	182
686	251	339	176
687	254	334	175
683	233	338	179
679	228	340	176
672	244	338	189
667	269	338	174
668	262	343	180
670	260	339	184
672	269	335	180
631	262	339	182
624	268	344	184
620	282	337	181
598	281	350	183
604	281	345	182
583	284	364	190
581	270	375	195
589	245	388	203
574	229	411	225
542	233	407	219
557	235	400	214
552	239	406	217
548	227	418	225
543	216	424	229
533	206	439	232
528	179	444	256
530	192	435	226
527	166	447	232
520	163	457	232
516	172	454	231
522	175	447	240
544	180	439	235
527	177	470	241
541	185	451	232
539	194	433	245
558	208	420	234
553	206	420	243
567	209	392	256
551	212	424	250
544	216	327	241
566	209	282	237
559	201	297	240
573	194	268	238
606	189	203	242
596	197	222	222
576	171	522	314
654	171	365	325
689	158	296	346
623	208	428	256
754	211	166	222
657	192	359	257
895	195	152	203
891	172	202	212
853	156	208	220
767	148	287	234
391	133	888	260
429	176	175	175
165	188	702	151
657	150	435	246
686	160	376	244
660	159	377	251
675	168	346	247
668	166	361	252
697	169	302	254
661	179	278	249
695	195	211	238
351	202	900	239
820	166	372	310
760	148	455	341
768	118	395	395
605	171	198	289
224	158	958	320
466	176	476	277
0	130	1280	365
0	0	10	10
0	0	24	24
0	13	62	49
0	0	142	149
0	15	363	117
0	0	594	157
0	0	196	690
0	197	10	295
0	236	113	218
0	29	372	631
773	145	382	251
717	174	493	248
720	169	486	252
683	196	517	259
673	190	509	251
670	181	505	252
643	172	513	254
629	171	510	254
629	171	508	254
598	162	525	253
557	151	514	256
567	148	521	256
575	152	504	257
548	169	523	255
548	168	518	258
538	165	525	252
532	166	514	257
511	173	522	261
505	183	510	260
509	197	504	263
517	195	487	262
478	221	504	265
462	224	531	257
481	223	522	261
477	217	521	255
456	197	529	261
468	199	514	257
469	174	512	260
454	158	521	257
461	129	506	257
460	102	518	260
473	87	491	254
482	84	473	254
444	62	528	266
452	57	523	264
464	56	497	277
464	81	497	257
400	73	533	267
434	74	521	272
442	77	504	261
432	92	525	270
417	84	532	270
429	80	508	273
433	80	499	268
437	88	490	263
441	83	481	268
382	103	531	268
395	102	505	265
395	94	505	263
387	82	530	270
398	82	507	265
394	93	514	264
376	86	536	265
391	81	505	272
396	98	496	267
331	91	532	262
339	87	515	263
350	79	493	275
291	112	548	265
310	107	510	269
308	129	513	267
317	143	495	266
299	138	531	271
279	139	536	267
291	132	535	270
304	127	508	273
227	124	536	280
227	117	535	273
230	112	539	270
188	107	551	275
203	110	521	280
199	107	528	275
158	105	538	267
161	79	531	283
159	81	535	273
119	77	542	276
138	63	552	275
153	58	522	281
107	57	540	276
106	40	554	278
112	35	542	282
120	41	524	282
73	30	544	287
81	28	529	284
85	56	519	279
90	47	510	274
94	43	501	279
94	30	501	300
85	61	519	279
89	64	510	284
0	61	573	284
16	78	540	280
25	75	520	280
30	60	511	306
20	71	530	295
20	74	529	285
25	62	520	304
0	114	89	199
0	125	311	178
37	68	236	270
22	71	555	284
21	62	557	296
27	61	544	292
32	61	534	287
37	70	524	282
41	65	515	287
41	80	515	287
0	73	552	294
0	72	566	290
3	68	571	292
15	69	547	283
25	75	527	283
20	78	535	288
25	79	526	283
29	78	516	295
26	82	523	299
22	86	529	285
27	90	520	290
15	83	544	297
17	72	538	314
11	78	551	296
16	97	541	291
8	97	556	286
6	103	559	287
17	99	537	288
22	108	527	283
14	102	542	288
20	89	529	309
0	153	58	180
0	142	234	203
0	96	554	292
7	94	539	290
12	85	529	302
8	92	535	298
8	89	535	298
14	81	534	308
0	159	53	148
0	144	205	177
0	78	485	307
0	74	513	309
0	77	535	297
0	70	547	305
0	73	547	294
4	64	537	307
1	69	544	292
5	72	534	298
5	78	534	297
5	77	533	312
0	92	545	294
0	101	553	288
9	99	534	287
1	102	550	292
7	101	537	289
12	92	527	301
79	105	594	287
68	88	603	297
73	85	594	297
67	69	614	302
85	73	577	288
100	67	546	294
120	56	601	299
136	63	568	298
358	62	330	299
229	79	587	292
180	72	605	298
199	65	568	306
482	78	209	279
241	100	582	282
230	89	599	292
229	78	611	301
247	71	574	309
239	70	591	303
236	54	597	297
252	47	563	303
244	47	579	297
230	29	607	310
275	28	581	306
283	26	564	303
275	8	580	309
281	16	567	305
273	41	583	299
285	47	560	301
276	38	575	314
279	38	569	306
284	47	559	301
276	42	575	306
282	35	562	313
306	34	613	302
324	38	576	288
330	27	564	304
322	27	580	298
357	33	608	299
361	66	599	307
373	83	574	287
293	80	630	292
297	71	616	296
305	69	599	295
310	62	589	303
307	83	595	291
325	96	558	279
328	90	553	284
326	98	555	273
343	95	522	273
332	102	542	272
346	99	514	277
350	99	505	281
342	101	522	281
346	105	513	269
354	106	497	277
354	121	497	267
358	119	488	292
352	116	606	313
363	113	584	314
366	122	552	317
313	101	578	353
299	111	605	346
418	131	367	267
336	144	539	251
359	120	493	295
414	137	383	255
0	137	1232	251
476	158	278	202
380	144	477	238
374	145	490	225
375	145	483	224
381	144	478	226
379	151	478	222
386	148	473	218
390	146	470	222
388	146	469	221
385	146	472	221
389	148	470	218
393	147	468	219
394	149	460	214
431	155	459	220
397	163	457	213
396	165	456	209
398	169	451	212
404	176	438	207
405	181	427	201
397	181	416	201
411	182	387	199
400	182	400	199
405	181	341	201
415	181	322	201
430	179	292	204
414	183	233	196
416	183	190	182
424	184	174	181
154	184	714	179
407	139	460	286
454	135	364	291
274	134	524	312
279	170	514	236
0	125	1233	320
95	204	211	153
0	208	561	144
0	166	850	228
534	189	220	148
282	172	726	182
498	187	291	162
471	179	346	174
479	176	329	177
435	190	365	169
438	191	364	167
435	190	361	169
431	191	366	167
432	189	361	169
433	190	360	167
427	192	363	168
416	191	376	169
393	187	406	173
395	191	398	170
372	190	418	172
356	190	431	172
334	190	450	172
335	190	447	171
422	191	382	170
422	190	378	171
424	187	372	170
424	175	372	173
425	172	373	171
424	170	368	169
424	164	368	172
425	165	368	170
427	164	367	172
429	164	368	173
431	169	368	173
429	173	368	173
432	178	369	177
438	178	362	176
439	187	374	174
432	186	385	180
417	196	423	176
427	199	412	175
457	203	392	180
457	204	388	177
457	210	383	171
456	205	379	173
460	199	376	177
460	192	375	178
457	180	382	185
469	183	377	178
462	176	384	179
468	170	376	178
469	168	378	182
470	169	384	180
473	169	384	180
475	168	384	180
470	175	390	176
475	174	389	177
472	176	390	181
479	190	375	178
454	193	379	178
452	193	386	178
461	190	376	177
476	180	345	192
447	196	389	181
430	190	388	183
431	200	389	184
431	199	389	180
430	202	387	182
426	200	389	179
425	191	391	182
421	186	392	180
422	177	388	183
422	172	390	184
414	174	396	181
401	164	407	188
403	164	410	187
401	165	397	185
397	164	389	186
393	162	393	186
379	168	388	189
370	169	390	187
351	163	392	189
335	171	392	191
318	174	398	185
322	173	395	187
313	181	403	182
314	177	397	181
282	170	402	188
287	174	400	184
288	171	402	182
287	172	399	185
282	169	398	182
271	162	404	185
269	162	404	184
253	156	404	188
241	153	403	184
245	154	404	184
213	144	415	195
214	153	409	182
196	148	410	193
186	149	415	190
181	149	425	189
183	151	420	185
185	145	416	188
186	139	414	192
184	148	418	189
200	145	416	194
208	160	421	190
213	159	412	191
213	167	419	188
205	174	423	188
195	173	426	190
179	175	433	191
163	176	431	192
171	178	421	187
161	177	428	190
150	170	433	191
143	169	429	192
138	170	429	189
137	165	428	191
133	165	431	191
130	164	433	192
130	157	442	193
135	151	435	195
130	147	440	195
125	142	442	196
132	145	437	194
129	153	450	195
108	153	455	190
115	154	451	188
110	150	448	195
105	151	447	192
101	151	447	194
110	148	445	199
114	159	453	199
112	169	448	192
119	167	450	196
114	165	456	199
113	165	452	193
110	170	454	192
111	166	459	192
107	162	462	199
96	162	483	194
93	161	488	191
77	163	520	191
62	151	550	211
0	163	1020	196
0	180	1280	176
516	178	245	172
432	184	142	165
196	163	614	205
324	174	356	178
143	135	506	252
216	116	359	287
0	128	1038	257
431	224	174	188
156	245	726	145
34	154	502	260
42	137	484	290
33	185	502	188
79	154	411	246
71	147	426	255
63	141	442	265
55	133	458	274
46	163	475	211
40	158	483	203
36	162	486	196
41	159	484	201
39	162	484	195
37	152	494	206
34	151	495	201
47	144	470	211
38	158	487	218
39	163	486	204
47	160	469	218
41	167	486	214
44	171	481	216
45	181	479	192
19	180	529	189
43	181	492	198
33	176	501	208
35	188	491	196
49	181	482	199
47	186	481	198
51	185	480	201
52	184	482	202
42	178	502	209
53	184	482	193
51	174	490	204
40	177	508	197
37	179	509	200
20	181	543	213
63	184	456	202
45	192	488	203
39	195	506	197
36	190	508	206
43	197	499	202
33	198	510	206
39	199	504	203
44	198	494	199
36	199	504	204
30	198	516	200
49	188	478	215
73	186	430	215
29	180	518	218
63	181	450	210
82	181	411	205
93	165	389	233
0	184	209	202
0	176	516	206
0	153	910	261
338	215	233	130
384	204	142	155
157	200	595	149
380	207	149	132
172	202	564	141
6	181	523	226
37	176	461	230
7	167	519	218
16	167	501	212
15	167	512	212
4	169	530	208
9	169	515	207
10	166	508	213
10	168	508	205
6	160	515	216
6	153	516	211
1	146	526	221
24	147	478	213
7	140	513	213
7	133	511	221
0	134	507	219
5	144	497	210
0	146	511	216
0	147	508	213
9	149	489	220
9	154	487	219
0	164	505	219
5	159	495	222
0	162	505	216
0	163	504	215
3	157	497	220
19	154	464	221
3	150	495	214
1	152	506	206
0	144	514	216
1	148	517	208
6	143	507	207
1	140	517	217
0	146	517	209
0	146	524	220
23	155	476	212
0	152	539	212
17	157	504	213
7	166	523	219
17	175	503	212
8	170	521	218
0	179	499	210
0	170	507	227
0	187	503	212
0	182	504	218
0	183	501	216
0	186	513	220
5	181	501	225
6	186	500	209
0	222	61	144
0	247	219	94
0	197	397	192
0	180	546	222
16	200	509	233
39	199	461	230
12	203	506	218
42	199	445	222
14	210	501	210
6	211	517	217
29	221	470	224
0	208	521	260
13	213	493	246
0	205	519	272
7	222	504	235
0	222	515	230
3	232	514	205
18	230	484	217
3	228	520	217
9	234	504	200
0	246	897	212
162	270	350	219
0	228	540	222
0	221	964	232
165	305	633	316
497	377	449	299
592	408	294	294
149	428	384	253
0	430	966	250
285	428	395	254
464	428	254	254
82	238	449	204
0	244	527	202
20	248	487	204
12	249	503	211
22	248	500	203
14	255	512	208
18	257	524	204
16	249	547	204
24	235	525	208
27	227	514	206
29	229	506	203
26	221	511	214
29	220	500	207
27	222	499	201
41	221	472	199
20	213	493	205
21	213	492	201
12	205	505	210
4	204	500	212
0	199	502	218
2	202	508	206
15	210	482	217
5	208	499	216
11	219	489	220
42	240	503	205
42	253	498	215
62	269	485	201
59	266	485	209
55	266	489	207
60	275	489	204
70	277	478	199
71	271	485	207
59	266	509	212
68	261	490	207
81	261	484	207
84	255	486	212
90	245	474	215
84	243	490	213
88	251	477	216
78	269	496	215
83	265	487	218
74	270	504	218
79	273	494	222
94	286	464	207
90	287	482	214
91	284	479	215
91	279	474	221
66	293	483	217
62	303	486	202
71	309	467	209
52	318	485	209
57	314	475	213
58	319	474	199
50	313	490	205
60	313	476	200
51	308	492	206
78	289	486	223
89	298	482	206
88	295	479	211
91	292	470	207
99	279	478	208
108	263	468	211
112	248	466	210
111	234	464	210
116	229	462	209
105	229	467	218
94	240	456	220
93	238	461	223
89	247	455	215
78	246	462	216
78	248	459	213
74	253	466	219
75	268	473	208
96	274	456	210
97	275	457	213
111	277	454	209
111	276	450	206
126	274	446	210
124	270	445	205
120	263	448	202
119	255	446	201
129	240	444	207
129	240	443	203
128	236	438	200
130	233	435	198
126	224	444	206
126	226	440	212
137	223	436	205
135	220	437	211
148	217	435	225
154	244	442	220
160	246	448	215
159	259	446	208
186	258	437	204
184	255	436	200
185	251	429	203
178	249	424	198
176	234	425	200
199	236	424	192
186	233	422	197
182	232	427	199
179	235	424	192
186	231	423	193
189	225	418	191
180	218	419	189
178	211	417	188
176	207	418	187
162	211	427	192
164	218	420	192
171	230	415	190
174	238	417	186
184	250	412	186
176	248	425	190
202	240	413	190
186	236	410	193
188	246	428	188
212	243	381	190
222	240	360	194
225	240	354	190
204	248	417	208
219	251	395	197
374	245	224	187
223	274	398	164
232	290	380	171
205	298	410	170
208	295	397	190
201	311	407	184
197	298	410	204
213	299	409	194
199	299	412	202
195	300	414	199
191	301	419	198
195	296	419	202
191	298	423	204
200	291	421	218
208	295	406	218
211	291	398	222
183	312	419	214
194	332	414	207
192	336	413	205
194	350	408	210
195	362	413	196
204	361	401	205
236	349	404	201
225	356	425	205
240	357	396	198
250	360	375	187
260	346	355	212
253	354	368	205
206	367	406	189
223	359	372	186
227	354	364	211
223	348	371	199
226	336	364	218
219	349	378	189
0	335	943	214
98	356	151	170
177	351	318	178
0	348	813	191
248	343	316	197
298	339	214	200
0	311	821	254
0	320	184	236
0	354	510	167
281	321	234	234
0	260	868	351
212	308	443	318
52	330	188	274
0	376	601	182
0	380	121	175
0	409	352	116
0	380	581	174
481	343	107	116
493	335	128	141
497	330	121	149
434	337	68	135
418	348	193	165
395	339	239	179
410	333	208	190
116	324	798	190
417	340	195	153
277	325	360	173
263	311	375	186
252	307	373	190
256	307	369	191
251	318	375	183
266	309	366	184
275	302	348	194
260	309	373	187
228	300	387	190
255	301	364	187
262	296	349	195
241	316	375	183
243	309	374	189
243	315	369	191
244	310	367	198
239	314	373	191
244	311	379	192
260	311	376	193
261	323	382	180
272	313	382	187
276	321	369	179
274	315	373	190
277	321	357	178
275	317	358	179
285	309	351	178
282	301	354	180
288	290	350	177
289	291	352	176
291	294	356	179
297	289	350	182
298	285	348	182
299	283	347	186
301	294	344	179
302	291	342	184
297	298	347	177
297	292	343	178
296	290	342	177
295	282	341	177
298	278	336	174
297	275	338	179
295	284	336	174
300	278	335	179
299	283	328	176
295	293	333	169
292	286	336	176
298	288	326	171
292	283	335	175
296	286	325	167
281	277	335	168
296	271	318	159
297	267	321	166
298	267	319	166
298	260	320	162
299	253	321	168
305	258	312	163
305	261	314	164
304	270	314	159
308	266	312	166
305	276	315	160
310	275	311	161
310	268	317	159
313	279	310	161
313	279	316	160
314	278	312	161
316	277	313	161
322	279	307	155
318	291	311	150
324	298	306	152
329	299	301	153
326	297	304	155
330	309	300	150
327	294	308	152
320	301	307	152
329	311	289	155
296	310	305	157
298	315	302	146
298	303	307	151
305	301	304	151
308	286	303	154
310	277	299	152
306	274	304	158
309	274	302	158
285	277	308	157
303	289	304	158
310	298	294	158
313	311	289	155
314	323	284	158
308	321	293	158
310	330	288	173
324	350	288	161
324	362	288	160
326	366	288	152
325	357	289	151
324	357	288	150
331	336	279	149
326	321	288	147
318	318	301	154
324	309	288	144
307	294	287	146
309	292	283	147
313	276	282	146
323	265	283	148
319	270	279	153
312	270	286	153
316	275	280	151
313	272	284	152
322	282	279	150
327	294	274	147
328	299	278	146
326	303	271	145
316	316	274	150
320	318	272	142
313	314	275	140
317	308	277	135
319	302	273	137
314	298	270	143
312	291	273	138
314	291	270	138
317	282	270	138
317	276	270	139
311	256	269	143
314	237	263	143
305	228	274	144
309	229	266	141
313	218	269	144
319	216	263	141
322	226	263	143
325	231	260	144
325	238	259	146
322	238	266	146
321	237	264	142
321	243	259	139
325	235	262	141
339	235	257	138
339	244	252	136
338	241	256	142
340	235	255	141
348	231	254	138
351	231	251	139
357	230	250	138
357	243	249	141
362	241	250	138
368	253	249	134
371	250	245	136
354	237	258	138
345	227	253	141
345	236	247	132
342	235	247	134
350	238	244	138
351	264	245	142
346	280	241	134
338	284	241	136
338	309	243	145
342	310	240	140
337	328	246	136
348	328	245	131
345	320	248	133
347	310	243	135
346	294	243	134
346	294	242	130
336	291	242	134
330	291	242	134
331	289	241	129
332	293	236	132
325	300	237	132
326	301	237	131
325	292	236	131
324	281	236	130
326	266	235	133
321	253	237	131
323	250	236	131
322	251	235	130
337	251	235	130
351	260	234	129
361	272	228	125
360	284	227	128
351	286	228	126
350	286	228	128
350	295	228	127
339	306	228	128
344	303	229	126
347	308	228	126
346	307	227	122
347	306	223	125
344	302	224	124
355	299	223	123
365	289	223	124
361	296	223	124
368	294	218	123
366	295	220	121
375	287	219	124
372	293	221	122
372	299	220	122
386	303	217	122
387	313	218	123
385	312	219	124
388	317	216	123
379	316	219	121
384	313	213	121
376	311	215	119
381	303	214	121
380	304	216	119
398	297	215	122
403	298	210	120
410	299	213	118
415	298	209	118
411	301	211	117
411	301	210	116
412	296	210	117
408	293	210	116
407	289	209	116
410	285	209	115
412	288	208	117
414	289	205	116
416	286	207	114
419	287	201	120
424	302	200	122
433	304	200	117
434	315	197	116
430	313	203	120
428	330	200	119
431	330	198	115
443	320	202	121
455	326	194	115
448	333	201	113
452	332	195	115
447	333	196	115
447	334	194	113
451	324	198	113
452	325	193	111
454	330	192	112
455	330	192	112
462	333	190	111
468	333	195	111
466	340	197	111
477	335	191	111
482	326	191	110
482	326	190	109
474	330	193	109
483	317	187	116
486	309	188	112
477	314	188	110
476	307	188	109
477	306	185	112
462	298	188	113
464	308	188	108
464	305	186	107
462	303	189	106
461	306	185	107
461	306	184	108
458	304	185	106
460	303	181	106
457	302	182	108
464	307	179	106
466	304	185	105
468	303	180	106
466	306	179	106
466	304	179	105
471	297	180	106
460	300	181	105
462	296	178	106
462	295	178	106
469	286	177	105
466	288	176	110
462	301	178	107
459	300	178	102
449	305	174	108
446	304	177	108
442	318	177	106
446	316	175	103
441	321	173	108
436	337	175	107
445	339	170	103
445	338	172	104
448	344	169	107
443	362	172	104
449	361	171	102
459	361	167	101
455	371	168	104
454	372	167	101
456	370	166	101
460	369	167	100
452	373	167	104
460	358	164	106
460	351	164	102
460	352	163	101
453	356	166	100
453	353	164	98
454	351	163	102
454	362	166	103
460	363	163	100
460	365	164	99
461	365	163	99
463	370	163	102
471	377	163	103
485	380	157	97
487	391	156	99
485	391	157	100
495	393	158	96
499	391	157	99
503	396	157	96
504	384	157	99
509	379	155	97
509	377	154	99
511	378	156	97
516	381	155	99
519	383	154	95
516	380	155	97
517	368	152	98
517	368	152	98
521	360	152	98
522	363	151	96
521	366	152	96
521	366	151	94
521	365	152	96
522	365	151	95
519	365	151	95
518	359	154	96
520	363	149	94
524	364	149	95
526	359	149	93
527	358	148	95
525	355	149	95
529	342	150	95
540	340	149	92
541	339	148	94
543	338	147	91
543	337	147	92
546	336	145	92
541	336	144	93
539	338	144	93
550	345	142	93
548	348	143	92
549	348	141	92
552	344	142	92
561	333	144	92
575	331	143	92
574	333	145	92
571	336	142	93
570	336	143	92
582	341	139	92
587	339	142	91
591	346	138	91
596	349	140	90
607	338	138	90
607	338	137	89
604	350	136	89
604	351	142	88
614	340	139	90
620	340	141	90
627	332	136	90
626	330	137	89
629	309	134	89
625	302	136	87
627	300	136	87
634	299	134	90
635	308	134	84
634	307	134	85
635	299	133	86
640	297	135	86
650	292	132	86
652	287	135	86
655	285	136	86
658	284	133	87
661	278	132	86
660	284	133	86
664	284	133	86
653	284	133	86
653	277	132	86
654	278	132	84
660	278	129	84
660	286	128	84
663	284	129	83
665	280	131	86
671	264	142	93
670	264	143	92
677	246	154	99
679	239	165	106
666	242	171	112
659	246	174	111
660	245	174	111
659	244	174	112
656	229	176	118
652	226	177	115
643	231	180	115
633	224	181	115
632	227	180	116
632	227	180	116
631	218	181	119
628	219	183	118
625	224	183	118
631	222	183	118
628	220	185	122
630	221	185	120
629	219	186	124
628	216	189	122
623	204	191	126
620	207	193	129
622	213	193	126
621	212	194	128
621	209	195	127
610	203	196	130
608	204	196	128
604	193	197	132
600	198	196	129
602	199	196	128
597	201	197	127
597	189	202	134
598	181	205	134
600	188	201	141
594	199	207	140
594	201	206	136
593	196	209	139
587	196	215	142
594	196	215	142
585	190	217	145
578	198	219	147
577	199	218	144
567	189	215	147
566	184	218	144
560	181	217	142
545	167	216	144
522	150	214	141
520	146	216	147
512	144	214	143
503	140	215	142
491	138	215	145
466	155	213	149
453	174	210	143
455	178	211	139
446	161	211	145
449	153	215	143
444	160	209	141
448	151	211	142
448	149	212	146
448	149	211	146
453	172	208	141
450	159	208	142
452	159	208	139
452	154	208	140
462	139	207	141
461	138	207	142
464	128	208	139
463	116	209	141
456	103	211	145
460	87	214	145
459	97	214	149
459	96	219	150
452	109	215	150
455	111	218	150
457	115	219	150
461	111	220	146
465	102	219	147
464	100	218	149
472	102	216	150
479	103	216	148
487	104	220	148
501	111	218	145
510	115	213	146
510	115	214	146
513	110	215	147
512	115	210	147
511	133	206	150
506	142	206	141
505	121	207	144
503	120	209	143
507	106	210	146
508	86	210	145
510	83	208	145
513	93	207	147
515	109	206	145
513	109	207	145
521	115	204	144
524	144	208	142
534	138	211	141
550	145	209	141
554	152	206	138
554	150	210	140
562	155	206	142
572	167	204	142
580	161	206	141
574	177	203	140
590	158	199	135
590	156	198	140
598	144	202	142
596	148	203	143
