0.007642
0.098807
0.081773
0.093767
0.071542
0.086707
0.028763
0.086135
0.063388
0.072401
0.036476
0.078643
0.072874
0.080219
0.027197
0.036975
0.032891
0.065762
0.078683
0.092033
0.096047
0.078339
0.027460
0.026972
0.040168
0.067922
0.083840
0.025664
0.077475
0.078835
0.082274
0.078461
0.029893
0.045794
0.056763
0.074112
0.029025
0.081132
0.077830
0.075212
0.029783
0.029201
0.061223
0.076052
0.031821
0.060027
0.066926
0.032275
0.077096
0.081146
0.086950
0.083961
0.076370
0.032743
0.069060
0.089796
0.087452
0.078347
0.027878
0.032895
0.073679
0.078175
0.035704
0.029978
0.080855
0.024035
0.037693
0.048915
0.079106
0.028770
0.030318
0.079860
0.080792
0.033962
0.031448
0.073205
0.102865
0.081917
0.087300
0.084288
0.031465
0.077695
0.081057
0.076798
0.036204
0.037544
0.067320
0.075722
0.029670
0.072562
0.084407
0.083465
0.027995
0.037648
0.072084
0.076786
0.025791
0.032834
0.061619
0.032078
0.030242
0.070596
0.083283
0.028955
0.070962
0.079772
0.028969
0.034529
0.025556
0.074442
0.099180
0.079054
0.032071
0.073730
0.074158
0.031396
0.033793
0.079932
0.075313
0.028474
0.070898
0.071618
0.034190
0.036122
0.085057
0.067467
0.037964
0.066868
0.077197
0.081604
0.033874
0.026918
0.029808
0.031609
0.073659
0.065479
0.031254
0.073391
0.077896
0.086555
0.090672
0.085832
0.024497
0.072217
0.072028
0.028976
0.071593
0.071731
0.034769
0.076365
0.074311
0.083719
0.086808
0.036129
0.069290
0.072339
0.083585
0.084781
0.034708
0.029123
0.078837
0.079214
0.089339
0.087245
0.035755
0.067798
0.068822
0.029102
0.032212
0.060875
0.030104
0.032499
0.079626
0.078952
0.029929
0.065313
0.080568
0.082499
0.031440
0.080295
0.074680
0.079339
0.084109
0.026014
0.068908
0.079754
0.037619
0.061845
0.087374
0.027484
0.029126
0.072659
0.069669
0.028045
0.069138
0.073909
0.034173
0.070135
0.070593
0.029073
0.027689
0.077886
0.028786
0.068033
0.082209
0.080477
0.034522
0.037704
0.075032
0.081219
0.086811
0.029943
0.069741
0.082001
0.024550
0.028622
0.024385
0.025490
0.039817
0.065055
0.083431
0.034950
0.072900
0.076818
0.075755
0.030689
0.055485
0.026046
0.025617
0.068798
0.027967
0.066084
0.077980
0.076774
0.037448
0.064246
0.086342
0.080141
0.030472
0.028202
0.066704
0.036963
0.030542
0.081368
0.071312
0.034683
0.023752
0.071581
0.030042
0.070160
0.071175
0.080085
0.037720
0.060219
0.082250
0.028652
0.034624
0.079371
0.078515
0.026249
0.028329
0.073516
0.030406
0.028778
0.078379
0.078764
0.027744
0.035645
0.063354
0.028579
0.033969
0.067288
0.032134
0.078126
0.058586
0.031204
0.030722
0.084534
0.069293
0.083035
0.077862
0.028052
0.069934
0.071866
0.081048
0.039292
0.068476
0.068255
0.079244
0.084474
0.036995
0.023341
0.072151
0.077635
0.030043
0.029838
0.063996
0.029291
0.083141
0.068312
0.074723
0.032837
0.089433
0.023580
0.084433
0.080124
0.034169
0.034585
0.077155
0.079290
0.028407
0.073287
0.074980
0.029341
0.031307
0.074759
0.032388
0.035484
0.073506
0.076565
0.078065
0.035274
0.070144
0.085540
0.077634
0.025737
0.028406
0.065627
0.028682
0.079029
0.081053
0.077000
0.037535
0.074236
0.071269
0.028181
0.028532
0.073044
0.029629
0.027841
0.075522
0.094063
0.034340
0.030664
0.081943
0.075217
0.037252
0.029491
0.075262
0.081285
0.033228
0.084929
0.062415
0.089655
0.083864
0.029466
0.026780
0.071389
0.037029
0.038777
0.058536
0.026268
0.064073
0.083054
0.087487
0.036148
0.061550
0.075958
0.028909
0.029583
0.074357
0.031699
0.065767
0.077786
0.039925
0.040681
0.054518
0.027986
0.066743
0.080450
0.036195
0.030988
0.077774
0.078829
0.029161
0.032069
0.067236
0.035592
0.027683
0.064594
0.030421
0.075316
0.079077
0.028138
0.030465
0.073443
0.028270
0.037199
0.030304
0.070256
0.081231
0.028340
0.027732
0.089025
0.069965
0.030000
0.030113
0.066056
0.034073
0.030560
0.071970
0.079354
0.038011
0.066666
0.096006
0.083818
0.074496
0.035752
0.066156
0.074075
0.032480
0.029123
0.069323
0.035535
0.050031
0.077342
0.029520
0.062688
0.034277
0.081516
0.056927
0.028214
0.023927
0.075171
0.030686
0.035684
0.066815
0.028747
0.023841
0.076525
0.034681
0.025504
0.068478
0.034400
0.025995
0.075979
0.079282
0.025712
0.074037
0.083984
0.081758
0.033173
0.033431
0.084610
0.079593
0.074037
0.031991
0.031375
0.075453
0.072887
0.028621
0.067990
0.026435
0.025256
0.070982
0.083200
0.084571
0.028528
0.077003
0.070282
0.084749
0.027634
0.066014
0.028754
0.030612
0.078318
0.075337
0.032161
0.065681
0.081716
0.027292
0.072166
0.078150
0.086578
0.086551
0.035914
0.065328
0.078846
0.080432
0.028609
0.072749
0.069630
0.024026
0.076553
0.077011
0.082391
0.034328
0.039919
0.031930
0.069499
0.084454
0.028662
0.065038
0.076080
0.081595
0.022707
0.081659
0.076904
0.081351
0.027260
0.060859
0.029231
0.033021
0.068396
0.032707
0.076037
0.076006
0.080018
0.034118
0.025047
0.071479
0.033765
0.028052
0.069017
0.085261
0.030802
0.061934
0.027641
0.026311
0.065803
0.082929
0.028546
0.075916
0.071835
0.085155
0.027800
0.077135
0.081308
0.030608
0.030875
0.084530
0.062109
0.088985
0.084454
0.037093
0.039429
0.067575
0.073333
0.035879
0.040399
0.070014
0.071464
0.037463
0.034642
0.074699
0.074193
0.087391
0.037271
0.025350
0.061670
0.033043
0.052852
0.089697
0.035308
0.068219
0.075039
0.100156
0.075909
0.030174
0.029036
0.075912
0.077134
0.024007
0.072652
0.080552
0.031392
0.029006
0.066567
0.032251
0.033100
0.065180
0.030084
0.031142
0.084630
0.076486
0.075063
0.029198
0.071970
0.080365
0.028549
0.042463
0.026952
0.077017
0.072783
0.029482
0.069061
0.078199
0.029706
0.032323
0.076725
0.082395
0.077179
0.022626
0.080309
0.079150
0.025926
0.024776
0.076462
0.028863
0.065014
0.079588
0.030390
0.026494
0.073606
0.028601
0.076951
0.026211
0.024510
0.024649
0.029098
0.029491
0.075617
0.034817
0.033562
0.062173
0.028037
0.069177
0.073373
0.077382
0.032261
0.066634
0.076363
0.028865
0.031610
0.076661
0.066629
0.025902
0.040260
0.065424
0.075732
0.028415
0.068775
0.023458
0.071176
0.077770
0.078618
0.034768
0.063774
0.081014
0.027197
0.079703
0.078997
0.024034
0.039841
0.078991
0.077872
0.029895
0.030550
0.082567
0.063454
0.029420
0.078534
0.072361
0.079310
0.035049
0.035526
0.078479
0.072812
0.084686
0.037627
0.069870
0.067835
0.085485
0.033697
0.071120
0.075810
0.038706
0.039862
0.060519
0.037013
0.082414
0.066844
0.078056
0.086866
0.031352
0.023908
0.068851
0.084462
0.039106
0.055084
0.022648
0.078298
0.069793
0.037041
0.067460
0.066933
0.091664
0.029422
0.030944
0.070094
0.079516
0.081005
0.091910
0.034051
0.068583
0.096928
0.035194
0.076663
0.074856
0.032530
0.028052
0.070929
0.028054
0.029963
0.064618
0.080204
0.031684
0.029454
0.076121
0.086189
0.027359
0.029441
0.025691
0.072529
0.025541
0.029523
0.068665
0.086188
0.031435
0.082756
0.068422
0.030921
0.029643
0.066179
0.078975
0.029901
0.073823
0.079059
0.083946
0.026605
0.074233
0.083100
0.081984
0.029181
0.067703
0.087393
0.084639
0.034445
0.037750
0.065854
0.085861
0.084314
0.036059
0.031426
0.075699
0.080852
0.081042
0.025007
0.040227
0.072088
0.079033
0.092044
0.078578
0.032650
0.076874
0.080068
0.078134
0.078302
0.033597
0.071487
0.086513
0.083701
0.029872
0.032801
0.083477
0.100861
0.083125
0.065011
0.034977
0.096557
0.035783
0.080972
0.070317
0.084136
0.088939
0.028642
0.028646
0.079839
0.029884
0.041250
0.028519
0.090640
0.067316
0.093176
0.079124
0.090848
0.030412
0.081786
0.070980
0.030051
0.099775
0.089878
0.102509
0.089109
0.081950
0.086950
0.037066
0.029345
0.061301
0.030704
0.077106
0.070149
0.082266
0.031816
0.058053
0.039875
0.040594
0.069475
0.082508
0.086418
0.039379
0.064021
0.075471
0.098747
0.082143
0.030211
0.024014
0.076847
0.086562
0.027526
0.030130
0.073513
0.086489
0.081914
0.083933
0.088801
0.032338
0.079080
0.074978
0.086264
0.029522
0.035227
0.085790
0.071334
0.028195
0.035812
0.082207
0.084048
0.094571
0.072681
0.041157
0.036953
0.066426
0.086562
0.030486
0.035135
0.027934
0.069737
0.038375
0.040324
0.052807
0.027732
0.063649
0.037117
0.030077
0.099380
0.069256
0.092873
0.087082
0.091523
0.089684
0.080453
0.030217
0.078334
0.077027
0.075612
0.096901
0.084622
0.028152
0.067240
0.036018
0.037850
0.072037
0.091087
0.076453
0.036857
0.040367
0.071157
0.084895
0.084851
0.036992
0.043110
0.067634
0.076395
0.030124
0.076044
0.073396
0.034209
0.036249
0.038563
0.077172
0.075433
0.029488
0.072762
0.085409
0.078083
0.033786
0.073097
0.084279
0.083971
0.090488
0.084359
0.029535
0.026293
0.079966
0.082125
0.038267
0.031651
0.069863
0.081324
0.038505
0.039205
0.067218
0.088306
0.093487
0.033863
0.030098
0.070924
0.031299
0.080798
0.083072
0.075289
0.031144
0.072053
0.077288
0.081177
0.038377
0.028508
0.069270
0.030068
0.028397
0.072264
0.036127
0.032918
0.074347
0.082869
0.083428
0.035972
0.070533
0.072214
0.086931
0.037713
0.029970
0.068946
0.035665
0.025246
0.069247
0.031550
0.034396
0.076200
0.077517
0.030105
0.073031
0.085044
0.079618
0.093807
0.030162
0.042739
0.074205
0.082407
0.096471
0.088885
0.092448
0.082885
0.031362
0.068060
0.083537
0.091173
0.081105
0.033604
0.036967
0.067949
0.072219
0.032289
0.032339
0.075689
0.076216
0.039081
0.035577
0.056664
0.032173
0.027601
0.065887
0.032969
0.041320
0.079645
0.072942
0.073902
0.035228
0.073256
0.083321
0.084801
0.086933
0.029262
0.034499
0.086578
0.087661
0.075396
0.083651
0.036168
0.073707
0.069574
0.099296
0.081731
0.032322
0.073911
0.075991
0.085208
0.036966
0.035544
0.072916
0.080767
0.037081
0.029959
0.071829
0.080808
0.036907
0.039629
0.066070
0.079165
0.031068
0.035357
0.077686
0.075205
0.099206
0.085000
0.032702
0.057658
0.081665
0.030915
0.060112
0.031531
0.068781
0.098256
0.071872
0.082652
0.028237
0.086234
0.074991
0.092861
0.088750
0.091997
0.081915
0.035048
0.024515
0.071566
0.084383
0.086542
0.028542
0.079939
0.075780
0.079697
0.031532
0.032494
0.080796
0.076299
0.090576
0.028048
0.030810
0.082576
0.082468
0.079645
0.032347
0.069453
0.086975
0.085240
0.032855
0.077692
0.064940
0.031012
0.068761
0.080046
0.079619
0.030626
0.033462
0.070035
0.078483
0.100051
0.100823
0.082014
0.089156
0.081839
0.030795
0.097796
0.023865
0.083111
0.080760
0.029088
0.071259
0.079852
0.097065
0.087141
0.034598
0.098213
0.031458
0.074989
0.071862
0.029069
0.033995
0.080520
0.074104
0.036676
0.030588
0.082812
0.078241
0.093006
0.080328
0.035581
0.071616
0.084358
0.074763
0.037356
0.070799
0.080790
0.078423
0.028248
0.035017
0.080172
0.068898
0.028989
0.035320
0.093208
0.081354
0.074391
0.031692
0.031246
0.081247
0.071150
0.088432
0.028865
0.068724
0.081713
0.090233
0.085726
0.092175
0.098167
0.077095
0.079634
0.078690
0.037557
0.030248
0.089060
0.078921
0.089194
0.096381
0.069411
0.031176
0.029436
0.069764
0.081100
0.083292
0.027611
0.068825
0.078686
0.094490
0.078682
0.030646
0.072526
0.076538
0.082392
0.029875
0.027921
0.085463
0.073017
0.088479
0.089821
0.033825
0.036655
0.088930
0.032494
0.069956
0.077205
0.034000
0.029329
0.080093
0.071911
0.084619
0.036774
0.033608
0.066242
0.093167
0.086136
0.082602
0.030837
0.042007
0.072689
0.072723
0.029366
0.070437
0.077411
0.029511
0.030159
0.072121
0.074723
0.032389
0.029744
0.071260
0.074048
0.034046
0.034750
0.096927
0.065789
0.082527
0.088799
0.088434
0.081884
0.032907
0.025814
0.086622
0.073416
0.084575
0.035074
0.032121
0.087197
0.070152
0.082319
0.033091
0.029235
0.165097
0.089975
0.098124
0.088207
0.093253
0.086948
0.079921
0.080774
0.029184
0.070611
0.084188
0.096792
0.091053
0.072213
0.026436
0.038900
0.077632
0.093398
0.079982
0.084103
0.088835
0.080687
0.026404
0.025607
0.078135
0.083887
0.079992
0.031474
0.028395
0.076493
0.081922
0.031027
0.068504
0.075312
0.088644
0.037391
0.032197
0.071055
0.080907
0.084057
0.028876
0.028617
0.070840
0.078915
0.090193
0.089553
0.092294
0.087111
0.030475
0.021720
0.081462
0.076335
0.033375
0.029243
0.029692
0.069808
0.087490
0.029284
0.033217
0.074446
0.078375
0.037222
0.060513
0.082765
0.093069
0.089230
0.091728
0.090052
0.076807
0.032005
0.030252
0.081313
0.084375
0.075826
0.027455
0.081499
0.065842
0.081136
0.034438
0.025902
0.072793
0.078394
0.033017
0.064697
0.082313
0.084363
0.032520
0.030093
0.084853
0.068453
0.028469
0.034898
0.028148
0.073167
0.076988
0.028757
0.075938
0.077221
0.093925
0.084508
0.083145
0.037676
0.036587
0.031173
0.074977
0.087056
0.083739
0.032739
0.071249
0.068139
0.029272
0.071476
0.078456
0.034259
0.039593
0.036924
0.068213
0.084325
0.089082
0.085739
0.081895
0.028990
0.084148
0.076717
0.079233
0.027410
0.037499
0.073839
0.083979
0.083569
0.029336
0.035579
0.089294
0.071674
0.034303
0.031908
0.083414
0.080996
0.089505
0.080045
0.042284
0.036544
0.074813
0.073393
0.031367
0.036090
0.076023
0.077760
0.090249
0.073117
0.033005
0.023992
0.084201
0.073929
0.032525
0.062901
0.079893
0.028809
0.072175
0.076672
0.031351
0.029979
0.066957
0.081482
0.032713
0.030558
0.067844
0.083669
0.027786
0.035015
0.085886
0.067808
0.081740
0.026228
0.076731
0.080512
0.091452
0.084790
0.026080
0.036544
0.073641
0.080188
0.091564
0.086982
0.029193
0.037027
0.076813
0.083412
0.092494
0.092981
0.082829
0.093279
0.081823
0.030198
0.068904
0.075634
0.088549
0.036477
0.071400
0.069746
0.033144
0.065732
0.080572
0.093097
0.081346
0.030787
0.066538
0.071833
0.031525
0.026068
0.079624
0.082869
0.083133
0.034982
0.035581
0.078198
0.089325
0.078609
0.084749
0.032585
0.068773
0.076619
0.033246
0.033818
0.084351
0.077108
0.029999
0.035199
0.078201
0.071335
0.089690
0.027262
0.030064
0.070577
0.031694
0.066338
0.085490
0.087185
0.081985
0.028303
0.078006
0.083802
0.081810
0.077054
0.022222
0.025992
0.069483
0.092544
0.082247
0.035345
0.046417
0.034503
0.070074
0.027587
0.024386
0.074058
0.077591
0.087013
0.034497
0.066202
0.083755
0.087976
0.084069
0.025361
0.033113
0.066496
0.028825
0.033286
0.077599
0.079317
0.091862
0.074269
0.086295
0.028760
0.048001
0.030491
0.070677
0.085747
0.042042
0.025160
0.075413
0.076901
0.033035
0.066631
0.089058
0.068670
0.085557
0.031334
0.076574
0.071480
0.078932
0.031858
0.029712
0.073124
0.077372
0.028929
0.068791
0.083026
0.079035
0.099176
0.081602
0.030647
0.034927
0.083578
0.074293
0.029080
0.064062
0.081005
0.092679
0.079422
0.034777
0.074043
0.075935
0.080050
0.088198
0.086329
0.088076
0.081632
0.030025
0.030787
0.072888
0.085743
0.079261
0.035723
0.079480
0.075016
0.088021
0.081708
0.029479
0.038442
0.079336
0.070050
0.035213
0.035047
0.080681
0.069726
0.030942
0.075628
0.072333
0.030864
0.034060
0.063412
0.035583
0.026392
0.073481
0.082278
0.035215
0.070070
0.073515
0.079510
0.031486
0.037207
0.030307
0.067016
0.033203
0.065670
0.081605
0.083956
0.031094
0.025916
0.076144
0.076573
0.096108
0.092815
0.088000
0.088756
0.082804
0.030004
0.043885
0.066851
0.085796
0.084639
0.028024
0.035319
0.070833
0.079349
0.030570
0.033906
0.070853
0.071061
0.079199
0.031992
0.033910
0.077655
0.080188
0.033881
0.027919
0.072309
0.082315
0.033919
0.026414
0.070586
0.093951
0.089726
0.075220
0.029074
0.070653
0.079007
0.030312
0.070933
0.079383
0.083516
0.034827
0.029736
0.076113
0.079716
0.083090
0.087550
0.086969
0.029806
0.071565
0.085446
0.093286
0.085085
0.038760
0.036935
0.097628
0.070741
0.071936
0.086082
0.083606
0.081690
0.026081
0.086703
0.076996
0.084061
0.023288
0.093358
0.072112
0.078096
0.082899
0.030030
0.080222
0.080346
0.075982
0.082936
0.038350
0.031185
0.087819
0.061222
0.033149
0.033149
0.073876
0.078671
0.035353
0.068857
0.082685
0.094127
0.076515
0.076954
0.093113
0.026331
0.159220
0.030031
0.031411
0.080970
0.079283
0.086150
0.094374
0.084470
0.097630
0.083613
0.031812
0.034969
0.074305
0.087348
0.085075
0.083958
0.081877
0.090609
0.036997
0.148075
0.037750
0.069664
0.090468
0.075491
0.093490
0.088139
0.080153
0.025722
0.079620
0.075188
0.031212
0.029342
0.083575
0.081799
0.087049
0.080841
0.088430
0.031695
0.032243
0.082882
0.062969
0.083285
0.030994
0.029584
0.069491
0.037257
0.037811
0.067575
0.084885
0.027293
0.096585
0.088698
0.029244
0.087565
0.086202
0.081868
0.079435
0.088694
0.082836
0.029260
0.065773
0.077258
0.030546
0.067719
0.026111
0.034365
0.032524
0.088576
0.074507
0.093393
0.083962
0.086091
0.095790
0.089335
0.082195
0.033767
0.034412
0.076424
0.080732
0.029058
0.030500
0.080367
0.075639
0.086262
0.087755
0.093211
0.088383
0.084120
0.034633
0.032064
0.082177
0.061872
0.035403
0.034807
0.076270
0.075964
0.033415
0.035589
0.034181
0.067873
0.072868
0.036854
0.079580
0.068207
0.091301
0.028568
0.024666
0.080731
0.081414
0.029212
0.056162
0.030998
0.088742
0.066173
0.029547
0.079527
0.082324
0.079391
0.086842
0.029723
0.029597
0.097525
0.067434
0.091461
0.079272
0.036816
0.029341
0.068859
0.089108
0.079541
0.032911
0.034573
0.073115
0.078903
0.035457
0.040239
0.028511
0.090315
0.069139
0.085428
0.091706
0.031741
0.038939
0.032221
0.069331
0.093087
0.085324
0.090313
0.026599
0.069738
0.079402
0.085808
0.088923
0.031486
0.070126
0.079675
0.034021
0.032813
0.022530
0.069626
0.026803
0.068918
0.078795
0.030597
0.066599
0.073323
0.031375
0.065640
0.074227
0.083811
0.037342
0.056373
0.032268
0.068899
0.075218
0.035969
0.037223
0.073252
0.083664
0.030543
0.029931
0.079247
0.078352
0.081439
0.030494
0.025293
0.069723
0.035372
0.034130
0.066184
0.032741
0.028539
0.088055
0.071361
0.030910
0.024593
0.078840
0.081224
0.030797
0.067125
0.087837
0.081329
0.031731
0.025141
0.082055
0.086644
0.077178
0.031537
0.029130
0.076413
0.070438
0.085968
0.033172
0.029469
0.091774
0.072738
0.076042
0.031655
0.031497
0.071355
0.089689
0.094672
0.086473
0.084240
0.082101
0.085427
0.034178
0.074658
0.088243
0.078165
0.092010
0.083999
0.085948
0.027492
0.083015
0.068559
0.082504
0.029790
0.029146
0.071739
0.086177
0.079972
0.088830
0.028960
0.035001
0.071268
0.081360
0.030555
0.029759
0.082459
0.078307
0.082403
0.032423
0.027175
0.067436
0.029927
0.033980
0.072575
0.092904
0.077811
0.084099
0.037539
0.037673
0.035752
0.068829
0.032846
0.047693
0.026741
0.072009
0.078517
0.033597
0.073802
0.075649
0.080291
0.031067
0.077713
0.081160
0.076917
0.031757
