599	529	100	41
599	529	99	42
600	530	105	43
600	529	109	41
599	528	108	38
602	526	104	34
598	518	120	40
599	519	112	35
596	515	126	36
598	510	123	33
594	508	130	32
593	502	130	32
594	499	131	32
591	494	131	32
592	488	132	33
592	481	132	35
590	476	138	34
588	470	138	34
578	465	151	34
578	461	146	36
571	454	146	39
568	449	152	40
562	447	135	39
556	444	147	40
545	441	154	41
544	439	148	40
542	437	155	41
542	434	152	42
538	434	162	42
535	434	157	41
532	436	163	40
524	437	163	42
517	440	167	41
512	440	167	45
498	447	176	42
489	450	173	41
474	453	181	40
464	455	182	40
454	454	186	41
446	454	185	42
438	453	184	44
430	452	181	45
422	450	182	45
417	448	183	45
413	446	184	46
408	441	185	47
401	437	189	51
393	434	198	52
385	431	206	54
384	428	193	54
380	425	196	59
373	424	200	59
372	422	198	59
375	423	198	59
377	423	197	59
383	423	197	62
392	424	198	63
401	427	198	59
409	430	194	59
413	431	197	61
410	432	201	60
412	434	201	63
414	436	201	64
412	439	203	65
409	442	206	66
409	444	205	67
409	451	205	67
405	454	207	67
402	456	207	67
401	459	207	68
401	460	207	68
400	459	209	70
400	456	209	81
399	459	210	80
402	464	209	78
401	468	210	77
409	465	205	85
411	466	208	88
414	473	207	83
418	474	205	88
418	478	206	90
421	481	205	91
421	488	206	91
420	489	207	92
423	493	205	92
424	507	204	83
425	506	202	87
423	507	200	89
418	508	201	89
411	508	202	90
402	514	201	80
394	507	204	85
388	506	204	80
381	497	205	85
379	491	205	88
379	489	201	90
377	484	203	90
371	485	204	90
366	476	205	99
362	468	202	114
356	468	204	111
354	470	201	109
352	470	199	108
350	466	197	118
344	465	204	122
346	468	199	115
344	469	199	121
344	473	197	113
340	471	200	120
340	475	197	116
337	481	195	113
334	477	194	119
332	476	192	122
330	475	192	123
331	478	189	123
337	481	190	115
345	478	187	119
352	477	185	119
361	476	183	119
370	475	182	119
379	475	181	118
385	473	178	117
391	469	177	123
396	468	176	118
400	467	174	121
406	462	175	124
413	462	175	122
428	462	171	122
436	460	172	123
448	460	170	122
452	460	170	121
455	459	173	124
459	462	168	122
462	463	168	120
460	462	171	121
467	465	165	115
466	465	167	119
469	462	167	120
470	463	162	117
467	462	167	117
466	459	164	116
466	456	162	115
463	454	164	116
463	449	163	117
465	444	167	118
467	444	161	112
465	441	162	114
467	437	167	115
469	436	167	111
469	433	164	113
474	432	170	109
476	428	168	109
478	426	167	109
480	425	166	108
481	425	180	107
487	422	186	106
495	418	175	107
492	415	184	110
497	418	175	103
495	416	180	101
499	421	155	98
492	412	180	99
493	411	179	97
490	405	188	96
487	402	180	90
480	400	171	88
466	397	190	89
470	396	185	82
463	395	175	83
463	395	176	83
464	396	177	81
459	399	185	80
459	398	184	81
455	404	184	76
451	408	191	79
449	413	186	76
447	418	191	74
442	424	192	72
448	429	178	69
447	435	179	65
444	440	186	63
443	446	187	62
444	450	186	59
444	454	188	56
439	458	191	53
434	461	203	50
442	464	188	51
446	469	182	47
456	475	172	41
445	476	185	45
447	480	184	43
450	481	179	41
460	484	174	43
460	487	175	37
460	488	187	36
459	490	189	36
461	491	186	37
459	491	191	37
464	488	193	37
464	486	196	38
470	483	199	36
471	480	195	36
468	476	204	35
472	472	196	35
474	466	192	35
476	461	198	36
490	454	172	38
484	445	195	40
479	438	205	39
491	428	182	40
494	420	197	43
500	412	185	49
506	404	192	54
506	397	206	51
506	389	207	54
510	379	213	55
509	373	201	54
514	362	194	60
519	354	200	59
509	347	218	59
512	337	229	62
524	332	206	62
530	320	214	67
535	316	206	65
533	310	212	66
533	303	212	68
537	299	207	65
541	294	201	67
541	289	200	69
544	282	214	72
549	278	206	71
548	275	209	69
550	271	208	72
552	268	212	74
552	264	207	75
552	261	207	77
552	262	209	76
554	264	210	77
557	265	210	78
554	268	213	79
552	270	216	81
552	274	213	82
551	277	213	83
550	280	214	82
548	287	205	82
546	290	208	82
543	290	211	87
548	295	205	84
548	296	203	84
546	298	205	83
545	296	206	87
543	295	208	90
551	294	200	91
550	296	200	87
553	297	199	88
551	297	200	88
553	300	200	89
553	300	201	89
561	303	196	90
560	304	196	88
560	305	199	93
558	306	199	91
559	310	197	90
560	310	198	89
564	310	194	97
561	312	197	97
559	314	196	98
559	313	197	98
557	316	198	102
560	316	196	101
563	317	194	99
561	319	197	101
567	319	190	100
567	321	194	101
572	323	188	94
568	326	194	96
576	329	189	91
576	332	189	88
578	330	188	94
581	325	191	107
584	325	192	104
589	322	190	113
586	324	197	110
590	331	197	107
591	330	195	109
590	336	196	110
589	339	196	107
590	341	194	109
589	346	195	106
589	347	192	105
589	350	190	103
589	352	188	102
592	352	186	101
589	352	190	110
592	354	188	105
593	353	189	113
589	357	196	106
592	362	193	105
595	366	191	104
595	366	189	103
598	366	187	112
590	367	194	109
595	366	188	111
589	365	194	116
588	374	183	106
583	370	187	112
582	372	188	109
574	371	192	109
572	371	194	111
571	374	182	104
565	373	185	110
565	370	182	107
561	370	179	112
560	372	179	106
554	372	179	111
554	379	177	100
547	380	178	100
548	375	179	107
547	372	180	111
543	369	183	113
544	372	179	115
539	377	179	107
538	376	180	111
536	379	174	113
533	380	177	107
532	379	179	110
528	380	173	113
527	383	176	105
521	386	171	102
519	378	177	106
515	374	184	110
505	371	191	114
499	370	190	111
496	369	188	111
492	360	194	116
490	358	194	115
490	356	191	114
482	352	198	118
483	353	193	111
477	347	197	118
477	347	192	116
471	342	194	120
468	343	197	112
463	340	199	112
458	336	200	112
463	333	193	112
455	331	198	111
454	328	198	108
456	329	196	107
457	322	194	110
455	320	196	110
455	319	197	104
459	318	192	107
458	313	192	108
459	311	193	108
458	310	194	105
455	309	202	104
463	306	195	106
461	305	202	106
468	304	196	106
469	305	203	105
476	304	196	104
475	304	202	104
473	303	206	106
474	305	204	102
478	307	204	96
477	309	205	94
476	311	209	93
475	308	210	98
475	312	210	96
478	314	208	95
477	318	209	90
477	317	207	92
478	321	208	87
474	324	212	84
475	323	210	85
475	327	211	86
470	328	216	84
474	331	212	81
474	332	211	79
477	335	209	78
478	336	206	75
477	336	215	75
478	339	211	75
477	340	210	74
476	340	215	73
478	342	209	68
474	343	218	68
474	344	211	66
475	347	212	65
472	349	215	66
464	350	218	63
463	351	214	60
460	351	211	59
443	348	224	59
438	344	210	57
422	342	221	55
417	342	209	55
413	341	217	56
399	343	221	55
388	345	209	55
381	347	217	50
364	350	211	50
353	350	207	49
337	348	204	48
324	346	200	48
302	344	215	49
298	343	206	46
291	342	219	49
286	345	209	49
282	350	203	46
279	356	204	43
272	360	210	42
269	366	216	39
266	368	224	39
266	372	215	39
266	372	217	41
267	376	205	42
266	380	205	41
264	383	206	43
263	387	207	43
265	388	216	45
271	389	217	44
266	391	212	46
266	392	212	44
262	393	208	45
262	392	206	44
260	390	209	47
263	389	201	47
254	386	214	48
258	383	205	49
260	380	202	52
257	375	206	51
254	370	207	56
256	368	205	56
251	365	215	55
258	364	207	56
261	358	207	62
264	356	207	62
265	355	211	63
266	355	211	66
269	354	217	68
278	356	217	69
277	356	212	70
280	360	226	70
284	364	217	68
288	367	226	70
289	369	217	72
294	373	228	71
294	372	220	77
304	373	224	77
310	375	212	79
311	374	209	81
315	376	224	80
317	376	215	83
322	375	215	85
324	374	218	87
331	374	216	86
335	373	219	87
339	375	215	85
345	375	218	83
349	380	217	81
355	378	214	85
359	378	217	85
358	377	219	85
366	382	220	83
371	381	217	85
373	382	218	87
375	385	221	87
382	386	215	88
383	387	221	89
392	390	218	90
392	388	217	94
390	396	221	90
391	401	218	88
393	404	218	88
395	405	218	88
393	405	223	89
395	408	221	90
398	407	219	91
399	407	217	92
400	406	215	92
398	404	214	94
397	404	214	94
402	402	214	95
405	403	215	93
412	404	214	98
422	406	215	97
430	412	218	92
442	416	214	95
452	423	209	91
455	430	214	92
459	433	214	94
465	440	214	95
470	449	212	95
474	455	212	101
477	464	214	102
486	471	210	99
489	477	211	96
493	475	215	101
495	480	216	99
498	483	214	94
499	481	215	95
491	477	217	95
487	475	217	96
485	474	211	93
491	462	208	99
489	459	210	96
489	456	208	95
488	450	209	94
483	445	211	94
482	439	209	94
483	432	205	94
478	426	211	98
475	430	207	87
474	416	208	98
472	417	203	89
471	406	203	98
474	404	200	94
471	403	204	92
476	396	203	103
477	394	205	105
474	397	205	104
472	396	207	107
471	397	207	112
469	395	210	113
468	399	207	112
468	397	204	114
465	401	205	115
463	399	206	117
460	403	208	117
462	404	209	114
462	407	207	116
461	406	207	116
463	412	201	115
461	416	204	116
463	415	200	118
458	427	189	112
457	428	195	117
450	433	196	112
450	433	193	119
444	437	191	116
439	438	199	119
435	445	186	112
425	445	194	116
415	451	189	110
401	450	188	111
386	452	187	116
374	451	186	118
365	458	180	119
358	458	185	117
352	455	188	118
350	459	183	120
347	461	182	115
344	460	182	116
342	460	189	117
340	462	186	119
344	460	186	119
341	462	186	119
344	460	188	124
348	464	175	122
350	461	180	125
348	462	185	127
351	463	182	130
356	468	185	128
360	471	174	128
362	471	180	133
369	480	169	128
369	483	173	127
373	484	179	132
383	491	176	132
388	494	181	136
390	502	174	135
393	511	168	131
394	513	165	130
393	510	177	137
393	511	173	134
388	509	175	136
388	506	169	136
380	510	166	130
380	503	169	131
375	503	171	128
371	492	175	132
371	491	170	131
368	483	175	133
362	477	175	136
355	476	177	133
355	470	176	132
353	472	167	128
347	465	168	133
341	464	172	133
339	458	174	135
340	456	170	137
337	452	172	138
335	452	175	139
331	451	175	140
333	448	176	141
334	450	169	140
336	450	177	140
343	446	177	143
343	449	177	144
351	451	175	141
355	454	175	143
361	460	173	144
363	463	181	141
366	471	174	143
371	475	172	143
370	479	180	140
370	483	179	141
372	485	182	137
375	487	182	144
381	491	182	142
382	495	185	138
391	502	180	138
404	503	181	136
408	508	176	135
414	509	186	137
422	509	183	136
428	510	181	135
430	511	186	139
429	515	185	137
428	516	192	136
433	523	185	129
432	526	187	132
431	532	184	126
423	534	183	122
411	535	189	134
401	545	182	121
395	540	193	127
390	546	192	125
388	550	191	125
385	548	195	124
388	548	193	125
393	552	196	117
399	554	195	112
399	553	198	111
405	550	199	111
405	545	200	114
413	541	202	114
420	538	197	114
424	534	201	114
431	534	203	113
440	532	203	112
441	530	203	112
446	528	202	115
446	529	205	111
451	528	202	112
451	529	208	113
458	531	206	109
460	532	211	112
461	533	213	109
458	534	216	108
462	535	212	109
460	537	213	105
457	537	218	105
457	537	222	105
458	538	219	102
459	538	215	100
451	536	221	103
444	536	221	97
440	533	221	98
437	531	222	98
430	529	225	99
432	529	225	100
430	530	226	96
430	529	224	99
429	529	224	99
421	536	225	93
419	536	233	93
411	536	226	92
402	537	232	90
401	532	225	89
395	529	228	88
386	525	228	86
380	518	232	86
376	513	227	81
382	507	218	82
384	499	215	83
380	494	222	86
379	492	222	82
373	489	227	81
378	489	218	82
379	486	215	81
379	486	212	77
376	483	220	78
376	481	211	76
372	478	219	75
370	481	202	70
373	479	200	69
370	472	203	73
371	467	219	76
370	469	208	73
372	461	220	76
377	463	208	72
379	464	204	70
378	459	206	72
381	456	223	75
378	458	208	70
379	454	209	75
375	454	201	74
371	447	211	73
380	448	206	71
380	441	222	75
381	443	207	70
382	435	227	74
387	438	201	68
387	432	214	71
392	424	220	76
394	424	204	68
397	408	219	79
408	398	227	78
415	387	214	79
428	369	233	87
436	362	215	80
440	347	226	81
445	336	218	79
460	323	227	81
474	314	225	81
490	309	217	77
507	300	223	80
522	295	230	81
536	287	226	82
549	283	225	80
560	282	222	81
566	283	208	77
568	284	227	81
570	292	225	84
571	299	221	81
566	302	230	82
566	304	228	86
560	308	232	85
558	316	226	87
549	324	225	85
539	333	231	87
535	343	229	88
535	354	228	87
525	359	237	87
517	368	231	82
510	376	217	79
501	378	206	75
495	374	206	76
495	363	225	84
501	357	221	83
514	342	233	90
540	333	233	85
574	327	227	83
603	323	221	79
624	319	227	81
637	317	226	80
645	319	208	79
642	320	234	82
637	333	230	88
631	357	229	86
616	379	232	85
601	392	235	83
589	398	231	80
573	400	234	76
562	396	230	76
544	396	237	80
536	397	231	79
529	400	233	82
520	405	238	79
514	413	237	79
518	423	226	78
522	436	221	76
522	442	224	77
528	453	235	75
537	458	233	76
540	459	230	78
553	455	224	76
551	448	230	75
550	444	211	75
550	441	231	76
543	445	234	76
534	448	239	78
539	454	228	78
525	460	239	76
511	461	238	74
508	460	237	72
509	459	217	68
514	448	229	74
517	440	225	71
521	430	235	75
525	427	229	70
527	420	227	73
523	413	235	73
524	405	235	75
528	395	229	73
533	383	242	78
548	377	237	72
579	376	235	71
627	372	236	74
680	372	241	76
733	377	242	77
768	390	236	77
790	408	237	77
808	427	239	77
816	436	226	78
802	442	243	78
793	442	231	78
787	439	233	79
777	438	225	78
773	436	236	81
770	441	232	81
758	446	236	78
747	448	239	80
726	447	239	79
688	448	238	79
659	443	236	78
626	438	235	82
591	437	234	80
550	437	232	80
506	442	229	80
462	445	233	80
450	454	236	83
455	469	225	80
480	476	225	84
515	474	236	83
566	460	213	80
599	425	226	83
620	393	236	84
637	367	227	83
645	345	213	83
646	327	242	83
652	316	229	88
654	308	228	87
646	301	234	87
639	298	229	86
622	296	236	85
596	294	237	88
576	293	233	88
560	290	239	88
545	290	243	89
534	292	237	89
528	305	241	89
516	332	236	94
523	361	231	93
526	383	227	94
534	401	214	90
541	420	203	86
553	437	228	91
568	452	220	91
576	459	228	90
588	457	230	89
596	442	216	89
609	418	210	87
615	399	217	90
610	386	225	94
594	385	233	90
579	385	234	88
566	381	231	89
554	376	231	91
538	378	212	88
526	371	228	91
516	369	217	90
518	366	216	94
522	362	220	91
528	358	220	95
537	357	223	92
560	355	220	96
579	363	220	97
602	374	214	98
623	392	206	90
642	397	219	97
663	406	203	91
675	407	218	96
679	414	212	97
660	420	231	96
644	437	206	92
614	444	213	97
577	452	223	96
538	462	227	98
507	476	200	95
472	479	222	98
442	489	215	99
409	497	207	98
385	502	214	95
374	506	209	96
378	503	219	97
392	504	213	95
423	494	223	98
462	474	226	99
502	452	226	100
531	432	220	101
546	414	217	103
558	399	218	100
571	382	212	102
580	369	215	98
592	354	213	97
607	339	217	102
619	327	225	103
639	321	222	102
654	318	220	101
676	315	217	99
694	313	215	98
709	307	219	100
709	305	217	99
706	304	197	98
688	303	210	101
673	308	213	109
658	325	205	108
636	343	218	109
619	361	206	112
600	386	215	111
578	419	213	110
568	451	205	109
562	472	219	112
571	488	210	114
584	504	208	110
594	508	214	107
610	506	215	104
618	506	201	106
608	503	220	106
592	507	205	102
575	504	211	100
574	497	213	100
572	493	214	98
578	491	205	102
562	502	211	103
494	523	224	118
414	566	229	106
374	587	221	109
362	603	209	104
370	612	215	102
399	613	199	99
429	598	218	103
463	581	201	92
493	549	211	98
504	547	210	96
510	545	220	95
535	545	202	90
568	537	217	93
589	521	229	95
595	503	215	94
599	478	209	93
603	441	203	89
619	387	217	90
638	332	211	93
668	285	226	90
725	243	229	91
817	209	212	88
896	178	219	87
941	171	222	86
957	180	209	93
925	200	242	99
870	237	235	95
822	263	232	93
783	276	237	93
755	285	217	85
741	284	228	87
729	287	227	87
723	299	226	87
736	313	225	90
748	326	241	95
768	343	244	91
798	353	240	90
821	369	243	87
834	371	219	83
838	375	241	83
833	380	228	85
796	389	240	84
727	394	245	83
661	400	230	80
614	391	233	81
591	379	238	79
590	346	221	75
612	302	221	73
641	265	220	73
666	243	227	75
668	227	247	78
654	227	224	72
635	231	204	73
602	235	226	75
588	243	239	77
596	248	224	77
602	256	241	75
616	270	246	77
622	292	238	79
611	319	230	78
614	349	245	77
609	377	237	75
617	398	223	76
619	409	247	75
625	423	239	70
624	425	224	74
615	426	214	72
607	420	231	71
592	408	229	73
587	385	241	74
593	370	230	73
597	359	241	74
595	355	244	76
600	356	236	74
594	357	246	77
594	361	222	79
590	366	213	74
585	370	225	72
581	371	233	75
579	372	236	78
571	378	224	76
562	385	242	78
545	395	249	75
533	404	244	75
526	410	248	78
519	416	233	78
510	422	250	77
494	431	239	76
477	437	217	75
452	443	229	73
431	446	215	75
411	447	228	77
405	448	213	76
396	448	219	75
400	450	214	75
399	452	213	75
394	454	226	76
381	461	211	75
378	464	218	78
362	469	224	78
369	476	213	78
371	483	231	79
385	487	229	82
399	488	220	78
415	487	211	81
421	485	225	80
422	477	255	86
419	475	248	85
413	476	233	82
411	477	239	85
409	475	246	86
405	477	234	83
407	472	256	86
415	468	239	85
428	455	215	81
427	435	246	80
434	421	257	88
437	416	241	86
443	409	231	82
443	405	252	86
449	404	237	84
447	401	244	83
447	401	246	83
446	404	229	82
447	407	227	84
446	414	232	84
449	422	245	84
457	430	231	81
472	440	221	83
474	449	218	81
478	458	247	80
498	468	227	81
500	472	224	80
508	480	253	81
510	484	251	82
502	488	238	82
498	487	247	85
476	483	261	83
461	475	247	86
440	463	258	79
437	449	252	82
422	439	253	87
412	434	260	86
412	429	258	86
411	422	249	85
420	419	257	83
443	419	264	82
519	422	253	83
591	427	257	83
639	435	259	84
675	452	254	83
691	476	261	83
690	493	254	80
649	502	256	82
599	504	264	82
560	505	253	80
524	502	264	81
493	494	263	84
484	488	263	83
495	483	238	81
515	479	249	82
565	472	258	82
607	469	259	82
634	467	254	78
643	458	261	80
642	445	250	77
617	429	257	79
562	412	261	78
484	395	260	77
423	377	263	81
380	365	259	73
350	348	256	79
334	335	259	75
324	322	250	80
333	311	253	78
336	303	261	80
339	302	243	78
345	300	251	79
343	300	257	79
334	302	246	78
340	305	253	83
332	327	233	80
347	348	253	84
380	373	242	83
411	399	264	85
426	435	259	84
439	465	255	84
444	483	246	84
450	494	267	84
460	502	248	85
464	511	241	86
461	522	249	87
442	532	256	87
431	543	240	88
432	550	240	88
434	556	234	88
440	564	256	85
459	569	245	84
463	571	257	82
467	565	251	83
468	557	264	83
466	551	238	79
476	541	237	77
470	532	251	80
470	522	254	84
472	512	252	84
469	505	260	84
472	501	255	85
466	504	266	83
462	504	245	83
463	501	246	82
467	495	263	84
469	486	261	84
471	478	260	83
474	469	253	81
468	458	266	82
470	452	261	84
462	452	246	83
459	452	256	82
458	449	259	81
464	447	250	83
466	444	248	82
463	442	256	82
465	443	264	85
463	444	258	84
459	450	254	84
466	459	242	84
460	466	255	84
455	473	267	85
452	480	260	84
456	486	255	85
448	487	256	83
436	484	255	84
432	482	261	83
422	478	255	84
418	473	262	84
402	470	265	85
404	465	264	86
409	457	269	91
415	448	259	90
445	440	256	87
497	427	280	86
560	419	272	89
596	411	283	89
624	408	263	89
635	408	264	87
635	407	262	89
620	409	237	87
606	408	266	88
592	409	247	88
588	405	254	89
579	403	242	88
583	406	235	88
575	405	232	87
573	407	236	86
562	406	229	88
558	402	238	88
546	398	265	87
538	397	235	87
538	392	256	88
521	390	259	91
513	387	247	89
500	387	259	87
490	385	266	91
481	388	250	91
477	390	261	96
468	400	232	93
467	407	252	91
463	411	262	92
460	414	257	91
473	417	254	90
478	413	270	91
480	415	253	89
477	413	273	92
474	414	246	90
470	414	256	90
462	414	244	89
466	414	255	89
465	412	261	93
471	414	250	94
474	418	247	93
481	421	235	92
491	422	236	94
490	425	240	94
487	428	249	95
485	432	255	95
486	432	267	94
478	436	255	91
485	435	262	92
488	436	257	91
486	435	264	92
488	438	246	94
487	440	245	90
492	441	262	91
487	444	257	90
489	446	255	89
488	446	260	89
492	448	267	89
482	448	273	90
488	446	263	92
486	445	269	92
481	444	260	91
483	443	276	93
479	440	286	94
469	438	286	94
463	436	283	94
465	433	276	95
459	429	268	94
455	420	267	96
448	413	268	94
440	404	270	96
430	397	274	97
421	390	282	98
417	386	279	98
413	380	277	97
409	376	275	96
404	373	273	96
399	372	279	92
393	368	277	95
384	369	279	94
376	365	280	96
374	365	274	96
365	363	280	96
361	362	278	96
358	362	283	96
351	365	285	97
353	370	279	100
362	380	259	97
364	387	245	94
366	392	261	92
363	398	244	95
360	403	252	94
350	407	270	96
343	411	270	97
337	409	272	98
334	410	276	98
334	407	273	99
339	407	265	100
342	405	261	98
356	405	258	99
354	403	264	101
356	404	262	99
357	402	259	99
364	402	265	100
365	400	262	100
364	400	261	100
360	400	267	99
361	400	262	100
367	401	261	98
375	401	248	97
386	403	240	97
385	405	245	96
392	407	232	98
397	409	243	97
397	408	264	98
399	412	259	100
403	411	260	105
399	416	266	103
400	418	266	103
395	424	266	102
398	423	265	103
397	428	266	104
402	431	268	106
407	435	261	104
407	438	264	102
405	439	265	105
410	440	259	109
405	442	270	107
409	444	268	109
414	448	260	107
415	447	268	108
421	446	260	109
419	449	261	104
416	444	265	105
408	435	269	107
395	428	273	104
385	415	261	105
365	406	267	103
364	390	267	111
366	382	260	105
363	376	265	103
370	372	249	102
378	369	256	98
382	364	245	99
391	355	250	100
390	347	254	101
384	341	258	105
378	340	259	102
382	330	262	109
383	327	257	104
382	322	263	105
385	317	261	100
396	311	260	101
405	307	250	101
414	304	256	99
413	300	256	101
418	298	259	100
418	295	260	108
420	298	259	101
420	296	260	104
419	296	264	105
424	301	258	103
421	307	262	104
428	318	249	100
433	325	238	101
430	340	234	96
430	341	248	100
416	345	264	105
409	352	244	100
398	352	252	105
382	358	251	100
370	359	255	102
365	356	259	108
356	358	244	103
357	365	241	97
355	363	247	100
361	369	237	98
364	373	246	98
379	375	240	99
389	380	238	96
397	378	251	101
399	380	256	102
398	384	260	102
398	388	263	102
399	387	263	105
403	393	257	102
406	393	261	105
411	397	261	105
412	399	256	105
416	398	258	107
419	403	257	106
414	402	266	108
413	401	272	109
412	402	271	108
412	401	270	109
405	398	271	109
403	394	276	108
404	391	268	109
408	382	266	110
401	375	270	108
401	364	270	110
404	359	267	108
405	352	269	108
413	350	268	107
422	349	265	109
425	347	269	109
426	348	270	108
426	348	270	107
413	345	274	108
401	345	270	107
378	343	274	109
356	344	270	106
330	343	270	107
314	343	269	108
307	346	272	108
305	345	271	109
303	347	274	110
308	350	270	109
303	355	276	110
304	360	274	109
304	368	272	110
304	373	273	110
306	375	272	110
306	378	272	110
310	381	269	110
305	381	271	109
308	382	270	109
305	382	270	108
304	379	272	108
302	379	276	108
309	376	273	108
318	377	270	105
320	375	271	106
322	375	276	105
328	372	274	107
332	372	275	105
336	372	278	107
349	372	271	106
355	375	273	104
360	376	271	103
357	382	277	101
357	386	269	103
347	388	281	104
340	393	283	103
341	396	275	103
335	399	276	102
332	399	282	102
332	400	281	102
336	401	279	102
338	402	280	100
339	403	278	101
336	406	283	100
337	406	282	99
336	407	283	98
337	407	282	97
335	408	285	95
341	407	279	94
339	407	284	95
342	407	283	94
344	408	283	92
347	409	283	90
350	408	286	91
354	407	286	90
360	404	288	90
368	400	286	90
375	396	285	90
380	391	289	90
392	389	283	90
390	387	286	88
388	387	289	89
390	388	286	86
387	392	291	87
387	396	291	85
396	402	288	88
399	413	288	87
403	426	289	85
405	439	295	86
410	453	291	84
410	461	290	87
400	467	296	85
393	471	291	84
373	473	298	82
357	473	296	83
349	473	291	83
349	470	295	85
357	471	293	83
362	468	299	84
377	465	297	83
386	465	294	83
392	465	294	84
397	464	296	83
397	464	296	81
401	460	293	82
405	457	291	81
403	451	294	84
401	448	300	83
403	440	298	81
407	435	301	82
410	430	296	83
408	423	298	83
407	422	300	83
408	420	296	86
405	417	296	84
404	418	297	83
404	418	298	83
401	419	296	83
402	421	295	84
400	427	296	83
394	430	301	85
390	435	302	86
393	442	299	86
394	445	298	85
392	450	301	85
395	453	299	84
392	453	304	86
395	454	301	87
395	455	296	90
389	455	304	91
392	454	298	94
392	455	297	92
393	454	296	92
395	453	302	91
397	455	297	93
397	457	297	94
397	457	297	93
395	460	300	94
390	463	303	94
388	465	302	97
383	468	302	98
376	469	301	100
374	471	301	100
371	472	298	101
367	473	298	103
364	471	299	106
362	470	301	108
362	469	302	109
367	467	298	110
366	467	300	109
370	465	297	114
370	465	296	113
373	463	294	117
373	461	294	120
372	461	296	120
371	461	295	121
377	460	289	123
377	457	288	124
376	454	290	125
381	451	290	130
383	451	284	130
387	450	281	132
390	448	281	133
392	445	282	135
401	442	277	135
408	439	280	141
416	440	275	138
424	440	269	138
426	440	271	141
428	443	267	142
428	441	266	144
425	441	268	147
426	440	266	149
427	440	266	152
431	439	264	154
438	438	262	155
444	437	259	158
446	435	259	162
449	435	260	161
454	433	256	164
454	433	260	164
459	430	257	169
467	433	253	168
471	432	252	169
473	431	254	173
479	434	253	176
484	432	254	179
486	428	250	181
492	432	249	184
498	427	244	188
505	432	240	190
511	430	242	194
522	430	238	197
527	430	239	201
532	433	238	203
544	431	232	207
551	435	225	206
559	435	222	204
563	435	214	204
571	435	210	204
574	431	204	204
574	433	202	198
577	428	201	201
572	424	206	202
572	426	206	198
570	419	210	200
574	420	206	199
578	421	203	196
579	418	200	196
583	414	199	199
581	411	200	200
583	414	201	194
582	410	203	191
583	413	198	184
580	413	202	178
578	408	197	177
585	403	195	175
588	399	190	172
593	395	196	168
593	393	186	165
597	388	186	171
603	384	183	173
603	393	183	162
604	397	181	163
608	403	181	160
610	406	177	160
614	410	175	161
617	421	169	155
620	430	171	152
626	437	168	151
627	447	167	145
623	449	170	143
622	455	166	142
624	457	161	140
624	456	159	140
622	456	157	140
624	461	153	132
632	457	151	138
639	456	145	134
646	452	140	133
652	446	137	137
657	446	130	138
663	443	126	134
663	444	125	131
661	438	124	139
663	437	119	138
661	443	119	133
657	442	120	133
657	440	117	137
653	440	117	138
652	443	113	132
648	441	114	132
644	439	113	135
643	439	112	135
640	441	113	131
641	443	111	133
643	442	108	139
642	444	110	141
641	447	112	143
643	448	113	145
647	449	110	147
650	450	113	146
658	448	113	155
667	456	112	152
672	458	114	154
675	467	114	153
673	470	114	152
667	473	112	144
665	476	111	146
659	475	110	146
655	472	113	145
653	464	116	154
651	460	117	154
650	456	116	162
647	455	118	166
643	453	121	170
640	451	123	174
640	452	124	180
636	455	124	182
636	456	120	181
637	459	118	182
636	459	118	180
633	464	117	184
629	463	117	190
623	464	115	188
617	466	114	197
612	467	116	195
605	472	116	196
604	477	116	191
599	476	119	193
597	472	118	204
594	475	119	204
592	480	115	202
587	475	123	205
587	476	116	204
582	473	119	206
579	467	120	210
573	463	121	213
573	458	120	215
572	456	119	215
571	452	115	215
564	441	121	223
565	444	119	215
563	440	119	215
558	424	124	226
559	420	117	224
554	413	120	226
555	412	119	221
556	399	122	230
559	401	120	229
565	405	118	222
564	395	120	229
566	398	114	231
561	394	118	230
558	396	117	228
544	388	119	233
523	380	118	232
502	374	113	231
486	365	121	233
481	361	123	225
483	360	124	228
486	356	126	226
488	349	123	226
491	349	117	224
490	338	124	233
489	339	126	231
489	337	126	229
490	342	124	228
488	344	127	230
491	348	124	229
492	351	127	226
494	352	131	227
492	352	132	227
488	354	132	232
487	360	136	220
488	359	139	222
487	362	141	222
489	359	147	227
492	359	147	221
491	361	148	216
492	362	152	214
493	360	158	217
494	360	157	217
492	361	159	212
497	361	160	206
499	361	167	209
509	364	167	205
518	367	173	199
526	370	176	203
537	377	180	200
545	384	176	191
550	388	178	199
553	395	182	195
558	404	184	191
572	420	174	183
572	424	183	189
582	435	187	187
590	444	188	182
601	449	193	184
614	456	193	179
620	460	192	177
628	457	192	180
634	458	196	177
642	454	198	175
649	450	194	173
655	444	201	172
659	435	200	175
661	425	205	178
658	416	207	179
654	407	215	180
649	399	216	183
648	393	217	183
650	389	218	181
654	390	218	179
664	387	222	178
669	385	220	173
670	381	224	175
680	384	217	171
676	378	229	174
680	379	229	172
686	379	228	165
689	379	227	165
691	379	230	164
695	378	233	167
694	376	235	167
692	377	239	165
693	378	240	167
700	381	230	161
701	382	237	160
702	382	234	159
705	382	234	161
705	382	242	160
704	382	236	158
705	381	237	160
705	382	244	154
706	384	248	148
710	385	251	147
713	383	244	147
717	386	245	146
721	387	247	145
721	385	253	145
722	387	248	146
717	385	247	143
712	384	252	145
711	385	252	141
707	382	253	143
707	382	255	145
705	383	258	139
707	382	254	141
710	383	253	140
717	385	255	136
722	382	250	138
721	382	255	138
722	382	258	136
720	382	251	139
718	379	255	138
715	380	262	136
717	376	263	139
720	375	257	142
720	373	256	138
719	370	258	135
718	368	260	138
715	370	266	136
712	370	265	137
714	370	262	136
714	372	257	135
716	372	264	138
716	373	269	139
716	374	263	140
717	377	267	136
718	377	267	135
716	376	270	135
716	376	272	135
722	380	271	134
728	378	266	134
733	375	262	134
736	375	271	133
736	374	275	133
738	375	270	134
739	373	275	137
739	375	270	137
743	374	272	135
749	373	278	136
749	373	276	134
761	374	263	133
760	372	271	136
760	373	272	136
757	374	272	138
757	373	272	138
746	376	274	139
741	377	273	142
740	377	274	142
737	380	269	143
735	382	273	143
736	379	270	146
729	384	277	147
730	381	276	149
715	390	272	150
706	389	275	151
707	390	274	151
694	393	272	151
690	391	275	155
693	393	271	152
676	390	269	157
677	391	267	154
653	383	272	155
643	379	269	157
643	380	269	155
627	372	270	157
627	369	264	157
626	370	264	156
619	365	268	158
619	365	268	157
618	365	263	157
603	359	267	157
605	359	263	157
595	354	269	159
589	354	262	159
589	354	262	157
584	353	266	160
584	353	266	159
584	351	266	158
584	347	260	161
584	347	260	160
583	345	262	161
579	342	266	161
579	342	265	160
574	336	267	162
574	337	267	161
575	336	272	162
578	332	269	160
577	331	272	161
578	331	270	160
577	330	266	162
577	330	266	162
575	330	267	163
573	331	273	163
573	330	273	163
573	330	273	162
573	330	273	162
571	330	276	164
575	338	271	163
576	336	272	166
577	344	278	163
579	350	273	164
579	355	278	164
575	369	274	164
577	369	273	165
577	379	277	162
580	399	273	166
579	402	273	162
583	412	276	161
585	423	277	161
588	432	271	161
584	438	271	161
580	443	280	160
579	448	284	160
573	451	285	160
577	451	282	157
578	454	282	156
585	457	292	155
597	457	295	154
611	459	296	154
623	460	287	154
620	459	287	157
610	461	296	152
610	460	295	152
601	460	291	152
595	458	298	151
590	455	297	150
586	455	297	150
582	454	299	151
578	449	300	151
578	449	298	147
571	446	306	146
572	447	305	142
568	446	305	142
570	446	302	142
562	446	311	141
563	445	312	136
559	446	311	135
558	441	312	135
562	439	314	135
562	434	314	134
561	431	320	134
562	425	322	130
562	422	320	126
561	417	323	121
563	407	325	118
558	398	324	118
563	391	319	116
556	379	327	116
557	370	331	114
557	363	330	110
555	354	333	109
553	347	334	106
553	339	339	105
550	331	336	106
541	326	339	104
531	320	343	102
524	315	336	102
519	312	347	101
518	310	344	99
519	308	342	97
523	308	339	96
522	309	349	97
526	315	344	92
526	321	349	91
523	328	345	93
527	336	349	91
526	344	359	92
529	353	352	91
525	360	360	94
526	368	357	94
528	375	354	95
527	382	356	92
531	389	353	92
528	396	363	93
531	405	358	94
531	410	358	95
533	419	354	94
533	423	354	96
532	427	351	93
526	431	363	95
530	432	356	89
521	432	358	94
521	430	356	89
523	427	359	94
523	422	358	92
532	416	355	94
540	415	356	96
545	410	360	98
550	408	361	102
556	409	360	101
561	409	361	102
566	410	357	105
565	415	358	105
563	415	364	106
562	416	364	110
564	420	368	109
565	422	365	112
565	425	365	113
564	429	367	115
563	432	368	116
562	437	366	115
560	442	369	118
560	448	369	118
560	448	369	122
560	454	368	122
561	456	366	125
557	458	374	127
551	458	385	129
557	457	374	131
562	456	376	134
561	453	376	136
565	453	383	136
572	448	375	141
577	449	380	139
584	454	377	135
583	459	379	133
588	459	376	136
589	458	374	137
590	458	372	137
596	455	374	141
601	449	372	144
606	448	372	145
607	445	378	146
610	444	377	149
613	446	370	152
614	447	376	152
618	449	376	156
618	449	375	160
615	453	381	159
614	462	378	156
612	471	382	152
609	478	373	151
601	480	382	150
596	479	374	154
591	480	374	154
581	479	386	151
576	478	385	155
576	477	384	161
578	474	380	162
574	470	388	166
580	473	382	165
583	471	383	168
578	469	383	170
585	467	382	167
586	467	380	167
596	463	382	166
604	455	382	174
615	450	381	170
625	445	383	168
629	438	390	170
636	433	388	170
636	427	388	167
642	415	388	173
643	405	388	174
645	397	382	171
642	383	387	177
648	372	384	173
648	360	385	178
652	352	385	173
658	346	385	166
655	336	386	172
662	325	385	170
659	320	390	174
662	314	389	175
657	316	390	170
655	317	395	168
651	313	391	170
645	311	388	166
639	312	387	172
629	313	389	164
619	315	384	163
606	314	385	164
600	314	383	168
592	319	387	167
583	319	388	168
576	323	388	168
571	328	387	171
563	331	395	170
562	338	383	171
554	344	393	175
550	351	392	176
542	359	396	176
537	366	393	174
535	371	396	178
527	375	393	184
517	379	397	186
511	383	394	185
501	380	406	194
499	382	402	191
494	394	396	183
489	404	396	178
485	404	393	182
473	409	399	179
465	410	399	179
456	410	403	183
449	413	404	179
449	420	399	175
443	427	392	174
440	437	391	178
431	446	393	174
423	451	396	180
414	455	399	176
407	461	402	181
408	455	398	186
408	449	398	190
415	441	394	190
429	435	395	186
458	415	396	188
487	409	393	180
506	403	396	178
495	403	405	181
493	400	401	181
482	403	402	178
474	400	405	179
477	405	398	169
477	404	398	169
476	397	395	169
476	390	403	175
476	381	403	181
475	377	404	181
480	377	393	174
497	372	389	175
499	370	400	178
500	368	398	176
506	364	406	177
512	360	404	180
512	357	403	181
512	354	403	186
516	353	402	186
519	354	394	185
510	353	403	185
506	352	411	187
517	349	410	183
514	354	409	181
513	354	409	175
506	355	416	172
502	353	411	177
510	346	403	178
502	340	411	183
508	334	407	181
502	331	411	186
507	330	409	183
515	331	401	179
505	329	421	177
511	330	408	176
514	328	410	179
515	330	398	179
515	326	399	181
516	323	405	180
520	323	404	178
521	321	402	183
528	320	396	177
524	326	404	175
522	325	408	175
526	320	411	176
521	320	409	175
524	317	411	181
523	315	412	180
524	313	410	182
522	312	405	183
525	311	407	185
522	310	403	187
512	309	410	190
510	313	405	187
501	314	407	193
506	326	396	185
495	331	410	184
496	331	407	188
491	330	406	191
491	326	405	193
490	318	408	199
487	315	404	203
486	309	406	205
487	307	403	209
477	298	412	211
487	296	395	214
479	294	411	212
492	291	402	219
488	291	405	211
488	294	404	207
486	292	402	210
497	293	397	209
486	297	412	210
492	295	415	211
507	290	404	215
503	288	411	219
521	285	408	225
531	290	405	221
539	297	408	224
545	313	413	227
551	339	397	224
543	367	407	221
540	389	402	214
523	398	408	217
489	408	416	214
470	417	415	214
470	414	412	221
482	425	404	212
498	424	399	207
525	422	411	212
573	413	418	212
621	394	415	206
651	375	414	210
673	363	407	223
681	358	403	223
689	364	402	214
692	369	405	213
690	367	409	218
691	368	407	224
659	370	416	231
640	377	415	232
633	384	406	238
624	388	407	233
621	389	413	231
631	383	408	232
642	379	406	231
653	373	410	234
678	373	415	232
720	373	416	223
760	372	419	225
794	368	415	226
810	367	401	231
784	367	416	238
719	378	412	236
593	407	428	239
517	431	423	237
472	444	410	231
430	463	412	230
400	466	423	224
410	457	413	215
428	428	415	223
489	385	419	220
562	348	423	228
623	325	423	226
694	303	414	222
742	279	423	232
784	252	419	232
809	240	418	224
796	238	422	229
777	241	424	227
741	241	423	221
708	245	417	219
674	247	421	215
651	244	425	210
637	239	423	206
636	234	417	210
635	225	419	213
634	216	427	214
634	216	417	215
615	221	418	214
584	224	417	217
539	239	419	218
503	252	426	228
484	271	424	227
503	286	406	221
503	293	417	225
525	295	417	230
544	298	419	222
545	302	422	233
537	305	420	228
522	307	422	222
520	309	418	220
496	318	422	218
482	318	419	218
474	314	421	220
479	311	420	219
485	308	417	216
491	304	420	222
512	304	417	212
515	299	428	220
542	301	428	216
562	298	429	212
573	298	426	213
576	298	426	216
562	304	423	215
541	303	420	202
510	309	417	207
481	310	421	200
467	307	429	200
463	313	430	196
464	311	422	200
463	313	424	195
462	318	425	201
465	318	426	198
468	327	419	212
472	336	421	211
479	356	420	208
491	374	423	206
496	388	423	204
499	396	426	205
500	400	423	206
503	402	426	215
509	403	427	217
512	406	427	221
515	414	430	217
511	418	432	219
512	428	423	216
503	429	433	217
488	435	433	212
473	443	428	206
446	444	430	208
421	450	429	207
402	455	427	205
382	455	429	209
367	456	434	212
353	456	435	218
342	457	429	213
327	458	433	214
315	459	435	210
308	454	434	204
299	441	434	208
290	432	436	210
294	431	433	211
283	426	438	211
280	420	436	212
280	418	436	207
286	413	433	201
289	406	436	202
294	398	434	196
305	385	431	206
316	380	427	200
327	371	435	202
335	370	429	196
345	370	433	196
352	377	438	189
363	380	431	193
363	394	430	190
367	408	437	186
365	425	441	194
371	440	437	196
371	447	437	191
372	454	435	193
371	452	436	197
371	454	437	205
377	454	434	203
375	457	437	207
380	468	437	194
378	466	434	201
378	463	434	207
377	461	434	201
376	458	437	206
372	455	438	204
378	447	437	203
374	438	438	195
373	420	445	204
378	402	440	197
376	383	444	200
381	372	444	197
387	360	442	195
381	350	442	194
391	337	433	202
391	334	435	201
396	329	434	201
399	328	434	201
406	328	437	199
414	320	436	206
428	314	435	207
443	307	436	213
456	305	436	215
482	301	439	217
501	311	438	207
515	319	436	208
526	325	440	209
540	333	439	210
547	333	440	210
546	335	442	210
543	334	442	214
534	335	443	217
515	327	445	223
492	324	451	223
490	324	438	215
486	318	445	220
487	317	444	219
491	313	441	218
488	309	446	220
495	308	442	218
499	308	445	218
511	305	440	217
517	302	443	217
522	294	440	223
523	290	442	225
522	287	445	223
521	288	446	220
520	284	442	219
518	285	445	215
529	280	439	214
526	279	451	219
532	278	450	222
544	287	440	221
544	296	446	218
550	301	451	220
556	306	454	218
575	310	438	211
585	310	444	210
595	310	452	211
600	308	451	214
605	307	448	215
596	303	453	216
601	298	442	222
595	293	449	222
579	285	452	228
565	279	450	234
554	272	455	242
543	267	452	240
540	264	450	244
530	264	455	238
525	260	458	238
517	261	454	235
515	267	449	226
506	265	456	227
507	264	454	229
509	257	449	232
505	253	458	228
508	249	458	229
516	254	451	226
525	253	453	221
535	246	453	221
543	238	453	227
540	230	458	233
547	224	451	238
549	219	452	237
566	213	447	243
579	209	450	244
582	205	460	246
587	204	450	245
586	200	453	246
590	198	451	243
580	196	461	245
580	199	451	240
572	196	456	243
578	196	454	242
578	196	460	245
583	201	450	241
587	201	453	244
596	205	445	246
596	212	443	253
594	218	449	251
586	217	450	254
572	217	453	255
558	223	455	255
549	222	456	247
547	224	449	244
542	221	443	253
535	220	438	248
533	220	442	248
532	219	443	250
531	215	446	250
536	213	447	255
542	213	452	258
552	222	451	252
570	225	446	250
577	228	452	250
586	234	451	249
590	232	443	256
586	231	451	258
594	230	451	261
596	228	448	262
604	238	453	253
618	245	453	250
637	244	451	245
646	242	453	246
655	237	456	248
663	234	450	252
668	228	451	253
667	225	452	249
672	226	443	244
669	222	448	251
653	225	450	243
632	225	454	245
615	224	452	246
601	223	451	247
594	222	447	248
594	227	447	241
594	227	440	242
595	232	437	243
589	231	441	255
587	235	445	257
591	250	438	267
587	261	438	274
585	268	434	270
580	270	437	284
572	280	442	276
559	284	449	276
551	292	446	269
535	295	447	278
534	296	438	283
529	302	441	269
519	302	451	280
518	304	445	278
517	307	446	275
515	305	439	281
511	308	440	274
506	307	442	274
504	310	447	267
504	312	445	270
513	307	445	271
513	309	446	266
519	302	450	270
522	301	445	270
528	305	443	266
531	305	444	268
539	302	438	273
541	296	440	273
547	296	446	271
554	293	443	267
554	288	450	269
562	289	441	266
562	284	440	275
565	287	446	269
562	288	452	267
560	288	454	265
562	288	450	265
558	285	452	270
563	278	452	273
564	280	449	269
567	282	444	266
568	271	441	272
561	271	445	265
565	274	435	269
562	274	442	263
562	278	441	261
561	275	448	259
567	273	437	263
564	268	436	265
554	256	455	275
558	249	446	277
559	244	445	275
561	244	447	267
562	234	445	273
566	227	437	275
558	225	453	278
556	227	456	277
561	226	445	281
560	227	447	283
558	230	451	281
558	235	451	281
558	243	451	273
559	248	448	277
563	248	452	283
562	251	452	287
564	259	448	282
572	265	450	285
571	268	451	283
573	276	448	282
568	285	446	285
563	286	455	282
557	292	458	281
555	295	449	281
555	297	450	288
552	298	448	289
552	292	447	297
549	298	454	288
551	296	450	293
548	295	455	295
554	297	450	294
548	298	447	292
547	306	450	290
543	308	449	285
548	306	446	297
547	300	447	301
551	305	451	294
553	307	448	292
557	307	450	297
559	304	458	302
566	298	451	302
566	301	450	296
579	288	447	309
579	285	446	309
577	284	449	308
582	282	446	311
576	274	447	318
583	272	440	319
578	270	449	314
582	279	441	308
586	282	433	306
580	274	445	310
580	269	445	317
579	264	447	320
575	265	453	320
581	268	442	316
578	275	437	314
575	270	440	318
579	273	441	314
578	269	443	322
573	277	441	317
561	278	448	317
559	285	440	302
552	283	442	311
549	282	437	314
536	280	444	318
527	280	447	315
529	284	442	315
524	289	440	310
521	291	435	306
519	293	438	309
514	281	438	312
508	279	431	317
500	277	440	320
495	274	438	318
487	284	428	299
473	278	440	311
470	269	432	313
462	269	429	305
457	273	423	297
440	258	441	306
451	246	425	305
451	233	426	310
451	226	436	308
462	221	436	297
476	207	432	307
492	199	437	313
510	187	448	315
528	183	450	312
539	177	444	311
552	173	438	307
567	174	440	305
581	168	432	304
586	160	427	304
592	163	432	305
602	159	426	301
604	155	423	308
602	154	437	310
610	152	434	305
608	156	436	308
608	160	436	308
599	168	436	303
591	177	435	305
579	181	433	309
569	192	427	307
548	198	434	307
527	212	430	301
503	218	431	299
488	216	427	304
471	216	432	314
468	219	431	314
458	218	434	316
451	222	432	318
441	221	441	320
441	221	431	328
432	221	436	328
433	217	433	335
426	213	429	330
418	217	435	334
425	219	429	329
412	213	436	334
409	211	441	327
409	204	440	328
415	195	439	319
420	186	429	325
427	181	428	318
423	172	435	320
432	163	435	318
440	156	431	323
439	152	433	324
450	150	429	327
448	151	434	325
454	148	434	323
461	140	429	324
473	138	420	331
482	140	420	331
486	138	422	322
486	139	423	331
493	136	420	329
490	137	426	327
501	139	414	323
487	139	432	322
497	139	427	322
494	145	426	322
494	145	425	322
493	154	427	315
492	161	430	323
497	162	430	320
500	172	425	321
498	176	428	319
497	190	429	315
496	192	432	318
487	199	437	316
489	201	434	311
484	208	435	313
482	212	431	310
479	216	438	307
481	223	432	304
477	231	440	307
469	233	436	305
468	236	437	309
456	237	441	307
455	236	437	312
457	231	431	310
459	225	428	314
462	217	420	329
469	208	426	335
474	204	433	349
472	200	436	336
485	192	438	344
494	197	437	341
512	195	434	337
522	197	438	332
539	191	437	335
546	197	434	337
546	193	434	336
546	193	433	336
534	187	437	327
528	192	436	325
519	191	435	323
525	186	429	332
529	194	433	324
528	191	434	330
530	193	442	333
531	208	439	327
534	214	434	327
529	226	432	324
516	235	437	324
494	240	447	321
473	242	442	323
449	240	436	330
422	235	434	318
399	230	429	327
383	230	432	327
372	223	438	327
361	224	442	325
371	229	435	313
384	225	431	328
408	222	433	334
430	225	438	326
453	224	444	327
473	226	452	323
491	227	438	325
496	229	436	327
502	228	435	339
511	226	440	330
521	230	439	335
526	235	442	329
534	233	437	323
535	233	435	334
542	226	429	331
536	224	440	334
534	228	444	334
530	227	444	336
525	226	443	336
527	215	437	336
532	210	439	344
527	210	441	352
525	207	437	350
524	214	438	347
533	219	437	346
537	217	436	349
538	221	447	341
538	218	447	346
540	216	442	342
550	209	438	339
555	201	441	346
562	205	438	335
569	205	443	335
581	203	437	336
586	198	439	344
586	194	441	345
587	187	442	350
587	189	441	346
591	193	441	343
594	194	446	339
594	190	446	345
601	193	445	339
603	189	440	342
601	190	447	341
603	193	443	335
599	193	442	334
597	190	435	341
590	186	437	348
573	186	449	346
568	187	447	350
563	187	444	351
555	198	447	342
557	200	443	338
555	205	439	340
559	203	443	336
559	210	442	334
562	207	444	338
563	207	439	335
561	206	434	344
560	207	436	343
556	213	443	343
555	216	442	350
556	222	442	349
552	235	450	345
559	234	442	350
556	238	441	349
552	241	449	348
554	250	444	351
556	258	447	347
569	258	442	346
567	260	448	351
584	263	438	344
585	263	435	348
589	271	439	334
597	265	434	334
602	257	432	332
604	245	434	336
606	239	438	339
606	241	437	336
607	241	435	335
606	237	437	331
604	232	440	332
605	233	438	328
605	227	438	333
603	223	441	339
602	223	443	337
603	223	434	337
602	225	434	334
601	229	436	324
597	236	443	323
594	244	442	318
596	247	438	324
595	255	431	319
593	258	435	321
591	267	432	314
584	262	438	314
581	252	435	322
579	238	439	323
576	236	444	319
575	235	440	313
577	228	435	318
576	216	437	327
581	206	437	329
591	193	438	328
592	176	438	328
598	154	438	329
605	144	444	328
613	135	448	330
621	133	443	326
624	132	444	326
630	122	440	329
630	117	439	337
637	113	436	346
639	109	440	345
644	115	437	340
644	118	437	346
648	121	436	339
650	131	436	332
647	134	440	337
647	138	442	341
638	150	440	351
637	157	441	346
632	152	443	346
630	151	439	352
629	156	441	363
627	163	444	349
628	169	441	348
629	179	440	340
631	189	444	340
637	197	438	337
642	198	436	341
641	198	437	352
646	206	440	345
645	212	442	350
643	224	444	349
642	233	446	343
643	239	443	344
630	241	448	347
611	239	451	349
596	234	445	352
577	232	449	355
563	235	448	354
552	240	449	350
548	241	445	340
539	244	449	339
534	243	447	341
532	234	451	351
524	236	456	347
516	233	459	357
518	237	454	350
513	240	457	345
512	243	458	344
511	241	459	347
514	243	461	343
525	244	464	347
540	246	469	342
557	247	459	339
566	251	461	339
576	253	454	335
577	254	450	332
581	255	451	334
579	258	454	329
582	261	447	328
575	262	462	326
573	256	465	324
578	251	455	322
585	246	451	324
583	240	455	328
589	234	456	330
589	232	455	333
589	226	454	334
593	224	455	338
595	216	459	342
599	215	460	336
601	222	467	335
608	229	477	328
620	226	485	325
632	232	486	318
648	228	476	326
645	226	482	320
654	228	476	315
648	226	475	317
652	222	477	325
645	223	477	316
641	223	477	322
635	222	482	324
633	221	486	317
634	226	482	315
633	231	485	313
633	235	484	312
633	246	483	312
631	249	486	318
633	254	483	316
627	255	486	313
626	265	488	298
618	267	490	301
610	266	498	294
589	268	513	307
598	263	494	298
596	266	490	300
595	262	493	307
598	263	486	304
604	267	485	301
601	270	491	307
604	272	485	311
603	267	486	312
603	267	497	312
606	265	490	316
606	265	489	323
604	269	494	322
602	270	497	320
605	266	490	320
604	272	480	321
606	275	476	315
603	275	482	321
596	278	483	316
601	279	473	313
602	284	470	309
596	292	474	294
601	293	464	292
598	290	470	304
598	290	470	303
604	292	458	291
587	299	466	305
585	298	469	289
584	304	465	288
600	307	443	294
603	309	437	289
597	311	437	292
599	314	433	287
594	316	430	283
595	320	427	289
594	318	421	278
599	320	412	292
598	315	414	281
601	320	408	285
594	321	408	274
597	323	401	268
601	329	393	263
596	329	384	273
594	333	377	271
584	339	382	272
578	350	370	268
564	362	367	263
561	369	362	265
553	372	364	257
554	378	355	259
552	381	349	252
552	387	348	251
549	387	348	250
550	388	346	247
550	387	346	249
544	385	346	250
548	388	346	253
553	386	336	253
559	387	329	251
561	388	326	246
563	389	321	239
564	387	318	247
558	397	322	232
562	393	314	236
563	385	312	243
572	388	302	233
574	386	304	241
569	378	304	241
580	384	296	234
576	377	292	251
578	378	288	231
581	358	282	275
582	382	280	223
581	362	281	267
586	376	280	220
591	387	269	230
591	373	270	226
595	384	268	236
600	386	267	224
602	364	263	245
603	361	261	255
609	361	254	259
611	364	249	257
612	368	255	254
614	369	250	255
615	360	249	254
622	363	239	252
621	337	242	286
626	390	239	226
619	336	244	286
628	389	234	228
627	372	232	244
626	358	228	239
617	313	231	312
618	360	222	256
618	353	221	240
615	332	221	251
618	366	218	237
615	308	216	304
614	348	217	258
616	349	213	258
611	356	212	248
608	344	208	263
610	340	204	269
607	374	211	235
612	324	206	298
616	370	199	249
614	322	200	298
616	324	196	327
622	352	190	273
621	351	183	280
618	352	189	278
619	346	195	264
623	328	192	304
623	320	185	323
627	336	180	295
632	331	177	308
639	343	173	288
643	303	176	326
646	337	178	289
649	306	177	304
650	290	166	340
650	302	166	319
654	309	165	308
655	272	173	340
658	302	167	325
661	272	161	341
661	306	160	314
664	298	153	300
668	301	159	324
667	287	155	332
668	283	153	342
671	289	147	334
673	280	150	356
677	290	148	338
680	272	142	346
682	293	138	334
684	300	134	324
684	327	133	295
689	327	136	299
692	355	135	270
696	352	128	279
697	355	119	276
700	311	120	324
701	315	117	317
706	300	110	319
706	276	113	342
715	294	113	342
718	289	116	316
722	293	110	341
727	291	111	346
726	295	112	340
726	283	112	343
730	300	105	344
730	302	104	339
728	292	104	325
726	271	107	369
730	309	100	330
728	309	91	332
731	351	84	279
730	351	86	281
733	351	82	282
735	350	85	282
738	354	88	277
742	356	90	275
746	378	86	260
747	377	84	264
749	374	85	272
751	388	80	262
755	402	76	250
756	401	81	253
759	405	69	247
762	392	62	262
762	395	61	258
764	406	61	253
765	408	60	251
766	410	57	246
766	409	57	239
767	407	56	235
766	399	57	252
768	392	58	264
767	401	59	249
768	387	57	267
767	397	59	248
767	392	58	260
767	404	58	247
770	409	53	240
771	417	54	240
770	423	57	230
772	430	57	231
777	430	55	232
780	423	57	228
782	441	57	229
784	441	57	230
786	435	57	231
789	442	54	232
795	446	56	225
801	446	56	226
803	438	60	227
806	454	58	216
811	449	56	226
814	402	60	272
814	445	57	229
814	379	67	296
809	425	71	252
811	405	73	269
812	407	70	283
812	407	75	284
809	417	73	266
805	401	80	281
798	434	79	241
797	401	85	278
793	404	81	275
788	406	85	273
782	433	85	246
775	420	89	259
765	420	95	262
764	425	88	254
763	388	94	301
758	412	89	271
752	402	97	278
752	400	97	284
752	410	92	266
748	404	95	281
745	405	97	282
740	414	97	266
737	385	103	294
733	393	107	280
736	388	106	278
738	376	109	285
740	402	103	257
743	372	108	281
746	374	102	280
744	375	106	281
749	371	106	288
753	376	104	281
754	371	108	286
752	383	108	283
749	381	114	290
748	378	115	292
750	378	108	295
752	383	110	287
751	379	111	294
748	378	114	290
747	370	117	292
744	389	112	278
739	374	121	292
739	366	120	302
742	374	113	287
739	373	119	290
733	370	117	299
727	370	126	301
727	375	123	294
723	362	128	307
710	368	128	299
714	360	130	314
705	371	132	296
700	371	135	298
697	379	134	284
705	375	129	286
700	375	132	289
693	373	138	286
705	371	126	290
705	365	132	288
705	364	130	294
703	370	135	286
703	370	140	287
713	373	132	269
711	352	144	303
714	357	137	297
718	357	139	299
716	359	139	298
716	361	139	297
716	363	134	297
717	362	138	301
711	361	142	307
704	364	143	305
702	365	140	305
696	368	138	302
694	367	141	308
691	370	142	304
688	367	146	314
684	369	148	313
679	370	148	314
671	341	160	347
667	287	182	406
657	333	156	365
651	337	164	359
652	288	181	412
650	290	183	412
641	291	184	414
649	286	190	416
644	330	173	377
643	289	200	411
642	288	198	419
629	289	205	421
624	297	203	416
611	299	207	417
613	325	191	393
602	353	197	366
592	359	200	359
582	361	200	358
581	351	207	359
571	399	191	312
576	346	196	372
566	378	192	337
571	367	197	341
564	359	208	360
558	358	211	361
541	398	194	317
533	393	194	326
514	401	194	313
510	433	197	283
504	428	189	285
501	432	190	280
492	418	206	291
492	404	203	301
491	351	209	361
487	339	221	368
485	335	229	382
483	311	237	396
488	293	246	410
488	285	255	409
483	279	259	416
486	272	263	414
493	261	258	426
509	269	246	408
516	320	227	363
535	318	231	346
550	308	236	347
559	311	235	345
560	318	241	330
553	314	251	318
565	300	243	324
558	294	253	323
559	291	248	328
561	292	246	328
555	295	253	326
551	291	266	338
557	290	258	344
550	327	254	324
