0.001529
0.030550
0.077141
0.063264
0.081194
0.030034
0.066395
0.081865
0.030034
0.066921
0.078426
0.080356
0.024335
0.072669
0.084217
0.088583
0.080309
0.028462
0.028566
0.069017
0.024394
0.034761
0.083970
0.078911
0.030859
0.038579
0.033512
0.081122
0.071542
0.026092
0.082609
0.069418
0.083765
0.079545
0.031776
0.073071
0.071755
0.070994
0.028129
0.077365
0.073382
0.030175
0.038516
0.037560
0.070131
0.091573
0.083435
0.089166
0.091481
0.086065
0.079980
0.034374
0.030734
0.071919
0.070338
0.036919
0.039411
0.064950
0.030911
0.036880
0.035225
0.064386
0.030056
0.031556
0.088640
0.066981
0.085009
0.033968
0.068772
0.076447
0.086642
0.034146
0.035103
0.036813
0.080577
0.069627
0.029271
0.035050
0.069933
0.030844
0.030052
0.087947
0.071989
0.080340
0.088715
0.030347
0.024722
0.074790
0.026523
0.028797
0.073842
0.084281
0.031388
0.030350
0.078644
0.071147
0.078067
0.038968
0.028621
0.071173
0.084913
0.084584
0.031916
0.073159
0.073928
0.030257
0.033975
0.076586
0.070922
0.035852
0.039900
0.064654
0.083279
0.077730
0.036572
0.067487
0.091362
0.077069
0.027413
0.066691
0.076115
0.031799
0.030292
0.082410
0.068301
0.087301
0.034715
0.058813
0.086598
0.079927
0.028045
0.072672
0.068956
0.030185
0.025014
0.072624
0.082174
0.024209
0.072570
0.076109
0.086678
0.029110
0.063202
0.034813
0.025044
0.061871
0.030340
0.030468
0.080626
0.085576
0.076452
0.026595
0.037697
0.029612
0.068322
0.083665
0.029094
0.042315
0.063709
0.077974
0.028563
0.028605
0.067508
0.073967
0.033723
0.077591
0.070053
0.030006
0.034628
0.080920
0.070836
0.031749
0.040291
0.034425
0.033525
0.063753
0.084240
0.028383
0.076100
0.069424
0.030386
0.032376
0.084954
0.071174
0.083637
0.031854
0.032886
0.083069
0.072041
0.028788
0.075596
0.083146
0.082338
0.088926
0.081547
0.029789
0.070372
0.092960
0.082735
0.032033
0.029860
0.091336
0.065363
0.093344
0.032374
0.029964
0.080064
0.073732
0.030084
0.062408
0.081116
0.084236
0.090511
0.085279
0.034379
0.039921
0.079989
0.076174
0.090661
0.023247
0.032958
0.067014
0.089491
0.080631
0.028838
0.079242
0.071477
0.029968
0.035744
0.071312
0.075169
0.079717
0.029043
0.069237
0.079353
0.036105
0.027904
0.071124
0.103206
0.070671
0.087046
0.030578
0.086521
0.062130
0.075545
0.031797
0.077823
0.068432
0.035224
0.030455
0.080635
0.065190
0.083782
0.090141
0.083436
0.031076
0.025753
0.066414
0.088700
0.032966
0.061488
0.083849
0.032403
0.030980
0.080642
0.068170
0.082050
0.084150
0.032841
0.079233
0.065274
0.029721
0.034099
0.072007
0.077440
0.028101
0.028486
0.061905
0.031215
0.033888
0.077438
0.079449
0.087470
0.085947
0.031274
0.087138
0.062146
0.087515
0.028730
0.072290
0.081636
0.078066
0.034130
0.064853
0.072281
0.029832
0.062903
0.081193
0.031809
0.038971
0.068454
0.079353
0.094259
0.077278
0.030276
0.079386
0.067075
0.087520
0.030096
0.030670
0.084909
0.083316
0.085911
0.091201
0.081061
0.032706
0.024144
0.079034
0.031110
0.033762
0.085466
0.078053
0.084893
0.030043
0.023662
0.077263
0.080394
0.033825
0.067814
0.080499
0.086466
0.036770
0.037989
0.067757
0.083660
0.035351
0.032705
0.067796
0.079097
0.037635
0.024785
0.086294
0.075774
0.034799
0.026091
0.067402
0.082173
0.094136
0.083045
0.033701
0.067932
0.090300
0.075882
0.079735
0.027928
0.038966
0.076208
0.086921
0.110970
0.070258
0.079603
0.080431
0.034627
0.084864
0.071759
0.074502
0.082727
0.025911
0.075737
0.085758
0.079544
0.035755
0.029423
0.077280
0.075656
0.029241
0.029376
0.028477
0.069036
0.028598
0.038244
0.080202
0.071863
0.031026
0.031997
0.029997
0.077795
0.083750
0.031657
0.067314
0.078880
0.090651
0.080195
0.032680
0.034632
0.068888
0.078936
0.092536
0.034794
0.030796
0.076008
0.088103
0.075313
0.081918
0.099486
0.092757
0.098250
0.087949
0.080674
0.031915
0.033483
0.076666
0.062315
0.075567
0.032315
0.023371
0.084291
0.087229
0.031404
0.061378
0.076897
0.034210
0.031031
0.080937
0.075251
0.029907
0.065459
0.077285
0.083168
0.024730
0.037084
0.023893
0.079074
0.087840
0.028678
0.037924
0.063801
0.083287
0.033554
0.031859
0.034893
0.097567
0.078009
0.070716
0.084335
0.083616
0.034072
0.064000
0.071655
0.082422
0.093895
0.083748
0.032027
0.036183
0.102659
0.029027
0.043571
0.035934
0.077591
0.083369
0.086608
0.078140
0.091467
0.026979
0.029329
0.088011
0.075476
0.078700
0.032474
0.033944
0.079767
0.070746
0.090923
0.029862
0.028815
0.076962
0.077138
0.081921
0.036208
0.032567
0.077963
0.074320
0.087945
0.039932
0.038137
0.079578
0.075556
0.082799
0.076877
0.088263
0.038880
0.070247
0.079807
0.087206
0.083460
0.030033
0.029264
0.085301
0.066686
0.031973
0.032474
0.082917
0.078732
0.100890
0.080957
0.088817
0.099533
0.079633
0.083891
0.030355
0.033902
0.092663
0.070901
0.079944
0.035401
0.027891
0.024144
0.070913
0.038403
0.028322
0.075319
0.090719
0.078702
0.030267
0.071687
0.080676
0.083768
0.026045
0.078487
0.085620
0.076572
0.087574
0.029825
0.071942
0.069402
0.030536
0.025599
0.077933
0.091010
0.080945
0.087560
0.030495
0.031792
0.081154
0.116383
0.033359
0.068043
0.081734
0.028382
0.029891
0.077074
0.079718
0.094259
0.080323
0.083506
0.032078
0.073431
0.080999
0.085934
0.030756
0.072324
0.082508
0.088546
0.082480
0.075086
0.031591
0.030340
0.085733
0.081600
0.081362
0.081534
0.029055
0.034357
0.027555
0.076528
0.098911
0.092059
0.073354
0.035789
0.036499
0.068697
0.094712
0.083703
0.028433
0.030736
0.067044
0.079731
0.030148
0.071053
0.078624
0.094006
0.088648
0.084684
0.098988
0.082448
0.028267
0.037376
0.069963
0.078341
0.035678
0.035985
0.079572
0.077757
0.094279
0.031740
0.064619
0.077380
0.089545
0.087256
0.084894
0.032036
0.034652
0.074953
0.075450
0.032797
0.032892
0.082997
0.080642
0.072590
0.022576
0.079894
0.083253
0.089195
0.078519
0.028643
0.033666
0.081544
0.075530
0.083612
0.029002
0.075247
0.081648
0.077454
0.033212
0.070430
0.073163
0.088282
0.098174
0.080197
0.029392
0.035156
0.057007
0.076345
0.031301
0.029267
0.063472
0.083501
0.035835
0.068000
0.072849
0.030308
0.029316
0.075117
0.089545
0.093226
0.075298
0.027767
0.073818
0.080878
0.081221
0.035539
0.035156
0.080088
0.083370
0.086424
0.091006
0.080651
0.084329
0.033137
0.075968
0.084341
0.085666
0.095032
0.088484
0.090961
0.087560
0.092709
0.088264
0.090443
0.098531
0.085446
0.091749
0.083787
0.082374
0.035243
0.038043
0.074820
0.082275
0.082893
0.031572
0.030366
0.083590
0.075985
0.080244
0.035522
0.044188
0.036932
0.078198
0.072336
0.032907
0.030220
0.077724
0.085814
0.037580
0.030451
0.069033
0.085824
0.091368
0.091057
0.086261
0.027529
0.071329
0.079051
0.090958
0.078590
0.030558
0.033322
0.082545
0.090113
0.081530
0.091438
0.082427
0.101700
0.070967
0.033952
0.032463
0.080876
0.075396
0.085523
0.085728
0.092510
0.032481
0.031393
0.069531
0.078083
0.031124
0.034785
0.075557
0.078744
0.082708
0.030606
0.027290
0.076552
0.079875
0.092987
0.028202
0.029935
0.081706
0.070955
0.082092
0.028461
0.034255
0.088595
0.062869
0.034775
0.029205
0.077259
0.076499
0.082735
0.025406
0.040596
0.062668
0.092613
0.084914
0.091325
0.085018
0.032366
0.030315
0.086420
0.082780
0.081493
0.088585
0.029896
0.028940
0.074944
0.081950
0.085752
0.030547
0.072704
0.074871
0.030181
0.033448
0.074852
0.084218
0.089591
0.089797
0.086388
0.027081
0.029355
0.078992
0.085654
0.086374
0.030558
0.065992
0.073729
0.084528
0.030676
0.033945
0.081788
0.088785
0.094769
0.076463
0.096066
0.074328
0.029694
0.065881
0.079607
0.084822
0.083366
0.092918
0.029191
0.023965
0.074753
0.030131
0.031884
0.085799
0.080735
0.080675
0.086374
0.024114
0.091811
0.063914
0.082038
0.034697
0.029944
0.067023
0.080566
0.028125
0.069807
0.086637
0.073848
0.035827
0.072724
0.078652
0.087011
0.092375
0.090021
0.073033
0.036439
0.032618
0.074835
0.087754
0.084431
0.106779
0.061548
0.077002
0.029822
0.085402
0.073876
0.094322
0.083089
0.093484
0.084725
0.031432
0.029867
0.083182
0.086841
0.080756
0.082307
0.076208
0.028937
0.067672
0.075869
0.034602
0.065815
0.082860
0.098222
0.083548
0.078526
0.088376
0.088491
0.082715
0.029847
0.031065
0.064244
0.031910
0.030001
0.068910
0.072816
0.085985
0.030252
0.035530
0.077209
0.079555
0.093319
0.087081
0.091511
0.078305
0.037164
0.032012
0.085087
0.069234
0.036850
0.033666
0.073869
0.089063
0.091913
0.068028
0.086133
0.081245
0.030813
0.084331
0.074652
0.077172
0.028203
0.029207
0.073214
0.082810
0.033769
0.033628
0.085429
0.089974
0.077273
0.083752
0.081872
0.090933
0.031126
0.034755
0.070432
0.082980
0.086899
0.037334
0.028237
0.080864
0.077044
0.094049
0.088532
0.089404
0.080191
0.028221
0.040689
0.025352
0.077088
0.085823
0.034115
0.030211
0.068889
0.087538
0.087037
0.028843
0.025007
0.071146
0.081098
0.033292
0.025134
0.074164
0.085521
0.074115
0.031597
0.031190
0.062890
0.027469
0.031762
0.077806
0.071669
0.027101
0.103357
0.090410
0.031456
0.072320
0.080059
0.081959
0.092972
0.084059
0.028934
0.038498
0.039404
0.066590
0.083434
0.086460
0.023885
0.026414
0.072291
0.087248
0.086127
0.028011
0.029595
0.071826
0.081460
0.026676
0.056629
0.037508
0.060502
0.030824
0.024173
0.074689
0.029401
0.027964
0.037238
0.070398
0.084810
0.084554
0.030083
0.033584
0.080351
0.079772
0.082342
0.032627
0.031717
0.069607
0.081662
0.029421
0.033771
0.083113
0.073460
0.036091
0.035084
0.075357
0.084197
0.084064
0.083837
0.094853
0.112039
0.101670
0.032882
0.024048
0.080491
0.088892
0.036543
0.046540
0.068992
0.076918
0.088914
0.084198
0.088265
0.098001
0.088141
0.084752
0.030218
0.070939
0.077194
0.022290
0.043228
0.034739
0.078394
0.082926
0.095111
0.081078
0.086983
0.032151
0.034235
0.062973
0.082539
0.081517
0.089191
0.026545
0.030339
0.075654
0.080098
0.079769
0.099375
0.087313
0.081491
0.035664
0.075216
0.083281
0.087285
0.085704
0.093848
0.090117
0.085697
0.028375
0.083415
0.101929
0.029674
0.080783
0.072479
0.087610
0.087074
0.026289
0.026228
0.084918
0.083725
0.081176
0.033523
0.030355
0.073920
0.082810
0.028445
0.028089
0.079488
0.079248
0.091594
0.085538
0.086778
0.094538
0.086997
0.028992
0.037466
0.088846
0.073807
0.075142
0.039077
0.030352
0.078945
0.086987
0.024122
0.033395
0.031664
0.074605
0.085609
0.081816
0.029297
0.030203
0.074867
0.077686
0.079293
0.030523
0.082695
0.072420
0.083957
0.025536
0.079114
0.079924
0.085114
0.022534
0.027484
0.067681
0.084980
0.089376
0.032928
0.026113
0.083478
0.087724
0.086617
0.082127
0.028274
0.024119
0.076178
0.084911
0.030109
0.088128
0.074258
0.079630
0.079713
0.029547
0.042031
0.030534
0.072133
0.078677
0.089920
0.074664
0.088999
0.030949
0.077596
0.078911
0.085918
0.081590
0.092200
0.033433
0.075022
0.077563
0.081749
0.032492
0.029429
0.074761
0.089455
0.093544
0.084618
0.036187
0.044686
0.041697
0.031962
0.079957
0.081082
0.082921
0.095698
0.079041
0.035526
0.032674
0.075877
0.074808
0.087771
0.032823
0.076552
0.077935
0.091258
0.087575
0.087177
0.030338
0.034061
0.106088
0.082990
0.070297
0.084879
0.092795
0.087011
0.094259
0.098083
0.085586
0.087346
0.101157
0.103115
0.111767
0.033018
0.076534
0.095035
0.085419
0.070887
0.027935
0.106573
0.083261
0.040228
0.025198
0.065935
0.029988
0.024465
0.095182
0.092017
0.070272
0.033146
0.031191
0.083655
0.082148
0.072475
0.091938
0.092309
0.078326
0.030009
0.029066
0.082092
0.079684
0.093857
0.081058
0.034211
0.087505
0.031684
0.031922
0.076362
0.082207
0.028709
0.065411
0.082250
0.086977
0.079690
0.027590
0.070922
0.080956
0.082198
0.036712
0.031072
0.073231
0.082574
0.030110
0.027553
0.076864
0.082589
0.031488
0.029159
0.079817
0.080761
0.090886
0.026226
0.079457
0.076011
0.081984
0.036660
0.033787
0.073293
0.088839
0.078911
0.028846
0.033933
0.080092
0.087049
0.086751
0.029260
0.030146
0.075910
0.088145
0.095135
0.080551
0.030735
0.075604
0.077738
0.078479
0.037295
0.070159
0.078638
0.087558
0.093700
0.088860
0.087170
0.028796
0.034785
0.081063
0.087203
0.081083
0.083977
0.095764
0.091950
0.083086
0.041336
0.032710
0.078411
0.083013
0.077427
0.030960
0.074037
0.086967
0.102091
0.066244
0.084853
0.028826
0.079348
0.072051
0.032872
0.027865
0.071438
0.086927
0.029400
0.069302
0.077930
0.028394
0.028327
0.097518
0.062782
0.030046
0.029851
0.082898
0.077591
0.083878
0.035008
0.037435
0.087077
0.081357
0.070274
0.034763
0.040844
0.073027
0.075834
0.081831
0.097710
0.092521
0.105061
0.088433
0.083554
0.094756
0.083879
0.082278
0.032402
0.031253
0.078809
0.080652
0.087847
0.097707
0.083393
0.084977
0.088420
0.091579
0.042370
0.030520
0.082718
0.081599
0.081226
0.036937
0.033830
0.073392
0.077515
0.028335
0.034955
0.071162
0.087825
0.084920
0.087879
0.033053
0.026875
0.076862
0.080747
0.081961
0.096640
0.095905
0.078257
0.027412
0.094372
0.073243
0.077148
0.088696
0.095982
0.081630
0.083493
0.030636
0.074157
0.069713
0.081534
0.089168
0.029227
0.066631
0.079194
0.035450
0.071054
0.075231
0.032303
0.029307
0.076646
0.093291
0.078802
0.092428
0.089885
0.084877
0.084348
0.033929
0.030431
0.092704
0.068537
0.075850
0.028423
0.030547
0.077653
0.079536
0.031629
0.069459
0.090647
0.085419
0.085364
0.080846
0.084123
0.031555
0.066953
0.085821
0.085230
0.088102
0.039532
0.033048
0.028373
0.068953
0.031109
0.090793
0.032067
0.082197
0.083972
0.068663
0.077284
0.092556
0.079054
0.029989
0.034541
0.075145
0.032091
0.036002
0.101536
0.081080
0.029253
0.080660
0.080616
0.085832
0.028705
0.029999
0.075285
0.084597
0.078509
0.085198
0.027261
0.081277
0.081901
0.079048
0.026742
0.063179
0.094010
0.085251
0.031284
0.025101
0.078168
0.080196
0.088625
0.034918
0.075407
0.083943
0.074642
0.026242
0.025884
0.089369
0.079321
0.084730
0.090914
0.084654
0.035833
0.030671
0.095273
0.027122
0.079830
0.084684
0.093168
0.099701
0.079028
0.085707
0.100520
0.092148
0.082479
0.033895
0.069045
0.092439
0.095912
0.091112
0.075178
0.036401
0.032691
0.032546
0.084902
0.082317
0.083225
0.077209
0.025974
0.040208
0.064537
0.095704
0.090693
0.081214
0.026232
0.093171
0.037474
0.030257
0.067643
0.079514
0.087409
0.028371
0.069703
0.078200
0.031484
0.070510
0.079103
0.092729
0.077830
0.031614
0.069818
0.088078
0.082310
0.033611
0.031645
0.074677
0.077855
0.081086
0.031608
0.075660
0.078414
0.076619
0.092231
0.030241
0.026724
0.076262
0.079984
0.093421
0.084888
0.032058
0.061282
0.088009
0.087979
0.031375
0.031517
0.079807
0.068678
0.032225
0.029710
0.084853
0.077335
0.079963
0.031376
0.070719
0.082247
0.077122
0.032943
0.038756
0.031648
0.066893
0.080982
0.032513
0.097917
0.029069
0.063508
0.076272
0.029318
0.023096
0.073966
0.092271
0.084095
0.028938
0.072042
0.080723
0.084452
0.028472
0.031220
0.079906
0.088518
0.072979
0.031331
0.029067
0.067768
0.036327
0.026871
0.077819
0.086785
0.077901
0.028736
0.072083
0.084784
0.078831
0.032072
0.030008
0.077045
0.075783
0.028467
0.077929
0.067065
0.031174
0.070516
0.081064
0.077479
0.087138
0.027562
0.075671
0.081599
0.029799
0.030292
0.077344
0.079305
0.082704
0.032227
0.028067
0.079849
0.079562
0.085614
0.083118
0.031686
0.023921
0.075015
0.085148
0.029990
0.150782
0.032010
0.034546
0.077334
0.082553
0.029713
0.066400
0.079151
0.087349
0.088273
0.095803
0.082464
0.032203
0.077354
0.085306
0.081881
0.082489
0.087281
0.034486
0.079357
0.072905
0.083594
0.033161
0.032721
0.068248
0.074419
0.033583
0.028782
0.085811
0.076336
0.080527
0.081272
0.033476
0.029815
0.076967
0.082129
0.079895
0.034591
0.035617
0.077780
0.077825
0.030749
0.040976
0.059567
0.028224
0.069141
0.073555
0.034913
0.072957
0.074403
0.080609
0.028196
0.086988
0.073619
0.076956
0.030412
0.024034
0.077813
0.085835
0.034653
0.035152
0.065661
0.088411
0.100422
0.080709
0.032493
0.028765
0.084892
0.066042
0.087249
0.034340
0.029317
0.086788
0.079463
0.078626
0.091585
0.023201
0.077460
0.081510
0.082525
0.030353
0.038945
0.047738
0.073925
0.068837
0.089032
0.091738
0.109721
0.085276
0.083806
0.073002
0.031273
0.070719
0.080251
0.085397
0.031662
0.031083
0.075121
0.076829
0.029820
0.071216
0.076008
0.089484
0.091193
0.030340
0.074080
0.095038
0.088908
0.080580
0.085015
0.086283
0.033884
0.073795
0.081269
0.090237
0.088186
0.096747
0.090386
0.080867
0.029315
0.047000
0.035408
0.085722
0.077239
0.081733
0.091758
0.084102
0.030462
0.078222
0.083171
0.077582
0.097260
0.085581
0.087870
0.033391
0.034810
0.084601
0.069360
0.091419
0.083574
0.094949
0.085137
0.028503
0.078532
0.074170
0.031674
0.032085
0.064934
0.074291
0.034462
0.034453
0.076630
0.080904
0.088870
0.088861
0.029775
0.035054
0.073132
0.025327
0.038212
0.071595
0.077306
0.030216
0.071797
0.081578
0.086045
0.035355
0.042757
0.040900
0.084115
0.065957
0.078320
0.034113
0.073235
0.089575
0.076560
0.030976
0.033188
0.082067
0.080177
0.082794
0.088281
0.033801
0.033647
0.080687
0.079347
0.077065
0.028841
0.092085
0.072580
0.090348
0.090290
0.079006
0.034532
0.029451
0.079844
0.095438
0.082610
0.093740
0.079480
0.079096
0.040248
0.029653
0.072685
0.087218
0.080822
0.090264
0.082404
0.091317
0.027493
0.074291
0.074087
0.079031
0.031393
0.062857
0.093874
0.092865
0.085110
0.036490
0.031227
0.065392
0.029046
0.096601
0.038659
0.028705
0.080203
0.090365
0.087120
0.036253
0.030509
0.073228
0.083678
0.080447
0.034165
0.030332
0.090573
0.075334
0.081282
0.026758
0.108361
0.083384
0.031312
0.073500
0.073291
0.088622
0.036159
0.040845
0.060642
0.086105
0.030391
0.023949
0.082353
0.089779
0.082232
0.037537
0.035284
0.074595
0.077784
0.030274
0.066918
0.078095
0.089080
0.026363
0.029849
0.088196
0.080935
0.087165
0.083533
0.041584
0.136369
0.090125
0.037174
0.065832
0.075931
0.024009
0.040812
0.078679
0.026970
0.070427
0.083359
0.031831
0.033054
0.071763
0.083559
0.092023
0.081727
0.030761
0.071248
0.081024
0.088208
0.100860
0.090176
0.076169
0.030013
0.024595
0.081156
0.089573
0.034111
0.038063
0.034083
0.078817
0.077279
0.076580
0.039889
0.034938
0.080434
0.081055
0.082121
0.092095
0.031938
0.033961
0.082355
0.079061
0.092286
0.101457
0.083085
0.078421
0.038121
0.141859
0.039063
0.036342
0.030767
0.074943
0.087667
0.035587
0.031031
0.078773
0.078341
0.083335
0.033054
0.032712
0.071549
0.085815
0.027946
0.025245
0.079673
0.094383
0.089318
0.083861
0.032126
0.071828
0.086133
0.085669
0.027459
0.034175
0.073769
0.087185
0.096014
0.084085
0.032611
0.027203
0.036623
0.066805
0.083418
0.032969
0.034718
0.066487
0.082227
0.031430
0.067823
0.085106
0.086447
0.024388
0.080345
0.087161
0.070599
0.031704
0.029207
0.081060
0.082520
0.088161
0.084152
0.038049
0.026826
0.080061
0.085372
0.101918
0.080850
0.076179
0.092033
0.084325
0.083131
0.028400
0.026539
0.082528
0.084499
0.082718
0.034756
0.039799
0.067374
0.085864
0.085755
0.028951
0.083935
0.033233
0.063090
0.032994
0.028068
0.081266
0.086164
0.081512
0.025810
0.023666
0.080256
0.090040
0.026661
0.033215
0.070931
0.090208
0.088130
0.085423
0.027866
0.024686
0.081546
0.072318
0.075240
0.031965
0.076374
0.077007
0.077424
0.092227
0.086237
0.030756
0.033487
0.067193
0.027556
0.078974
0.081071
0.073827
0.096745
0.086000
0.090167
0.032486
0.030096
0.071289
0.077905
0.033188
0.023501
0.080851
0.079115
0.088514
0.025723
0.071764
0.083752
0.023971
0.033194
0.075454
0.085172
0.027982
0.025836
0.081462
0.071778
0.030375
0.034009
0.080814
0.082864
0.084588
0.033570
0.073007
0.093515
0.082628
0.082700
0.094845
0.087539
0.090547
0.084689
0.085165
0.024745
0.080326
0.079468
0.079599
0.028854
0.028283
0.073669
0.092272
0.084810
0.031424
0.030384
0.082935
0.084682
0.083000
0.031755
0.070150
0.083663
0.120146
0.064369
0.075194
0.029117
0.028614
0.068423
0.080858
0.036020
0.075467
0.070323
0.033700
0.030870
0.072618
0.089645
0.089007
0.081116
0.033308
0.039611
0.068151
0.089114
0.097000
0.082750
0.087597
0.030151
0.032616
0.077110
0.085458
0.085016
0.095557
0.030842
0.030129
0.079692
0.077074
0.091935
0.083848
0.079797
0.026714
0.078912
0.074258
0.086071
0.028989
0.097920
0.094300
0.085676
0.029087
0.034724
0.085268
0.067351
0.035455
0.036130
0.069460
0.030646
0.024118
0.083052
0.079817
0.079905
0.032950
0.032741
0.081494
0.065261
0.032583
0.030481
0.087505
0.086238
0.077509
0.081705
0.030647
0.078212
0.088470
0.075804
0.106506
0.087236
0.074189
0.089974
0.030794
0.027208
0.077835
0.090148
0.088125
0.089409
0.080276
0.089781
0.031359
0.024254
0.077666
0.085244
0.024363
0.094689
0.074890
0.081016
0.091812
0.093611
0.086280
0.082042
0.088819
0.089166
0.032294
0.067009
0.081414
0.083856
0.036797
0.037537
0.033462
0.079509
0.079612
0.085715
0.088531
0.026072
0.031857
0.086363
0.072356
0.081608
0.026454
0.087515
0.073835
0.073410
0.028911
0.025795
0.078019
0.085680
0.088679
0.096296
0.103164
0.077235
0.085907
0.028334
0.070934
0.080299
0.081376
0.089959
0.030148
0.028846
0.023968
0.083459
0.091444
0.028720
0.033234
0.078166
0.079845
0.088590
0.085126
0.024669
0.088310
0.071360
0.085639
0.082406
0.089105
0.082117
0.029341
0.034516
0.073780
0.096600
0.083143
0.082321
0.028724
0.034793
0.081949
0.064487
0.028959
0.026768
0.070661
0.030077
0.074281
0.077636
0.075606
0.033988
0.027594
0.074259
0.071712
0.031429
0.029777
0.068456
0.081747
0.030781
0.030288
0.077881
0.080913
0.085884
0.030629
0.034985
0.069812
0.075526
0.085144
0.089061
0.086084
0.029210
0.071209
0.080597
0.078033
0.035967
0.042717
0.071706
0.073359
0.030000
0.065688
0.080763
0.078062
0.036671
0.030262
0.074512
0.089581
0.095053
0.084050
0.030774
0.031260
0.024453
0.080045
0.082603
0.028942
0.073330
0.081623
0.088310
0.085396
0.075262
0.032783
0.072514
0.084845
0.077382
0.111869
0.078039
0.089386
0.073904
0.088185
0.031593
0.102428
0.095580
0.092302
0.101794
0.090207
0.074761
0.090515
0.083244
0.030896
0.043660
0.063573
0.076546
0.029176
0.071871
0.081104
0.079042
0.028275
0.082554
0.071802
0.083476
0.082787
0.033219
0.033761
0.089471
0.073300
0.078353
0.093074
0.034443
0.034844
0.070588
