0.004986
0.028121
0.076547
0.037446
0.049009
0.027307
0.023252
0.064486
0.023012
0.077124
0.023964
0.067264
0.027325
0.062142
0.023015
0.069791
0.026299
0.078681
0.032804
0.066615
0.023883
0.067880
0.026501
0.065156
0.027995
0.076164
0.039080
0.064171
0.022343
0.070539
0.027709
0.067592
0.028725
0.065572
0.031063
0.022079
0.062646
0.023532
0.060207
0.027437
0.076080
0.033980
0.065908
0.023815
0.069486
0.022668
0.071395
0.025892
0.068758
0.022731
0.079595
0.024063
0.061928
0.022049
0.075366
0.028786
0.069781
0.036145
0.065699
0.027941
0.076754
0.023503
0.075111
0.023124
0.070062
0.023001
0.082790
0.027884
0.066051
0.027596
0.075657
0.031044
0.060623
0.032334
0.055997
0.030784
0.022128
0.056293
0.028340
0.030804
0.022924
0.079286
0.071530
0.027628
0.076804
0.025255
0.078328
0.023792
0.075431
0.025321
0.083662
0.024220
0.056915
0.024175
0.072455
0.024217
0.073462
0.022709
0.072749
0.023375
0.068767
0.022504
0.067407
0.033408
0.079392
0.029270
0.074165
0.027937
0.062604
0.027442
0.070316
0.028919
0.068484
0.029111
0.067259
0.036423
0.056289
0.027641
0.023721
0.060436
0.027617
0.061064
0.030620
0.057540
0.033193
0.022456
0.061452
0.024555
0.065677
0.023103
0.073957
0.027644
0.062353
0.026920
0.070030
0.029582
0.060611
0.023972
0.033075
0.051198
0.027964
0.071965
0.028857
0.068082
0.029211
0.068706
0.027939
0.077916
0.029433
0.058522
0.022702
0.078534
0.024361
0.067427
0.026342
0.078404
0.023067
0.068038
0.025588
0.080844
0.022584
0.066186
0.026662
0.069470
0.028728
0.071797
0.029101
0.066178
0.027648
0.068297
0.032266
0.022597
0.068147
0.027848
0.054481
0.030654
0.061897
0.033682
0.059687
0.025043
0.066248
0.027175
0.081777
0.025045
0.072258
0.030590
0.073405
0.028016
0.065838
0.027963
0.073279
0.029188
0.061881
0.029364
0.067067
0.029843
0.023854
0.064922
0.023332
0.055898
0.023932
0.071115
0.026109
0.075621
0.023382
0.068825
0.023710
0.067973
0.027737
0.077149
0.022347
0.073543
0.022277
0.077899
0.026986
0.066002
0.027010
0.071489
0.025178
0.072867
0.041869
0.065963
0.024605
0.076572
0.023374
0.062011
0.022762
0.067111
0.027704
0.074825
0.028107
0.069257
0.033921
0.059154
0.024130
0.072036
0.026559
0.077266
0.020603
0.072926
0.023097
0.080723
0.027322
0.067669
0.026048
0.074863
0.029267
0.079773
0.033737
0.052930
0.033064
0.060637
0.031501
0.062648
0.024620
0.070367
0.021423
0.075821
0.030467
0.077468
0.027507
0.076033
0.028009
0.073292
0.029279
0.067813
0.083924
0.026017
0.073203
0.025735
0.025028
0.064852
0.023430
0.067837
0.023324
0.062949
0.024321
0.086078
0.027687
0.062411
0.022972
0.076802
0.024392
0.072518
0.025938
0.087608
0.071925
0.032183
0.061572
0.029158
0.022634
0.060005
0.022641
0.073320
0.023321
0.075930
0.022539
0.069804
0.022593
0.084475
0.021929
0.071314
0.021933
0.071419
0.027538
0.079963
0.031070
0.069526
0.027769
0.059397
0.023518
0.076199
0.096111
0.023991
0.077355
0.022980
0.067048
0.023675
0.073959
0.022526
0.073400
0.026614
0.079880
0.028059
0.065054
0.027912
0.064525
0.036656
0.068712
0.029908
0.074036
0.029694
0.062295
0.031484
0.056585
0.033015
0.065426
0.029894
0.068130
0.024241
0.070047
0.024050
0.071618
0.027294
0.081109
0.085749
0.022819
0.027802
0.065145
0.028052
0.069095
0.028328
0.063049
0.029698
0.064566
0.030905
0.066428
0.030558
0.062965
0.029724
0.069847
0.022289
0.074412
0.028739
0.079200
0.028892
0.066334
0.028911
0.072947
0.029158
0.064972
0.027936
0.070996
0.028998
0.065965
0.033249
0.066723
0.029533
0.067579
0.028082
0.071026
0.028212
0.075078
0.027983
0.061027
0.028094
0.077048
0.027801
0.073048
0.078815
0.023716
0.072797
0.021856
0.075049
0.027628
0.075681
0.027391
0.074031
0.030444
0.075790
0.029006
0.061391
0.029537
0.067006
0.029428
0.069784
0.034932
0.058796
0.023937
0.070652
0.023052
0.071531
0.027067
0.077751
0.028086
0.067158
0.027870
0.069953
0.028172
0.071237
0.027883
0.065786
0.027385
0.074128
0.028000
0.079292
0.029198
0.064275
0.027508
0.065892
0.031336
0.062608
0.028188
0.066382
0.029083
0.071461
0.029988
0.061903
0.028172
0.071663
0.030903
0.064471
0.035713
0.057386
0.023891
0.033400
0.056204
0.028098
0.068038
0.027971
0.073617
0.075835
0.027286
0.024077
0.069165
0.021894
0.079179
0.023259
0.063655
0.024259
0.071639
0.022972
0.070182
0.026356
0.072814
0.023170
0.066035
0.023136
0.075799
0.025151
0.073153
0.031861
0.059230
0.028297
0.025948
0.027417
0.073596
0.023562
0.033217
0.059523
0.032928
0.049130
0.023289
0.076056
0.022749
0.080144
0.026585
0.064895
0.027435
0.074718
0.040602
0.071385
0.024446
0.066733
0.023083
0.068148
0.022692
0.069356
0.022156
0.067532
0.021252
0.028050
0.069516
0.028316
0.063097
0.028283
0.069928
0.027804
0.065943
0.028785
0.071428
0.028080
0.066844
0.029484
0.063005
0.025032
0.068716
0.029348
0.065520
0.027215
0.072539
0.027534
0.023833
0.058630
0.022417
0.093586
0.064824
0.032497
0.072142
0.028162
0.070275
0.028039
0.068663
0.033659
0.060305
0.022992
0.083908
0.028416
0.068217
0.027780
0.065418
0.048074
0.058222
0.034815
0.078346
0.023153
0.061927
0.026471
0.082024
0.023213
0.071315
0.024118
0.064616
0.024758
0.067216
0.022591
0.080490
0.024163
0.071373
0.022863
0.076729
0.022897
0.074298
0.025472
0.067845
0.023371
0.073476
0.025956
0.071084
0.027853
0.024508
0.065703
0.023204
0.067866
0.024221
0.066810
0.023840
0.067521
0.022894
0.068258
0.023309
0.075550
0.024375
0.080328
0.034741
0.073326
0.027734
0.057589
0.026327
0.070510
0.028081
0.072792
0.036634
0.068276
0.023807
0.065891
0.025146
0.072661
0.027429
0.070070
0.031757
0.026884
0.054183
0.031920
0.026024
0.027769
0.070893
0.024437
0.065130
0.022984
0.069287
0.025448
0.064286
0.026646
0.068613
0.036116
0.069991
0.027138
0.071125
0.035111
0.070170
0.036949
0.052563
0.025618
0.075625
0.027715
0.065706
0.027540
0.074297
0.029432
0.062255
0.026372
0.073705
0.028051
0.024079
0.063137
0.024559
0.067475
0.023158
0.076818
0.028487
0.063846
0.028246
0.063810
0.094265
0.029104
0.070585
0.029553
0.066190
0.027151
0.072075
0.030399
0.081156
0.032747
0.067832
0.029215
0.062575
0.027665
0.070826
0.029315
0.060060
0.029729
0.064759
0.027807
0.023809
0.058411
0.023998
0.073221
0.023688
0.072815
0.024190
0.073780
0.024464
0.078152
0.023526
0.072031
0.023130
0.076857
0.022682
0.073514
0.022686
0.075699
0.024125
0.073394
0.025385
0.077171
0.022691
0.075068
0.084752
0.022915
0.073256
0.023174
0.075592
0.033373
0.081120
0.028022
0.062696
0.029285
0.071557
0.029454
0.064343
0.035783
0.060709
0.028420
0.068195
0.029286
0.065166
0.030744
0.064379
0.029314
0.067003
0.022776
0.072838
0.023892
0.074826
0.033362
0.084319
0.027660
0.063066
0.031296
0.056779
0.033401
0.061880
0.027972
0.069549
0.031917
0.062396
0.040085
0.073737
0.022651
0.069208
0.022476
0.075851
0.027653
0.073757
0.030880
0.057877
0.031669
0.061953
0.023831
0.071360
0.033041
0.079164
0.028086
0.072647
0.027546
0.058704
0.033488
0.066256
0.023931
0.075177
0.024719
0.066573
0.025556
0.071904
0.023332
0.082196
0.027139
0.071307
0.038815
0.066952
0.028880
0.065516
0.027812
0.066388
0.028800
0.068547
0.029197
0.064107
0.031496
0.062088
0.024438
0.080461
0.029166
0.070418
0.027975
0.069078
0.027610
0.058158
0.028011
0.023347
0.071970
0.023003
0.064532
0.022410
0.074714
0.022424
0.065480
0.022793
0.032066
0.056522
0.080902
0.027944
0.023689
0.059584
0.023842
0.073050
0.022168
0.076809
0.028440
0.062147
0.029481
0.023538
0.069155
0.026598
0.061395
0.029719
0.062518
0.041208
0.065602
0.023999
0.059609
0.026483
0.067811
0.027820
0.066251
0.027894
0.023691
0.059427
0.021995
0.074714
0.026786
0.073916
0.023859
0.076421
0.027836
0.061973
0.031160
0.064497
0.031499
0.060145
0.025992
0.075207
0.089427
0.022862
0.031309
0.050291
0.028248
0.066001
0.027915
0.023617
0.056321
0.022899
0.076581
0.023134
0.072366
0.021945
0.080877
0.022724
0.059185
0.023092
0.079879
0.028827
0.072556
0.028325
0.060820
0.031433
0.027176
0.059041
0.029411
0.064924
0.028001
0.064762
0.029634
0.065750
0.028139
0.064313
0.040988
0.066903
0.023793
0.074565
0.022497
0.072202
0.021768
0.074882
0.022131
0.081808
0.026628
0.082619
0.023850
0.068269
0.023206
0.069861
0.023954
0.074126
0.028033
0.059812
0.022845
0.074927
0.022831
0.079485
0.026797
0.071790
0.023345
0.068526
0.023408
0.068254
0.028783
0.077622
0.027915
0.065837
0.028023
0.068618
0.031438
0.058749
0.025411
0.072112
0.029973
0.074254
0.027994
0.068182
0.028438
0.070159
0.038935
0.059354
0.026969
0.065432
0.027486
0.078160
0.027790
0.066372
0.029614
0.023252
0.069809
0.070009
0.022994
0.081857
0.027883
0.068940
0.025680
0.071900
0.027441
0.066876
0.026075
0.071033
0.028143
0.068759
0.032533
0.061763
0.024516
0.070703
0.027347
0.080793
0.027957
0.069369
0.027391
0.071376
0.027960
0.063626
0.029497
0.063461
0.039323
0.062990
0.030876
0.058156
0.039990
0.067076
0.027328
0.068935
0.027425
0.070009
0.029394
0.065449
0.031005
0.078315
0.023485
0.073982
0.084667
0.022477
0.027507
0.073272
0.075474
0.027961
0.074033
0.028270
0.062370
0.039186
0.072598
0.023781
0.070702
0.025491
0.070039
0.026487
0.069784
0.025262
0.075649
0.033561
0.065491
0.029014
0.067753
0.027662
0.067162
0.027482
0.069135
0.034233
0.058006
0.033432
0.064485
0.023549
0.033706
0.058388
0.086335
0.029910
0.068279
0.021953
0.067664
0.027961
0.079691
0.027652
0.073776
0.027907
0.071164
0.028049
0.070761
0.029832
0.066038
0.027794
0.063359
0.029679
0.022967
0.069447
0.072810
0.029824
0.077476
0.022172
0.074203
0.024332
0.072227
0.023785
0.072748
0.024380
0.075277
0.023432
0.069986
0.025015
0.074598
0.022534
0.071058
0.025341
0.071558
0.021412
0.081644
0.023951
0.075882
0.026537
0.072769
0.023409
0.072022
0.022270
0.077044
0.022832
0.073289
0.024047
0.077110
0.023366
0.073010
0.022959
0.073480
0.027462
0.072048
0.028144
0.070475
0.027783
0.061511
0.027864
0.064256
0.028092
0.023264
0.075342
0.027135
0.054594
0.027658
0.065759
0.029765
0.060183
0.029252
0.065652
0.029453
0.023399
0.056880
0.031812
0.074708
0.027744
0.062060
0.027711
0.073815
0.030938
0.056115
0.027647
0.070430
0.033359
0.067415
0.024820
0.070148
0.023487
0.073940
0.030478
0.074745
0.031853
0.063123
0.035397
0.056179
0.024560
0.077820
0.030961
0.061452
0.033889
0.058626
0.024185
0.072922
0.025982
0.075473
0.033718
0.062229
0.025490
0.085552
0.031142
0.065196
0.033563
0.021141
0.054271
0.065541
0.030866
0.027752
0.059756
0.029337
0.062093
0.030779
0.057236
0.033499
0.060189
0.031603
0.066967
0.027766
0.032192
0.045982
0.031163
0.072288
0.023883
0.067677
0.023952
0.070249
0.027281
0.065989
0.029045
0.071337
0.023123
0.028641
0.057106
0.027996
0.062369
0.032702
0.063689
0.028986
0.076598
0.029116
0.072495
0.075591
0.021827
0.078603
0.022930
0.076921
0.034070
0.071047
0.027628
0.070150
0.030524
0.061352
0.028985
0.061710
0.027929
0.069353
0.029511
0.076734
0.027640
0.073363
0.024422
0.066990
0.024457
0.078435
0.024441
0.066113
0.023407
0.071910
0.022280
0.031534
0.054994
0.029789
0.056987
0.027721
0.070990
0.028992
0.022536
0.066254
0.022968
0.068106
0.027625
0.062127
0.027642
0.063205
0.027653
0.068407
0.031754
0.022482
0.063576
0.023533
0.063702
0.023494
0.073887
0.023589
0.071000
0.021735
0.079635
0.033239
0.056862
0.028039
0.065361
0.028028
0.023657
0.057865
0.023351
0.072779
0.023847
0.074157
0.022034
0.074043
0.024412
0.074972
0.022399
0.073646
0.026009
0.071339
0.027319
0.068015
0.029017
0.064843
0.031515
0.061581
0.028686
0.068349
0.027855
0.022401
0.061121
0.022734
0.071338
0.026613
0.068300
0.028947
0.069273
0.033104
0.062350
0.023069
0.073299
0.021640
0.075787
0.028734
0.075750
0.039765
0.060556
0.022406
0.069729
0.027769
0.068056
0.028063
0.066593
0.038806
0.067920
0.022620
0.075331
0.022373
0.070850
0.022384
0.075004
0.026507
0.068009
0.031286
0.023491
0.037184
0.075291
0.028896
0.064367
0.025792
0.082509
0.028321
0.064955
0.027406
0.070957
0.027708
0.064334
0.030957
0.062871
0.023521
0.068471
0.028693
0.078879
0.028260
0.079705
0.031207
0.056644
0.031057
0.061697
0.029542
0.066361
0.029523
0.076870
0.024358
0.073568
0.023322
0.074259
0.023717
0.067998
0.023533
0.066447
0.027981
0.078891
0.029041
0.065303
0.031652
0.063883
0.027191
0.072215
0.028158
0.073757
0.028506
0.062762
0.094029
0.023239
0.027676
0.065145
0.028082
0.062227
0.085862
0.023663
0.083116
0.027523
0.076628
0.029466
0.065888
0.029116
0.073434
0.033823
0.053455
0.027090
0.073381
0.024042
0.076727
0.021860
0.070335
0.021957
0.079149
0.022560
0.065194
0.022434
0.071894
0.028115
0.077999
0.028816
0.065783
0.022061
0.069708
0.022648
0.031494
0.053673
0.032664
0.058674
0.036211
0.073947
0.029724
0.061901
0.029324
0.068049
0.022592
0.085343
0.024244
0.071366
0.028072
0.063114
0.022655
0.091383
0.025146
0.056576
0.024388
0.075732
0.023213
0.072577
0.024395
0.072384
0.027318
0.077755
0.027605
0.070683
0.029092
0.063612
0.029387
0.067449
0.031053
0.072046
0.035098
0.021502
0.031723
0.057285
0.022330
0.073947
0.021658
0.071473
0.027194
0.071272
0.030803
0.062626
0.028336
0.066116
0.027604
0.023272
0.058052
0.023489
0.074356
0.022951
0.070343
0.025477
0.081419
0.029279
0.062334
0.031631
0.056623
0.034462
0.028152
0.024263
0.080269
0.022458
0.070594
0.026450
0.079285
0.025751
0.024195
0.068016
0.023607
0.030988
0.028641
0.053701
0.029400
0.063023
0.029462
0.064644
0.033884
0.027567
0.051349
0.031725
0.026650
0.076116
0.028135
0.073104
0.029746
0.068097
0.031893
0.066742
0.024007
0.067848
0.029115
0.074158
0.021732
0.078125
0.027502
0.069209
0.027900
0.075810
0.025596
0.077242
0.029340
0.058722
0.026979
0.071013
0.027714
0.071256
0.028339
0.069208
0.031384
0.068648
0.028782
0.068177
0.022199
0.069628
0.027742
0.076651
0.027691
0.069789
0.029347
0.069045
0.031799
0.065778
0.036728
0.059039
0.023270
0.077262
0.021927
0.029476
0.055570
0.028196
0.066060
0.027793
0.069223
0.027488
0.070370
0.027483
0.075473
0.082788
0.027538
0.023163
0.059266
0.025635
0.085373
0.024086
0.058029
0.025836
0.075786
0.024874
0.072927
0.024414
0.072034
0.024702
0.074365
0.024295
0.074108
0.028594
0.067943
0.023216
0.078698
0.024509
0.066756
0.024774
0.074464
0.022926
0.071993
0.023016
0.070889
0.023093
0.078225
0.027660
0.065727
0.027255
0.072510
0.035738
0.067263
0.023959
0.067664
0.023167
0.071369
0.023123
0.070166
0.024816
0.075073
0.029497
0.078218
0.024683
0.068074
0.024258
0.082851
0.026423
0.084541
0.077367
0.029851
0.071409
0.028177
0.071174
0.028684
0.068583
0.029470
0.072005
0.027531
0.057560
0.026892
0.077044
0.024668
0.078826
0.022433
0.073547
0.022454
0.073112
0.024131
0.074546
0.023496
0.072682
0.022470
0.078349
0.028906
0.067069
0.033082
0.061629
0.022949
0.072961
0.026926
0.074887
0.029004
0.061445
0.031998
0.065852
0.027804
0.074802
0.025277
0.069481
0.099153
0.026655
0.073099
0.020293
0.020158
0.020149
0.027431
0.020704
0.020417
0.020224
0.032365
0.022192
0.020242
0.020307
0.020153
0.021339
0.023649
0.021296
0.020300
0.020393
0.020214
0.020197
0.020313
0.031200
0.021014
0.020506
0.067054
0.021599
0.083714
0.080659
0.025060
0.079287
0.020638
0.078875
0.021149
0.076272
0.020614
0.071708
0.021008
0.020359
0.068948
0.020381
0.071897
0.023074
0.071382
0.021052
0.077169
0.021134
0.076764
0.020921
0.067775
0.021182
0.077903
0.021875
0.077101
0.021026
0.078054
0.020560
0.071363
0.020849
0.020258
0.020287
0.020285
0.020226
0.021846
0.069909
0.021044
0.079249
0.020573
0.020382
0.020351
0.042201
0.020365
0.020377
0.048192
0.022083
0.020232
0.020183
0.047451
0.020786
0.062469
0.022229
0.074566
0.021802
0.021432
0.021994
0.032977
0.029751
0.071468
0.093638
0.032917
0.073960
0.022210
0.078567
0.023058
0.073630
0.024356
0.068928
0.022947
0.077577
0.025453
0.073746
0.022775
0.087829
0.023133
0.060569
0.025613
0.073026
0.024948
0.074353
0.026864
0.072807
0.024471
0.087541
0.023028
0.056578
0.024700
0.074948
0.024214
0.073025
0.097945
0.029888
0.096608
0.076974
0.082058
0.036674
0.069116
0.031059
0.062351
0.033564
0.082347
0.083948
0.024336
0.072580
0.023628
0.074477
0.023575
0.078297
0.029301
0.071823
0.029318
0.064782
0.028923
0.071138
0.028937
0.062677
0.031169
0.068061
0.028957
0.066736
0.029788
0.065112
0.029257
0.061689
0.028799
0.023188
0.058669
0.023288
0.075672
0.022491
0.072329
0.024484
0.075418
0.028765
0.070736
0.029014
0.057629
0.031082
0.062101
0.028873
0.024145
0.059897
0.024086
0.072895
0.023105
0.074614
0.022474
0.073466
0.022954
0.079397
0.027829
0.069359
0.084209
0.028101
0.083561
0.089458
0.028909
0.068999
0.029340
0.061279
0.027856
0.022553
0.060192
0.022811
0.072627
0.023468
0.085582
0.022762
0.054963
0.023206
0.033427
0.066490
0.087981
0.031311
0.066715
0.027534
0.059250
0.028945
0.023691
0.059731
0.085918
0.027746
0.065961
0.028978
0.069591
0.028908
0.023911
0.059695
0.022452
0.070733
0.022370
0.073944
0.022943
0.077188
0.022280
0.073709
0.023150
0.067565
0.033383
0.022735
0.048378
0.027429
0.077402
0.031227
0.069217
0.023777
0.062618
0.023347
0.074781
0.024248
0.076346
0.022945
0.074712
0.022633
0.072560
0.024411
0.075992
0.029660
0.072248
0.031749
0.054897
0.029742
0.023805
0.078524
0.066577
0.023860
0.072753
0.022266
0.070987
0.022683
0.074929
0.029797
0.079659
0.033933
0.064785
0.023687
0.068503
0.027128
0.083657
0.034960
0.060140
0.023279
0.077435
0.022930
0.061639
0.090935
0.031086
0.071844
0.028924
0.069111
0.023335
0.068173
0.028928
0.077868
0.029482
0.066700
0.038646
0.060629
0.027489
0.066299
0.028006
0.069959
0.029385
0.066855
0.031422
0.064084
0.037394
0.064399
0.023318
0.067906
0.024769
0.076243
0.027338
0.073707
0.044029
0.072088
0.023478
0.065525
0.023307
0.064755
0.023028
0.069837
0.032787
0.079086
0.033791
0.069902
0.022934
0.065922
0.023168
0.082012
0.031834
0.072180
0.072191
0.036818
0.030268
0.049856
0.031297
0.067626
0.030958
0.075620
0.023266
0.063001
0.032885
0.062652
0.033234
0.065665
0.023907
0.088362
0.065037
0.033770
0.066963
0.022743
0.074228
0.022656
0.079425
0.029011
0.073134
0.029358
0.065344
0.030806
0.066228
0.029149
0.023973
0.069204
0.075660
0.022821
0.076856
0.022843
0.077867
0.023690
0.077337
0.021930
0.072382
0.022926
0.069248
0.027504
0.074932
0.030962
0.071547
0.034130
0.062248
0.033930
0.062320
0.023461
0.068360
0.027701
0.071366
0.029546
0.074007
0.033846
0.064772
0.024193
0.072340
0.023551
0.069967
0.030013
0.071949
0.022808
0.091838
0.066493
0.023576
0.029336
0.064992
0.031269
0.069117
0.084472
0.027416
0.070872
0.024889
0.075341
0.024782
0.079063
0.033756
0.068707
0.023608
0.065521
0.024188
0.072827
0.024046
0.029585
0.071421
0.023431
0.076737
0.023357
0.082108
0.029326
0.070659
0.029116
0.061176
0.027980
0.073331
0.035551
0.061125
0.027365
0.074450
0.031768
0.064690
0.084235
0.031287
0.081015
0.032760
0.058496
0.028168
0.066394
0.033326
0.062694
0.022613
0.074798
0.022927
0.072715
0.023351
0.078331
0.027407
0.082428
0.023890
0.077143
0.081081
0.033520
0.069151
0.022329
0.080365
0.029128
0.071239
0.028943
0.063748
0.023173
0.076163
0.023898
0.069716
0.031369
0.027212
0.079515
0.033794
0.080043
0.085318
0.029484
0.082978
0.083923
0.033461
0.080855
0.086103
0.024153
0.089618
0.024410
0.058861
0.026015
0.097576
0.063065
0.028409
0.069749
0.029669
0.072276
0.030940
0.060719
0.028425
0.065724
0.027241
0.071430
0.037541
0.059703
0.023312
0.072641
0.029035
0.077198
0.033347
0.065651
0.027517
0.075163
0.022517
0.070083
0.023000
0.071453
0.021842
0.080786
0.022639
0.066304
0.028128
0.067042
0.033869
0.069415
0.022962
0.081960
0.023437
0.066028
0.029516
0.065125
0.029188
0.071945
0.039407
0.067125
0.023182
0.070496
0.029191
0.063240
0.037262
0.061681
0.024695
0.076407
0.023004
0.076644
0.024570
0.079559
0.075310
0.031430
0.068905
0.023566
0.073508
0.027619
0.077380
0.031228
0.070367
0.029308
0.062330
0.036790
0.065384
0.033270
0.058389
0.028784
0.068239
0.033366
0.028780
0.027285
0.073726
0.030780
0.087281
0.030875
0.051984
0.029223
0.066211
0.031084
0.022840
0.064410
0.073624
0.036636
0.077391
0.081771
0.034836
0.070601
0.027190
0.068158
0.028232
0.066173
0.030664
0.079315
0.029144
0.076050
0.024386
0.063812
0.022937
0.073604
0.023628
0.067230
0.023300
0.080381
0.022917
0.071050
0.022609
0.081918
0.027824
0.064786
0.033852
0.067270
0.024530
0.068438
0.085813
0.025147
0.031176
0.060138
0.027489
0.063204
0.028622
0.069919
0.030998
0.066651
0.030646
0.064517
0.030813
0.071047
0.036548
0.062783
0.033214
0.067797
0.024297
0.083210
0.028817
0.063633
0.028133
0.067183
0.033331
0.054233
0.029613
0.075455
0.033025
0.058303
0.033865
0.066931
0.094685
0.095172
0.026508
0.088477
0.024271
0.073581
0.086769
0.022364
0.091563
0.024416
0.059117
0.028428
0.094992
0.077058
0.031378
0.063207
0.029246
0.069942
0.084626
0.092708
0.028136
0.090013
0.081046
0.024110
0.092578
0.091426
0.024872
0.031391
0.077353
0.033726
0.076798
0.085901
0.022731
0.091735
0.023757
0.067631
0.090806
0.033806
0.084991
0.069541
0.036069
0.063096
0.040333
0.042160
0.078433
0.082626
0.030131
0.079205
0.028857
0.039802
0.081742
0.082602
0.029561
0.080600
0.033285
0.062217
0.031525
0.057054
0.035569
0.058098
0.025018
0.075699
0.026891
0.074991
0.027668
0.074186
0.084984
0.025981
0.075815
0.029603
0.077923
0.024206
0.089396
0.023714
0.057987
0.023622
0.074006
0.024054
0.075822
0.022886
0.089040
0.030745
0.047413
0.081827
0.029051
0.074481
0.029408
0.067072
0.033948
0.072895
0.023973
0.074378
0.029021
0.076912
0.028333
0.071045
0.085094
0.091460
0.030628
0.066221
0.028065
0.079360
0.033606
0.065907
0.025336
0.073919
0.027768
0.075226
0.077728
0.022423
0.076736
0.027982
0.073218
0.033962
0.062588
0.023397
0.079859
0.028740
0.067616
0.026806
0.071036
0.029259
0.067676
0.030919
0.066187
0.028226
0.068510
0.029165
0.070487
0.030778
0.066651
0.039793
0.071991
0.024076
0.066967
0.023963
0.067843
0.083641
0.025814
0.076712
0.027804
0.075788
0.030936
0.065853
0.027973
0.066935
0.029435
0.067698
0.028707
0.065255
0.029439
0.078049
0.031027
0.092464
0.062268
0.029181
0.071397
0.030792
0.065985
0.034652
0.059610
0.032077
0.086389
0.029473
0.054491
0.025684
0.074414
0.027768
0.077923
0.077609
0.029212
0.073546
0.030404
0.063475
0.023028
0.078264
0.022416
0.075200
0.034751
0.032087
0.069658
0.031254
0.070284
0.022729
0.075618
0.023615
0.075531
0.022271
0.104239
0.030079
0.051119
0.031444
0.039040
0.089004
0.075536
0.030901
0.065475
0.029414
0.075690
0.023828
0.098454
0.063936
0.023528
0.074481
0.031473
0.079759
0.031630
0.076089
0.085345
0.024458
0.028453
0.080265
0.029697
0.081101
0.022797
0.077337
0.029668
0.038022
0.083765
0.027779
0.082505
0.067118
0.022864
0.073312
0.025758
0.073713
0.030553
0.070353
0.030672
0.075891
0.022265
0.078995
0.030976
0.064565
0.085566
0.029484
0.065230
0.028624
0.072050
0.040014
0.069768
0.027603
0.074466
0.087288
0.030719
0.070983
0.033005
0.057524
0.036612
0.068179
0.024749
0.072753
0.024592
0.085894
0.085768
0.024944
0.072633
0.023516
0.070534
0.023005
0.071996
0.027980
0.066156
0.035485
0.077330
0.029544
0.063599
0.032795
0.063639
0.086670
0.032789
0.074365
0.023317
0.067597
0.027512
0.067373
0.027114
0.075882
0.033693
0.071372
0.086179
0.028632
0.078846
0.082973
0.034656
0.086328
0.023846
0.090169
0.064530
0.027901
0.079822
0.029585
0.068263
0.095815
0.023038
0.075176
0.022585
0.071675
0.023475
0.071242
0.026001
0.028290
0.032037
0.054489
0.037546
0.030071
0.023998
0.071050
0.099153
0.081859
0.031713
0.077955
0.083773
0.029410
0.068414
0.029467
0.067971
0.028198
0.072412
0.028856
0.065823
0.033023
0.063580
0.028815
0.060494
0.025377
0.077731
0.025145
0.075879
0.029010
0.066627
0.031008
0.073385
0.094853
0.034075
0.073642
0.080917
0.028510
0.074282
0.093751
0.035217
0.066312
0.022349
0.079547
0.030899
0.071873
0.029618
0.061441
0.093522
0.027538
0.073409
0.029392
0.086324
0.073974
0.023467
0.076942
0.027301
0.076339
0.031327
0.061578
0.029055
0.066043
0.032979
0.072105
0.032908
0.062982
0.027604
0.068856
0.027628
0.067053
0.027861
0.080662
0.028547
0.044991
0.065631
0.026017
0.103367
0.088675
0.028319
0.072452
0.073401
0.028977
0.077981
0.027842
0.062466
0.035487
0.066781
0.025476
0.080620
0.081352
0.090604
0.024168
0.078932
0.028828
0.072197
0.037709
0.062266
0.022179
0.077601
0.028919
0.072465
0.032096
0.060279
0.034404
0.055258
0.034474
0.064630
0.096679
0.033320
0.081533
0.029737
0.075364
0.087008
0.084480
0.033286
0.077013
0.028446
0.073526
0.031105
0.063480
0.029564
0.057266
0.029065
0.073682
0.088656
0.032916
0.069963
0.030040
0.066551
0.033139
0.068547
0.029389
0.085154
0.033195
0.057977
0.031331
0.072810
0.075596
0.033518
0.066979
0.022460
0.080701
0.028720
0.070676
0.091663
0.026962
0.073157
0.028366
0.071510
0.037233
0.061522
0.101282
0.024024
0.073778
0.025601
0.084493
0.072759
0.024380
0.080481
0.023254
0.070103
0.022680
0.075376
0.022631
0.079127
0.027877
0.078481
0.076081
0.031589
0.080169
0.031019
0.070507
0.032969
0.071718
0.029185
0.076223
0.023316
0.057177
0.023871
0.071550
0.022859
0.073773
0.022230
0.106689
0.070038
0.031093
0.068123
0.082947
0.022702
0.076570
0.023923
0.079678
0.026506
0.071659
0.022187
0.080893
0.037576
0.028308
0.076474
0.033685
0.070084
0.025138
0.076473
0.024392
0.084812
0.023733
0.054368
0.025957
0.070925
0.030976
0.073925
0.035389
0.061269
0.031078
0.062231
0.023379
0.078019
0.029797
0.064962
0.028996
0.064417
0.027995
0.074914
0.032932
0.065563
0.033317
0.058145
0.023103
0.083040
0.031780
0.056658
0.031076
0.069916
0.097602
0.028580
0.072207
0.030905
0.073347
0.029883
0.068053
0.078722
0.029089
0.075357
0.022842
0.074013
0.035167
0.079312
0.029094
0.058621
0.029530
0.072198
0.080539
0.024875
0.085523
0.033791
0.066941
0.033421
0.066887
0.024319
0.078337
0.074359
0.022249
0.085907
0.087722
0.033846
0.077265
0.033252
0.057145
0.037927
0.082158
0.073686
0.033023
0.062597
0.039900
0.066174
0.023424
0.074051
0.024649
0.083824
0.084867
0.032129
0.066598
0.029543
0.064845
0.033069
0.067648
0.022135
0.073119
0.026778
0.077028
0.033682
0.067133
0.022798
0.081420
0.079509
0.097773
0.032221
0.088471
0.075046
0.100756
0.030334
0.075891
0.029505
0.067013
0.038117
0.073527
0.093648
0.087460
0.023427
0.076493
0.092958
0.095585
0.039932
0.072935
0.088733
0.029194
0.065370
0.030549
0.072611
0.088390
0.027763
0.072225
0.030856
0.068855
0.028219
0.068848
0.025247
0.077323
0.089595
0.027505
0.071259
0.029329
0.082147
0.031934
0.081583
0.072365
0.029303
0.079611
0.087994
0.033722
0.062994
0.023399
0.072844
0.022271
0.083164
0.029264
0.073790
0.090377
0.031058
0.067080
0.033351
0.056908
0.031309
0.082573
0.093766
0.033109
0.062109
0.094491
0.031702
0.086319
0.092681
0.091479
0.085871
0.029360
0.077983
0.024568
0.097611
0.067759
0.027995
0.089215
0.080803
0.029827
0.067845
0.101171
0.090334
0.027292
0.080632
0.085138
0.028767
0.078486
0.030475
0.070067
0.023150
0.087846
0.087235
0.031379
0.065253
0.031084
0.100266
0.037276
0.072728
0.097024
0.030957
0.062890
0.033104
0.058388
0.028213
0.082320
0.028241
0.070660
0.033216
0.068230
0.078980
0.023285
0.083323
