740	387	54	62
739	386	55	62
739	387	55	62
738	387	56	62
738	387	56	62
739	387	55	62
739	387	54	61
739	387	55	61
739	386	56	62
739	387	54	62
740	387	55	62
739	385	56	62
740	387	55	59
739	384	57	63
741	385	55	60
740	383	56	63
741	384	55	60
742	382	55	63
743	383	55	61
742	382	55	64
743	382	55	62
745	383	54	62
746	383	54	62
745	383	55	63
746	384	55	62
747	384	55	62
747	385	56	62
749	385	54	62
748	384	56	64
749	387	55	60
748	385	57	63
750	387	54	60
750	386	54	62
751	386	54	61
750	386	55	61
750	385	54	62
748	384	58	62
748	385	56	60
746	386	58	58
748	386	55	59
747	385	57	62
747	386	56	60
745	385	58	61
746	385	55	60
745	385	56	61
745	386	56	58
745	384	55	61
744	382	56	63
743	385	55	59
742	383	58	63
742	384	56	61
742	382	57	64
741	384	56	61
740	383	59	62
740	384	56	61
739	383	56	62
739	385	55	59
739	384	55	63
738	385	55	59
737	383	57	63
737	384	56	60
736	383	56	62
735	383	57	63
732	384	60	60
734	384	56	60
734	383	56	64
732	383	55	63
732	383	55	65
731	384	55	63
731	384	55	62
729	384	56	62
729	384	55	62
728	383	56	64
727	384	56	63
726	383	57	65
725	384	56	65
724	386	56	64
724	386	56	65
723	386	58	65
724	387	56	65
724	385	58	66
724	388	55	62
722	387	59	64
724	388	55	62
722	389	59	64
724	390	55	62
724	389	56	64
724	389	55	63
724	388	55	65
724	390	56	66
724	390	56	64
725	390	56	66
725	390	54	64
725	390	55	65
725	391	55	63
725	390	55	65
725	391	56	66
727	394	54	61
727	391	53	66
728	394	53	60
727	391	55	65
728	394	53	60
728	392	54	65
730	395	53	60
731	392	54	65
731	394	53	59
731	393	56	65
734	395	54	61
733	394	55	63
735	395	55	59
733	393	57	62
737	396	53	60
736	392	57	62
737	394	56	60
738	393	58	62
740	393	56	60
739	394	58	58
740	393	58	58
742	393	59	59
745	392	56	59
743	390	58	63
748	390	54	61
747	392	56	58
746	389	57	62
744	392	60	60
748	392	55	60
746	392	58	58
746	392	58	58
746	392	58	58
745	391	59	59
746	392	59	59
749	393	55	59
749	390	54	62
749	392	54	62
746	393	58	58
749	393	56	58
747	395	57	57
747	394	58	58
746	394	58	58
745	393	58	58
747	392	56	58
745	392	57	57
745	391	58	62
746	391	55	60
745	392	56	58
745	392	57	57
744	391	57	60
744	391	55	59
743	390	57	57
742	388	57	63
742	389	56	60
740	389	59	59
742	389	56	59
740	387	58	63
739	387	58	61
742	387	53	62
756	395	38	46
690	362	171	68
825	341	87	87
694	337	349	87
824	341	87	78
732	378	41	55
739	381	57	64
740	382	54	66
740	384	53	60
738	383	57	62
737	384	60	60
737	384	57	60
736	382	59	62
738	382	56	61
736	379	59	64
737	380	55	62
735	377	58	64
734	377	57	61
734	375	59	63
734	375	57	61
733	373	59	63
734	373	57	61
735	373	56	59
734	372	58	62
733	372	60	60
734	372	56	60
734	372	59	59
733	372	59	59
733	371	59	59
736	370	55	59
734	368	58	63
736	369	54	61
733	368	57	63
735	370	54	60
733	368	57	62
732	369	57	60
730	371	59	59
729	370	59	59
729	370	56	59
729	371	55	61
725	371	58	61
725	371	56	60
721	371	58	61
722	370	56	60
719	371	55	58
717	370	57	60
716	371	54	59
714	370	57	61
713	370	55	59
711	370	57	61
711	369	56	59
710	368	55	61
709	368	56	64
708	369	53	60
704	368	57	61
704	370	55	59
703	370	54	57
700	368	56	61
700	369	52	59
697	368	56	61
697	369	52	59
697	368	49	61
692	368	55	60
694	372	51	58
687	373	55	55
693	372	44	55
702	377	33	50
701	377	35	41
642	321	153	153
546	359	76	76
431	244	307	307
684	329	103	136
683	320	95	119
688	358	85	71
688	368	39	62
682	364	50	66
684	363	53	66
684	362	53	68
681	363	54	66
681	364	53	65
681	363	53	65
678	362	54	67
679	362	54	67
679	363	54	66
677	363	57	65
677	362	55	66
675	362	57	66
675	364	59	62
677	364	56	60
681	360	58	64
677	362	61	61
682	357	62	71
686	359	66	73
692	357	70	80
696	358	71	82
700	357	77	84
702	358	74	85
706	356	80	87
707	356	78	89
710	356	84	88
713	355	77	91
714	354	84	91
717	354	78	93
719	354	80	94
720	355	77	92
723	354	78	97
725	354	78	94
727	355	76	91
729	357	77	91
732	357	75	92
733	357	77	91
734	358	77	89
736	357	77	91
739	359	76	92
744	359	78	92
751	361	79	93
754	361	80	94
758	361	83	95
759	364	85	94
763	364	83	93
764	364	85	96
766	367	86	91
767	364	86	97
769	367	86	97
770	367	89	96
771	366	90	98
774	369	90	99
776	370	90	100
776	370	92	100
778	371	93	102
777	371	95	102
777	371	95	102
776	372	96	105
775	373	97	104
773	373	96	101
773	368	96	108
770	367	96	107
784	367	81	106
818	373	53	75
836	284	31	254
672	274	92	90
536	137	365	365
624	237	188	162
630	240	176	158
384	0	668	653
629	338	176	222
777	338	99	99
777	321	99	133
771	336	77	110
769	335	82	106
767	333	85	107
769	331	85	109
772	329	83	111
772	329	81	110
772	330	81	109
772	328	79	114
777	329	76	109
779	329	73	110
777	330	77	108
778	331	73	105
778	330	75	109
782	329	73	109
784	340	71	102
881	220	110	126
700	46	473	473
814	160	244	244
447	177	832	210
755	303	216	209
794	324	86	116
792	323	80	113
793	324	76	115
794	325	80	113
793	327	80	109
796	325	80	113
797	327	82	109
798	327	80	109
801	193	75	376
501	44	674	674
664	217	348	326
810	303	122	150
811	318	91	114
818	319	81	111
819	315	85	115
823	315	85	108
827	311	86	111
830	309	87	112
833	308	88	108
837	306	87	112
835	304	88	114
836	305	88	110
839	305	88	108
840	303	87	112
840	302	88	113
842	304	86	109
842	302	86	111
843	301	84	113
843	302	84	112
841	302	87	112
841	301	86	113
841	303	85	108
840	302	86	110
839	301	87	112
838	301	86	113
838	303	85	108
837	302	86	110
836	303	87	112
836	302	86	113
834	301	88	113
834	303	87	109
834	301	87	113
838	301	80	114
865	303	64	76
757	295	281	56
645	277	503	92
465	237	814	173
777	226	190	194
487	246	771	154
784	234	175	178
848	305	88	101
838	304	76	108
830	301	91	114
831	303	88	112
833	303	86	114
833	303	85	114
831	305	88	113
832	303	86	115
831	304	89	114
831	303	88	116
830	303	90	116
833	305	88	112
832	304	88	114
835	304	90	115
834	305	87	111
833	304	88	113
836	303	89	115
833	305	81	111
850	320	47	95
739	232	271	271
765	259	217	217
765	280	218	174
483	289	781	156
672	252	280	280
692	251	242	225
712	269	201	187
715	285	194	155
748	291	128	143
642	314	135	135
438	324	544	116
412	306	261	253
505	358	206	148
829	299	98	117
829	303	89	112
828	305	89	115
827	307	88	111
828	308	87	109
828	306	89	112
823	311	89	109
819	311	88	108
816	312	87	107
810	317	83	97
818	324	72	98
805	323	72	92
798	318	73	94
795	318	74	95
795	321	72	92
795	320	73	94
796	322	74	95
793	322	74	91
795	322	71	91
794	322	72	92
793	324	73	89
792	324	72	88
791	324	71	92
791	326	71	89
789	324	71	91
788	325	72	88
787	324	71	91
788	326	72	88
788	326	71	92
787	324	72	93
789	324	73	90
789	325	72	89
789	325	73	88
790	325	72	88
789	323	74	91
790	323	73	90
789	323	74	89
789	322	74	89
790	321	75	89
789	320	76	90
789	320	74	91
789	320	73	90
789	320	75	89
789	319	73	90
788	319	75	89
789	317	73	90
789	318	75	89
788	317	73	90
787	313	75	93
786	315	75	89
787	314	73	90
786	315	75	89
784	314	76	90
784	313	76	90
783	311	77	91
783	310	78	92
782	311	78	90
782	310	78	90
781	310	78	90
781	308	75	92
779	309	77	91
781	307	75	92
778	306	77	91
778	309	75	84
776	305	80	87
776	306	76	86
777	306	75	86
775	306	75	85
775	303	75	88
775	303	75	89
774	305	76	90
775	304	74	88
774	305	75	88
776	307	73	89
777	306	72	88
777	309	71	88
774	309	74	91
775	310	73	87
776	310	72	92
774	312	72	89
774	311	72	92
774	312	73	89
774	313	72	88
774	313	71	88
774	314	71	87
774	311	73	90
773	310	73	89
774	309	72	93
774	310	73	90
776	309	72	89
775	309	72	88
777	307	71	87
777	306	70	90
775	305	73	89
777	303	72	92
776	304	71	91
777	301	72	93
777	302	70	91
776	302	72	92
776	301	72	93
777	303	71	90
775	302	71	92
776	302	59	93
777	311	42	85
783	323	30	60
711	267	173	173
754	309	87	89
620	176	355	355
403	214	183	119
198	236	593	74
787	305	67	93
776	302	72	90
774	302	72	93
774	303	73	90
774	300	72	93
772	301	73	94
771	302	74	91
771	302	73	90
771	300	73	94
774	302	71	90
774	303	72	92
773	302	72	93
774	302	72	94
775	301	71	95
776	302	70	94
776	302	70	94
774	304	72	93
775	302	70	94
775	304	70	94
775	305	70	93
776	305	69	92
776	304	71	96
778	306	66	95
776	306	71	94
778	308	66	94
775	307	70	95
776	309	69	94
775	309	69	93
778	310	64	92
776	310	69	95
777	311	65	96
775	310	68	95
777	310	64	97
776	311	68	96
774	312	68	93
774	312	69	94
775	312	69	92
775	311	69	96
775	312	69	94
775	310	69	95
775	309	70	96
775	310	70	94
775	310	70	94
775	310	70	93
775	310	72	92
775	310	70	94
776	310	70	93
775	310	72	92
775	311	73	94
774	311	74	95
775	310	72	96
774	310	74	95
775	312	72	96
774	313	72	93
775	313	70	94
780	310	73	98
778	311	61	97
774	322	52	78
672	325	254	63
760	305	102	102
773	228	75	82
654	112	315	315
771	216	84	107
775	230	76	78
791	318	62	62
785	316	62	93
779	317	68	95
778	316	70	97
777	317	72	95
776	318	72	95
775	319	74	91
776	319	74	95
778	321	74	91
777	321	74	91
778	321	73	90
779	322	71	93
779	323	73	89
780	320	72	93
779	323	73	90
779	324	72	89
781	322	72	92
779	323	72	93
780	325	73	90
780	323	73	94
781	327	74	90
782	327	71	90
783	325	71	92
783	327	72	93
786	327	70	92
785	327	72	92
787	325	70	94
787	327	70	93
787	328	72	92
788	329	70	94
789	328	70	96
789	328	70	94
789	329	70	93
791	328	69	93
789	327	72	97
789	326	72	96
790	329	71	95
790	329	72	90
789	328	72	92
790	328	73	89
789	326	72	93
789	325	73	94
788	327	74	91
788	327	73	94
788	329	74	91
788	328	73	94
788	328	74	91
787	330	74	90
787	329	73	90
787	328	74	90
786	328	75	90
786	327	75	90
786	327	75	90
786	326	76	90
786	327	76	88
789	325	73	89
786	324	75	90
785	322	77	90
787	323	74	89
787	322	74	89
787	321	75	89
785	320	74	89
786	321	74	88
784	320	76	89
784	321	76	87
784	322	75	89
784	320	75	90
782	323	76	90
782	324	77	86
780	325	78	89
782	325	74	87
782	327	75	88
783	326	75	89
786	324	73	90
793	325	65	82
800	324	59	73
810	322	48	66
825	324	32	56
755	266	173	39
881	252	66	66
881	153	66	265
649	249	531	76
866	254	96	66
874	255	80	64
878	143	72	288
878	238	72	72
786	334	41	78
783	339	45	76
784	333	59	79
782	329	69	87
779	328	75	89
790	335	66	82
675	336	297	59
557	99	533	533
733	276	179	427
751	378	143	222
778	413	89	153
783	328	78	94
775	331	76	86
775	330	72	86
774	329	71	89
771	327	73	91
771	329	71	87
771	329	70	86
769	327	72	90
768	330	72	88
770	330	69	87
768	329	70	90
767	331	70	86
767	332	70	90
767	335	69	87
767	337	69	85
763	336	77	88
764	341	71	83
769	340	68	84
778	336	61	87
790	338	49	65
815	340	38	57
741	275	187	187
460	294	748	150
748	282	173	173
488	299	693	138
755	288	157	160
797	316	53	127
807	325	83	111
815	318	84	110
816	314	89	116
817	311	93	117
819	307	95	120
820	309	94	117
821	306	96	120
822	306	96	118
822	309	95	117
825	306	95	121
831	308	94	118
830	306	98	121
833	307	97	119
836	306	97	123
838	306	98	126
841	306	98	128
844	309	98	123
847	309	98	126
850	309	99	124
853	311	99	122
853	307	102	126
852	308	103	120
854	304	99	122
854	305	102	117
855	303	101	116
855	300	101	119
856	300	102	119
854	300	103	117
855	302	102	111
857	301	103	117
857	301	102	115
857	303	104	115
857	302	105	120
870	304	90	112
918	321	45	67
977	245	73	49
1020	192	60	60
1095	101	77	87
969	0	310	309
1148	9	131	415
1161	0	104	685
835	286	116	134
858	301	100	119
857	302	102	114
857	298	103	115
868	294	93	119
878	295	84	106
897	294	63	84
920	297	49	58
836	286	216	54
995	215	86	86
995	209	87	87
863	208	350	87
983	182	87	140
971	29	111	445
1157	48	122	358
1171	0	104	647
850	326	83	97
864	301	90	120
865	303	98	126
867	306	99	118
866	306	101	119
866	306	101	116
866	302	101	119
866	300	101	116
865	299	101	119
864	301	102	119
865	302	101	117
866	302	100	118
867	303	100	115
867	305	100	118
867	306	99	119
869	308	100	115
869	308	99	118
869	311	99	118
872	311	98	119
873	314	97	119
874	315	97	117
876	318	97	117
878	318	95	117
877	317	97	118
879	318	96	117
878	314	97	122
881	318	97	119
882	316	98	118
883	315	96	120
885	314	96	123
888	316	95	119
885	316	99	120
890	318	94	120
891	317	95	122
892	319	94	120
894	318	95	122
896	320	93	118
897	319	94	121
898	320	95	122
899	319	96	121
901	318	96	124
901	319	95	122
901	316	98	124
898	314	102	127
933	312	68	109
932	311	69	87
1036	198	87	92
1030	207	90	90
1049	202	72	90
1052	212	65	54
966	119	239	239
1047	0	119	717
1058	240	151	235
1057	289	151	138
905	316	87	116
926	307	81	121
951	305	66	79
839	199	292	292
909	269	151	151
947	42	75	605
556	259	723	171
826	253	182	182
552	271	727	146
831	262	168	163
923	300	91	124
920	305	95	122
922	303	96	124
921	301	100	125
925	303	98	119
930	302	98	118
935	302	98	118
940	299	98	124
947	302	98	117
953	302	98	118
958	298	100	123
967	297	97	122
975	298	97	120
982	296	96	124
990	298	98	120
997	298	97	124
1003	300	96	120
1010	300	96	123
1013	302	97	119
1018	301	96	124
1023	300	97	125
1026	301	99	127
1031	301	100	123
1033	301	100	124
1046	300	89	117
1086	293	60	91
967	189	298	298
1039	219	154	239
1056	261	154	154
1085	276	123	123
1097	91	99	494
1046	289	123	127
1045	294	100	126
1042	297	102	126
1045	298	99	124
1046	298	97	125
1044	298	100	127
1045	302	100	119
1044	302	100	120
1045	302	98	120
1044	303	98	124
1043	305	100	121
1041	305	101	121
1041	304	100	121
1041	305	101	121
1041	306	101	121
1038	308	103	122
1039	307	102	123
1037	309	103	119
1034	309	103	121
1031	308	104	123
1029	309	102	120
1028	310	101	122
1023	310	104	122
1021	309	102	123
1017	311	100	119
1013	313	100	119
1007	314	102	116
1002	311	102	120
998	309	101	127
992	309	101	124
986	309	102	125
982	309	102	123
976	309	103	123
974	310	102	124
968	310	103	123
963	312	103	120
960	311	102	122
957	313	101	119
952	312	101	120
949	311	98	121
943	312	99	119
941	312	99	119
937	312	99	119
933	312	98	119
930	308	98	124
924	308	99	123
921	308	98	125
919	308	97	124
916	309	98	126
913	311	99	122
911	311	98	122
910	312	98	120
910	312	97	124
907	314	100	120
908	314	98	120
908	314	97	121
910	315	96	118
907	314	99	119
906	314	97	119
906	311	96	123
906	313	97	119
906	312	96	120
906	309	96	123
906	311	97	119
907	306	96	124
908	308	97	120
908	307	96	118
907	306	98	117
908	305	100	117
907	306	101	115
907	305	101	113
906	305	102	114
904	304	103	115
904	307	102	109
904	304	101	121
905	304	99	121
903	305	99	120
901	300	99	125
898	301	99	122
897	302	98	120
893	298	99	125
891	298	99	122
888	294	98	126
885	294	99	124
882	294	99	122
879	293	101	120
876	292	101	121
874	292	101	118
871	289	102	119
872	289	100	117
870	288	101	119
870	288	101	126
869	289	98	123
869	290	98	121
870	291	97	119
867	288	100	124
867	290	99	122
869	290	98	126
869	293	97	122
869	294	97	120
868	292	98	124
868	294	99	121
866	294	100	125
866	296	100	122
865	296	100	121
865	298	101	117
865	298	102	119
864	299	103	117
864	302	103	117
865	311	98	110
866	344	69	76
870	383	58	41
828	436	66	49
899	346	65	46
869	294	95	127
865	298	98	126
866	300	97	122
866	299	97	125
865	299	99	127
865	302	98	123
864	303	100	120
864	301	100	120
863	299	102	120
865	301	102	118
865	299	102	120
865	302	100	121
866	302	103	121
867	303	101	122
868	303	99	122
868	304	98	121
869	305	97	119
870	305	100	120
871	305	98	120
871	304	98	121
871	305	97	120
871	302	98	124
871	304	99	121
872	305	99	120
872	304	99	119
873	303	101	119
873	303	101	120
872	303	101	121
874	304	102	118
874	304	102	120
874	306	101	121
876	308	102	118
877	309	101	120
879	311	100	121
876	311	102	120
875	311	102	121
880	310	99	122
878	307	100	126
879	309	90	129
879	329	72	108
876	366	71	71
769	259	285	285
838	327	147	147
892	106	73	590
875	311	108	179
903	312	76	93
890	310	89	121
880	308	99	125
879	310	101	124
881	312	100	123
880	312	101	124
881	312	100	123
882	313	97	121
885	314	97	125
882	316	98	120
883	312	97	125
885	314	96	121
885	313	96	122
884	313	97	121
886	312	97	124
886	314	96	120
886	310	96	123
887	310	97	123
888	309	96	126
887	309	96	126
889	310	98	124
889	310	97	123
889	312	97	123
889	313	98	122
890	312	100	126
888	315	100	123
889	314	99	124
888	314	100	125
888	317	100	123
888	318	100	121
887	317	101	124
891	319	98	123
891	321	98	127
890	323	100	122
888	325	100	121
888	325	100	121
887	327	100	123
887	330	99	122
888	328	98	122
888	329	98	126
886	331	97	122
886	330	97	125
887	335	96	121
884	333	98	124
885	334	96	123
886	334	95	119
882	333	99	122
881	334	98	119
881	335	98	118
881	335	96	118
881	338	97	117
881	340	97	117
879	341	98	116
881	343	97	117
879	344	98	116
881	348	95	117
880	351	95	115
879	353	95	115
878	356	93	115
879	358	92	113
876	361	94	112
877	366	92	109
877	365	92	109
876	370	92	106
877	370	90	105
876	372	89	107
877	371	89	107
877	370	88	107
875	370	88	106
876	366	86	111
876	367	86	108
876	364	88	110
879	361	86	113
878	358	85	114
880	356	86	113
880	361	85	107
884	377	77	77
768	261	309	309
844	291	157	247
873	20	98	699
854	264	136	211
583	30	679	679
831	240	181	257
866	282	111	173
1012	230	139	111
1019	236	125	100
1026	238	112	96
897	365	52	84
895	368	66	88
899	355	77	103
901	346	90	120
898	351	104	110
896	352	107	107
898	352	108	108
902	351	105	108
901	352	107	107
905	351	100	107
904	352	101	104
905	345	99	112
906	348	98	106
906	342	98	117
905	344	97	114
904	345	98	115
902	343	99	107
889	344	113	103
910	355	87	108
938	360	65	78
1030	256	83	80
907	132	329	329
414	211	865	170
749	265	195	171
480	278	732	146
190	264	1089	146
668	300	132	145
889	365	103	118
886	365	99	111
884	361	102	115
881	361	100	115
879	362	101	114
877	362	102	114
876	361	101	115
874	364	101	114
872	364	99	114
869	365	98	116
867	367	97	117
865	369	97	117
863	369	97	117
863	370	95	117
863	370	94	121
861	375	93	117
861	379	91	114
860	382	89	112
858	382	89	115
856	383	88	116
855	385	89	113
852	384	88	115
851	382	87	116
850	382	86	115
850	383	86	115
849	383	85	114
850	384	82	113
850	385	82	114
849	387	80	111
848	387	80	116
848	387	77	116
847	387	76	117
846	390	76	114
845	392	75	115
844	391	74	115
845	394	74	114
846	394	74	111
846	394	73	112
846	394	73	112
845	387	72	121
843	388	75	113
843	388	74	111
845	385	73	109
848	379	71	120
849	379	74	112
851	376	73	115
851	373	74	113
854	367	73	123
853	369	76	117
855	368	76	117
858	367	76	119
857	365	82	117
857	363	83	118
859	364	87	118
862	362	87	116
863	362	91	116
866	359	92	118
867	359	95	120
867	360	97	122
869	359	97	123
869	359	97	123
871	359	98	120
872	358	101	119
874	359	101	116
875	359	101	119
876	361	102	115
879	359	104	114
879	359	104	109
881	355	104	113
881	354	105	109
882	350	104	114
885	348	104	115
888	349	101	116
904	352	87	109
926	366	65	78
815	262	288	288
885	331	148	148
661	108	596	596
297	264	308	159
264	285	80	118
172	148	98	391
0	295	613	98
60	280	123	126
0	303	372	100
136	303	98	99
0	309	384	99
142	308	99	101
0	318	393	80
33	287	89	142
89	315	90	90
0	299	317	121
0	311	551	98
78	299	84	120
107	310	81	101
0	315	330	91
120	292	88	139
0	318	387	89
0	288	564	149
0	312	862	97
866	360	114	129
869	367	97	118
867	372	100	114
867	375	98	113
866	380	97	110
867	380	94	110
867	380	94	109
867	382	93	110
868	379	92	111
868	379	92	110
868	379	91	110
869	377	92	112
869	376	92	111
871	373	92	111
874	372	92	111
877	370	92	111
886	365	81	101
942	234	60	364
675	118	596	596
502	315	152	200
419	371	87	87
287	239	352	352
871	325	157	176
889	357	95	121
890	359	92	117
892	358	93	120
893	359	91	121
895	359	94	127
896	360	94	125
898	360	93	125
897	359	96	126
901	362	97	127
900	361	99	127
903	363	100	123
908	363	97	122
908	362	100	119
909	363	100	116
909	359	101	118
911	359	100	120
912	359	102	119
912	356	103	120
913	359	101	117
916	360	102	114
915	360	103	115
918	361	102	115
919	362	104	114
920	364	102	115
920	364	101	115
923	366	101	118
920	367	102	115
921	369	101	115
921	369	101	118
922	375	100	110
923	372	102	115
923	373	101	115
922	373	101	114
922	373	100	114
922	371	100	117
923	372	99	115
922	368	99	117
921	366	99	118
922	368	98	115
921	368	99	120
920	370	99	116
920	371	98	117
920	371	97	118
920	374	98	117
919	372	97	117
919	373	95	120
920	374	93	117
919	376	94	121
920	378	91	115
917	380	94	118
918	381	92	115
916	381	92	115
917	383	90	113
915	382	91	116
916	384	90	116
916	382	89	117
914	382	91	117
915	380	89	119
915	378	89	118
915	379	88	118
915	377	89	117
915	376	89	117
913	375	91	118
914	374	92	119
914	371	92	121
914	371	92	121
913	369	94	121
916	371	93	117
915	369	95	120
915	369	95	123
919	373	93	115
920	371	95	119
920	369	95	122
919	368	96	124
921	370	97	125
922	370	95	125
924	370	97	125
925	372	97	125
924	372	98	124
924	373	99	123
925	372	98	125
925	370	99	125
925	369	99	122
925	367	100	120
924	367	100	120
925	365	100	120
923	367	101	116
923	365	101	119
921	366	101	120
922	363	100	125
922	363	100	125
920	365	99	122
921	364	98	123
919	363	98	124
919	364	99	123
917	363	98	123
918	364	98	120
916	363	99	123
914	364	98	121
913	362	97	125
910	363	100	122
909	363	100	121
908	362	100	122
908	361	100	121
907	363	100	120
905	362	100	120
905	363	100	119
903	363	99	119
901	361	99	119
900	362	100	119
899	361	100	119
898	361	100	119
896	361	99	118
895	362	99	119
895	362	98	119
893	363	97	118
892	364	98	118
892	364	97	117
891	364	96	120
891	365	96	118
891	365	96	120
890	367	96	118
890	366	95	119
890	366	95	120
889	366	95	120
890	368	93	117
888	367	94	118
888	367	94	118
889	367	92	121
890	369	92	118
890	369	93	118
889	369	93	117
889	369	93	118
891	369	94	117
891	370	92	115
890	369	94	117
892	370	94	115
892	369	94	117
893	370	94	115
893	369	95	118
893	370	94	116
894	368	96	118
895	369	95	117
895	368	97	119
895	368	97	117
896	368	98	118
897	369	99	117
897	367	99	117
898	368	99	116
898	367	98	117
899	367	99	118
900	366	99	118
901	364	98	119
901	363	99	118
901	362	99	119
902	360	97	121
903	362	97	119
903	360	96	120
904	359	96	120
903	360	96	121
903	362	96	118
904	361	95	120
904	363	95	119
903	361	96	122
903	361	96	122
903	364	97	119
905	363	94	121
907	362	93	123
907	365	93	121
906	364	95	122
906	364	94	121
906	365	95	121
907	364	95	121
906	365	96	121
906	366	96	119
905	365	96	120
905	364	97	120
904	365	98	118
905	365	98	118
904	365	99	118
904	365	99	119
903	365	101	118
903	365	101	120
903	366	102	117
904	366	101	118
903	367	100	120
903	367	100	119
904	367	99	119
904	368	99	119
904	369	99	119
904	369	98	119
903	371	98	118
903	373	98	118
902	375	99	118
901	375	98	117
901	376	98	117
901	379	98	117
900	380	98	117
900	382	98	118
899	385	98	118
897	386	97	117
898	388	95	116
896	388	96	115
894	389	96	115
893	389	96	115
892	390	96	115
893	390	94	115
893	390	96	114
894	389	94	115
894	387	95	114
895	387	97	114
895	386	96	115
896	386	97	115
898	386	97	116
897	386	98	117
899	385	98	117
898	385	100	118
899	386	100	118
900	386	100	118
900	386	101	115
900	385	101	117
900	386	102	118
901	386	102	117
901	386	103	119
901	387	103	118
901	387	102	120
901	388	102	118
901	387	102	119
901	389	102	117
900	388	102	119
900	389	102	117
899	388	101	119
897	389	101	117
895	387	102	117
895	387	101	116
894	385	100	119
891	383	99	120
889	381	99	122
888	384	99	120
887	381	99	123
886	384	98	121
884	385	98	121
883	387	97	120
880	384	96	121
879	388	94	119
877	385	94	121
875	384	95	121
874	383	95	123
874	384	94	121
874	381	94	123
872	382	95	122
870	381	96	121
867	381	98	119
866	381	97	119
865	377	98	123
865	380	98	120
863	378	99	123
861	376	100	123
859	379	101	122
855	377	100	122
851	378	100	120
847	375	99	124
842	379	99	119
837	377	99	119
831	376	100	119
824	374	99	119
816	372	98	120
809	371	97	121
801	369	104	123
804	370	97	120
802	363	101	127
812	360	104	133
831	358	118	149
841	354	123	152
845	356	133	150
862	351	145	171
866	350	151	181
862	349	155	181
857	348	161	183
848	347	156	186
837	346	158	187
826	346	155	187
815	345	156	186
803	343	155	187
793	342	153	185
785	343	152	183
779	336	153	186
773	335	154	185
768	331	155	185
764	326	156	186
761	322	155	186
760	319	156	186
756	317	156	186
754	312	157	187
751	310	156	186
748	308	158	186
749	305	156	188
749	304	156	187
747	299	159	191
746	298	155	190
743	299	155	188
741	293	155	196
738	294	157	193
734	293	155	195
729	289	154	196
726	284	155	200
722	283	157	197
718	280	156	197
711	274	158	198
702	274	154	194
694	271	155	194
688	268	156	194
683	269	155	192
680	265	156	195
678	267	156	191
676	261	158	193
671	260	159	196
667	257	158	198
664	256	154	195
659	252	155	197
654	249	156	197
648	245	160	199
646	247	159	195
643	241	159	198
638	240	159	196
636	235	157	197
635	234	156	195
634	228	155	196
636	227	152	195
636	225	153	195
642	223	149	194
641	224	151	195
641	225	150	194
644	225	149	193
648	227	146	192
650	227	146	192
651	228	146	193
651	229	146	193
651	233	149	191
652	231	150	194
654	234	149	190
653	235	151	193
653	236	151	191
652	237	152	190
651	237	154	190
653	240	152	189
656	238	151	192
656	239	152	192
651	242	155	192
653	242	155	192
653	247	154	193
653	253	154	189
652	257	155	187
651	262	155	187
652	267	155	186
650	272	156	186
650	277	155	187
651	283	153	185
653	292	153	179
651	296	154	180
651	302	153	177
652	306	152	179
653	310	150	175
654	313	151	176
654	314	150	179
656	317	150	174
657	315	151	177
657	309	150	179
659	306	152	180
660	302	152	181
661	297	154	182
663	294	154	183
664	290	154	184
665	290	154	184
665	288	156	185
667	286	156	185
667	287	156	186
668	287	156	185
668	288	157	186
669	289	157	189
669	291	157	189
671	296	156	188
673	294	156	193
676	296	154	190
677	296	154	189
677	297	153	188
681	297	151	188
681	297	151	188
682	295	153	188
683	295	155	188
684	294	155	190
683	295	156	188
684	295	157	188
686	299	158	178
699	304	145	169
752	309	94	104
621	212	133	100
456	297	463	92
674	333	103	103
690	301	128	173
685	302	156	189
685	306	156	186
686	301	155	192
687	309	153	187
686	307	154	190
687	309	152	187
688	307	152	188
687	309	152	187
687	305	152	191
687	310	152	188
686	303	154	194
685	309	146	189
685	306	141	195
704	306	133	195
689	315	150	190
685	330	158	170
681	348	131	131
675	150	66	528
716	297	107	150
702	317	133	185
676	314	157	186
674	318	159	187
673	320	158	188
672	321	156	191
669	319	155	194
668	321	154	192
668	321	154	193
668	319	153	196
666	320	153	195
665	320	153	196
665	321	154	195
661	321	155	199
659	320	153	196
657	324	153	193
655	325	154	189
654	327	153	190
649	326	155	191
648	327	153	192
646	332	153	188
643	337	154	186
641	337	153	186
638	340	153	184
637	342	151	184
635	346	150	183
632	350	152	181
630	351	151	179
631	350	150	185
629	351	149	183
628	352	150	181
628	348	150	185
627	350	152	183
628	348	153	183
628	346	152	183
628	346	153	183
630	344	152	183
630	342	152	183
632	342	152	183
631	339	152	186
631	338	153	184
631	338	153	184
633	338	153	184
633	338	152	184
633	338	152	183
633	339	152	187
635	338	152	188
636	340	150	190
636	339	151	194
637	341	152	192
639	341	151	194
639	341	152	193
640	341	152	194
639	342	152	193
640	342	152	189
640	343	156	186
640	346	155	186
640	346	157	186
640	344	157	187
639	344	157	186
639	346	157	186
638	347	155	184
639	346	154	185
637	344	154	189
637	343	153	188
636	342	152	191
634	341	151	194
633	344	152	191
632	340	151	195
629	341	153	190
629	346	152	186
626	344	154	189
627	346	152	184
627	345	154	187
627	346	153	186
627	348	152	184
625	347	152	187
626	349	151	184
626	350	151	187
626	352	151	187
626	355	151	186
627	357	151	184
628	357	150	186
628	358	149	183
628	359	149	181
628	360	150	184
628	361	149	181
628	358	151	186
628	364	152	184
632	364	149	188
632	372	152	184
635	377	149	183
637	383	146	181
640	389	145	178
641	393	146	176
642	393	146	175
644	391	148	178
650	385	148	187
657	388	148	182
662	391	152	180
670	390	151	181
679	388	150	181
686	385	151	181
694	380	152	181
700	375	155	181
708	367	156	182
720	360	153	179
728	351	154	181
736	343	155	183
743	337	157	185
751	331	156	185
757	325	158	186
763	323	157	182
770	319	157	186
776	317	157	185
779	317	158	187
783	313	158	188
786	314	158	186
789	311	156	188
790	307	157	192
791	311	157	189
792	306	157	193
791	310	157	190
791	307	157	193
788	310	158	191
789	310	158	190
788	310	160	190
785	311	160	189
780	311	160	189
778	311	160	189
774	313	159	188
771	312	160	189
766	313	161	187
761	312	161	188
757	312	161	187
753	312	159	187
752	314	155	184
747	313	157	185
745	313	155	185
743	313	154	184
739	311	153	184
735	310	153	186
732	310	153	185
730	309	153	188
728	309	154	186
725	307	156	186
722	308	156	183
724	309	154	182
719	311	157	183
718	312	159	180
718	313	158	178
717	312	159	181
717	313	160	185
715	314	159	181
715	314	159	185
716	316	157	186
716	320	157	184
714	323	158	185
714	325	158	181
712	327	157	184
711	329	156	180
711	328	156	181
711	330	156	181
711	334	156	178
709	335	156	181
709	336	156	182
710	338	153	179
711	337	154	180
711	336	155	181
711	337	155	180
713	338	155	178
713	335	155	180
715	334	156	182
715	335	156	179
717	331	155	182
720	331	156	179
722	330	155	181
723	330	156	178
724	328	156	181
725	326	158	181
726	326	157	180
728	323	158	182
729	322	157	184
731	323	158	185
733	325	157	185
736	322	155	187
736	324	157	188
736	322	156	190
737	322	157	190
736	322	158	189
736	323	159	190
735	323	160	188
736	324	160	188
735	325	161	188
735	326	161	185
734	326	162	186
731	327	163	183
731	327	164	182
729	327	163	182
727	327	164	182
727	327	164	182
723	327	166	182
723	326	165	183
720	329	165	182
718	330	165	181
715	330	166	182
714	330	165	181
710	329	166	182
707	329	167	183
705	329	167	182
702	329	166	184
697	330	166	182
694	329	167	183
690	329	167	182
689	328	166	184
684	328	166	182
683	327	163	183
679	327	164	183
675	327	163	184
671	330	163	184
669	331	162	182
666	331	160	183
665	332	157	186
662	335	155	187
658	337	155	187
655	338	154	183
653	341	152	184
649	343	151	183
648	346	149	182
647	345	147	184
643	345	146	184
641	345	145	183
639	343	145	184
640	341	143	182
638	337	144	185
634	335	146	182
634	332	148	182
631	334	152	180
633	333	153	183
632	326	154	188
630	324	157	190
632	325	157	187
631	325	161	186
634	326	161	183
635	326	163	176
637	326	165	176
642	328	163	171
642	327	168	174
649	325	164	178
653	326	164	177
654	327	166	180
661	330	162	174
661	331	168	177
669	331	161	177
674	331	162	177
677	332	162	176
682	330	162	178
691	330	160	178
696	330	159	178
703	330	161	179
707	329	162	180
719	326	160	182
727	323	158	180
731	325	161	177
738	324	162	180
744	323	161	180
750	321	159	181
753	321	161	180
758	321	160	181
763	321	159	181
766	319	160	184
768	319	158	185
769	317	157	187
772	317	156	188
772	315	156	191
773	314	154	193
774	313	153	195
774	311	153	199
775	315	152	191
775	312	152	193
777	316	152	188
776	314	154	191
780	316	150	188
778	322	154	184
778	321	153	184
780	329	154	178
784	335	152	176
786	338	153	180
788	342	159	182
794	352	155	180
803	358	152	178
811	365	154	180
824	375	154	177
839	384	152	171
855	394	152	162
870	401	152	158
888	404	150	156
903	405	153	153
923	405	154	154
943	404	155	155
966	400	152	156
986	397	155	155
1007	385	155	162
1026	375	156	166
1047	365	155	171
1067	359	156	175
1087	352	155	176
1102	347	158	175
1122	339	154	182
1137	334	142	184
1152	335	127	182
1167	346	112	166
1181	347	98	165
1194	366	85	146
1206	378	73	134
1221	378	57	133
1234	377	43	117
1242	388	36	96
1252	397	26	78
1256	345	18	183
1227	321	46	232
1250	377	29	104
1247	379	27	74
1170	326	109	182
1051	134	106	564
797	566	164	153
822	565	147	154
828	569	144	150
817	569	147	147
817	574	148	138
839	565	143	151
836	567	148	148
840	566	143	148
841	571	146	146
845	571	147	147
844	576	147	143
822	612	167	107
786	413	215	101
795	426	198	74
834	579	162	126
833	583	164	136
839	588	150	131
845	581	141	138
780	422	140	70
775	443	133	49
751	433	145	46
807	387	132	110
792	407	161	121
831	596	140	123
773	393	176	114
815	364	142	114
783	416	128	85
776	249	140	418
749	398	194	121
769	395	154	126
776	388	140	112
732	411	168	100
751	396	130	104
728	415	156	94
758	574	146	130
720	573	158	146
723	579	153	140
682	356	147	135
709	568	141	137
696	565	140	152
677	568	146	146
664	399	147	84
657	420	149	74
636	409	141	84
608	404	146	88
581	399	152	91
560	373	157	118
556	350	137	109
532	400	164	98
506	552	145	151
435	561	199	135
376	300	219	157
411	332	149	93
406	399	158	94
403	556	164	135
341	564	199	149
354	569	173	150
298	571	216	146
327	570	159	149
331	564	154	154
284	563	177	155
272	572	167	147
300	565	140	154
283	568	147	147
275	568	148	148
265	565	148	148
252	561	149	149
255	568	143	135
213	558	140	140
151	347	187	125
0	347	551	124
669	281	131	179
682	277	159	181
673	278	161	179
668	275	160	180
662	271	159	182
658	269	159	181
656	267	158	185
654	263	157	185
651	263	158	185
649	262	157	186
648	266	155	185
646	269	154	184
646	271	155	185
646	276	154	185
646	280	154	185
648	283	151	185
649	288	150	183
650	294	149	181
652	299	148	180
653	305	148	179
656	309	147	178
660	313	146	177
663	313	148	181
668	314	146	179
674	313	148	180
678	313	147	179
682	310	149	182
689	309	149	180
695	307	149	180
701	304	151	180
709	303	150	180
713	302	151	180
721	299	150	180
729	294	151	186
736	295	152	184
743	292	152	189
755	293	148	186
762	294	148	185
769	293	148	187
776	296	149	186
783	295	145	188
791	292	144	189
795	292	144	190
792	292	151	190
800	289	144	191
805	291	143	191
801	293	150	190
799	296	154	191
801	297	153	187
803	298	156	186
805	300	157	186
805	300	157	186
805	304	158	184
805	304	158	184
805	308	158	181
805	309	158	184
804	310	159	184
805	312	159	182
805	313	159	183
806	315	158	184
806	317	158	184
806	317	158	185
806	319	157	186
807	318	157	187
810	322	156	188
810	320	156	191
811	324	155	187
812	322	155	190
811	323	156	190
811	325	155	189
811	324	156	193
812	323	156	194
811	323	156	194
810	323	156	195
809	327	157	193
808	327	158	190
808	329	157	187
806	331	157	186
807	331	155	186
805	331	155	186
805	334	154	186
805	335	151	186
804	335	149	192
802	337	149	187
803	340	148	187
800	342	148	182
801	346	146	180
799	351	145	178
797	351	145	176
797	352	145	175
794	354	145	174
795	354	147	176
795	353	149	176
797	349	149	178
796	347	151	177
796	342	150	179
797	339	151	180
798	337	153	180
800	333	154	182
801	330	155	183
802	327	156	183
805	327	155	182
807	326	156	184
809	323	157	186
811	325	157	189
813	321	158	190
815	324	157	190
816	321	157	191
819	320	158	190
821	322	157	188
823	318	158	190
826	317	158	188
828	315	159	189
831	315	159	188
833	312	159	190
835	310	158	190
840	310	158	190
840	309	159	191
845	309	159	191
846	307	158	194
849	307	160	194
852	308	160	193
858	308	158	192
865	309	159	191
873	311	158	192
