580	229	20	20
579	228	20	20
570	228	23	20
562	228	21	19
552	227	23	20
545	228	22	19
536	227	21	21
528	228	21	18
520	227	20	20
511	227	23	20
501	227	25	29
495	228	27	27
486	227	22	18
481	226	20	20
472	227	20	18
463	226	22	19
455	227	21	18
447	226	20	20
440	225	20	20
431	226	20	20
427	226	21	21
423	226	21	21
419	228	21	21
419	229	21	19
422	229	20	20
424	230	21	21
426	231	21	21
429	232	21	19
431	232	20	20
433	233	21	21
435	233	21	21
438	235	21	21
440	235	21	20
443	236	21	21
445	237	21	21
448	238	21	21
450	239	21	20
451	239	21	21
454	240	21	21
456	241	21	21
457	241	21	20
461	242	21	21
463	243	21	21
465	243	21	21
466	245	21	20
468	245	21	21
471	246	21	21
474	247	21	21
475	246	21	21
478	247	22	22
479	250	22	20
482	250	21	21
484	250	21	21
485	250	22	22
487	251	22	20
489	252	21	21
492	252	21	21
493	253	22	22
496	253	22	22
498	254	22	22
499	255	22	22
501	256	23	20
503	256	22	22
505	256	22	22
507	257	22	22
509	258	22	21
511	259	22	22
513	260	22	22
514	260	22	22
516	261	22	22
517	260	23	23
519	262	23	21
521	262	22	22
523	263	22	22
524	264	23	21
527	265	22	22
528	265	22	22
530	265	22	22
532	265	21	23
533	266	22	22
535	267	22	22
535	267	22	22
537	268	23	23
540	268	23	23
543	271	23	21
549	271	22	22
553	271	23	23
559	272	23	23
563	273	23	23
567	274	23	21
574	274	23	23
578	275	23	23
583	276	23	23
588	277	23	23
593	278	24	24
597	279	24	24
602	281	24	22
608	281	23	23
613	282	24	24
617	283	24	24
622	284	24	24
625	284	24	24
628	286	22	22
630	286	22	22
630	287	22	22
629	287	23	23
629	287	23	23
629	286	23	23
628	287	23	23
628	287	24	24
628	286	24	24
627	287	24	22
627	287	23	23
627	287	24	24
626	287	24	24
627	287	22	22
627	287	22	22
627	288	23	23
627	287	23	23
626	288	23	23
626	288	23	23
625	288	24	24
626	287	24	24
625	288	24	22
626	288	23	23
626	287	24	24
625	287	24	24
626	288	22	24
625	287	23	23
625	287	24	24
626	288	24	24
626	289	24	22
626	287	23	23
626	287	24	24
625	288	24	24
625	289	24	22
626	287	23	23
626	287	24	24
625	288	24	24
625	289	24	22
626	287	23	23
626	287	24	24
625	288	24	24
625	289	24	22
626	288	23	23
626	287	24	24
625	288	24	24
626	289	22	22
626	288	22	22
627	288	23	23
627	288	23	23
626	288	23	23
626	288	23	23
626	287	24	24
625	288	24	24
626	288	22	22
627	288	22	22
626	288	23	23
626	287	23	23
626	287	23	23
626	288	23	23
625	288	24	24
625	287	24	24
626	287	22	24
626	288	23	23
625	287	24	24
626	287	24	24
626	288	22	24
626	287	23	23
626	287	24	24
625	288	24	24
626	289	22	22
626	288	22	22
626	288	23	23
625	288	23	23
626	287	23	23
625	288	23	23
625	287	24	24
625	288	24	24
626	288	22	24
626	287	23	23
625	287	24	24
625	288	24	24
626	288	22	22
626	288	22	22
626	288	23	23
626	288	23	23
626	288	23	23
625	288	23	23
626	287	24	24
625	288	24	24
625	288	24	22
626	288	23	23
626	288	24	24
625	287	24	24
625	288	24	22
626	288	23	23
626	288	24	24
625	287	24	24
626	288	22	22
626	289	22	22
626	288	23	23
626	288	23	23
626	288	23	23
626	288	23	23
626	287	24	24
625	288	24	24
625	288	24	22
626	288	23	23
626	287	24	24
625	288	24	24
626	288	24	22
626	288	23	23
626	288	24	24
626	287	24	24
626	288	24	22
626	288	23	23
626	287	24	24
626	288	24	24
626	288	24	22
626	288	23	23
626	287	24	24
626	288	24	24
626	288	24	22
626	288	23	23
626	288	24	24
625	287	24	24
626	287	22	24
625	287	23	23
626	287	24	24
625	287	24	24
626	288	22	22
627	288	22	22
627	287	23	23
626	288	23	23
626	288	23	23
626	287	23	23
626	288	24	24
625	287	24	24
626	288	22	22
627	288	22	22
626	288	23	23
626	288	23	23
626	287	23	23
626	288	23	23
622	300	24	32
614	321	28	37
610	342	26	43
607	372	38	33
631	384	48	36
661	396	48	33
692	406	54	36
726	417	51	35
761	427	49	34
792	435	47	37
825	445	42	33
823	455	37	30
804	464	39	27
788	472	37	32
773	477	35	35
754	485	38	35
738	489	37	37
721	495	37	37
703	503	37	30
685	510	39	24
668	510	35	25
646	504	40	30
629	501	40	31
611	498	40	35
594	493	38	38
576	490	38	38
560	489	38	31
543	483	40	35
526	479	37	37
510	475	38	38
494	471	38	38
477	469	38	34
463	465	36	36
447	462	36	36
432	458	37	37
416	455	37	37
401	451	37	37
386	450	37	33
372	446	35	35
357	443	36	36
343	441	36	32
331	437	34	34
335	435	34	31
346	430	33	33
357	426	33	33
368	423	33	33
378	419	33	33
387	415	34	34
398	414	30	30
408	411	30	30
417	407	31	31
426	403	31	31
436	400	31	31
445	397	31	31
454	394	32	32
462	390	32	32
471	389	32	28
480	385	30	30
488	382	31	31
495	379	31	31
504	378	31	28
512	374	30	30
519	372	30	30
527	368	30	30
534	368	30	27
543	364	29	29
549	361	29	29
557	360	29	27
564	356	28	28
570	354	29	29
577	353	29	27
585	350	28	28
591	347	28	28
597	346	28	26
603	343	27	27
610	340	28	28
616	339	28	28
622	336	28	28
628	335	28	25
634	333	27	27
641	330	27	27
645	329	27	25
652	327	27	27
658	324	27	27
663	324	27	25
669	320	26	26
674	320	27	25
680	317	26	26
685	315	26	26
689	315	26	23
695	313	25	25
700	311	25	25
704	309	26	24
710	307	25	25
714	306	25	23
719	304	24	24
724	303	25	23
729	301	24	24
733	300	24	24
737	297	24	24
742	298	25	22
746	295	23	23
750	293	24	24
755	292	24	24
759	292	24	21
757	289	23	23
753	289	23	23
750	288	23	23
747	288	24	21
742	285	22	22
739	284	23	23
736	282	23	23
733	281	23	23
730	283	23	21
727	281	22	22
725	279	22	22
722	279	23	23
719	278	23	23
717	278	23	21
714	276	22	22
711	275	23	23
709	274	23	23
707	275	23	21
708	274	22	22
707	274	23	23
707	274	23	21
707	273	22	22
707	273	22	22
706	274	23	21
707	274	22	22
706	273	22	22
706	272	22	22
705	272	23	23
705	273	23	21
705	272	22	22
706	272	22	22
705	272	23	23
704	272	23	23
704	271	23	23
704	272	23	21
705	272	23	23
704	273	23	21
705	272	22	22
704	271	22	22
704	272	23	23
704	271	23	23
704	272	23	20
705	271	22	22
704	272	22	22
704	271	22	22
703	271	23	23
703	271	23	23
704	272	23	20
704	272	22	22
704	271	22	22
703	271	22	22
704	271	23	23
704	271	23	23
703	272	23	21
704	271	22	22
704	271	23	23
703	271	23	23
703	272	23	20
704	272	22	22
703	271	22	22
703	272	22	22
704	271	23	23
703	271	23	23
703	272	23	20
703	272	22	22
704	271	22	22
704	271	22	22
703	271	23	23
703	271	23	23
704	272	23	20
704	272	22	22
704	272	22	22
703	271	22	22
704	271	23	23
703	272	23	20
703	271	22	22
704	272	22	22
704	271	22	22
704	271	22	22
703	271	23	23
703	271	23	23
703	272	23	20
704	271	22	22
704	271	22	22
703	271	22	22
704	271	23	23
704	271	23	23
703	272	23	21
703	271	22	22
704	271	23	23
704	271	23	23
703	270	23	23
703	271	23	23
704	272	22	21
704	272	22	22
704	272	22	22
703	272	22	22
703	271	22	22
704	271	23	23
704	271	23	23
703	271	23	21
704	271	22	22
703	271	23	23
704	272	23	21
704	271	22	22
704	271	22	22
703	271	23	23
703	271	23	21
704	271	22	22
704	271	22	22
703	271	23	23
703	272	23	21
704	271	22	22
703	271	22	22
704	271	23	23
704	271	23	21
703	272	22	22
703	271	22	22
704	271	23	21
704	271	22	22
704	271	22	22
704	271	22	22
704	271	23	23
703	271	23	23
704	272	23	21
704	271	22	22
703	271	23	23
703	271	23	21
703	272	22	22
703	271	22	22
704	271	23	23
704	272	23	21
704	271	22	22
703	271	22	22
704	271	23	23
703	271	23	21
704	272	22	22
704	271	22	22
704	271	23	23
704	272	23	21
704	271	22	22
704	272	22	22
703	271	23	23
703	271	23	21
704	271	22	22
703	271	22	22
704	272	23	21
704	271	22	22
704	271	22	22
703	271	22	22
704	272	23	21
704	271	22	22
704	271	22	22
704	271	22	22
704	272	23	21
703	271	22	22
704	271	22	22
704	271	22	22
703	272	23	21
704	271	22	22
704	271	22	22
704	272	22	22
703	272	23	21
704	271	22	22
704	271	22	22
703	272	22	22
704	272	23	21
704	271	22	22
704	271	22	22
704	272	22	22
704	272	23	21
704	271	22	22
704	271	22	22
704	272	22	22
704	271	23	21
704	271	22	22
703	271	22	22
703	271	22	22
704	271	23	21
704	272	22	22
703	271	22	22
703	271	22	22
704	272	23	21
704	272	22	22
704	272	22	22
703	271	22	22
704	272	23	21
704	272	22	22
704	271	22	22
704	271	22	22
703	272	23	21
704	271	22	22
704	272	22	22
703	271	22	22
704	272	23	21
704	272	22	22
704	271	22	22
703	271	22	22
704	272	23	21
704	271	22	22
704	271	22	22
704	271	22	22
703	272	23	21
704	271	22	22
704	271	22	22
703	272	22	22
704	272	23	21
704	271	22	22
704	271	22	22
703	272	22	22
704	271	23	21
704	271	22	22
704	271	22	22
704	271	22	22
704	271	23	23
704	271	23	23
704	272	23	21
704	271	22	22
703	273	23	20
703	271	22	22
703	272	22	22
703	272	22	22
704	271	22	22
703	271	23	18
704	272	22	18
704	271	22	20
705	270	21	21
704	271	22	19
705	271	21	21
705	272	21	18
704	271	22	20
704	271	21	21
704	271	21	21
704	272	21	21
704	272	22	22
704	271	22	22
704	271	22	22
704	271	22	22
704	272	23	21
703	271	22	22
704	271	22	22
704	271	22	22
703	272	23	21
703	271	22	22
704	271	22	22
704	271	22	22
703	272	23	21
704	271	22	22
704	271	22	22
704	271	22	22
703	272	23	21
704	271	22	22
704	272	22	22
704	271	22	22
703	272	23	21
704	272	22	22
704	272	22	22
703	271	22	22
704	272	23	21
704	272	22	22
703	271	22	22
703	271	22	22
704	271	23	21
704	271	22	22
704	271	22	22
704	271	22	22
703	271	23	21
704	271	22	22
704	271	22	22
704	271	22	22
703	271	23	23
703	272	23	21
704	271	22	22
703	272	22	22
704	272	23	21
704	271	22	22
704	271	22	22
704	272	22	22
703	272	23	21
704	271	22	22
704	271	22	22
704	271	22	22
703	272	23	21
704	271	22	22
704	271	22	22
703	271	22	22
704	272	23	21
704	271	22	22
703	271	22	22
703	271	22	22
704	272	23	21
704	271	22	22
704	271	22	22
703	271	22	22
669	263	41	23
659	257	22	22
661	255	23	23
662	255	23	20
662	252	22	22
662	251	22	22
661	249	22	22
660	247	21	21
657	244	21	21
652	242	21	21
649	239	21	21
644	238	22	19
640	235	21	21
636	233	21	21
631	231	21	19
628	228	20	20
624	227	20	19
620	224	20	20
616	223	20	18
611	222	19	19
604	223	19	19
596	224	20	20
587	225	20	20
581	226	20	20
573	228	20	19
566	228	20	20
559	229	20	20
551	230	22	20
544	232	21	19
536	232	22	20
529	234	21	19
523	234	20	20
514	234	21	21
508	236	21	19
501	238	20	18
491	239	23	26
487	240	25	25
478	240	20	20
471	241	20	20
464	242	20	20
454	242	24	21
446	244	22	20
439	244	21	21
432	245	22	22
425	247	22	20
417	247	21	21
410	248	21	21
411	249	22	22
415	251	22	22
418	253	22	22
422	255	21	21
425	256	21	21
430	259	21	21
433	260	21	21
435	262	22	22
439	262	22	22
442	264	22	22
446	266	22	22
449	268	23	23
453	269	23	23
455	271	23	23
460	272	23	23
464	275	22	22
467	277	22	22
471	278	22	22
474	279	22	22
478	282	23	23
482	283	23	23
484	285	23	23
489	287	23	23
492	288	24	24
497	290	22	21
500	291	22	22
504	293	22	22
508	295	22	22
511	296	23	23
513	296	23	23
515	297	23	23
517	298	23	23
519	298	24	24
521	298	24	24
523	300	24	21
525	299	23	23
527	300	23	23
528	300	23	23
530	300	24	24
531	300	24	24
533	300	24	24
534	300	24	24
536	299	25	25
536	298	25	25
538	298	22	25
539	298	24	24
541	298	24	24
541	299	22	22
543	297	23	23
544	298	23	23
544	297	23	23
545	297	23	23
545	296	24	24
546	297	24	24
546	296	24	24
547	295	24	24
548	296	23	23
549	296	23	23
549	295	23	23
549	295	23	23
550	295	24	24
550	294	24	24
551	295	24	22
551	294	23	23
551	294	24	24
552	293	24	24
552	294	24	22
552	293	23	23
553	293	24	24
552	293	24	24
554	293	22	24
554	294	23	23
554	293	24	24
555	293	22	24
555	293	23	23
554	293	23	23
555	293	24	24
555	293	24	24
556	293	22	22
556	293	22	22
555	293	23	23
555	293	23	23
556	293	23	23
555	293	23	23
555	293	24	24
555	292	24	24
555	293	22	22
556	293	22	22
555	293	23	23
556	293	23	23
555	293	23	23
555	292	23	23
556	292	24	24
555	293	24	24
556	293	22	22
556	293	22	22
556	293	23	23
555	293	23	23
555	293	23	23
555	293	23	23
555	292	24	24
555	293	24	24
555	294	22	22
555	293	22	22
556	293	23	23
556	293	23	23
555	292	23	23
555	293	23	23
555	293	24	24
554	292	24	24
556	293	22	22
555	294	22	22
556	293	23	23
555	293	23	23
555	292	23	23
555	293	23	23
555	293	24	24
554	292	24	24
555	293	24	22
556	292	23	23
555	292	24	24
556	293	22	24
555	292	23	23
556	293	23	23
555	292	24	24
555	293	24	24
555	293	24	22
556	293	23	23
555	292	24	24
555	293	24	24
555	293	24	22
556	292	23	23
556	292	24	24
555	292	24	24
555	292	24	24
556	293	24	22
556	293	24	24
555	292	24	24
555	292	24	24
556	293	22	22
556	293	23	23
556	293	23	23
555	293	23	23
556	293	23	23
556	293	24	24
555	293	24	24
555	293	24	24
555	293	24	22
556	293	24	24
555	293	24	24
555	294	24	22
556	293	23	23
556	292	24	24
555	293	24	24
555	292	24	24
555	294	24	22
556	293	24	24
555	292	24	24
554	292	24	24
555	293	24	22
555	292	24	24
556	292	24	24
555	292	24	24
556	294	24	22
555	293	24	24
555	292	24	24
555	292	24	24
555	294	24	22
556	293	24	24
555	292	24	24
555	292	24	24
555	293	24	22
568	299	38	32
593	320	47	35
628	344	47	41
664	370	50	44
704	400	54	47
746	433	58	50
791	475	33	31
790	475	32	32
762	489	32	32
748	499	33	33
735	507	33	26
722	504	30	30
706	497	34	34
693	489	34	34
694	489	35	35
675	478	31	35
665	474	33	33
657	470	33	33
651	466	34	34
648	463	31	34
643	462	33	33
642	460	31	33
640	460	32	32
637	460	32	32
637	460	33	33
636	460	33	33
636	461	31	33
635	461	32	32
635	461	32	32
634	461	33	33
633	461	33	33
633	461	33	33
632	461	33	33
634	462	31	34
632	462	33	33
632	462	33	33
631	461	33	33
631	462	33	33
632	462	32	34
631	462	33	33
631	462	33	33
632	462	32	33
631	462	33	33
631	462	33	33
631	462	32	33
631	462	33	33
631	461	33	33
631	462	32	33
631	463	33	33
631	462	33	33
632	462	32	33
631	462	33	33
631	462	33	33
632	462	33	33
632	462	32	34
631	462	33	33
631	462	33	33
632	462	32	33
631	463	33	33
632	462	33	33
632	462	32	33
632	463	33	33
632	462	32	33
631	462	33	33
631	462	33	33
632	462	32	33
631	462	33	33
632	462	33	33
632	462	32	33
632	463	33	33
632	462	32	33
631	463	33	33
631	462	32	33
631	462	33	33
632	462	33	33
632	462	32	33
632	462	33	33
631	462	33	33
632	462	32	33
631	462	33	33
632	462	33	33
632	462	32	33
631	463	33	33
632	462	33	33
632	462	32	33
631	463	33	33
632	462	33	33
632	462	32	33
632	462	33	33
632	462	32	33
631	462	33	33
632	462	32	33
632	462	33	33
632	463	33	33
632	462	32	33
631	463	33	33
632	462	33	33
632	461	32	33
631	462	33	33
632	462	33	33
632	462	32	33
631	463	33	33
631	462	33	33
632	462	32	33
632	462	33	33
632	462	32	33
632	463	33	33
632	463	33	33
632	462	32	33
632	463	33	33
632	462	33	33
632	461	32	33
631	462	33	33
631	463	33	33
632	462	33	33
632	462	32	33
632	462	32	33
632	462	33	33
631	462	33	33
631	462	32	33
631	462	33	33
632	462	33	33
632	462	32	33
631	462	33	33
632	462	33	33
632	463	31	31
633	464	31	31
632	463	31	31
632	462	32	35
633	461	31	33
632	462	32	32
631	462	33	33
631	462	33	33
632	461	32	33
631	462	33	33
632	462	33	33
632	462	32	33
631	463	33	33
632	462	32	33
632	462	33	33
631	462	33	33
632	462	32	33
632	462	33	33
632	462	31	33
632	462	32	32
632	462	33	33
631	462	33	33
630	462	33	33
632	462	31	33
631	463	32	32
631	463	33	33
632	463	31	33
632	463	32	32
632	462	31	33
632	463	32	32
632	463	32	32
632	462	33	33
632	463	32	33
631	462	33	33
632	463	32	33
632	462	33	33
632	462	31	33
632	462	32	32
632	462	33	33
632	462	32	33
631	463	33	33
632	462	32	33
632	462	33	33
632	463	31	33
632	463	32	32
631	462	33	33
632	462	32	33
631	462	33	33
632	462	32	33
632	463	33	33
632	463	32	33
631	462	33	33
631	463	33	33
633	462	32	33
632	462	33	33
632	462	32	33
631	463	33	33
632	463	32	33
632	462	33	33
632	462	31	33
631	462	32	32
632	463	33	33
632	462	31	33
631	463	32	32
632	462	33	33
632	463	33	33
632	462	32	33
631	462	33	33
632	462	32	33
632	463	33	33
631	463	33	33
632	462	33	33
632	462	31	33
632	463	33	33
632	462	33	33
631	462	33	33
632	462	33	33
633	462	32	34
632	462	33	33
632	462	32	33
632	462	33	33
632	462	33	33
632	462	32	33
632	462	33	33
632	462	33	33
632	462	32	33
632	462	33	33
632	462	32	33
631	463	33	33
632	462	33	33
632	462	32	33
632	462	33	33
632	462	33	33
633	462	32	33
632	462	33	33
632	461	33	33
632	462	33	33
633	461	32	34
632	462	33	33
631	462	33	33
632	462	33	33
632	461	32	34
632	462	33	33
632	462	33	33
633	461	32	34
632	462	33	33
632	462	32	33
632	462	33	33
632	462	33	33
632	462	32	33
631	462	33	33
632	463	33	33
632	462	32	33
631	463	33	33
631	462	33	33
632	462	32	33
631	462	33	33
631	462	33	33
632	462	32	33
631	462	33	33
632	462	33	33
632	461	32	33
631	463	33	33
632	462	33	33
632	462	32	33
631	463	33	33
632	462	33	33
632	461	32	33
632	462	33	33
632	462	33	33
632	462	32	33
631	463	33	33
631	462	33	33
631	462	33	33
633	462	32	34
632	462	33	33
632	462	32	33
632	462	33	33
632	462	33	33
632	462	32	33
631	462	33	33
631	462	33	33
632	461	32	34
631	462	33	33
632	462	33	33
632	462	32	34
632	463	32	33
632	462	33	33
632	462	33	33
632	463	32	33
632	462	33	33
632	462	33	33
632	462	32	33
632	462	33	33
631	463	33	33
632	462	32	33
631	463	33	33
631	462	33	33
632	462	33	33
632	462	32	33
631	463	33	33
632	462	33	33
632	462	32	33
631	462	33	33
632	462	33	33
632	462	32	33
631	462	33	33
632	462	33	33
632	462	32	33
631	462	33	33
632	462	33	33
632	462	32	33
632	462	32	33
632	462	33	33
632	463	32	33
632	462	33	33
632	462	31	33
631	462	32	32
632	462	33	33
632	462	31	33
631	463	32	32
632	463	33	33
632	463	31	33
631	463	32	32
632	462	33	33
632	462	31	33
631	462	32	32
632	463	33	33
632	463	31	33
632	463	32	32
632	462	33	33
632	463	32	33
631	462	33	33
632	462	31	33
633	461	32	32
644	412	33	48
656	385	32	40
667	361	28	36
675	339	28	32
683	319	27	30
689	301	26	29
696	285	22	27
702	274	20	20
704	266	22	20
703	266	21	21
701	265	21	21
699	265	21	21
698	266	22	22
696	267	22	22
694	268	22	22
692	270	22	22
690	271	23	23
688	273	23	23
686	275	23	23
684	277	23	23
682	278	24	24
681	280	22	24
679	282	23	23
677	284	23	23
674	287	24	22
674	288	23	23
672	290	23	23
670	291	23	23
668	293	24	24
665	296	24	24
663	297	24	24
661	299	24	24
660	301	25	25
658	303	25	25
655	305	25	25
653	307	25	23
652	309	25	25
650	310	25	25
648	313	25	25
645	315	25	25
642	317	26	26
642	320	24	24
640	322	24	24
637	323	24	24
636	325	25	25
633	327	25	25
632	329	25	25
629	331	25	25
627	333	26	26
624	335	26	26
623	336	26	26
620	339	26	26
618	341	27	27
615	343	27	27
614	345	27	27
612	348	27	27
610	349	25	28
612	352	21	24
611	318	23	92
591	272	61	185
579	150	86	429
573	321	97	85
576	181	92	367
663	293	82	147
663	146	80	441
755	77	63	50
799	75	30	40
795	75	35	40
796	77	33	37
796	76	35	41
795	77	34	38
805	75	24	41
796	80	42	32
819	49	49	24
829	47	35	28
831	0	32	24
838	0	28	22
840	1	25	20
847	0	18	57
791	0	131	94
898	75	27	27
900	77	21	21
900	79	22	17
905	79	19	15
903	52	23	71
894	5	41	165
749	166	172	47
654	61	55	24
662	61	36	21
661	62	37	22
666	61	29	23
663	62	35	21
662	62	36	21
661	61	37	22
665	61	29	23
667	62	26	21
668	63	24	19
672	61	21	21
666	61	29	22
662	62	34	20
661	61	35	21
660	61	36	22
664	61	28	22
661	62	34	20
661	62	35	21
665	61	27	22
662	62	33	20
666	62	26	20
667	60	23	23
663	62	31	23
665	61	27	22
629	62	100	20
660	63	36	20
665	62	27	21
662	64	32	19
666	63	25	20
692	52	32	18
699	51	32	19
665	62	30	20
662	62	33	19
661	62	34	20
665	62	26	21
662	63	32	19
661	62	33	20
664	62	34	20
666	62	27	21
663	64	32	19
662	63	33	20
662	62	35	21
661	62	36	21
665	61	28	22
662	63	34	20
661	63	35	21
661	62	36	22
665	62	28	22
662	62	34	20
661	62	35	21
665	61	27	22
662	62	33	20
666	62	26	20
663	63	31	18
663	64	32	19
666	63	25	20
664	61	30	23
661	62	35	21
665	62	27	22
662	63	33	20
666	62	26	20
667	63	23	18
665	62	28	21
662	63	33	19
662	63	34	20
666	62	26	21
663	63	32	19
666	62	25	20
664	61	30	22
661	62	35	21
665	62	27	21
662	63	32	19
662	62	34	20
666	61	26	21
663	62	32	19
662	63	33	20
666	62	26	20
667	61	23	23
663	64	31	19
662	63	33	19
662	62	34	20
661	63	35	21
660	62	37	22
664	61	29	23
661	62	35	21
660	62	36	21
665	61	28	22
662	62	34	20
665	62	26	21
663	63	32	19
662	62	33	20
666	62	26	20
663	60	31	23
660	62	36	21
664	61	28	22
662	62	34	20
661	62	35	21
660	61	36	22
664	61	28	22
661	62	34	20
661	63	35	21
665	62	27	22
662	62	33	20
661	62	34	20
660	62	36	21
664	62	28	22
662	63	33	20
661	62	35	21
660	62	36	21
664	61	28	22
661	62	34	20
661	62	35	21
660	62	36	22
664	61	28	22
661	62	34	20
660	62	35	21
664	63	27	22
662	62	33	20
665	62	26	20
666	60	23	23
631	61	94	23
663	62	31	21
661	62	35	21
665	62	27	21
667	63	24	19
668	62	22	22
668	61	22	22
668	61	22	22
667	61	22	22
692	50	32	18
663	64	33	19
663	63	34	20
667	62	26	21
668	63	24	19
696	53	27	17
666	61	26	22
663	62	32	19
662	62	34	20
661	62	35	21
661	62	36	22
665	62	28	22
662	63	34	20
661	62	35	21
665	62	27	22
662	63	33	20
666	62	26	20
632	61	94	23
664	62	31	21
667	62	26	20
668	61	23	23
664	63	31	19
663	62	33	19
662	64	34	20
662	62	35	21
666	61	27	22
663	63	33	20
667	62	26	20
668	64	23	18
665	62	28	21
663	63	33	19
662	62	34	20
666	62	26	21
663	63	32	19
663	63	33	20
666	63	26	20
668	62	23	23
668	64	23	19
665	61	28	21
663	63	33	20
666	62	26	20
668	63	23	18
665	62	28	21
663	63	33	19
662	64	34	20
661	62	35	21
665	61	27	22
667	63	25	20
668	62	22	22
664	61	30	22
666	62	26	21
663	63	32	19
667	63	25	20
634	61	90	22
662	62	36	20
662	63	36	21
661	62	37	22
621	62	118	23
661	62	35	21
661	62	36	22
622	62	114	22
662	62	34	20
661	62	35	21
667	61	27	22
694	62	20	20
700	62	16	20
697	51	14	18
696	52	16	16
671	52	67	16
661	62	33	22
623	62	111	22
662	61	33	22
665	62	27	21
667	63	24	19
668	61	22	22
692	50	31	17
663	64	32	19
662	63	33	20
666	62	26	20
632	61	94	23
664	63	31	21
627	63	103	20
665	63	31	20
699	49	20	20
689	51	27	16
698	53	21	17
670	63	24	31
662	61	28	22
662	60	20	20
656	63	13	16
633	40	24	23
614	42	38	19
613	40	31	21
614	40	26	21
616	41	19	19
598	44	15	15
599	45	12	15
600	45	11	16
599	44	13	18
602	44	15	15
604	45	12	16
603	43	14	19
602	44	13	17
603	44	12	15
602	42	14	18
603	44	13	16
603	44	11	14
603	43	13	17
614	40	20	20
612	41	27	20
614	41	32	19
613	40	38	20
613	41	44	22
614	42	42	21
611	42	48	20
664	62	20	22
663	90	22	17
664	88	31	19
663	61	33	20
661	63	35	21
665	61	27	21
629	38	28	24
666	61	26	21
631	39	27	24
663	63	33	20
666	61	26	21
668	64	24	19
695	51	28	17
700	53	30	18
668	61	24	23
668	63	24	19
695	51	28	17
664	62	29	22
666	61	25	20
667	63	23	18
637	42	21	21
665	61	24	21
631	40	27	23
663	63	32	20
662	62	34	20
661	62	35	21
665	62	27	22
629	62	100	20
663	63	30	20
629	39	29	24
661	60	36	21
665	62	28	22
666	62	25	20
633	61	92	23
664	62	30	20
667	62	25	20
634	61	92	23
661	62	37	20
666	63	27	22
630	62	100	20
662	61	36	22
665	62	28	23
667	59	26	20
664	61	31	23
662	62	36	21
666	61	28	22
667	62	25	20
634	61	92	23
660	62	37	20
665	62	27	22
629	40	29	25
665	61	27	21
630	62	98	19
662	61	35	22
665	63	28	22
667	61	25	20
668	61	22	22
633	61	92	23
665	62	30	20
629	62	102	20
662	63	36	20
662	62	36	22
666	62	28	22
667	63	25	20
666	64	31	18
633	63	97	19
659	61	34	21
621	61	111	22
659	63	36	22
620	61	114	22
659	64	34	20
663	62	26	21
629	39	28	24
664	58	30	21
667	63	25	20
668	63	23	18
666	62	27	20
668	64	24	19
669	61	22	22
635	42	22	22
613	39	45	22
659	61	40	21
664	61	29	23
661	62	35	21
624	62	110	22
662	62	33	22
660	61	36	21
664	63	28	22
666	62	25	20
632	61	92	23
665	62	30	20
629	62	102	20
662	63	36	20
662	62	36	22
666	62	28	22
667	63	25	20
669	64	23	18
666	61	28	21
668	63	24	19
669	60	22	22
665	62	29	22
663	62	34	20
662	62	36	21
662	62	37	22
666	61	29	23
663	61	35	21
667	61	27	21
631	62	98	19
661	61	35	22
622	62	111	22
660	62	36	20
623	62	109	21
662	63	32	21
661	62	36	21
623	61	111	22
658	62	40	22
618	61	121	24
660	65	36	19
660	62	36	21
664	62	28	22
