0.007046
0.034700
0.074805
0.088345
0.088750
0.033536
0.083869
0.075299
0.038235
0.076009
0.077139
0.036125
0.057245
0.033771
0.032511
0.075945
0.035502
0.036004
0.073535
0.028265
0.024645
0.075899
0.089775
0.028605
0.087809
0.078005
0.035248
0.085577
0.081309
0.074958
0.030120
0.085777
0.078968
0.089657
0.047894
0.039722
0.074656
0.034460
0.055223
0.023899
0.084874
0.070608
0.040075
0.073462
0.083779
0.030275
0.079422
0.088759
0.072917
0.022754
0.070111
0.029138
0.076849
0.028089
0.068330
0.077941
0.025618
0.092309
0.026453
0.073997
0.086984
0.084277
0.032911
0.085055
0.064824
0.036402
0.069087
0.030456
0.029858
0.078359
0.034785
0.075236
0.087169
0.102339
0.083277
0.040866
0.040146
0.039486
0.081932
0.037376
0.055346
0.034859
0.027015
0.095322
0.073679
0.033378
0.063207
0.036163
0.071615
0.077487
0.039166
0.085965
0.072091
0.090877
0.033215
0.063072
0.028326
0.076333
0.089714
0.094086
0.034533
0.078948
0.091322
0.077621
0.032390
0.085628
0.064927
0.028773
0.082609
0.082520
0.031237
0.071142
0.091717
0.084751
0.027076
0.074164
0.083622
0.030348
0.085374
0.075468
0.026438
0.081110
0.087738
0.032455
0.036013
0.086446
0.075128
0.029909
0.070395
0.031071
0.077245
0.074764
0.031857
0.076082
0.088175
0.088249
0.030344
0.071090
0.098458
0.093387
0.085974
0.026741
0.077630
0.082129
0.031277
0.078639
0.095029
0.080303
0.034405
0.071746
0.040430
0.031040
0.067604
0.038457
0.087742
0.074784
0.029407
0.088869
0.073776
0.081354
0.023716
0.078626
0.022462
0.085872
0.070613
0.028763
0.077364
0.030685
0.024071
0.031663
0.032223
0.078292
0.031140
0.070471
0.078530
0.033442
0.086462
0.070879
0.100088
0.031957
0.023215
0.082057
0.038212
0.084015
0.072756
0.093542
0.098829
0.080702
0.023738
0.079286
0.025014
0.067643
0.097036
0.029013
0.091517
0.033952
0.074900
0.090305
0.028536
0.078677
0.078409
0.035918
0.073960
0.081171
0.035634
0.074368
0.075860
0.033315
0.055106
0.034696
0.071151
0.099236
0.091190
0.087179
0.029675
0.063625
0.029742
0.075559
0.082882
0.090424
0.034908
0.081927
0.084442
0.028821
0.024777
0.081763
0.028129
0.024416
0.076070
0.025094
0.090380
0.067619
0.029464
0.081956
0.032413
0.101654
0.039432
0.076162
0.076359
0.028010
0.087699
0.072719
0.034661
0.025456
0.082470
0.030698
0.036193
0.093037
0.070254
0.038091
0.028522
0.074513
0.028950
0.070178
0.085929
0.028624
0.071616
0.035993
0.065074
0.030737
0.070557
0.086267
0.023728
0.099859
0.072260
0.082817
0.097606
0.028547
0.080368
0.085781
0.026945
0.089518
0.066751
0.088654
0.033314
0.069475
0.038644
0.038307
0.067142
0.028780
0.073777
0.082627
0.030162
0.096317
0.081051
0.080394
0.030413
0.077292
0.073775
0.025551
0.076876
0.024396
0.077732
0.079437
0.028739
0.077284
0.076229
0.033962
0.071621
0.092697
0.024563
0.087834
0.066055
0.030049
0.082301
0.076671
0.030641
0.082916
0.087845
0.085231
0.035301
0.066711
0.022991
0.091877
0.072932
0.026226
0.088968
0.078561
0.030686
0.030871
0.079965
0.028917
0.036966
0.071647
0.027970
0.082636
0.068624
0.034333
0.024338
0.073372
0.030330
0.083611
0.077848
0.030431
0.069617
0.032041
0.033376
0.092885
0.083476
0.026793
0.078067
0.071282
0.030275
0.068426
0.031909
0.063785
0.032624
0.031599
0.072879
0.031367
0.066188
0.092192
0.033909
0.033749
0.069204
0.023408
0.106939
0.067732
0.024533
0.022831
0.075125
0.029418
0.090674
0.074977
0.036682
0.069709
0.082544
0.035883
0.030754
0.091859
0.086760
0.087061
0.029559
0.093722
0.067760
0.027084
0.078221
0.094074
0.079118
0.032324
0.083609
0.075167
0.026309
0.103389
0.067605
0.035935
0.033066
0.069899
0.032752
0.059881
0.031825
0.068909
0.093296
0.026057
0.096726
0.086463
0.076392
0.032859
0.030339
0.070720
0.039396
0.030501
0.097705
0.068091
0.031489
0.074617
0.082848
0.038160
0.073564
0.073793
0.031614
0.064845
0.030067
0.086921
0.090640
0.088110
0.089062
0.091671
0.033872
0.075275
0.076914
0.089096
0.091776
0.031484
0.076170
0.026650
0.042361
0.077005
0.076875
0.038359
0.035486
0.077409
0.082339
0.029390
0.073575
0.081804
0.030700
0.078952
0.070757
0.027276
0.102248
0.069397
0.078882
0.035975
0.074449
0.084927
0.026439
0.089636
0.071950
0.036929
0.074618
0.082591
0.033743
0.029487
0.090407
0.086318
0.081310
0.030913
0.080916
0.073578
0.032134
0.078861
0.085469
0.090528
0.032164
0.085535
0.072554
0.030816
0.076078
0.083864
0.095360
0.093052
0.085144
0.097644
0.090714
0.091901
0.094614
0.100384
0.099070
0.089431
0.028988
0.035319
0.078094
0.086189
0.087176
0.027327
0.086619
0.081024
0.079643
0.029828
0.083913
0.099896
0.085221
0.091615
0.037342
0.081599
0.073327
0.098102
0.085025
0.046701
0.078479
0.066953
0.035506
0.081064
0.076277
0.042861
0.036706
0.079910
0.084852
0.097207
0.093628
0.082200
0.036721
0.072155
0.089486
0.028308
0.035727
0.082759
0.075934
0.090626
0.040550
0.065048
0.091668
0.026658
0.030828
0.085974
0.034386
0.052757
0.091424
0.093737
0.084721
0.032896
0.091659
0.081562
0.094606
0.106701
0.100261
0.081457
0.088255
0.030595
0.083952
0.076642
0.094274
0.025684
0.080407
0.077450
0.032584
0.086983
0.031060
0.075217
0.085314
0.026304
0.083664
0.084746
0.090268
0.098037
0.085351
0.039447
0.033605
0.077274
0.085301
0.031151
0.035363
0.077900
0.081964
0.031228
0.075626
0.073275
0.030228
0.100725
0.078716
0.073623
0.033929
0.076537
0.081339
0.030575
0.077648
0.079016
0.086001
0.036371
0.089710
0.092307
0.069420
0.032000
0.078002
0.024445
0.068349
0.093838
0.098373
0.084352
0.033458
0.078133
0.084580
0.090787
0.099887
0.024477
0.095083
0.022721
0.085619
0.093299
0.086798
0.029270
0.066985
0.029891
0.082632
0.079836
0.034850
0.066602
0.077423
0.029581
0.078913
0.083794
0.033133
0.029804
0.088184
0.078825
0.096169
0.025972
0.086290
0.068441
0.089992
0.031201
0.099401
0.031589
0.087421
0.071358
0.095876
0.025963
0.087116
0.076644
0.104872
0.094948
0.096030
0.087405
0.033418
0.071254
0.078503
0.028079
0.085342
0.071266
0.033001
0.036842
0.079922
0.086776
0.029619
0.078207
0.074781
0.029530
0.065159
0.095788
0.095927
0.093489
0.085212
0.030962
0.083078
0.090774
0.079257
0.031275
0.087340
0.098255
0.032282
0.070686
0.039272
0.098220
0.038143
0.091906
0.082390
0.079173
0.035644
0.030400
0.072731
0.036069
0.029122
0.085075
0.077676
0.039168
0.080053
0.069973
0.046139
0.078829
0.083339
0.080657
0.023080
0.076039
0.085511
0.025343
0.079946
0.024680
0.070057
0.087267
0.026803
0.067015
0.090511
0.025393
0.075238
0.087696
0.024047
0.107481
0.065263
0.029848
0.078482
0.075777
0.030000
0.074571
0.086144
0.030009
0.078193
0.078218
0.037886
0.073646
0.076109
0.028475
0.077226
0.086433
0.083456
0.034078
0.067160
0.029610
0.070086
0.081236
0.041549
0.030186
0.080449
0.094565
0.086568
0.035658
0.077334
0.030131
0.066708
0.077228
0.095280
0.040154
0.022864
0.076910
0.092949
0.095242
0.033046
0.078219
0.086776
0.028323
0.078391
0.082051
0.031998
0.036597
0.082830
0.084346
0.099850
0.089341
0.033868
0.028171
0.086935
0.081893
0.100843
0.030135
0.036544
0.092499
0.080188
0.086734
0.030374
0.067876
0.031605
0.064872
0.034827
0.059223
0.087964
0.036456
0.067375
0.082610
0.025036
0.076011
0.031910
0.080349
0.074815
0.028963
0.064177
0.034422
0.077689
0.088927
0.089336
0.083407
0.026047
0.077379
0.041203
0.031050
0.070855
0.025772
0.041949
0.069919
0.079408
0.040798
0.102370
0.028944
0.071239
0.034484
0.084959
0.072327
0.029454
0.076785
0.075065
0.093344
0.041914
0.060084
0.022741
0.079114
0.082768
0.026264
0.086924
0.073595
0.029428
0.082815
0.076715
0.090448
0.032357
0.076979
0.086396
0.030856
0.077500
0.075326
0.031647
0.068940
0.089738
0.028328
0.088694
0.089727
0.086174
0.085760
0.034301
0.080835
0.071168
0.025168
0.073449
0.026421
0.065549
0.087964
0.025905
0.085457
0.076387
0.024395
0.073792
0.028384
0.093019
0.066465
0.025358
0.082055
0.081733
0.030125
0.078008
0.085046
0.028891
0.071937
0.078262
0.033775
0.074386
0.084387
0.087180
0.030329
0.065097
0.035012
0.092106
0.071084
0.090788
0.030756
0.041225
0.064160
0.022785
0.037256
0.071412
0.033635
0.068301
0.083553
0.032260
0.093364
0.079558
0.086617
0.029851
0.069332
0.083479
0.094918
0.034044
0.032202
0.079842
0.080461
0.025905
0.074234
0.024061
0.045095
0.073503
0.031689
0.033661
0.079224
0.080784
0.038703
0.023973
0.034279
0.066403
0.083056
0.090884
0.031158
0.081834
0.073555
0.042362
0.031233
0.072406
0.086833
0.033952
0.075655
0.085726
0.029566
0.082620
0.071912
0.033321
0.038887
0.066056
0.027215
0.078482
0.086531
0.085680
0.033630
0.077387
0.092116
0.082789
0.034225
0.085054
0.080512
0.032611
0.104204
0.095430
0.041261
0.079332
0.076856
0.094436
0.087561
0.029965
0.075680
0.084954
0.028478
0.080290
0.076412
0.035999
0.033081
0.068501
0.090300
0.023504
0.081069
0.097478
0.093825
0.087206
0.028769
0.038755
0.075903
0.085172
0.031135
0.081608
0.071015
0.028465
0.078349
0.032044
0.082114
0.080069
0.085628
0.089808
0.089646
0.038017
0.033774
0.086382
0.087866
0.084077
0.027087
0.085043
0.085845
0.082871
0.034077
0.078384
0.090129
0.082632
0.033340
0.158365
0.045135
0.072853
0.072475
0.037301
0.087644
0.084867
0.027364
0.086464
0.092886
0.034132
0.046800
0.076865
0.033786
0.075046
0.090895
0.085868
0.030658
0.083559
0.091529
0.073989
0.034763
0.076311
0.081426
0.030450
0.079130
0.067108
0.033559
0.081108
0.078805
0.027621
0.079170
0.081087
0.028016
0.073071
0.029507
0.081965
0.079710
0.041163
0.026205
0.074470
0.033562
0.077678
0.088551
0.032955
0.029374
0.075369
0.032643
0.063966
0.031127
0.083966
0.066718
0.034354
0.067881
0.031577
0.069127
0.078099
0.022930
0.079930
0.030900
0.071374
0.085831
0.083607
0.034303
0.066140
0.028673
0.078330
0.077435
0.029212
0.160319
0.032166
0.067451
0.026867
0.077676
0.088763
0.092881
0.088413
0.105022
0.088108
0.098621
0.024217
0.069126
0.031389
0.085705
0.093111
0.066558
0.028303
0.077313
0.086729
0.090031
0.037463
0.100810
0.080415
0.032126
0.032378
0.075867
0.035630
0.077177
0.088223
0.041516
0.078482
0.073417
0.076654
0.037907
0.080130
0.072548
0.029454
0.078126
0.075570
0.030765
0.071048
0.086090
0.033411
0.089823
0.025655
0.026983
0.074981
0.023971
0.082254
0.095541
0.084813
0.039254
0.040864
0.092361
0.068238
0.028885
0.075578
0.087429
0.079095
0.034551
0.084195
0.078621
0.026741
0.080653
0.022865
0.042441
0.061368
0.023780
0.083142
0.074960
0.037390
0.035753
0.085793
0.093357
0.086745
0.093606
0.033836
0.072508
0.075613
0.030684
0.079514
0.085810
0.080399
0.027832
0.077740
0.035380
0.030774
0.074676
0.027078
0.097009
0.067820
0.031150
0.073638
0.077156
0.030739
0.079569
0.078609
0.026120
0.090503
0.075645
0.024169
0.076447
0.086261
0.025078
0.093410
0.078182
0.079431
0.031651
0.090879
0.071104
0.031413
0.073725
0.024679
0.076400
0.025508
0.031246
0.079251
0.033238
0.077770
0.082890
0.077678
0.033381
0.076845
0.078926
0.099914
0.030836
0.089326
0.071326
0.029806
0.067945
0.033269
0.033716
0.082012
0.093313
0.086297
0.029112
0.079484
0.085365
0.082745
0.030113
0.072857
0.087845
0.041520
0.077469
0.072670
0.030579
0.067955
0.030246
0.068240
0.076569
0.037184
0.080427
0.076374
0.024747
0.087155
0.075300
0.034619
0.087229
0.067434
0.030605
0.073688
0.087612
0.087290
0.034937
0.093398
0.088396
0.062121
0.043713
0.077903
0.081773
0.079647
0.093796
0.031356
0.079417
0.026623
0.035076
0.073215
0.029320
0.079216
0.089468
0.029431
0.067842
0.078039
0.028718
0.023556
0.086979
0.030600
0.071366
0.086353
0.084024
0.024294
0.103647
0.073187
0.084113
0.030326
0.065822
0.028870
0.082515
0.074981
0.090932
0.030529
0.082811
0.082251
0.029507
0.085964
0.083957
0.076625
0.028762
0.078671
0.085508
0.034090
0.068275
0.085342
0.030223
0.095944
0.069978
0.094287
0.026358
0.082408
0.021005
0.049477
0.021175
0.020726
0.020854
0.040866
0.021139
0.020747
0.020686
0.029330
0.020713
0.020862
0.031192
0.022019
0.020887
0.020694
0.039432
0.020713
0.020793
0.020965
0.032534
0.020681
0.020664
0.035504
0.021887
0.021122
0.050616
0.025063
0.082006
0.081150
0.023470
0.091924
0.102106
0.085690
0.087465
0.083405
0.024262
0.083581
0.081031
0.028726
0.077648
0.079384
0.022568
0.083938
0.086261
0.088008
0.021449
0.022963
0.048698
0.020883
0.020798
0.062298
0.083626
0.026275
0.024132
0.023613
0.022036
0.021498
0.030041
0.030376
0.021963
0.056975
0.022390
0.022086
0.021209
0.023124
0.022285
0.021676
0.021221
0.022970
0.021404
0.021319
0.035990
0.021564
0.020626
0.058567
0.111434
0.030660
0.069276
0.021969
0.022064
0.058672
0.042872
0.031424
0.085273
0.095631
0.081221
0.030558
0.088690
0.074548
0.088483
0.029568
0.086395
0.088283
0.035474
0.035748
0.086235
0.084306
0.082434
0.029685
0.086372
0.075385
0.039623
0.044235
0.035610
0.067466
0.037967
0.037776
0.065901
0.088573
0.025529
0.080715
0.096859
0.088271
0.031178
0.074689
0.089409
0.031345
0.042773
0.075073
0.090550
0.083701
0.032621
0.081591
0.086296
0.088845
0.031681
0.077070
0.080618
0.034354
0.081239
0.086321
0.029694
0.083566
0.089421
0.075684
0.030363
0.081523
0.085963
0.083160
0.034343
0.033829
0.075783
0.030850
0.034981
0.084247
0.075542
0.042102
0.046261
0.080699
0.095372
0.065584
0.031894
0.068163
0.091842
0.030103
0.071207
0.089707
0.034735
0.081924
0.084645
0.083854
0.033049
0.098871
0.085457
0.082516
0.095580
0.093156
0.084067
0.032917
0.082385
0.088675
0.086620
0.031888
0.082239
0.088506
0.084654
0.036962
0.034876
0.079874
0.087551
0.040181
0.039073
0.070255
0.094116
0.084955
0.033619
0.084171
0.078809
0.035895
0.025911
0.081432
0.032377
0.035484
0.088988
0.075554
0.035137
0.044456
0.046005
0.031504
0.084377
0.083685
0.035869
0.084372
0.080311
0.085658
0.040406
0.091818
0.076775
0.078644
0.102764
0.090644
0.091495
0.036083
0.073800
0.088677
0.089995
0.087580
0.029942
0.069201
0.086832
0.030651
0.088964
0.077087
0.034335
0.103216
0.076844
0.084364
0.084223
0.095784
0.025994
0.087766
0.083653
0.088793
0.097121
0.087032
0.023677
0.086896
0.093536
0.086846
0.032531
0.070315
0.033845
0.074514
0.073183
0.040669
0.086756
0.083144
0.085203
0.088126
0.090231
0.045726
0.076213
0.081976
0.081483
0.093792
0.100440
0.025413
0.066438
0.025053
0.091465
0.078508
0.096658
0.038226
0.086243
0.087358
0.080347
0.096943
0.086536
0.097568
0.098780
0.089244
0.031749
0.036555
0.088318
0.083593
0.087147
0.035285
0.037012
0.090636
0.092539
0.072062
0.033623
0.035209
0.075873
0.088583
0.024693
0.099587
0.080009
0.089290
0.092932
0.097113
0.087947
0.031062
0.083859
0.091509
0.071973
0.096183
0.043088
0.081385
0.090705
0.087164
0.087598
0.033860
0.080306
0.089581
0.092239
0.088827
0.032654
0.078516
0.085041
0.037561
0.032555
0.083665
0.100114
0.090111
0.084240
0.031834
0.079264
0.085357
0.026266
0.029968
0.083595
0.086297
0.085936
0.034364
0.077222
0.099980
0.084336
0.036506
0.043050
0.085915
0.071403
0.034996
0.106129
0.079332
0.090388
0.084364
0.100309
0.108364
0.082221
0.092465
0.101328
0.104179
0.080702
0.103824
0.115053
0.104710
0.076901
0.081450
0.092856
0.029667
0.066777
0.092653
0.030846
0.078180
0.084544
0.040586
0.078259
0.077730
0.094968
0.100502
0.085248
0.030638
0.086196
0.093418
0.090116
0.095115
0.089538
0.098755
0.026195
0.102336
0.034200
0.092577
0.082751
0.078247
0.033326
0.086174
0.079148
0.086190
0.029289
0.082288
0.080805
0.087070
0.041003
0.037126
0.067345
0.035744
0.077183
0.078751
0.098968
0.109620
0.083908
0.094975
0.093061
0.087725
0.030617
0.097468
0.110937
0.041022
0.063514
0.085648
0.028067
0.097230
0.093803
0.082471
0.106736
0.091246
0.082696
0.025655
0.097648
0.079022
0.086857
0.089931
0.031738
0.089905
0.075821
0.022987
0.067595
0.022563
0.085978
0.079134
0.031631
0.090370
0.174024
0.101395
0.088369
0.090068
0.031204
0.066150
0.031587
0.092721
0.076377
0.103259
0.082818
0.029592
0.030317
0.073795
0.040979
0.070903
0.079879
0.099233
0.031392
0.039413
0.084125
0.070856
0.036066
0.079273
0.075211
0.044462
0.078374
0.084787
0.081711
0.035834
0.060789
0.091915
0.094210
0.029055
0.087225
0.079187
0.033872
0.035517
0.074048
0.094937
0.093017
0.026268
0.033989
0.074302
0.088172
0.093755
0.035118
0.083699
0.089308
0.091960
0.027181
0.080968
0.090288
0.094639
0.086740
0.040699
0.023639
0.086804
0.096152
0.025155
0.039799
0.083811
0.085112
0.084346
0.035864
0.085972
0.080557
0.083739
0.032386
0.085918
0.091352
0.094200
0.082758
0.036488
0.035167
0.086115
0.082942
0.035183
0.073941
0.090132
0.092337
0.034513
0.071327
0.171106
0.028452
0.091757
0.074764
0.089164
0.039022
0.077893
0.086856
0.082078
0.033705
0.077342
0.086451
0.091815
0.094030
0.036286
0.035759
0.069558
0.033790
0.029804
0.087782
0.082576
0.036731
0.032376
0.078551
0.030880
0.040222
0.042452
0.079062
0.089154
0.103882
0.097529
0.073469
0.030484
0.024929
0.087647
0.095337
0.085153
0.031054
0.072475
0.089969
0.087052
0.039597
0.068763
0.081623
0.030438
0.079952
0.093813
0.092651
0.035944
0.024758
0.088068
0.090227
0.028826
0.114935
0.070640
0.093237
0.083734
0.093939
0.033245
0.096220
0.071450
0.095036
0.095765
0.099024
0.083040
0.030682
0.092195
0.084081
0.115126
0.096482
0.075298
0.079113
0.041824
0.091579
0.060774
0.092010
0.034936
0.092553
0.088867
0.088788
0.087106
0.106340
0.099905
0.083943
0.083086
0.092880
0.035613
0.084301
0.087856
0.095701
0.104716
0.095534
0.084313
0.089827
0.102035
0.078976
0.031097
0.073837
0.088559
0.036978
0.035163
0.088242
0.082897
0.098651
0.087214
0.099489
0.089072
0.042343
0.040369
0.079642
0.098312
0.079258
0.037387
0.102858
0.084374
0.091268
0.094189
0.169239
0.027040
0.104999
0.037200
0.096070
0.108078
0.033535
0.097446
0.072177
0.073039
0.031271
0.086411
0.079761
0.091865
0.091364
0.090974
0.030190
0.094593
0.075557
0.033476
0.074414
0.097318
0.068510
0.088628
0.095758
0.035887
0.062605
0.095371
0.036380
0.094195
0.033690
0.090025
0.076969
0.038736
0.076679
0.086177
0.088189
0.084189
0.034390
0.083710
0.070400
0.032722
0.037436
0.077036
0.034513
0.068146
0.084286
0.092779
0.092917
0.035171
0.076552
0.079729
0.031377
0.081234
0.082293
0.089082
0.092058
0.033749
0.037565
0.070506
0.093009
0.099500
0.097830
0.081079
0.037567
0.063008
0.032222
0.084631
0.090604
0.074292
0.035187
0.036729
0.086819
0.086243
0.083447
0.038565
0.038393
0.100832
0.037319
0.071631
0.097142
0.092408
0.033861
0.077852
0.077761
0.095778
0.035143
0.081769
0.096692
0.085608
0.077903
0.035967
0.088639
0.081833
0.089204
0.091672
0.027090
0.087301
0.093035
0.088525
0.085801
0.036645
0.078169
0.100414
0.075867
0.094930
0.030488
0.104099
0.034360
0.036003
0.068687
0.039785
0.074431
0.074242
0.031496
0.083387
0.083841
0.087733
0.035046
0.038336
0.073731
0.083508
0.093558
0.027874
0.086103
0.085152
0.026101
0.086759
0.077398
0.088723
0.035952
0.077741
0.078274
0.096020
0.036325
0.031784
0.092112
0.083852
0.094368
0.084604
0.035544
0.081689
0.094544
0.076927
0.087241
0.032823
0.073744
0.031853
0.031490
0.082243
0.081290
0.046795
0.035792
0.164106
0.092320
0.033290
0.074817
0.034604
0.070199
0.087334
0.035148
0.038939
0.079411
0.081286
0.031979
0.077184
0.097051
0.082769
0.087748
0.035910
0.082213
0.077097
0.082831
0.039819
0.075263
0.081593
0.035014
0.085630
0.078005
0.080154
0.031010
0.075369
0.082344
0.032797
0.077061
0.080193
0.093667
0.033514
0.078262
0.079432
0.097045
0.039829
0.068426
0.087219
0.095366
0.025031
0.101674
0.031093
0.088943
0.080743
0.086720
0.035830
0.081950
0.097428
0.076346
0.085251
0.038688
0.077692
0.080331
0.031243
0.086114
0.112540
0.072395
0.083214
0.090762
0.032986
0.034283
0.077013
0.093494
0.026900
0.099134
0.060505
0.094398
0.029199
0.100785
0.049012
0.069958
0.076961
0.034760
0.027438
0.093189
0.085617
0.088756
0.034219
0.082296
0.080460
0.086625
0.032442
0.039562
0.075386
0.083159
0.036511
0.023779
0.074883
0.032833
0.077113
0.078152
0.032922
0.102554
0.074806
0.082276
0.084761
0.031568
0.086171
0.073663
0.091474
0.029841
0.089985
0.092037
0.086495
0.089066
0.034805
0.064912
0.083985
0.031851
0.089201
0.086870
0.081581
0.024067
0.083536
0.090451
0.084604
0.031091
0.084714
0.082337
0.092909
0.084790
0.031618
0.081483
0.082037
0.024858
0.032153
0.080729
0.104291
0.087786
0.097223
0.093964
0.100512
0.098220
0.084669
0.027155
0.102121
0.078176
0.106874
0.093238
0.084605
0.078857
0.093369
0.036559
0.036332
0.080470
0.091786
0.095491
0.084528
0.091590
0.034517
0.084084
0.092496
0.096179
0.091140
0.086200
0.083726
0.040790
0.083054
0.092097
0.081972
0.086118
0.036133
0.086313
0.089702
0.081927
0.083078
0.026658
0.081821
0.080801
0.035557
0.089791
0.100520
0.090430
0.065673
0.032775
0.081721
0.116556
