0.002293
0.053626
0.075005
0.081855
0.082669
0.028402
0.031762
0.061261
0.027428
0.038952
0.029655
0.081259
0.073843
0.088616
0.092139
0.081946
0.078893
0.032113
0.063318
0.075735
0.028754
0.030221
0.065030
0.087058
0.084293
0.028481
0.023626
0.060139
0.085001
0.082435
0.091297
0.088145
0.073271
0.032542
0.025294
0.077553
0.094183
0.081002
0.079379
0.026888
0.026393
0.076550
0.077896
0.083970
0.026615
0.036486
0.034290
0.071285
0.082721
0.078133
0.027429
0.069422
0.081458
0.088219
0.034139
0.030774
0.079291
0.076879
0.076317
0.032920
0.028393
0.065320
0.079752
0.031456
0.032010
0.076599
0.074424
0.079222
0.030170
0.024688
0.071192
0.034446
0.032307
0.028138
0.066582
0.087257
0.087382
0.078903
0.033081
0.066074
0.079764
0.078509
0.028913
0.035186
0.068578
0.079234
0.088143
0.080970
0.088097
0.030678
0.030566
0.028840
0.067181
0.085682
0.091012
0.082740
0.029602
0.065456
0.075717
0.079268
0.080398
0.036604
0.034353
0.084650
0.061647
0.029196
0.029780
0.075377
0.069160
0.083395
0.028273
0.029031
0.050472
0.033240
0.029188
0.072470
0.073178
0.079175
0.030964
0.071062
0.074321
0.077461
0.028346
0.029777
0.084261
0.087512
0.072623
0.029833
0.037743
0.070257
0.073752
0.028683
0.032393
0.028312
0.078029
0.084183
0.080436
0.082993
0.028047
0.079411
0.067005
0.079857
0.030220
0.029309
0.072334
0.084719
0.080836
0.029107
0.030788
0.085070
0.073261
0.087018
0.070503
0.032342
0.035954
0.071215
0.029064
0.029242
0.064123
0.075400
0.025590
0.081629
0.077897
0.088485
0.081450
0.082709
0.077617
0.028716
0.041075
0.063407
0.081758
0.085268
0.092304
0.079006
0.082353
0.093842
0.084270
0.031143
0.025389
0.078934
0.081054
0.074229
0.028087
0.023584
0.072806
0.087696
0.080465
0.085072
0.027310
0.035332
0.075164
0.072469
0.030892
0.032218
0.023954
0.076324
0.026018
0.030117
0.087067
0.027193
0.075397
0.084896
0.027522
0.036801
0.067177
0.082655
0.089404
0.094244
0.056182
0.032070
0.031452
0.066369
0.075230
0.082106
0.027896
0.043232
0.064232
0.077914
0.029534
0.034851
0.070082
0.078368
0.028638
0.027923
0.073034
0.072336
0.089790
0.081465
0.094722
0.084466
0.029892
0.062938
0.091243
0.068139
0.079455
0.028783
0.028884
0.073601
0.073551
0.029732
0.040403
0.038079
0.073969
0.070440
0.074831
0.032583
0.030074
0.066693
0.084652
0.081754
0.095104
0.082122
0.037351
0.030835
0.043070
0.071799
0.068223
0.028479
0.023731
0.075824
0.080735
0.033977
0.028980
0.080660
0.077556
0.082768
0.081162
0.034442
0.030205
0.066090
0.077398
0.032447
0.098773
0.030814
0.072677
0.076978
0.084070
0.079765
0.031987
0.033372
0.067365
0.083455
0.090135
0.089276
0.091614
0.082201
0.078328
0.085761
0.030359
0.075320
0.068918
0.079364
0.030373
0.031338
0.023004
0.083298
0.079216
0.084272
0.029289
0.029412
0.074544
0.075607
0.089655
0.084595
0.077785
0.028855
0.032346
0.064044
0.071005
0.033340
0.024574
0.080610
0.076366
0.035874
0.036045
0.061494
0.082102
0.083023
0.036805
0.067238
0.062675
0.030323
0.034642
0.072095
0.086086
0.085150
0.096041
0.078010
0.083708
0.089665
0.024917
0.085236
0.060033
0.084996
0.031632
0.028536
0.030039
0.071582
0.085771
0.082376
0.037728
0.034206
0.030301
0.063121
0.079155
0.033525
0.033838
0.068273
0.074777
0.029181
0.022151
0.066885
0.084021
0.090369
0.076769
0.034955
0.027898
0.060057
0.074036
0.033093
0.028508
0.072329
0.073041
0.028340
0.028061
0.072304
0.077688
0.087215
0.028381
0.033760
0.080465
0.068394
0.077777
0.033535
0.072764
0.078937
0.075072
0.029711
0.027926
0.072403
0.073975
0.031445
0.030656
0.075708
0.071854
0.085408
0.081547
0.086584
0.029645
0.069851
0.077723
0.080137
0.084926
0.025287
0.031280
0.070835
0.078043
0.026818
0.031897
0.078204
0.069587
0.040167
0.030061
0.063342
0.074216
0.090014
0.035192
0.029479
0.073027
0.068083
0.083522
0.085637
0.028824
0.074723
0.077240
0.081953
0.025966
0.070554
0.068705
0.077509
0.028329
0.077439
0.085047
0.080426
0.081222
0.086384
0.086522
0.028509
0.040850
0.070892
0.079273
0.087389
0.027980
0.027411
0.072119
0.076694
0.082458
0.027067
0.026792
0.074656
0.082026
0.091201
0.080244
0.032641
0.030258
0.076475
0.084731
0.099496
0.028596
0.074468
0.088574
0.076069
0.033826
0.031621
0.067673
0.079884
0.031258
0.065424
0.072530
0.080669
0.027710
0.067949
0.069519
0.083661
0.029169
0.063612
0.075401
0.037767
0.039909
0.043730
0.059718
0.079357
0.031204
0.022736
0.072797
0.095787
0.072611
0.032986
0.029568
0.079802
0.067195
0.085557
0.028788
0.027749
0.076252
0.078377
0.028045
0.028995
0.057936
0.028051
0.077457
0.070061
0.081517
0.081667
0.029017
0.024209
0.066355
0.030200
0.028044
0.071599
0.071260
0.028742
0.028162
0.078377
0.068512
0.031425
0.029591
0.067322
0.071183
0.032308
0.030162
0.067126
0.028679
0.030309
0.083265
0.075528
0.082383
0.032825
0.029521
0.069792
0.028217
0.062792
0.076468
0.079335
0.026870
0.088598
0.068572
0.072042
0.028838
0.030911
0.067763
0.077021
0.085980
0.028475
0.026735
0.091099
0.059002
0.030134
0.030987
0.075452
0.070270
0.031866
0.029514
0.069265
0.082217
0.030036
0.034732
0.029664
0.073483
0.075982
0.029102
0.031618
0.032285
0.067647
0.032480
0.032651
0.078674
0.069554
0.084927
0.034070
0.028610
0.068947
0.079952
0.035275
0.029852
0.084102
0.075162
0.075428
0.089276
0.080215
0.032584
0.038266
0.070618
0.076832
0.028259
0.033437
0.082351
0.077366
0.083294
0.084395
0.028983
0.033805
0.070531
0.079401
0.079602
0.099040
0.025145
0.035485
0.031581
0.069675
0.084340
0.081093
0.028148
0.065809
0.078042
0.080501
0.029727
0.025540
0.078516
0.083193
0.088927
0.091596
0.079948
0.084947
0.032538
0.031617
0.061392
0.080192
0.035506
0.036098
0.066753
0.083395
0.104945
0.087507
0.070790
0.034183
0.028863
0.087590
0.071892
0.081340
0.083283
0.031580
0.031209
0.082102
0.075254
0.092523
0.078490
0.033684
0.030228
0.095526
0.062631
0.092314
0.086111
0.084140
0.089858
0.079656
0.032288
0.099464
0.031797
0.030746
0.070770
0.077036
0.030099
0.067308
0.080100
0.075353
0.031851
0.033273
0.060841
0.033660
0.025502
0.070618
0.074970
0.034818
0.026874
0.084928
0.069213
0.030324
0.033520
0.069105
0.031846
0.029043
0.081147
0.068840
0.030242
0.068977
0.075921
0.088414
0.082069
0.091543
0.074739
0.033021
0.030167
0.068463
0.081040
0.095973
0.081252
0.089620
0.022318
0.064653
0.022121
0.021410
0.023132
0.021711
0.030771
0.021756
0.021852
0.023771
0.022233
0.021760
0.022322
0.021835
0.022066
0.022395
0.025750
0.023654
0.037433
0.033994
0.022008
0.080456
0.081030
0.077985
0.078998
0.023903
0.023408
0.084736
0.079774
0.022706
0.030699
0.023443
0.084167
0.080541
0.022961
0.023089
0.022437
0.121767
0.031566
0.051664
0.023870
0.022191
0.022967
0.022720
0.057302
0.023665
0.065372
0.068179
0.024765
0.066435
0.082231
0.083120
0.089576
0.094162
0.086510
0.091269
0.082539
0.079108
0.031629
0.029771
0.071426
0.076709
0.029418
0.023899
0.074999
0.084239
0.080132
0.039786
0.032459
0.079080
0.076241
0.088790
0.083007
0.075781
0.079346
0.034634
0.034333
0.074541
0.087628
0.071395
0.084793
0.028401
0.032294
0.069734
0.071996
0.035423
0.029329
0.033287
0.060977
0.087627
0.078571
0.024314
0.099323
0.096786
0.082355
0.081498
0.031555
0.028719
0.029883
0.075065
0.081293
0.080399
0.024475
0.085292
0.065521
0.085992
0.077904
0.081180
0.026963
0.038886
0.077408
0.094832
0.064911
0.085278
0.077147
0.032230
0.031845
0.076031
0.074528
0.033753
0.075529
0.068422
0.084441
0.032058
0.027795
0.077044
0.073299
0.095193
0.072431
0.033639
0.030499
0.086792
0.062986
0.029353
0.032373
0.070218
0.072598
0.080607
0.082432
0.034076
0.084635
0.029953
0.030048
0.076706
0.069551
0.033275
0.028360
0.073777
0.088687
0.080876
0.079790
0.028641
0.030273
0.035525
0.039255
0.031387
0.071328
0.080932
0.078282
0.031606
0.031291
0.075732
0.081103
0.087662
0.089813
0.082172
0.083106
0.027334
0.028659
0.073754
0.081328
0.079073
0.086148
0.029470
0.034465
0.072465
0.072496
0.076394
0.029533
0.033245
0.077454
0.076518
0.074275
0.030522
0.029833
0.077906
0.069830
0.033947
0.038474
0.029101
0.074162
0.072377
0.029993
0.066121
0.074930
0.079386
0.086833
0.093968
0.084204
0.025903
0.031698
0.069522
0.080012
0.086521
0.087584
0.082467
0.025422
0.040128
0.029320
0.072104
0.076043
0.086168
0.032370
0.030428
0.083752
0.070560
0.079147
0.029656
0.034359
0.030013
0.066357
0.030377
0.096496
0.095810
0.084229
0.086184
0.073739
0.033440
0.032371
0.030010
0.079580
0.079543
0.075966
0.091891
0.077047
0.028912
0.023530
0.079251
0.085328
0.082847
0.024341
0.024893
0.027539
0.085772
0.078426
0.085850
0.074452
0.030418
0.034147
0.066533
0.079005
0.085438
0.086182
0.024936
0.029272
0.071196
0.076446
0.081204
0.076863
0.032045
0.031912
0.078130
0.073758
0.031862
0.028726
0.082667
0.074141
0.085506
0.030601
0.057237
0.081872
0.088950
0.074231
0.030195
0.033529
0.160075
0.032728
0.025025
0.086653
0.081860
0.080774
0.081653
0.031702
0.033031
0.070078
0.079652
0.083031
0.099497
0.076163
0.080721
0.077951
0.031568
0.031206
0.071689
0.077378
0.032176
0.024025
0.077848
0.090378
0.083697
0.029974
0.071294
0.089464
0.067178
0.088067
0.086574
0.033949
0.038626
0.026467
0.086892
0.083005
0.098272
0.081514
0.077482
0.086014
0.084657
0.025491
0.037771
0.028288
0.099930
0.032385
0.088901
0.065824
0.082481
0.026010
0.034026
0.028210
0.071710
0.086102
0.089165
0.079662
0.029454
0.030377
0.078345
0.069757
0.094860
0.074140
0.079031
0.085553
0.086799
0.075869
0.094250
0.081025
0.029502
0.099385
0.090046
0.085938
0.088447
0.085260
0.081584
0.031467
0.086909
0.029249
0.025699
0.065937
0.078109
0.074153
0.028289
0.028987
0.076875
0.061925
0.030982
0.062750
0.078754
0.034191
0.028406
0.060134
0.082773
0.078352
0.093157
0.068957
0.028375
0.051536
0.025224
0.032118
0.086599
0.056214
0.081371
0.030884
0.034979
0.035696
0.065236
0.081197
0.025727
0.030219
0.077157
0.079321
0.084719
0.027274
0.033724
0.069270
0.077460
0.038869
0.033597
0.062302
0.102659
0.078744
0.085109
0.079828
0.028168
0.035228
0.065970
0.076473
0.035844
0.025606
0.025229
0.073728
0.090957
0.077623
0.030952
0.029377
0.053059
0.029839
0.066563
0.075994
0.080764
0.080354
0.029051
0.027463
0.079117
0.077865
0.089328
0.030248
0.076664
0.044400
0.065546
0.079066
0.083625
0.082238
0.083909
0.088583
0.035842
0.090282
0.095187
0.073702
0.034220
0.095683
0.088933
0.027093
0.044082
0.078342
0.073706
0.077994
0.031518
0.029000
0.091298
0.032308
0.072447
0.075704
0.091133
0.090704
0.085742
0.081407
0.028187
0.035158
0.029535
0.061404
0.088401
0.075817
0.031336
0.032061
0.072792
0.076410
0.032328
0.068274
0.080262
0.075809
0.030478
0.023150
0.078011
0.079980
0.094911
0.083384
0.081137
0.030875
0.064506
0.078357
0.086579
0.085551
0.023605
0.029526
0.082401
0.074645
0.087413
0.081796
0.088763
0.087003
0.086526
0.035497
0.042299
0.070744
0.080580
0.085787
0.093601
0.083996
0.081870
0.090604
0.085111
0.069944
0.079317
0.028912
0.039853
0.075953
0.080192
0.076936
0.085191
0.025213
0.041665
0.097209
0.082879
0.035342
0.032136
0.034277
0.076052
0.075214
0.028759
0.024126
0.086946
0.090222
0.078096
0.076088
0.032200
0.040790
0.060211
0.078837
0.035445
0.024282
0.074800
0.076801
0.089428
0.078724
0.085481
0.026228
0.148736
0.028145
0.068102
0.081281
0.083693
0.082686
0.041515
0.029837
0.070709
0.076887
0.033590
0.028108
0.075773
0.079231
0.030213
0.038852
0.071078
0.082444
0.079869
0.026214
0.085786
0.026965
0.077360
0.080864
0.033108
0.031885
0.025172
0.076889
0.083537
0.027014
0.028370
0.072339
0.081303
0.082660
0.093719
0.077935
0.036671
0.034165
0.069498
0.082554
0.106553
0.109681
0.064410
0.083950
0.082884
0.083001
0.091518
0.093509
0.081835
0.093080
0.081828
0.072366
0.093321
0.030268
0.031918
0.031148
0.069591
0.093535
0.085678
0.079399
0.028036
0.023090
0.071748
0.082652
0.086517
0.032426
0.068151
0.086452
0.072593
0.031337
0.032167
0.088195
0.068630
0.078031
0.031039
0.029833
0.075669
0.076716
0.037004
0.026562
0.077003
0.077713
0.086814
0.079445
0.034060
0.030356
0.079273
0.065108
0.033229
0.029709
0.074232
0.070662
0.030735
0.034546
0.084383
0.068245
0.030921
0.023576
0.083000
0.078065
0.091956
0.083339
0.091929
0.078109
0.100730
0.085438
0.088165
0.088874
0.082818
0.028625
0.037778
0.027993
0.070003
0.083076
0.028559
0.032967
0.078770
0.071325
0.031316
0.032336
0.079512
0.072556
0.082623
0.076813
0.029835
0.033319
0.085468
0.078094
0.081862
0.089086
0.093489
0.082102
0.082486
0.078103
0.048748
0.025410
0.067317
0.092118
0.088527
0.080198
0.081086
0.082752
0.040413
0.025073
0.071707
0.074752
0.029989
0.030627
0.076334
0.068556
0.029352
0.032235
0.067770
0.076332
0.038187
0.031293
0.076420
0.079904
0.081903
0.077950
0.029949
0.084052
0.027227
0.072140
0.080083
0.084331
0.030582
0.030233
0.066882
0.078853
0.095391
0.080682
0.080705
0.091372
0.038969
0.029862
0.074017
0.074623
0.030701
0.086575
0.023479
0.032619
0.074437
0.079621
0.079687
0.077994
0.037635
0.036289
0.066329
0.081211
0.087986
0.085666
0.090937
0.079274
0.033307
0.022868
0.021525
0.052047
0.079952
0.077948
0.029674
0.030402
0.084097
0.077211
0.095125
0.075477
0.033019
0.036469
0.079015
0.070210
0.033370
0.045373
0.030596
0.077626
0.084724
0.086547
0.026963
0.036607
0.030014
0.070299
0.080999
0.085007
0.028652
0.031374
0.075868
0.072486
0.030915
0.028141
0.098769
0.067107
0.087752
0.078967
0.096002
0.085555
0.088970
0.076769
0.030273
0.025160
0.082753
0.073587
0.037014
0.028963
0.061942
0.082095
0.027783
0.029797
0.079953
0.071584
0.096738
0.079381
0.028830
0.033599
0.024948
0.073459
0.097159
0.085901
0.083295
0.080152
0.028114
0.060196
0.091063
0.082276
0.030628
0.030600
0.028488
0.077122
0.075135
0.028632
0.070159
0.080839
0.085689
0.082897
0.032432
0.030763
0.064013
0.090298
0.083773
0.090987
0.081603
0.029876
0.032657
0.028260
0.082945
0.074978
0.097993
0.078464
0.030555
0.036521
0.029848
0.062313
0.085129
0.075728
0.028594
0.031981
0.071896
0.075544
0.079152
0.024956
0.095398
0.027175
0.029068
0.070834
0.034885
0.028711
0.077439
0.067533
0.078717
0.031479
0.066125
0.079886
0.082827
0.078896
0.035758
0.028355
0.077965
0.074025
0.029187
0.092702
0.039564
0.031698
0.076877
0.075344
0.083662
0.077835
0.032328
0.073656
0.067706
0.084367
0.029353
0.033430
0.094031
0.074764
0.078721
0.086650
0.084504
0.029163
0.036027
0.034435
0.078287
0.066230
0.030996
0.038411
0.072958
0.076951
0.083302
0.085865
0.080826
0.083488
0.028666
0.068125
0.078149
0.094267
0.092515
0.081712
0.026935
0.035841
0.070356
0.076555
0.096813
0.028900
0.031061
0.076894
0.071460
0.084529
0.082906
0.028914
0.074383
0.086529
0.071444
0.083295
0.028540
0.030324
0.073478
0.072344
0.034920
0.087741
0.035964
0.041339
0.066554
0.084787
0.082917
0.083058
0.086306
0.089863
0.023988
0.087145
0.066976
0.080565
0.032609
0.033302
0.082352
0.085761
0.078463
0.081543
0.088292
0.081638
0.097425
0.090904
0.076701
0.028297
0.069354
0.080148
0.087198
0.076012
0.034973
0.059364
0.084904
0.074399
0.093371
0.078043
0.028767
0.073328
0.080317
0.073025
0.093180
0.030303
0.067038
0.070395
0.030893
0.029915
0.074394
0.077615
0.089193
0.078639
0.029372
0.080014
0.085137
0.080114
0.083104
0.025293
0.052823
0.091793
0.045824
0.038894
0.036858
0.066133
0.079278
0.083051
0.041003
0.032189
0.062175
0.082350
0.083726
0.028504
0.032244
0.031969
0.081453
0.081064
0.094698
0.086912
0.080227
0.086513
0.035056
0.034416
0.029988
0.074269
0.076895
0.033998
0.023127
0.071288
0.031344
0.028426
0.086517
0.082975
0.084837
0.078959
0.097447
0.099660
0.161769
0.044889
0.038273
0.064365
0.079129
0.079544
0.027337
0.026009
0.080760
0.080959
0.082151
0.023513
0.068292
0.082144
0.025441
0.026992
0.034838
0.146283
0.029826
0.068470
0.084059
0.079847
0.100442
0.086338
0.086549
0.089318
0.033882
0.030463
0.070721
0.084551
0.093360
0.085356
0.073419
0.031396
0.030671
0.061748
0.081406
0.030058
0.065592
0.077403
0.094229
0.077018
0.091455
0.098021
0.091059
0.078004
0.086119
0.025710
0.037819
0.073293
0.087563
0.065473
0.033296
0.026679
0.083183
0.074964
0.086890
0.099236
0.084838
0.080677
0.037622
0.038920
0.090995
0.035544
0.079180
0.083857
0.080203
0.084318
0.043221
0.030357
0.098495
0.031493
0.077163
0.090059
0.076273
0.079773
0.028246
0.077025
0.076918
0.030679
0.024916
0.074668
0.092126
0.078285
0.029999
0.030075
0.077884
0.082476
0.078794
0.026300
0.033334
0.073673
0.076490
0.081927
0.085190
0.032465
0.064640
0.079649
0.086257
0.030458
0.024948
0.080575
0.095751
0.072061
0.085982
0.028989
0.029641
0.083953
0.072077
0.027213
0.037689
0.066939
0.076997
0.092254
0.086680
0.031882
0.060420
0.083607
0.076552
0.028708
0.084913
0.067122
0.090398
0.069204
0.037678
0.093869
0.025079
0.029256
0.066994
0.090405
0.084476
0.029212
0.033801
0.081406
0.074528
0.084760
0.091040
0.088654
0.088639
0.032071
0.024673
0.076749
0.082088
0.030784
0.030269
0.031066
0.071511
0.088960
0.083040
0.080443
0.092663
0.091773
0.081605
0.028477
0.069108
0.077190
0.099415
0.076564
0.086387
0.075894
0.029853
0.042104
0.076044
0.073624
0.086954
0.091532
0.099784
0.077661
0.090567
0.078743
0.030105
0.033861
0.075636
0.076435
0.099391
0.075087
0.035455
0.092643
0.094413
0.083193
0.081326
0.030523
0.024741
0.083550
0.081428
0.077891
0.086950
0.087610
0.030400
0.040356
0.031185
0.028393
0.081683
0.081701
0.094165
0.077461
0.033579
0.095578
0.032297
0.078405
0.068364
0.091160
0.076986
0.080941
0.093691
0.036734
0.029851
0.064557
0.087496
0.084672
0.033350
0.039070
0.079148
0.074525
0.083103
0.086179
0.078916
0.030887
0.071160
0.073563
0.083219
0.077519
0.030689
0.077773
0.033267
0.085171
0.077419
0.091125
0.075494
0.083068
0.028395
0.034616
0.072678
0.081379
0.082260
0.028891
0.028308
0.078956
0.089561
0.078382
0.089946
0.084732
0.092571
0.075396
0.030403
0.030018
0.086990
0.069638
0.080810
0.027113
0.028536
0.077255
0.074755
0.024555
0.025591
0.070757
0.099063
0.070949
0.084533
0.093250
0.089488
0.072644
0.036521
0.032505
0.069567
0.074494
0.091320
0.085797
0.083868
0.029372
0.023993
0.072025
0.086737
0.084512
0.097856
0.082558
0.084512
0.028335
0.025609
0.079864
0.080023
0.079593
0.086964
0.038149
0.033309
0.026919
0.076960
0.083571
0.089365
0.028669
0.026816
0.073913
0.088692
0.080399
0.029791
0.022974
0.082139
0.078133
0.036109
0.025632
0.068238
0.082656
0.029515
0.030025
0.067349
0.028606
0.072031
0.063076
0.080741
0.082443
0.033336
0.030682
0.077127
0.081383
0.079189
0.028744
0.033659
0.072096
0.080028
0.079505
0.083992
0.081807
0.032931
0.035018
0.034419
0.078959
0.077207
0.082017
0.029949
0.032329
0.068154
0.074010
0.032399
0.034523
0.070386
0.081616
0.032623
0.031263
0.071542
0.076296
0.077652
0.030447
0.082785
0.064958
0.084821
0.088028
0.086457
0.026824
0.030682
0.079775
0.076994
0.078943
0.093843
0.074692
0.097137
0.079963
0.087760
0.082928
0.030519
0.032773
0.080364
0.071534
0.082697
0.030113
0.030205
0.065085
0.074407
0.039362
0.033122
0.069755
0.082261
0.087927
0.083797
0.079101
0.026509
0.083261
0.025745
0.063832
0.029807
0.030171
0.028413
0.073651
0.070310
0.029526
0.033478
0.077582
0.074781
0.028315
0.029433
0.036834
0.073080
0.072086
0.087944
0.030952
0.058441
0.083273
0.082403
0.032781
0.096655
0.036287
0.060899
0.080633
0.080694
0.090140
0.088759
0.085924
0.084543
0.088413
0.025712
0.028856
0.065941
0.074029
0.029549
0.033477
0.066152
0.075648
0.084105
0.025213
0.036195
0.073949
0.074173
0.031840
0.063715
0.080067
0.076768
0.025415
0.039029
0.043946
0.066957
0.079375
0.087616
0.032456
0.094386
0.025341
0.083627
0.059396
0.093705
0.030154
0.029922
0.028121
0.071652
0.082130
0.094576
0.087357
0.092423
0.083348
0.081954
0.092389
0.090938
0.082418
0.034408
0.090017
0.090160
0.037103
0.026734
0.087023
0.073590
0.075090
0.091739
0.027645
0.095991
0.031396
0.098208
0.096458
0.085668
0.083031
0.037865
0.096812
0.033646
0.037570
0.031729
0.076085
0.074777
0.030294
0.042603
0.041785
0.077416
0.097424
0.032230
0.056402
0.095024
0.031377
0.101227
0.080179
0.032102
0.074943
0.072628
0.086631
0.081509
0.025551
0.040897
0.071575
0.078716
0.079213
0.029507
0.089005
0.032668
0.057050
0.081240
0.081108
0.087338
0.029509
0.067645
0.080664
0.083091
0.089646
0.081313
0.033081
0.032171
0.085092
0.070771
0.089046
0.084148
0.087480
0.079442
0.086340
0.029607
0.032104
0.068707
0.079288
0.080053
0.032953
0.024397
0.072097
0.081146
0.086843
0.081270
0.080480
0.029092
0.030592
0.075786
0.090310
0.083606
0.088822
0.083913
0.081080
0.031262
0.030211
0.081756
0.068109
0.081582
0.029361
0.032476
0.070232
0.085121
0.084632
0.035217
0.024486
0.077549
0.029114
0.031035
0.030831
0.077887
0.080211
0.029981
0.032029
0.076163
0.075491
0.082401
0.076963
0.091105
0.028498
0.077843
0.068739
0.034465
0.029201
0.068894
0.083379
0.084089
0.030186
0.033982
0.079521
0.093027
0.068966
0.030763
0.034229
0.064839
0.078094
0.031947
0.026854
0.084709
0.088752
0.074103
0.092835
0.089896
0.095919
0.072514
0.084977
0.090151
0.081573
0.040637
0.040135
0.073227
0.071538
0.077660
0.087289
0.030957
0.075215
0.079049
0.077767
0.093368
0.082848
0.026880
0.032939
0.076288
0.079830
0.079912
0.076833
0.032396
0.029859
0.074826
0.081605
0.030971
0.030487
0.076092
0.080218
0.080371
0.029825
0.078175
0.074713
0.085947
0.073583
0.033481
0.091429
0.036578
0.030051
0.077412
0.085475
0.080777
0.035080
0.033286
0.063288
0.087712
0.075588
0.091939
0.024189
0.032046
0.073082
0.083272
0.081584
0.094476
0.084440
0.089541
0.092244
0.100207
0.069760
0.035386
0.047751
0.029577
0.076897
0.030125
0.033604
0.028470
0.075480
0.081180
0.031723
0.041413
0.028491
0.074237
0.077904
0.101652
0.085044
0.089566
0.088185
0.092053
0.078539
0.096397
0.088070
0.076124
0.031559
0.149740
0.094128
0.084713
0.029547
0.033946
0.073863
0.087958
0.069839
0.034060
0.029586
0.078448
0.069491
0.092713
0.091789
0.079514
0.096318
0.089782
0.082330
0.087477
0.081862
0.038560
0.033772
0.082664
0.064262
0.094440
0.079417
0.030376
0.028589
0.078891
0.075277
0.076185
0.032364
0.034285
0.088765
0.083826
0.070702
0.082568
0.033543
0.029530
0.068332
0.082082
0.087869
0.092899
0.072743
0.031965
0.029647
0.074872
0.090564
0.084665
0.080533
0.031077
0.034593
0.079846
0.070737
0.081498
0.030014
0.070674
0.082661
0.078049
0.094822
0.079578
0.024440
0.078490
0.078176
0.078086
0.086818
0.027514
0.029588
0.067293
0.078727
0.086403
0.032833
0.065306
0.080920
0.088781
0.077918
0.087229
0.025835
0.091416
0.031601
0.075861
0.026738
0.074959
0.081400
0.083306
0.026193
0.074777
0.072809
0.082946
0.099123
0.088033
0.077096
0.032632
0.029304
0.029331
0.074599
0.078638
0.033419
0.028919
0.072356
0.079962
0.028978
0.028342
0.073254
0.084642
0.077119
0.031891
0.030718
0.076411
0.070508
0.081839
0.029012
0.034742
0.066912
0.084888
0.091787
0.077779
0.084419
0.098918
0.077558
0.035040
0.032844
0.025464
0.078710
0.089697
0.081901
0.083314
0.083688
0.034665
0.029536
0.085672
0.081909
0.088325
0.080183
0.098675
0.085051
0.076815
0.077537
0.034065
0.028743
0.085955
0.035459
0.063639
0.075739
0.029030
0.029723
0.067730
0.078997
0.078417
0.079449
0.033340
0.024835
0.074793
0.076873
0.086352
0.071142
0.028085
0.031974
0.073828
0.079235
0.092641
0.083677
0.077938
0.083042
0.030636
0.036546
0.056631
0.084315
0.090736
0.075359
0.031874
0.030442
0.079516
0.070293
0.076485
0.030210
0.037325
0.028229
0.086050
0.071361
0.083689
0.084022
0.032728
0.028722
0.080649
0.082950
0.081040
0.084444
0.082778
0.086882
0.099380
0.083161
0.084367
0.086088
0.085627
0.092821
0.084174
0.079847
0.037743
0.034178
0.090251
0.031132
0.084422
0.082000
0.077961
0.083331
0.086513
0.083009
0.033889
0.040509
0.101452
0.079952
0.030804
0.083768
0.076193
0.080340
0.029927
0.028966
0.079509
0.071819
0.084480
0.027905
0.029689
0.067957
0.074964
0.089163
0.032328
0.032442
0.080807
0.069043
0.074211
0.022920
0.035668
0.041119
0.069663
0.081358
0.065866
0.083858
0.088943
0.076106
0.032506
0.041929
0.030596
0.065665
0.086682
0.078042
0.086904
0.032305
0.086397
0.034775
0.025059
0.079346
0.082638
0.084376
0.086391
0.090219
0.089140
0.078503
0.083075
0.079396
0.036783
0.038796
0.041105
0.034885
0.074606
0.066076
0.035987
0.031991
0.069043
0.098279
0.065305
0.078882
0.078616
0.089859
0.082202
0.094358
0.087474
0.071958
0.031692
0.029239
0.073233
0.076313
0.094962
0.074174
0.033682
0.034443
0.030943
0.072978
0.079286
0.082744
0.075966
0.092425
0.079006
0.091017
0.081736
0.088874
0.099059
0.070112
0.032355
0.034744
0.074614
0.086503
0.069310
0.084489
0.091902
0.080956
0.083023
0.030021
0.036660
0.028356
0.073803
0.084510
0.084063
0.084231
0.086236
0.081188
0.030180
0.096432
0.088453
0.082708
0.090550
0.089226
0.077394
0.076514
0.029929
0.029330
0.069572
0.030490
0.033447
0.030976
0.075615
0.081421
0.083530
0.025956
0.035587
0.071557
0.082692
0.074485
0.031419
0.029574
0.087895
0.031503
0.074749
0.077364
0.081563
0.025284
0.033449
0.042051
0.033653
0.078212
0.083162
0.066883
0.088210
0.075773
0.028793
0.028796
0.065947
0.076243
0.080823
0.026809
0.080344
0.028006
0.078044
0.063405
0.029906
0.034397
0.062458
0.084862
0.071970
0.090992
0.081959
0.077612
0.028984
0.033784
0.076118
0.075377
0.088073
0.090653
0.084471
0.085348
0.086948
0.092010
0.084446
0.088869
0.069737
0.087069
0.032192
0.024180
0.067357
0.086485
0.078933
0.030289
0.028887
0.083977
0.065724
0.072196
0.090491
0.038258
0.037706
0.038565
0.139234
0.031998
0.023141
0.075183
0.084451
0.088894
0.086266
0.090843
0.089613
0.081589
0.036015
0.027279
0.066814
0.092172
0.081146
0.082019
0.025885
0.026648
0.077125
0.077241
0.082649
0.029614
0.030962
0.077141
0.078398
0.081992
0.086606
0.030156
0.031174
0.023253
0.078511
0.079676
0.027416
0.034030
0.035063
0.076184
0.071973
0.034057
0.029309
0.069663
0.082037
0.088427
0.090064
0.028450
0.028473
0.085257
0.063120
0.091072
0.035127
0.029829
0.076509
0.075565
0.034128
0.028397
0.065021
0.087916
0.093820
0.087237
0.080312
0.030487
0.067969
0.079553
0.084024
0.080531
0.027549
0.030975
0.074963
0.092194
0.104363
0.059585
0.078326
0.032448
0.026428
0.078693
0.081545
0.075490
0.088425
0.032966
0.027247
0.074448
0.075657
0.030161
0.038563
0.036179
0.060771
0.075672
0.082775
0.084552
0.034703
0.028182
0.073706
0.083904
0.074197
0.030203
0.028634
0.066649
0.086064
0.081466
0.029203
0.030694
0.036442
0.066751
0.021997
0.087337
0.039494
0.039265
0.024368
0.078979
0.087136
0.071878
0.030158
0.032616
0.066651
0.082723
0.082083
0.087596
0.028916
0.028016
0.164263
0.027147
0.071578
0.089361
0.078029
0.076539
0.085128
0.025892
0.070089
0.084030
0.083833
0.082667
0.031546
0.069667
0.080221
0.092008
0.085228
0.083812
0.087463
0.086660
0.027681
0.030300
0.081362
0.079583
0.080566
0.084322
0.029741
0.028141
0.078442
0.079293
0.080291
0.089030
0.024630
0.031983
0.075240
0.071035
0.076676
0.032517
0.072880
0.094222
0.033658
0.073479
0.077790
0.076668
0.032210
0.029861
0.067709
0.084205
0.084509
0.088745
0.078054
0.034333
0.033078
0.031013
0.068599
0.087593
0.083833
0.027961
0.069778
0.082788
0.088080
0.092555
0.084636
0.075575
0.031266
0.028923
0.087896
0.076077
0.088194
0.080505
0.029348
0.030480
0.081847
0.073105
