2.367209
0.045128
0.037519
0.038334
0.038323
0.039332
0.038119
0.038755
0.038909
0.038640
0.039620
0.040867
0.037495
0.041860
0.039825
0.038289
0.038397
0.038880
0.038489
0.038885
0.043760
0.038118
0.041438
0.038339
0.042038
0.039685
0.037540
0.038326
0.037053
0.038208
0.067058
0.036650
0.038073
0.037662
0.037297
0.039159
0.038747
0.046602
0.037143
0.052300
0.042202
0.043045
0.034706
0.037098
0.036164
0.037601
0.037545
0.036870
0.036044
0.037051
0.057532
0.038056
0.035926
0.036771
0.036727
0.036399
0.036540
0.048233
0.036795
0.040859
0.044290
0.035753
0.036734
0.037077
0.036453
0.037342
0.036260
0.036668
0.047332
0.035297
0.037516
0.036343
0.035289
0.036897
0.035561
0.041236
0.036667
0.036345
0.037060
0.036108
0.041363
0.037249
0.036775
0.036218
0.040679
0.036903
0.036021
0.036032
0.036274
0.035531
0.036607
0.039927
0.036074
0.036329
0.035460
0.036566
0.035433
0.039256
0.040321
0.036547
0.040266
0.035890
0.035949
0.036572
0.035661
0.051114
0.036837
0.036317
0.036341
0.036673
0.035678
0.038639
0.036682
0.035553
0.054744
0.036732
0.037901
0.037498
0.036557
0.037451
0.042028
0.035995
0.037646
0.039626
0.037849
0.036253
0.037818
0.036905
0.037189
0.037280
0.037483
0.036024
0.037829
0.036139
0.036983
0.037702
0.036405
0.038346
0.036622
0.036695
0.041963
0.036129
0.037191
0.036959
0.036373
0.037544
0.052834
0.037287
0.036416
0.037002
0.036985
0.036980
0.037929
0.037801
0.036766
0.036871
0.037495
0.036323
0.037582
0.036500
0.042022
0.036971
0.040618
0.036534
0.036173
0.037489
0.036672
0.037585
0.039289
0.036869
0.036231
0.053763
0.037207
0.036316
0.038444
0.036658
0.036936
0.038660
0.037927
0.036597
0.045669
0.036033
0.036119
0.036544
0.036603
0.036524
0.036790
0.040240
0.035006
0.038191
0.036128
0.037324
0.040477
0.036339
0.038559
0.036841
0.049057
0.037461
0.037052
0.036386
0.047042
0.042247
0.047583
0.040536
0.041444
0.040684
0.041134
0.042028
0.040955
0.040966
0.041376
0.042003
0.041475
0.044821
0.041502
0.041281
0.041540
0.041917
0.040667
0.041162
0.046933
0.040544
0.040663
0.041826
0.041714
0.041816
0.041638
0.040972
0.041367
0.041558
0.059404
0.057340
0.039989
0.043037
0.041620
0.040759
0.041101
0.040446
0.040699
0.041440
0.046413
0.040767
0.039984
0.041484
0.043305
0.040816
0.040551
0.040212
0.040321
0.040300
0.042178
0.039828
0.040177
0.040705
0.048495
0.041655
0.041105
0.039557
0.040227
0.040817
0.046228
0.039860
0.040499
0.040989
0.039820
0.039242
0.038995
0.040524
0.041159
0.040648
0.040656
0.041054
0.041234
0.043792
0.044279
0.043378
0.040578
0.040233
0.039294
0.040137
0.045771
0.041039
0.039656
0.039737
0.039501
0.039304
0.039840
0.040555
0.039383
0.039403
0.039456
0.039310
0.040168
0.039520
0.039501
0.038985
0.039782
0.039285
0.040671
0.039117
0.045227
0.039660
0.039960
0.039996
0.040216
0.039617
0.039583
0.039761
0.039986
0.043221
0.039693
0.040652
0.039869
0.040764
0.040629
0.040449
0.040996
0.039735
0.039934
0.040300
0.052897
0.039597
0.040765
0.040100
0.040042
0.039783
0.040532
0.039511
0.040743
0.040413
0.043486
0.040089
0.040059
0.039469
0.042169
0.039564
0.040255
0.039272
0.039132
0.039275
0.044641
0.038963
0.039360
0.040399
0.040064
0.039877
0.039924
0.041152
0.040272
0.043926
0.043004
0.041631
0.041416
0.042070
0.043881
0.040739
0.043338
0.040668
0.040938
0.041122
0.047150
0.055933
0.046611
0.043842
0.044485
0.045221
0.045568
0.046564
0.045212
0.047218
0.044600
0.045398
0.045371
0.045848
0.045524
0.045797
0.046078
0.046564
0.045686
0.045449
0.051032
0.045998
0.046219
0.048147
0.048449
0.046337
0.046636
0.046396
0.046323
0.045921
0.046365
0.045535
0.045321
0.046070
0.047266
0.046062
0.044482
0.045891
0.045687
0.045163
0.052112
0.046895
0.046537
0.045931
0.050906
0.041693
0.040147
0.040624
0.040991
0.044211
0.040009
0.038983
0.038255
0.038744
0.039284
0.039564
0.041857
0.037342
0.037633
0.039015
0.044119
0.038179
0.039248
0.038396
0.038918
0.038090
0.038236
0.037602
0.040983
0.044309
0.038737
0.038594
0.040810
0.040147
0.039884
0.040736
0.039553
0.039000
0.039287
0.039591
0.044503
0.039217
0.039662
0.039861
0.039682
0.040627
0.043831
0.038492
0.040056
0.039185
0.038388
0.038791
0.039562
0.038877
0.039628
0.039402
0.039192
0.041728
0.038916
0.041039
0.044998
0.039849
0.039620
0.047707
0.038824
0.038707
0.040129
0.039072
0.040482
0.038601
0.039933
0.039408
0.039661
0.039740
0.039596
0.040183
0.039283
0.039783
0.043307
0.039464
0.045916
0.039213
0.039804
0.039395
0.040091
0.038980
0.039611
0.038681
0.039821
0.040175
0.040484
0.053101
0.039781
0.039928
0.041605
0.041072
0.040930
0.040890
0.040322
0.040294
0.046947
0.040374
0.040957
0.040972
0.040668
0.040527
0.041061
0.041924
0.042067
0.042548
0.040457
0.042230
0.036614
0.036151
0.038361
0.036294
0.036976
0.043928
0.040916
0.052554
0.046528
0.042277
0.040714
0.040527
0.040543
0.040495
0.040679
0.041571
0.040383
0.040599
0.040462
0.040641
0.040473
0.040642
0.039720
0.042093
0.041728
0.041617
0.040520
0.040620
0.046472
0.040704
0.041000
0.041382
0.040368
0.040985
0.040281
0.040564
0.041365
0.040452
0.040450
0.040071
0.039832
0.041099
0.041403
0.040815
0.040735
0.040430
0.040399
0.046307
0.044760
0.040576
0.040571
0.041670
0.040452
0.041301
0.040353
0.040620
0.040226
0.040526
0.041205
0.040278
0.040663
0.040684
0.040809
0.040672
0.040637
0.041147
0.040999
0.040663
0.046446
0.040688
0.040513
0.040686
0.040277
0.041632
0.044045
0.041097
0.041421
0.041486
0.040575
0.040573
0.040408
0.041571
0.040474
0.041456
0.045131
0.041907
0.039961
0.041251
0.047084
0.040279
0.040180
0.040891
0.043234
0.039171
0.041468
0.041251
0.040756
0.041283
0.041008
0.040426
0.040087
0.043650
0.039953
0.041016
0.043179
0.040634
0.039971
0.040540
0.045851
0.039359
0.040392
0.040470
0.039920
0.040308
0.040938
0.043659
0.040837
0.041092
0.040884
0.040554
0.040461
0.040399
0.041234
0.039442
0.039152
0.039404
0.039404
0.039361
0.045644
0.039084
0.039924
0.039136
0.039660
0.039900
0.038656
0.039941
0.041225
0.040087
0.039074
0.043963
0.056514
0.041293
0.042249
0.042362
0.040942
0.043479
0.042349
0.042421
0.047708
0.042167
0.042104
0.042266
0.042010
0.042118
0.042979
0.044495
0.041706
0.042354
0.042973
0.042364
0.046832
0.041879
0.041879
0.041393
0.041933
0.042292
0.042901
0.042320
0.047393
0.042962
0.042285
0.042479
0.041881
0.042552
0.041558
0.042734
0.041049
0.041520
0.040984
0.041220
0.041102
0.041317
0.043477
0.039600
0.040481
0.041091
0.041210
0.040611
0.046801
0.040143
0.041064
0.041108
0.039928
0.040249
0.040517
0.040557
0.040895
0.039636
0.040200
0.040564
0.040212
0.040171
0.043099
0.040185
0.043155
0.041054
0.041218
0.041085
0.046873
0.040800
0.041338
0.041218
0.041518
0.040538
0.041660
0.043798
0.041258
0.041892
0.042174
0.041629
0.041731
0.041153
0.041924
0.044528
0.041291
0.043677
0.041692
0.042052
0.048167
0.041122
0.043675
0.041283
0.041358
0.043759
0.040190
0.040086
0.041173
0.041302
0.041117
0.040603
0.040776
0.040890
0.040912
0.041255
0.040634
0.040657
0.040323
0.040970
0.048449
0.045938
0.040965
0.040933
0.040361
0.040908
0.045106
0.040756
0.040681
0.040388
0.041497
0.040685
0.046329
0.041830
0.042995
0.042640
0.044770
0.042568
0.044245
0.042161
0.048622
0.041896
0.043914
0.042464
0.055062
0.039051
0.044647
0.039903
0.039431
0.039488
0.038992
0.039451
0.039442
0.040534
0.039219
0.039991
0.042814
0.041682
0.040174
0.043446
0.046647
0.039573
0.039531
0.042243
0.041003
0.041439
0.041346
0.045447
0.041096
0.042977
0.040726
0.044993
0.040648
0.048147
0.041022
0.039887
0.038779
0.043445
0.041600
0.041751
0.047205
0.041497
0.043614
0.042773
0.041540
0.047805
0.041581
0.041426
0.041653
0.041994
0.042802
0.043061
0.041557
0.040788
0.041494
0.047559
0.042203
0.042575
0.042177
0.042340
0.047483
0.054911
0.041316
0.043291
0.041699
0.042655
0.042798
0.043434
0.043349
0.042205
0.041647
0.048585
0.040641
0.041193
0.047637
0.039758
0.041360
0.042117
0.040892
0.041540
0.047327
0.054424
0.039960
0.040288
0.044453
0.040877
0.041459
0.041546
0.042067
0.042989
0.041042
0.053242
0.042117
0.041905
0.041391
0.041665
0.042343
0.041849
0.041090
0.044591
0.048157
0.042050
0.041985
0.042494
0.042072
0.042019
0.041384
0.041586
0.041375
0.042094
0.041114
0.042718
0.040830
0.041396
0.041247
0.042191
0.041578
0.041948
0.044534
0.040972
0.046902
0.041335
0.040858
0.041394
0.041423
0.041510
0.041117
0.040925
0.042240
0.042005
0.041552
0.041591
0.042149
0.041513
0.041742
0.044831
0.040645
0.041265
0.041918
0.042626
0.046649
0.040885
0.041410
0.041699
0.041324
0.041939
0.041739
0.040872
0.041479
0.041496
0.041514
0.042778
0.040587
0.047010
0.040677
0.041074
0.041942
0.040872
0.042027
0.041482
0.047069
0.041217
0.041530
0.052124
0.040827
0.041108
0.041257
0.041432
0.042155
0.041449
0.041381
0.041508
0.042101
0.041759
0.041557
0.041989
0.041981
0.041164
0.042508
0.040416
0.047895
0.040399
0.041827
0.040503
0.042269
0.041044
0.043964
0.040670
0.043428
0.040402
0.041461
0.053452
0.040507
0.042234
0.042378
0.042600
0.042723
0.043208
0.043669
0.042278
0.047828
0.043635
0.042465
0.042726
0.042831
0.042540
0.042518
0.044194
0.042752
0.043309
0.043357
0.047659
0.061290
0.084183
0.042652
0.043200
0.043441
0.043110
0.044413
0.044069
0.047650
0.042510
0.042480
0.043559
0.042453
0.049221
0.040539
0.043376
0.040178
0.042971
0.040310
0.045026
0.040887
0.041069
0.040289
0.043792
0.041048
0.041406
0.040888
0.041970
0.046671
0.041151
0.042825
0.041268
0.039315
0.041278
0.040589
0.042514
0.040720
0.040656
0.041588
0.041663
0.040585
0.040421
0.040750
0.042067
0.043151
0.039642
0.040506
0.040040
0.045773
0.040037
0.039962
0.039890
0.042683
0.039327
0.039808
0.040067
0.039635
0.040042
0.040854
0.039603
0.039784
0.043509
0.039696
0.049703
0.039618
0.039754
0.040074
0.040170
0.045578
0.040528
0.053313
0.048265
0.040628
0.046082
0.041220
0.041668
0.042441
0.041158
0.041539
0.041994
0.041334
0.042158
0.041236
0.059414
0.040002
0.043793
0.040910
0.041354
0.046687
0.040485
0.040612
0.041813
0.041584
0.041506
0.045830
0.039776
0.040733
0.040538
0.040988
0.041418
0.041309
0.041752
0.040901
0.041007
0.039633
0.041276
0.044243
0.040442
0.046491
0.052615
0.060569
0.072461
0.041129
0.043055
0.040123
0.046036
0.040162
0.041184
0.040528
0.040632
0.040271
0.040781
0.040329
0.040858
0.040226
0.041146
0.040926
0.039083
0.044445
0.044111
0.039758
0.038763
0.039464
0.039088
0.044296
0.043746
0.039758
0.038408
0.040012
0.039322
0.039993
0.040680
0.039315
0.039771
0.039290
0.040118
0.039519
0.040166
0.044598
0.040035
0.039521
0.049984
0.039837
0.043344
0.039639
0.040195
0.039797
0.043495
0.039561
0.039884
0.039659
0.039810
0.041746
0.039042
0.040009
0.040401
0.040668
0.040688
0.046140
0.044011
0.038576
0.040476
0.044653
0.039222
0.040131
0.040392
0.040165
0.039880
0.039734
0.043574
0.067040
0.041122
0.040893
0.040805
0.046133
0.043959
0.043516
0.045992
0.045814
0.045287
0.042731
0.042292
0.042553
0.042098
0.042588
0.102236
0.084448
0.042307
0.042411
0.046886
0.042933
0.042078
0.041931
0.042323
0.045968
0.044031
0.040998
0.041115
0.049578
0.040418
0.041389
0.041353
0.042675
0.041271
0.041104
0.041268
0.042155
0.041685
0.043386
0.041369
0.041765
0.041705
0.044030
0.041719
0.041849
0.042540
0.043438
0.042243
0.047603
0.042244
0.044235
0.042421
0.041684
0.042409
0.041563
0.042310
0.043611
0.048515
0.042537
0.042528
0.042056
0.042591
0.042740
0.042438
0.042289
0.042629
0.042777
0.042700
0.050396
0.041077
0.040853
0.041634
0.040948
0.042736
0.043004
0.043771
0.041444
0.043042
0.042348
0.041941
0.046265
0.042432
0.041780
0.042370
0.042713
0.045063
0.049631
0.046757
0.046333
0.040289
0.041955
0.042647
0.046598
0.043065
0.041714
0.042343
0.042857
0.044558
0.042419
0.041816
0.040767
0.040782
0.042748
0.041323
0.042936
0.040971
0.041672
0.042876
0.046350
0.039338
0.044526
0.040027
0.040612
0.040763
0.040919
0.043583
0.043940
0.044251
0.044082
0.040023
0.048033
0.044556
0.041335
0.040351
0.039934
0.041073
0.040960
0.041251
0.052964
0.047130
0.041305
0.041295
0.040851
0.041808
0.041099
0.041903
0.041534
0.041666
0.042826
0.041213
0.042077
0.040420
0.041889
0.042132
0.041324
0.043155
0.041897
0.041100
0.046918
0.041835
0.040834
0.042486
0.044425
0.042319
0.040858
0.041211
0.043361
0.042062
0.047318
0.045723
0.042549
0.041997
0.042841
0.045296
0.043331
0.073595
0.042417
0.043253
0.047740
0.041989
0.042802
0.042017
0.040407
0.041510
0.042402
0.040856
0.039898
0.042479
0.038263
0.037647
0.038809
0.039817
0.039238
0.039977
0.038958
0.046713
0.044017
0.042848
0.046676
0.045623
0.045884
0.043505
0.042229
0.044041
0.042475
0.041870
0.043737
0.041200
0.048504
0.042175
0.040553
0.041423
0.041487
0.040371
0.042073
0.043263
0.040437
0.041365
0.048992
0.041924
0.045793
0.041238
0.042850
0.042645
0.042684
0.041889
0.041990
0.060519
0.040117
0.045521
0.040334
0.039602
0.040616
0.040080
0.040287
0.040518
0.041710
0.040296
0.046419
0.040117
0.041031
0.042919
0.040353
0.044537
0.041702
0.041467
0.041433
0.041472
0.041417
0.043059
0.040922
0.043440
0.043642
0.042902
0.041012
0.047885
0.040706
0.041957
0.047096
0.041022
0.041322
0.042500
0.040172
0.043835
0.039526
0.039445
0.039761
0.039576
0.039997
0.040518
0.039235
0.040226
0.041468
0.048444
0.040149
0.040624
0.043752
0.037641
0.043554
0.038295
0.042343
0.037570
0.043417
0.036466
0.042356
0.036169
0.038126
0.037745
0.046798
0.039979
0.041263
0.041796
0.041857
0.038814
0.041822
0.041392
0.039318
0.043393
0.050424
0.046728
0.046404
0.044870
0.044436
0.059889
0.061759
0.076451
0.041846
0.042685
0.041112
0.040406
0.040015
0.038795
0.040167
0.041480
0.041912
0.040684
0.041379
0.040346
0.047558
0.039740
0.040905
0.040954
0.039750
0.040942
0.040276
0.041296
0.041252
0.051231
0.039817
0.042246
0.043301
0.040915
0.039503
0.041814
0.040770
0.039794
0.041351
0.043124
0.047544
0.041209
0.039220
0.040596
0.041676
0.041330
0.046385
0.041227
0.041754
0.041810
0.041510
0.041889
0.041857
0.042882
0.041191
0.047065
0.041481
0.041620
0.041965
0.043633
0.047949
0.042179
0.043027
0.042006
0.042318
0.041647
0.041316
0.042043
0.044508
0.041863
0.042505
0.042578
0.041217
0.045564
0.041999
0.041351
0.041649
0.042017
0.042264
0.041641
0.047823
0.041291
0.046572
0.042218
0.041653
0.042133
0.041254
0.041845
0.049660
0.041328
0.041057
0.044250
0.043510
0.040427
0.041375
0.041685
0.041826
0.043411
0.042469
0.041044
0.047359
0.045366
0.043346
0.041246
0.041799
0.045268
0.041711
0.041750
0.041454
0.041303
0.041003
0.047065
0.042145
0.040761
0.042509
0.041512
0.042474
0.041478
0.042080
0.043464
0.046562
0.041556
0.040169
0.040114
0.043487
0.039387
0.041253
0.040791
0.040439
0.041052
0.041811
0.041664
0.042384
0.039905
0.041749
0.039703
0.039828
0.039916
0.040273
0.040198
0.045352
0.040465
0.040529
0.039563
0.039614
0.042776
0.039928
0.039159
0.041094
0.039694
0.039572
0.039089
0.040609
0.039407
0.042621
0.040127
0.039580
0.040166
0.042429
0.039719
0.047551
0.042232
0.049960
0.040663
0.045250
0.041372
0.045999
0.040547
0.045712
0.040824
0.050747
0.049846
0.041908
0.041160
0.044146
0.040714
0.040556
0.039998
0.043523
0.039922
0.045256
0.040068
0.040929
0.040215
0.042619
0.040100
0.039386
0.039656
0.039544
0.041601
0.040339
0.041008
0.039896
0.041896
0.040389
0.039485
0.039353
0.040558
0.039638
0.040037
0.044918
0.039879
0.039421
0.039967
0.040356
0.039108
0.042643
0.039465
0.039321
0.039529
0.042799
0.042608
0.039463
0.039621
0.039372
0.039092
0.040214
0.039364
0.042150
0.039416
0.050184
0.042355
0.039490
0.039582
0.040070
0.038388
0.041929
0.038533
0.039637
0.038685
0.038547
0.040131
0.038528
0.039298
0.038377
0.039310
0.044081
0.061094
0.041605
0.041229
0.047423
0.040861
0.040986
0.040354
0.041587
0.040929
0.040826
0.041594
0.059674
0.058903
0.044554
0.042414
0.042599
0.048103
0.043166
0.042445
0.042342
0.042816
0.042286
0.042944
0.047411
0.042223
0.044035
0.042626
0.042603
0.042726
0.042620
0.042172
0.042175
0.049308
0.041482
0.041995
0.042214
0.044212
0.041215
0.040853
0.044042
0.042693
0.042306
0.043117
0.047997
0.043529
0.043941
0.041267
0.042356
0.042229
0.045120
0.040153
0.041991
0.041395
0.045858
0.042833
0.042253
0.042636
0.043401
0.040940
0.042571
0.042742
0.051304
0.041151
0.047935
0.042948
0.042405
0.043372
0.042725
0.045153
0.040104
0.042145
0.041171
0.041087
0.041204
0.040890
0.041941
0.042095
0.041099
0.040762
0.041667
0.041617
0.041808
0.041374
0.047503
0.041099
0.040234
0.040684
0.042817
0.040931
0.042800
0.039832
0.047132
0.039870
0.041007
0.047033
0.041288
0.041264
0.041147
0.041860
0.041928
0.041273
0.042381
0.040155
0.047009
0.040515
0.041443
0.043913
0.040059
0.041310
0.041017
0.042889
0.040183
0.040883
0.041141
0.041955
0.041737
0.042221
0.040333
0.042280
0.070580
0.041372
0.040629
0.041704
0.047417
0.040339
0.041407
0.041602
0.054811
0.042040
0.040725
0.041921
0.041629
0.040852
0.042296
0.041214
0.041686
0.042030
0.041781
0.041261
0.041276
0.051419
0.040617
0.040383
0.045587
0.041262
0.041486
0.041208
0.042935
0.040738
0.040937
0.044487
0.041084
0.047980
0.040897
0.041630
0.041829
0.042005
0.041204
0.042805
0.041248
0.040677
0.041035
0.043986
0.048019
0.041181
0.042078
0.040705
0.043383
0.040828
0.041556
0.042350
0.040767
0.064816
0.041238
0.041145
0.042174
0.042521
0.041666
0.041052
0.041144
0.041004
0.041376
0.042007
0.047329
0.060303
0.039907
0.041635
0.042197
0.041484
0.042442
0.041021
0.041499
0.041799
0.041381
0.042891
0.040924
0.041691
0.041159
0.057648
0.040154
0.040755
0.040697
0.041410
0.047936
0.043865
0.040775
0.040738
0.041579
0.070081
0.041064
0.041418
0.042129
0.041633
0.041398
0.040950
0.041748
0.041018
0.041512
0.041362
0.047104
0.056407
0.048821
0.043876
0.047049
0.041143
0.041370
0.042556
0.043075
0.041149
0.044607
0.044949
0.041357
0.042447
0.040443
0.041327
0.044626
0.041003
0.042132
0.043356
0.042192
0.041328
0.040673
0.040424
0.047454
0.041251
0.041190
0.040659
0.043016
0.040377
0.041807
0.041583
0.041639
0.041692
0.041353
0.041942
0.044270
0.040558
0.042781
0.040493
0.040604
0.040229
0.042315
0.041297
0.049805
0.042122
0.040923
0.041646
0.056518
0.043556
0.040809
0.040895
0.041800
0.041386
0.046644
0.041820
0.040817
0.043668
0.041165
0.040935
0.041560
0.041068
0.043309
0.040505
0.046639
0.041174
0.041838
0.040796
0.042172
0.043852
0.040088
0.040545
0.041227
0.041146
0.041514
0.041084
0.040230
0.040515
0.040953
0.042833
0.039582
0.042162
0.039330
0.040506
0.048659
0.040759
0.040296
0.040739
0.040414
0.040369
0.040472
0.040754
0.040227
0.040125
0.040870
0.040154
0.040586
0.040124
0.040159
0.040477
0.046861
0.039831
0.040121
0.040019
0.045709
0.040423
0.040989
0.041686
0.040254
0.040756
0.040380
0.039930
0.041388
0.040350
0.041030
0.045235
0.041459
0.041063
0.041174
0.044558
0.039974
0.041001
0.040757
0.043885
0.046926
0.040133
0.040157
0.039971
0.041466
0.041048
0.043822
0.041533
0.040631
0.040653
0.041706
0.041284
0.042237
0.041094
0.041582
0.041686
0.041729
0.041456
0.042221
0.041454
0.047868
0.042481
0.041376
0.040919
0.042716
0.040637
0.040471
0.041052
0.041100
0.041116
0.041180
0.040979
0.046698
0.040421
0.042988
0.040178
0.040947
0.040623
0.054991
0.040696
0.048857
0.040481
0.041323
0.041354
0.043970
0.041522
0.047807
0.040403
0.040489
0.040872
0.041356
0.041365
0.042045
0.041246
0.059778
0.038069
0.042815
0.038702
0.038618
0.038857
0.044761
0.038203
0.038106
0.039633
0.044189
0.043051
0.041464
0.041197
0.041852
0.045899
0.040859
0.042848
0.040674
0.042321
0.043226
0.041201
0.041478
0.041360
0.041416
0.041731
0.048531
0.042797
0.046538
0.047486
0.043217
0.043390
0.042812
0.042790
0.041848
0.041568
0.041599
0.042303
0.041950
0.041081
0.041924
0.041589
0.041154
0.041476
0.041359
0.041556
0.046474
0.041476
0.040342
0.041218
0.041010
0.041376
0.041912
0.040655
0.042768
0.040338
0.041032
0.041877
0.042954
0.040967
0.040847
0.040270
0.045903
0.041285
0.045935
0.041188
0.045933
0.040894
0.040703
0.041048
0.040791
0.041474
0.040827
0.040360
0.040626
0.040642
0.041148
0.041303
0.041457
0.041629
0.041824
0.041297
0.042159
0.041887
0.041379
0.043562
0.045432
0.040194
0.041071
0.047964
0.041095
0.040910
0.041586
0.041992
0.041835
0.041572
0.041193
0.042187
0.043767
0.042266
0.041827
0.042272
0.042594
0.041660
0.041624
0.041070
0.046672
0.043922
0.040394
0.041157
0.041816
0.041741
0.042805
0.042782
0.041234
0.041883
0.042771
0.041289
0.041968
0.041093
0.043974
0.040247
0.041928
0.042741
0.041665
0.042490
0.047498
0.041518
0.041467
0.042155
0.040210
0.039907
0.040877
0.040563
0.040656
0.039824
0.040183
0.042947
0.040612
0.040974
0.040359
0.040634
0.042805
0.040759
0.041367
0.044613
0.046460
0.043207
0.040337
0.044461
0.040373
0.040207
0.041282
0.040351
0.041079
0.043791
0.041695
0.041341
0.041469
0.062741
0.042736
0.043843
0.041675
0.042145
0.043008
0.042267
0.047720
0.042240
0.044796
0.041746
0.041621
0.042134
0.042765
0.048992
0.044439
0.042011
0.049018
0.046105
0.041749
0.045130
0.040356
0.041501
0.041778
0.044304
0.043200
0.044306
0.045648
0.053591
0.074429
0.038412
0.042588
0.037854
0.039805
0.039415
0.039338
0.040601
0.039092
0.042351
0.067680
0.039085
0.039297
0.040018
0.038502
0.039006
0.038616
0.038250
0.046013
0.043416
0.038064
0.038703
0.039358
0.038673
0.039990
0.039118
0.037477
0.038045
0.041839
0.038804
0.037262
0.037285
0.038519
0.037867
0.038540
0.117100
0.040268
0.043386
0.046397
0.041875
0.041533
0.041423
0.042866
0.041196
0.041907
0.041334
0.041205
0.042268
0.040700
0.041771
0.041887
0.041564
0.041488
0.041515
0.044030
0.039788
0.041552
0.040746
0.062145
0.043571
0.042272
0.043449
0.039523
0.039963
0.039451
0.039657
0.039362
0.039330
0.040999
0.041595
0.042709
0.039145
0.039286
0.038894
0.039170
0.040411
0.038729
0.041859
0.045148
0.039026
0.039162
0.038857
0.038921
0.042584
0.041694
0.038953
0.038306
0.038445
0.039650
0.043996
0.038698
0.038805
0.040179
0.042804
0.038874
0.039376
0.039192
0.040015
0.044080
0.039816
0.039922
0.038400
0.039228
0.039994
0.038621
0.038942
0.038172
0.041695
0.040066
0.038710
0.040252
0.041373
0.041542
0.049577
0.040151
0.041388
0.040411
0.039822
0.045990
0.040159
0.041093
0.040753
0.040163
0.040533
0.040270
0.041218
0.040133
0.040068
0.040179
0.045132
0.058207
0.078211
0.041065
0.044003
0.041516
0.042895
0.041580
0.045579
0.044990
0.044230
0.040327
0.048804
0.039706
0.043510
0.040305
0.041327
0.040912
0.042706
0.041298
0.042800
0.044064
0.042905
0.041332
0.048536
0.041979
0.043439
0.043666
0.043380
0.047642
0.042492
0.042530
0.043152
0.045391
0.041773
0.042293
0.044406
0.041826
0.043178
0.043020
0.042790
0.042315
0.043823
0.042729
0.043080
0.042303
0.042853
0.042176
0.042575
0.048776
0.042532
0.042272
0.049913
0.042078
0.042607
0.044004
0.043171
0.044335
0.041785
0.042317
0.042835
0.042789
0.056762
0.041703
0.042485
0.042396
0.043286
0.045203
0.043247
0.048748
0.042662
0.043076
0.042432
0.046181
0.041732
0.042260
0.042444
0.044159
0.042943
0.041959
0.042042
0.046525
0.052754
0.043535
0.041610
0.042011
0.044995
0.040335
0.045457
0.047062
0.041421
0.042049
0.044698
0.044040
0.044744
0.041377
0.044319
0.042745
0.041691
0.041104
0.041783
0.043542
0.042780
0.041237
0.041474
0.041066
0.041859
0.041207
0.040908
0.047674
0.041053
0.040442
0.040045
0.040472
0.039788
0.042453
0.041860
0.040946
0.040622
0.040775
0.045134
0.042341
0.041099
0.046507
0.041107
0.042107
0.042104
0.046556
0.047294
0.046660
0.041114
0.040958
0.041675
0.041518
0.042177
0.054611
0.040789
0.041305
0.041465
0.054508
0.040682
0.040890
0.045146
0.040203
0.041146
0.041182
0.043450
0.039469
0.042051
0.046261
0.041317
0.054769
0.039920
0.041367
0.043723
0.040380
0.040263
0.040640
0.041476
0.041569
0.041642
0.041034
0.042480
0.040482
0.040830
0.043490
0.041658
0.041764
0.042805
0.046448
0.040697
0.040650
0.044279
0.040244
0.043649
0.040056
0.044266
0.040820
0.041580
0.039306
0.040123
0.040215
0.040412
0.040853
0.039878
0.040325
0.040518
0.043644
0.084383
0.046087
0.041953
0.041171
0.041469
0.042495
0.040986
0.040636
0.045284
0.041422
0.042121
0.044946
0.040303
0.041095
0.040624
0.041886
0.052071
0.040693
0.041392
0.039864
0.041610
0.047857
0.041594
0.043882
0.039725
0.041576
0.041150
0.041510
0.041274
0.041070
0.042511
0.040813
0.042632
0.041264
0.040861
0.043174
0.040364
0.041739
0.041597
0.044322
0.040274
0.048589
0.041755
0.041823
0.040781
0.040347
0.039841
0.040194
0.040619
0.041778
0.040681
0.040009
0.040583
0.040552
0.041495
0.039515
0.039285
0.039794
0.040367
0.040055
0.044302
0.045241
0.039689
0.039914
0.039960
0.039676
0.039704
0.042423
0.042033
0.040049
0.040951
0.040840
0.042342
0.041903
0.041514
0.041667
0.040784
0.041923
0.082411
0.040480
0.041142
0.046568
0.041034
0.041151
0.042360
0.042069
0.042158
0.041160
0.041613
0.040462
0.040242
0.041675
0.056586
0.040319
0.040236
0.052020
0.040454
0.044077
0.042064
0.039992
0.039810
0.045598
0.050877
0.039255
0.040184
0.040457
0.041408
0.040218
0.041128
0.040593
0.040551
0.040249
0.040620
0.043934
0.040050
0.040925
0.040074
0.040440
0.041817
0.042020
0.045266
0.044827
0.040454
0.040415
0.041148
0.041208
0.041908
0.041113
0.041267
0.041852
0.040398
0.040987
0.040799
0.041174
0.041245
0.040891
0.043904
0.040015
0.043820
0.039004
0.040107
0.045650
0.039870
0.040525
0.040036
0.040666
0.041830
0.040548
0.039593
0.039865
0.039968
0.039179
0.044114
0.039265
0.040332
0.044126
0.039604
0.042786
0.042048
0.048692
0.042120
0.050825
0.041925
0.042761
0.042157
0.042659
0.045254
0.042624
0.042316
0.044435
0.041623
0.045801
0.042815
0.044103
0.041571
0.042042
0.042635
0.042556
0.042481
0.042195
0.042592
0.048480
0.043412
0.043168
0.041946
0.042279
0.043994
0.042773
0.041812
0.042886
0.042477
0.062838
0.041636
0.042164
0.041302
0.041444
0.040839
0.040694
0.042128
0.041834
0.042048
0.047086
0.041647
0.040915
0.042857
0.040446
0.041066
0.040864
0.041215
0.040406
0.040674
0.042060
0.041052
0.042226
0.041171
0.041772
0.043814
0.040416
0.041113
0.041218
0.043359
0.046517
0.041395
0.040410
0.041207
0.041634
0.046617
0.042010
0.041593
0.044127
0.040692
0.041528
0.040025
0.041281
0.044280
0.041396
0.040900
0.040667
0.042554
0.041680
0.041563
0.046478
0.041564
0.044661
0.041153
0.040758
0.039830
0.050316
0.041352
0.044153
0.040701
0.041329
0.040862
0.045556
0.048461
0.042052
0.041301
0.041030
0.041461
0.041132
0.041958
0.046603
0.041350
0.041505
0.043972
0.041632
0.043106
0.040086
0.040468
0.041020
0.041158
0.042085
0.042127
0.040936
0.040559
0.041238
0.040983
0.041311
0.042292
0.040206
0.044837
0.046191
0.040389
0.047018
0.043944
0.040690
0.040964
0.040673
0.040729
0.041393
0.040614
0.044718
0.040526
0.040750
0.040637
0.041287
0.040879
0.040609
0.043280
0.040465
0.042030
0.047176
0.041019
0.048830
0.042945
0.043177
0.042361
0.042285
0.042955
0.042992
0.042561
0.042872
0.043953
0.041897
0.046487
0.043201
0.042241
0.042254
0.043276
0.043168
0.042864
0.048936
0.041254
0.042841
0.064807
0.041379
0.042131
0.042561
0.041778
0.042548
0.042631
0.044601
0.042007
0.041868
0.043556
0.040263
0.042203
0.042479
0.042515
0.042625
0.043052
0.048920
0.043190
0.044211
0.043492
0.042343
0.042563
0.042440
0.042674
0.048275
0.042462
0.042970
0.044428
0.042015
0.043109
0.042038
0.042190
0.042360
0.046720
0.041567
0.041882
0.047616
0.041877
0.041470
0.044949
0.040902
0.042745
0.044275
0.042030
0.041499
0.043607
0.043539
0.041773
0.041678
0.041257
0.043058
0.043254
0.045981
0.041683
0.042800
0.042099
0.051895
0.042312
0.041451
0.044385
0.040695
0.040434
0.040869
0.040767
0.042258
0.041772
0.044803
0.041147
0.040939
0.041499
0.041143
0.041005
0.040972
0.041663
0.040538
0.041691
0.046528
0.041301
0.040812
0.040894
0.041473
0.041577
0.043371
0.043375
0.040590
0.043372
0.040939
0.041407
0.040708
0.041065
0.041426
0.041541
0.043506
0.040337
0.041176
0.041003
0.047116
0.040224
0.041723
0.041156
0.041767
0.076482
0.042573
0.042456
0.042904
0.042225
0.042719
0.044200
0.041640
0.043654
0.041465
0.042730
0.042500
0.042477
0.042504
0.042881
0.048226
0.045299
0.042746
0.045660
0.045436
0.043104
0.042495
0.046122
0.042399
0.045796
0.045414
0.044745
0.041362
0.044452
0.042150
0.044907
0.041000
0.044017
0.042278
0.043193
0.046674
0.043105
0.041187
0.041429
0.041891
0.042161
0.041610
0.042452
0.046768
0.041811
0.044721
0.041750
0.041753
0.040345
0.041365
0.041261
0.041888
0.041608
0.041676
0.041953
0.047144
0.042330
0.040153
0.041288
0.041465
0.041859
0.041853
0.041092
0.042357
0.040974
0.040584
0.041601
0.043139
0.039868
0.038789
0.039140
0.039597
0.038911
0.038985
0.040288
0.045813
0.039039
0.040119
0.042727
0.040024
0.038893
0.084593
0.040439
0.040081
0.108318
0.042972
0.042318
0.042006
0.042071
0.041869
0.041394
0.041632
0.041153
0.042199
0.041824
0.050162
0.040342
0.041271
0.041786
0.042632
0.057302
0.040823
0.041482
0.042385
0.042263
0.042201
0.041585
0.041622
0.041639
0.055608
0.041940
0.041789
0.042504
0.041627
0.042454
0.047614
0.042205
0.044885
0.042878
0.042902
0.042983
0.041615
0.040952
0.042236
0.041664
0.044170
0.042551
0.041374
0.041155
0.042012
0.042550
0.041865
0.042011
0.041703
0.042480
0.047905
0.041294
0.041401
0.045998
0.041640
0.041628
0.043689
0.041553
0.041556
0.042988
0.046463
0.048694
0.041757
0.044716
0.046531
0.060098
0.040871
0.040676
0.041493
0.046701
0.047499
0.045270
0.042465
0.041533
0.042138
0.044717
0.041653
0.040916
0.039940
0.040778
0.040278
0.041676
0.042939
0.041617
0.041566
0.044434
0.040908
0.041663
0.041086
0.041991
0.046946
0.041919
0.041839
0.041032
0.044502
0.042809
0.042461
0.042412
0.042772
0.042682
0.042722
0.041874
0.070123
0.043342
0.041983
0.042178
0.042720
0.042521
0.045918
0.041280
0.047600
0.041950
0.042224
0.041996
0.044325
0.042384
0.042350
0.042130
0.043805
0.041979
0.041435
0.041032
0.043306
0.040186
0.042228
0.041638
0.043885
0.041030
0.040814
0.041064
0.050431
0.041146
0.041313
0.040366
0.041016
0.041679
0.044160
0.041589
0.042163
0.041380
0.040960
0.041493
0.041423
0.045156
0.043252
0.042039
0.041807
0.045645
0.041487
0.042444
0.047891
0.042520
0.041300
0.044144
0.047784
0.043180
0.042087
0.042377
0.041711
0.051253
0.083322
0.042757
0.046263
0.042377
0.043501
0.042476
0.059122
0.042297
0.043277
0.045492
0.047071
0.042089
0.041223
0.042911
0.044388
0.040804
0.044485
0.040499
0.047126
0.040742
0.041329
0.041193
0.044654
0.041308
0.040730
0.041544
0.041483
0.041996
0.041869
0.042084
0.070757
0.040873
0.041017
0.042256
0.041736
0.042408
0.042814
0.041227
0.041730
0.041529
0.041441
0.042107
0.042411
0.042338
0.041829
0.041936
0.041001
0.042421
0.041711
0.041799
0.047519
0.043416
0.040992
0.041370
0.041666
0.042254
0.042381
0.045920
0.041995
0.050757
0.042558
0.040012
0.042018
0.044346
0.040693
0.040968
0.041306
0.042076
0.040997
0.049270
0.046798
0.041540
0.040826
0.049903
0.041224
0.040691
0.041151
0.041952
0.042558
0.040869
0.041996
0.041752
0.042175
0.044689
0.041655
0.041620
0.040902
0.041115
0.041057
0.041758
0.047750
0.041523
0.044585
0.041459
0.040215
0.041021
0.049930
0.075853
0.041183
0.042256
0.040663
0.041902
0.042268
0.042072
0.041669
0.041567
0.042953
0.041609
0.041340
0.041572
0.047622
0.041324
0.041416
0.041669
0.041749
0.041168
0.041465
0.042541
0.042097
0.041660
0.045538
0.046109
0.041505
0.041591
0.045357
0.040848
0.043930
0.040315
0.047410
0.041476
0.046308
0.041713
0.041881
0.040825
0.041534
0.040897
0.042074
0.042477
0.041770
0.041529
0.041445
0.041773
0.068406
0.048208
0.042411
0.041932
0.044656
0.090429
0.042214
0.042460
0.048155
0.044260
0.041037
0.042413
0.041928
0.049571
0.040840
0.042552
0.042124
0.041736
0.042399
0.047472
0.040694
0.042434
0.042254
0.043985
0.042028
0.042602
0.042476
0.042403
0.048355
0.045867
0.052604
0.045929
0.040174
0.039155
0.040697
0.042199
0.040601
0.044587
0.040311
0.041032
0.040622
0.042842
0.040777
0.040874
0.039320
0.041162
0.042599
0.041428
0.046937
0.041385
0.041641
0.039424
0.040889
0.041178
0.042645
0.040736
0.040157
0.039993
0.040956
0.040550
0.040039
0.040206
0.046658
0.038819
0.040292
0.045835
0.043903
0.040053
0.045885
0.039712
0.041290
0.052931
0.042667
0.042093
0.042144
0.042477
0.055981
0.044768
0.043082
0.043061
0.041759
0.044425
0.041848
0.042555
0.042644
0.044054
0.041529
0.043883
0.047128
0.041733
0.042609
0.042750
0.043022
0.041986
0.044048
0.041269
0.042312
0.042437
0.044719
0.041155
0.042865
0.042409
0.042572
0.042791
0.042608
0.042934
0.046586
0.042562
0.049943
0.040372
0.040715
0.043875
0.039749
0.040653
0.040933
0.040753
0.043640
0.040204
0.040112
0.041226
0.041126
0.044379
0.039592
0.039346
0.039555
0.039828
0.044187
0.040426
0.045022
0.039742
0.039982
0.055249
0.109042
0.039015
0.045500
0.040780
0.046035
0.042573
0.040844
0.040625
0.040806
0.040958
0.045591
0.040529
0.040605
0.041715
0.041831
0.043278
0.046098
0.041511
0.041393
0.041814
0.041540
0.040850
0.041216
0.041353
0.040241
0.041614
0.040874
0.046034
0.040498
0.045059
0.045296
0.043422
0.040993
0.041244
0.041313
0.042629
0.047659
0.042217
0.047780
0.040761
0.041600
0.042290
0.046329
0.041335
0.042907
0.042806
0.042612
0.042234
0.042219
0.041309
0.041756
0.042855
0.042115
0.040126
0.042554
0.040898
0.049590
0.040292
0.040629
0.041227
0.042833
0.040902
0.041624
0.041694
0.043890
0.042660
0.042994
0.039921
0.040310
0.045503
0.041269
0.041594
0.041110
0.042461
0.042371
0.041431
0.047172
0.040534
0.041045
0.042262
0.039868
0.041948
0.039523
0.039764
0.039694
0.039555
0.039599
0.043334
0.040305
0.039365
0.039407
0.039214
0.039120
0.039426
0.039735
0.039396
0.044951
0.039518
0.039692
0.039428
0.039662
0.039273
0.053122
0.044412
0.042821
0.042302
0.042805
0.043371
0.042313
0.042527
0.046705
0.042070
0.042902
0.042908
0.042583
0.044232
0.050760
0.042411
0.042500
0.042438
0.047483
0.043791
0.042332
0.042613
0.042731
0.043347
0.044505
0.042868
0.052988
0.042195
0.043146
0.042456
0.047024
0.042410
0.042147
0.045301
0.048093
0.042315
0.041994
0.042139
0.045482
0.041898
0.042670
0.048383
0.041219
0.041802
0.042172
0.044791
0.044749
0.041834
0.042224
0.045027
0.046351
0.049517
0.042585
0.041602
0.053072
0.041424
0.043290
0.042274
0.042385
0.041833
0.041960
0.044776
0.049388
0.043945
0.043727
0.045839
0.043297
0.041129
0.045418
0.040878
0.041483
0.042316
0.043479
0.040784
0.055063
0.040096
0.042413
0.040724
0.045046
0.040764
0.043307
0.100310
0.044753
0.041156
0.041314
0.041536
0.044430
0.043596
0.046871
0.043870
0.041193
0.057730
0.042060
0.041530
0.046302
0.040194
0.041548
0.047578
0.077909
0.042279
0.043603
0.047168
0.040400
0.040935
0.047396
0.041672
0.042563
0.042848
0.042659
0.042157
0.044761
0.043157
0.042377
0.044972
0.048329
0.044687
0.036718
0.045850
0.040357
0.039573
0.050159
0.042521
0.041574
0.040078
0.043633
0.045734
0.045524
0.040035
0.040688
0.041393
0.041322
0.040158
0.042642
0.040139
0.051064
0.039786
0.038098
0.043029
0.041894
0.040859
0.046713
0.041911
0.041731
0.045613
0.038903
0.042316
0.038857
0.041268
0.041033
0.040641
0.040041
0.041197
0.039968
0.039218
0.049481
0.040391
0.040247
0.041209
0.040704
0.039867
0.044367
0.039918
0.039890
0.042859
0.041459
0.043300
0.042598
0.042584
0.041700
0.046324
0.042367
0.040375
0.045509
0.040868
0.047808
0.043690
0.041526
0.040626
0.047081
0.052073
0.040355
0.042761
0.050055
0.051467
0.040902
0.045170
0.042677
0.042410
0.043605
0.042992
0.041404
0.050572
0.040908
0.042226
0.051940
0.040896
0.041510
0.044230
0.042223
0.045293
0.040232
0.040226
0.040323
0.047941
0.042739
0.040291
0.042608
0.039467
0.041059
0.042394
0.041371
0.043653
0.040847
0.040418
0.046779
0.041897
0.041201
0.040815
0.040667
0.040701
0.039997
0.040422
0.040357
0.039807
0.042957
0.040002
0.042887
0.045367
0.050287
0.044263
0.041372
0.042026
0.047425
0.040006
0.047488
0.039839
0.040419
0.055123
0.044487
0.045574
0.043422
0.044340
0.043624
0.044461
0.044490
0.044445
0.042836
0.046612
0.043199
0.041532
0.039541
0.047461
0.040556
0.039889
0.050254
0.039505
0.041842
0.042439
0.045170
0.040929
0.046993
0.042806
0.043559
0.041437
0.041944
0.042779
0.043322
0.044788
0.044068
0.040555
0.045486
0.045604
0.042305
0.042973
0.049381
0.040861
0.044363
0.048137
0.140112
0.045301
0.040545
0.040968
0.044731
0.041858
0.045208
0.043783
0.045870
0.042765
0.043979
0.041918
0.042092
0.042968
0.041853
0.041780
0.059274
0.044310
0.042194
0.040945
0.041191
0.045720
0.046412
0.040516
0.041167
0.041936
0.041104
0.042609
0.047899
0.041051
0.040318
0.040761
0.039896
0.041972
0.040625
0.042600
0.044794
0.040685
0.042539
0.040670
0.040803
0.040560
0.040416
0.041081
0.040198
0.043025
0.044221
0.044822
0.041324
0.043221
0.041388
0.041592
0.040581
0.040734
0.039836
0.057449
0.045824
0.040235
0.042159
0.040308
0.040937
0.043051
0.053982
0.052430
0.045284
0.040365
0.041046
0.044712
0.042943
0.039552
0.041150
0.038367
0.041882
0.040826
0.043837
0.040250
0.047558
0.042235
0.040086
0.039563
0.039721
0.043026
0.039668
0.040067
0.040436
0.039466
0.039346
0.040511
0.040089
0.039341
0.047480
0.038908
0.039690
0.039957
0.039729
0.040632
0.045310
0.040351
0.041249
0.038362
0.045079
0.039936
0.039619
0.043813
0.039390
0.041938
0.041479
0.040587
0.039257
0.043249
0.038658
0.043771
0.039591
0.039722
0.041622
0.040773
0.046876
0.040218
0.041334
0.040733
0.040995
0.040221
0.040603
0.041269
0.040764
0.041150
0.041172
0.040709
0.041260
0.041122
0.040383
0.042260
0.040653
0.040843
0.042861
0.040110
0.047167
0.040422
0.042506
0.039907
0.042051
0.040407
0.041343
0.042838
0.040478
0.041253
0.042913
0.041530
0.040925
0.046382
0.049940
0.041278
0.040849
0.041908
0.041953
0.041801
0.049382
0.041845
0.040369
0.041023
0.062067
0.041020
0.041188
0.041085
0.041837
0.043560
0.043240
0.041187
0.043140
0.040724
0.042280
0.042541
0.040106
0.040962
0.042021
0.044231
0.048970
0.039945
0.041952
0.041885
0.041731
0.041125
0.041386
0.040725
0.041653
0.042025
0.050443
0.049054
0.039130
0.040451
0.039246
0.040434
0.040249
0.039189
0.040238
0.039019
0.046446
0.039320
0.039602
0.040229
0.039706
0.039544
0.040377
0.040118
0.038853
0.043865
0.038520
0.039699
0.038486
0.042933
0.039564
0.040232
0.038975
0.039002
0.039130
0.040874
0.045928
0.040064
0.039716
0.040448
0.041757
0.040702
0.040482
0.044645
0.038951
0.040459
0.039577
0.042866
0.040898
0.041053
0.041875
0.042662
0.040724
0.043395
0.040503
0.040640
0.050605
0.040728
0.041406
0.040524
0.041251
0.041073
0.041234
0.041431
0.040433
0.040897
0.043523
0.040220
0.040856
0.041299
0.044002
0.041344
0.040921
0.040975
0.041090
0.041410
0.047322
0.040655
0.040659
0.041119
0.040511
0.040842
0.049095
0.041188
0.044734
0.043652
0.043748
0.042056
0.047395
0.040136
0.044191
0.040687
0.043149
0.039907
0.040525
0.040874
0.046964
0.041351
0.044197
0.039826
0.040829
0.041416
0.041117
0.041614
0.040718
0.041987
0.039489
0.041958
0.041191
0.041287
0.042741
0.039889
0.040443
0.041989
0.040899
0.046886
0.045618
0.041816
0.041768
0.039590
0.041281
0.044501
0.041106
0.041015
0.040780
0.049198
0.039895
0.039209
0.040967
0.041279
0.040847
0.040310
0.040872
0.040506
0.041217
0.040509
0.051987
0.063735
0.041245
0.040301
0.043360
0.039905
0.040271
0.041344
0.042239
0.060491
0.040450
0.040407
0.041120
0.041680
0.040950
0.044302
0.041228
0.041401
0.040606
0.041696
0.049729
0.040525
0.041396
0.041634
0.042026
0.039551
0.044753
0.041255
0.039995
0.041111
0.042153
0.042906
0.043514
0.040683
0.042542
0.042300
0.049710
0.040348
0.040731
0.040876
0.046915
0.044781
0.040654
0.041274
0.041725
0.041661
0.042169
0.040323
0.040785
0.041305
0.041922
0.041371
0.049604
0.040104
0.041411
0.040039
0.039758
0.039592
0.039466
0.041957
0.046404
0.040562
0.040076
0.039395
0.041533
0.045842
0.039081
0.038375
0.039404
0.039310
0.043065
0.062177
0.043300
0.040871
0.042674
0.044937
0.041069
0.042022
0.041576
0.042019
0.046491
0.047527
0.039598
0.039340
0.039315
0.039384
0.040387
0.041816
0.040870
0.040061
0.039775
0.039777
0.039631
0.040940
0.041714
0.039265
0.040486
0.039251
0.046461
0.039834
0.045284
0.040462
0.040397
0.039911
0.040542
0.040896
0.039905
0.041553
0.039503
0.040642
0.044291
0.040684
0.041167
0.040858
0.041037
0.040774
0.040743
0.040508
0.041376
0.046033
0.045822
0.039861
0.039937
0.046350
0.040971
0.040920
0.040682
0.040533
0.039503
0.041954
0.038771
0.042866
0.040350
0.040345
0.040379
0.040216
0.041265
0.041139
0.042047
0.040447
0.047069
0.040286
0.040722
0.042988
0.040593
0.041001
0.040399
0.043324
0.040720
0.041227
0.040272
0.041550
0.039703
0.043430
0.039462
0.039486
0.039719
0.040209
0.044571
0.042722
0.047509
0.041378
0.043844
0.041429
0.041917
0.041319
0.042076
0.044580
0.040677
0.040995
0.041575
0.041433
0.040872
0.042096
0.041340
0.041489
0.043852
0.040568
0.040289
0.040467
0.045990
0.042605
0.040508
0.040907
0.043978
0.040308
0.041311
0.040424
0.040075
0.041650
0.041549
0.040658
0.045079
0.039096
0.044387
0.041396
0.044870
0.040299
0.040920
0.041389
0.046278
0.043399
0.040631
0.045691
0.040687
0.042695
0.041845
0.042423
0.041328
0.040650
0.041957
0.041851
0.042197
0.044749
0.043039
0.040581
0.041183
0.041972
0.064222
0.040121
0.047356
0.041151
0.041788
0.041841
0.041765
0.041296
0.059835
0.040604
0.041470
0.041247
0.040417
0.042589
0.041827
0.041709
0.041213
0.041876
0.041586
0.041653
0.042078
0.042405
0.047006
0.040608
0.041100
0.041541
0.040971
0.041533
0.041847
0.041618
0.041758
0.045849
0.039708
0.043556
0.041088
0.045553
0.041267
0.042120
0.043938
0.040892
0.040742
0.041030
0.047793
0.040677
0.045735
0.040386
0.040369
0.041647
0.041125
0.041951
0.041693
0.041276
0.042438
0.072176
0.039548
0.040263
0.041586
0.040867
0.044385
0.039937
0.042088
0.041069
0.049211
0.039955
0.040336
0.041000
0.041446
0.041379
0.041971
0.047127
0.048712
0.040197
0.040991
0.040624
0.041148
0.041735
0.042182
0.041171
0.040566
0.041052
0.044474
0.040443
0.047629
0.041508
0.041484
0.040453
0.043855
0.040053
0.040356
0.040289
0.041361
0.041536
0.041702
0.041658
0.041725
0.041614
0.041762
0.059104
0.050779
0.042155
0.044468
0.043117
0.046502
0.042096
0.042966
0.041981
0.048213
0.041433
0.042150
0.042509
0.043407
0.039995
0.047637
0.040111
0.041710
0.041910
0.040869
0.041084
0.041435
0.041092
0.041567
0.041028
0.046557
0.040460
0.041423
0.041526
0.041373
0.041890
0.041449
0.041543
0.041604
0.041375
0.042277
0.043091
0.040157
0.041138
0.042497
0.041764
0.041783
0.041339
0.041154
0.042039
0.047703
0.041225
0.041218
0.041152
0.041786
0.041697
0.041514
0.042717
0.041862
0.041525
0.042123
0.041156
0.042073
0.041941
0.042160
0.041481
0.042091
0.041637
0.043572
0.040824
0.054029
0.040616
0.041595
0.042321
0.043920
0.040344
0.041130
0.042167
0.041856
0.041508
0.049020
0.040566
0.042441
0.042169
0.042199
0.042006
0.042436
0.042294
0.042478
0.041701
0.047296
0.046555
0.041288
0.043395
0.041454
0.042387
0.042370
0.042276
0.041791
0.042619
0.041926
0.045619
0.041282
0.041981
0.045910
0.040837
0.041285
0.042030
0.040977
0.044771
0.046731
0.041649
0.041144
0.041710
0.041000
0.041841
0.041510
0.041533
0.041799
0.043648
0.040869
0.044152
0.041268
0.040132
0.039967
0.041139
0.040444
0.041212
0.040936
0.041344
0.047442
0.040373
0.040912
0.041021
0.041126
0.040854
0.040491
0.063125
0.040555
0.040320
0.040618
0.041832
0.040782
0.042158
0.040990
0.041708
0.040607
0.041291
0.041175
0.042068
0.046714
0.043401
0.041103
0.041206
0.041013
0.040173
0.040749
0.043884
0.041522
0.040155
0.044417
0.040154
0.041861
0.043222
0.040244
0.040513
0.040873
0.040597
0.041130
0.042589
0.045672
0.039796
0.041122
0.040650
0.040826
0.041694
0.039561
0.040131
0.040581
0.043539
0.038836
0.046613
0.039584
0.038557
0.041337
0.043103
0.041307
0.040520
0.044132
0.039813
0.046737
0.040601
0.040502
0.042294
0.043369
0.070540
0.040842
0.042593
0.040929
0.042568
0.041978
0.041881
0.041825
0.068368
0.044005
0.043135
0.041938
0.041996
0.042222
0.041965
0.047412
0.042339
0.042496
0.044838
0.042388
0.041963
0.042055
0.041021
0.040404
0.040726
0.040750
0.043295
0.040689
0.042633
0.040729
0.041050
0.041093
0.040849
0.040704
0.040534
0.047437
0.040628
0.040827
0.040965
0.041087
0.040239
0.043817
0.040868
0.042778
0.040672
0.047605
0.039275
0.040458
0.039801
0.041163
0.039732
0.039901
0.040579
0.040371
0.039822
0.044927
0.041030
0.039683
0.040354
0.039668
0.040605
0.039985
0.040373
0.039930
0.040616
0.040661
0.049720
0.039607
0.039925
0.040434
0.042076
0.041475
0.060901
0.041913
0.043159
0.048098
0.041048
0.042687
0.040912
0.042132
0.043526
0.040757
0.041474
0.041640
0.040918
0.040991
0.042160
0.041815
0.041664
0.042089
0.042111
0.041746
0.041034
0.042139
0.041591
0.047308
0.041486
0.046817
0.046244
0.041148
0.041943
0.041554
0.042185
0.040454
0.043679
0.040558
0.041400
0.041219
0.042784
0.041928
0.073472
0.041057
0.043172
0.042045
0.056212
0.047224
0.041390
0.042116
0.044712
0.042225
0.041720
0.042985
0.041279
0.041429
0.044076
0.040875
0.041807
0.041164
0.042446
0.043834
0.040716
0.044857
0.040875
0.042140
0.041828
0.047462
0.041349
0.042935
0.061503
0.039829
0.045778
0.040122
0.044027
0.040737
0.039350
0.041316
0.043562
0.040771
0.039662
0.040519
0.039305
0.041792
0.040900
0.039910
0.039991
0.048055
0.038888
0.038715
0.040016
0.040310
0.039211
0.040263
0.038948
0.038786
0.039971
0.039198
0.040088
0.039985
0.040637
0.039776
0.038832
0.039684
0.038919
0.040424
0.038700
0.045886
0.038517
0.038809
0.039696
0.038549
0.039009
0.038598
0.039997
0.043507
0.038941
0.038560
0.039991
0.038609
0.040462
0.043475
0.039972
0.039611
0.041337
0.039936
0.038726
0.047037
0.040385
0.038996
0.038915
0.039720
0.038523
0.038707
0.039600
0.038231
0.039623
0.038992
0.038748
0.039830
0.038502
0.040459
0.038833
0.040076
0.039141
0.049458
0.037818
0.043921
0.038771
0.038629
0.038967
0.038948
0.039638
0.038786
0.038446
0.039090
0.038669
0.038916
0.039275
0.039104
0.047051
0.047208
0.039205
0.039988
0.040250
0.042357
0.040283
0.044554
0.041458
0.039779
0.039605
0.039467
0.038918
0.039274
0.048462
0.039571
0.039517
0.040856
0.040628
0.039643
0.040864
0.039967
0.038620
0.049680
0.037845
0.038407
0.039065
0.045083
0.041575
0.038188
0.038670
0.040211
0.039334
0.038991
0.038564
0.038966
0.040139
0.038524
0.042835
0.038850
0.038720
0.038554
0.039010
0.039041
0.040683
0.038661
0.040639
0.045068
0.039043
0.040348
0.039992
0.039213
0.039183
0.043117
0.039832
0.041671
0.041185
0.038851
0.039449
0.038466
0.038621
0.039269
0.039373
0.039794
0.039037
0.038987
0.039208
0.050473
0.039452
0.039598
0.043872
0.041175
0.043091
0.042279
0.041162
0.039078
0.038345
0.040278
0.045894
0.041219
0.039619
0.040330
0.039006
0.040787
0.039625
0.039558
0.041471
0.047288
0.040728
0.040021
0.039281
0.039741
0.038781
0.046192
0.038785
0.038620
0.039668
0.052030
0.040838
0.041672
0.040704
0.041162
0.041149
0.041820
0.040643
0.041263
0.041488
0.047061
0.040364
0.041575
0.045182
0.041555
0.046670
0.040437
0.040609
0.042119
0.040801
0.040480
0.040370
0.040718
0.041683
0.039793
0.040387
0.039846
0.044503
0.039981
0.039761
0.050189
0.040395
0.040736
0.042819
0.040462
0.040846
0.041043
0.045374
0.045963
0.039667
0.043412
0.040968
0.041245
0.041092
0.041395
0.043594
0.040177
0.041393
0.040686
0.041926
0.047232
0.041473
0.041718
0.043071
0.041244
0.041669
0.041760
0.041771
0.043284
0.041328
0.042176
0.041317
0.044594
0.043378
0.043190
0.041127
0.040931
0.040802
0.041777
0.045290
0.046193
0.041647
0.040998
0.041407
0.054113
0.040851
0.042492
0.041956
0.042557
0.041029
0.041328
0.041035
0.042035
0.041695
0.041749
0.041690
0.041773
0.042623
0.063613
0.040471
0.047496
0.041039
0.042662
0.041268
0.041124
0.041201
0.041252
0.042164
0.041610
0.041252
0.042101
0.040990
0.041441
0.042338
0.041519
0.041384
0.041924
0.040944
0.041283
0.041264
0.046731
0.041964
0.041069
0.041382
0.044440
0.039908
0.040536
0.040944
0.040698
0.042483
0.043389
0.047620
0.040751
0.041058
0.042182
0.041456
0.047314
0.042206
0.042678
0.042719
0.048339
0.042134
0.043203
0.042471
0.042828
0.041893
0.042381
0.042985
0.042225
0.042306
0.042441
0.043174
0.042772
0.042634
0.041955
0.041928
0.042282
0.043067
0.042775
0.043592
0.049670
0.042244
0.042638
0.043737
0.042646
0.042209
0.041846
0.043687
0.042495
0.066530
0.042314
0.047501
0.042140
0.043437
0.045914
0.042439
0.042148
0.041867
0.042313
0.045884
0.047610
0.041725
0.041893
0.042042
0.043317
0.044248
0.042315
0.042532
0.042394
0.044957
0.040670
0.042447
0.042212
0.042120
0.042505
0.040981
0.042331
0.042204
0.042259
0.055740
0.047506
0.047349
0.050110
0.039960
0.042050
0.043029
0.040179
0.040539
0.041490
0.042354
0.041775
0.042455
0.043392
0.040972
0.042116
0.040932
0.041254
0.041616
0.044734
0.039695
0.046604
0.040156
0.041833
0.041529
0.043196
0.039953
0.041114
0.042037
0.040859
0.039789
0.041303
0.041083
0.041786
0.040755
0.038960
0.040034
0.039311
0.041996
0.041532
0.039851
0.046576
0.039911
0.040706
0.039705
0.039771
0.039831
0.040972
0.045865
0.039097
0.040397
0.039232
0.043623
0.042895
0.042161
0.043757
0.041021
0.041596
0.049675
0.040387
0.042189
0.047752
0.058349
0.043654
0.044769
0.042829
0.043828
0.040983
0.045031
0.041408
0.042262
0.041711
0.044509
0.041022
0.048140
0.041451
0.048726
0.045612
0.040748
0.040334
0.047487
0.047813
0.042610
0.041362
0.044808
0.040488
0.048404
0.041126
0.042838
0.041802
0.040979
0.042357
0.041670
0.041396
0.045522
0.041914
0.042915
0.043728
0.040861
0.041625
0.040895
0.046317
0.041970
0.040672
0.041263
0.043984
0.040980
0.040925
0.041026
0.042350
0.041281
0.041631
0.041806
0.043137
0.041373
0.045063
0.041169
0.040762
0.040690
0.039483
0.039219
0.045916
0.039032
0.042410
0.039182
0.039132
0.039937
0.039338
0.039967
0.040427
0.040501
0.039604
0.040171
0.044202
0.037155
0.039902
0.040305
0.039639
0.040928
0.039222
0.040457
0.045000
0.038831
0.038808
0.039323
0.038816
0.040890
0.040139
0.039434
0.044065
0.039830
0.039594
0.039456
0.038911
0.039026
0.042356
0.038867
0.038526
0.038989
0.039911
0.041059
0.048002
0.038757
0.044753
0.039306
0.038761
0.038460
0.042812
0.039632
0.039961
0.039066
0.039775
0.038721
0.039080
0.039086
0.039148
0.041903
0.038591
0.041570
0.039394
0.039854
0.048404
0.041445
0.040417
0.039705
0.039159
0.043382
0.038846
0.038379
0.038919
0.038863
0.043442
0.040865
0.040044
0.041747
0.040135
0.042976
0.039447
0.038701
0.042923
0.040025
0.044351
0.040088
0.039680
0.039935
0.039443
0.038861
0.039115
0.041326
0.047383
0.041303
0.041430
0.041146
0.047695
0.042324
0.040266
0.041765
0.042262
0.040269
0.041121
0.040696
0.046988
0.041519
0.042030
0.046114
0.041633
0.041536
0.041151
0.042436
0.041908
0.041186
0.041625
0.041825
0.044981
0.040784
0.041425
0.041842
0.041566
0.042491
0.041810
0.042103
0.048542
0.041235
0.043513
0.041397
0.041790
0.042029
0.041491
0.043200
0.041495
0.041013
0.041293
0.042171
0.042873
0.041813
0.041825
0.042573
0.042580
0.042531
0.042591
0.042023
0.047466
0.041354
0.042308
0.045723
0.041590
0.049105
0.042703
0.042991
0.041902
0.045150
0.042427
0.041998
0.041268
0.041989
0.041535
0.041833
0.042088
0.041730
0.041511
0.041839
0.047508
0.042207
0.042145
0.041835
0.041767
0.042355
0.042210
0.041996
0.042522
0.041093
0.041662
0.042623
0.041806
0.054589
0.040626
0.040928
0.041998
0.041582
0.041842
0.042098
0.047077
0.041024
0.041121
0.042100
0.045039
0.040801
0.042094
0.041639
0.041947
0.041922
0.045795
0.045954
0.041301
0.042473
0.043934
0.040856
0.042138
0.043271
0.041349
0.041759
0.046935
0.042337
0.043864
0.041433
0.042573
0.041070
0.042136
0.041885
0.040820
0.042887
0.041419
0.044285
0.042125
0.041286
0.041925
0.041235
0.041754
0.041950
0.043974
0.042562
0.048353
0.042045
0.045068
0.041437
0.041882
0.041337
0.041957
0.041509
0.041293
0.041348
0.041896
0.040897
0.041901
0.042317
0.044039
0.042738
0.042381
0.043014
0.042532
0.041690
0.047446
0.043150
0.042304
0.041847
0.041341
0.042501
0.042114
0.041560
0.044102
0.042231
0.041878
0.042003
0.041995
0.042429
0.041208
0.041801
0.041685
0.041078
0.041303
0.042358
0.047490
0.042801
0.044176
0.058616
0.043071
0.044329
0.043473
0.042845
0.049772
0.046415
0.040843
0.045854
0.041104
0.041691
0.042951
0.041854
0.043463
0.043635
0.040732
0.039944
0.047213
0.045196
0.041451
0.040447
0.040211
0.039702
0.040300
0.039968
0.039297
0.039931
0.043502
0.040489
0.039473
0.039999
0.040087
0.049053
0.040692
0.040726
0.042034
0.039420
0.046012
0.041902
0.042536
0.046388
0.041301
0.045312
0.042734
0.043614
0.044770
0.043024
0.043415
0.045654
0.043915
0.042427
0.043102
0.046115
0.042533
0.042714
0.045727
0.042413
0.049114
0.042408
0.044050
0.042995
0.043057
0.043233
0.042771
0.048635
0.045719
0.043369
0.043843
0.043449
0.044610
0.042319
0.042684
0.046927
0.042144
0.042036
0.045054
0.044767
0.047471
0.041846
0.042491
0.042926
0.043498
0.043536
0.043169
0.043021
0.045274
0.044026
0.042831
0.042770
0.042732
0.041786
0.042384
0.043052
0.043542
0.042788
0.044729
0.041085
0.048577
0.042854
0.043489
0.045016
0.042425
0.042734
0.043128
0.043051
0.045152
0.042749
0.041623
0.042052
0.047265
0.041055
0.041180
0.043414
0.068290
0.042708
0.051438
0.040000
0.048358
0.041115
0.040232
0.040100
0.040406
0.039954
0.039391
0.041557
0.038831
0.038988
0.039970
0.047795
0.043257
0.040652
0.038786
0.040514
0.039002
0.039309
0.038730
0.044337
0.045484
0.038753
0.039629
0.039460
0.038914
0.041448
0.039683
0.040470
0.039233
0.038732
0.041013
0.042366
0.038088
0.039747
0.041895
0.039440
0.039264
0.039470
0.038695
0.038754
0.045190
0.041770
0.039455
0.039915
0.039758
0.044349
0.040895
0.039768
0.040127
0.040226
0.041228
0.041189
0.041953
0.043406
0.040604
0.039668
0.043188
0.044883
0.040243
0.042514
0.046922
0.040995
0.041975
0.047750
0.041278
0.049411
0.038289
0.038866
0.038831
0.039804
0.039591
0.038364
0.040254
0.038311
0.039068
0.041111
0.044783
0.041317
0.039342
0.043275
0.045763
0.040006
0.042421
0.040697
0.041073
0.041760
0.045265
0.042962
0.041872
0.044122
0.042349
0.045820
0.041640
0.043210
0.042176
0.043584
0.043624
0.042722
0.048231
0.043113
0.050995
0.042403
0.044113
0.042119
0.042582
0.041673
0.046881
0.040050
0.043690
0.040521
0.040147
0.043920
0.040067
0.041104
0.041014
0.041013
0.042516
0.041162
0.041460
0.041319
0.047063
0.043239
0.041517
0.041658
0.040299
0.039793
0.041586
0.040620
0.039775
0.043740
0.040701
0.040752
0.040187
0.040360
0.040894
0.040902
0.039653
0.042061
0.041859
0.041524
0.047168
0.041170
0.041553
0.041162
0.041357
0.042177
0.040663
0.041986
0.041257
0.040876
0.041580
0.040870
0.040470
0.041660
0.043333
0.042887
0.045144
0.041921
0.049151
0.041762
0.050831
0.042114
0.042216
0.042341
0.042665
0.041501
0.045666
0.041090
0.043932
0.042553
0.041733
0.040955
0.041742
0.042602
0.042460
0.043565
0.042582
0.041489
0.044436
0.043209
0.048274
0.044838
0.042789
0.041847
0.042586
0.042538
0.041781
0.043095
0.042196
0.041804
0.042539
0.042323
0.042871
0.041811
0.044759
0.042466
0.042233
0.042301
0.042793
0.041826
0.048178
0.041526
0.041780
0.041970
0.041555
0.043394
0.041513
0.042240
0.045999
0.041989
0.042078
0.041122
0.041342
0.041910
0.041521
0.048877
0.040291
0.040724
0.041023
0.048706
0.046443
0.041505
0.041455
0.045608
0.040146
0.051411
0.040150
0.041257
0.041194
0.047724
0.041244
0.043525
0.041520
0.041866
0.041882
0.045095
0.053994
0.040108
0.045030
0.045310
0.046023
0.041018
0.081520
0.044266
0.052783
0.040894
0.041833
0.046221
0.042576
0.040708
0.054056
0.041774
0.042049
0.041793
0.041631
0.042994
0.041123
0.042536
0.042584
0.040682
0.046299
0.041741
0.041365
0.042182
0.041409
0.041371
0.041472
0.040634
0.041934
0.043722
0.042038
0.041759
0.042089
0.041566
0.042799
0.041432
0.041858
0.042075
0.041750
0.044444
0.046648
0.041084
0.043592
0.042388
0.041456
0.041721
0.041166
0.042303
0.041513
0.041723
0.041995
0.041889
0.041286
0.041631
0.040929
0.041645
0.042056
0.041340
0.042455
0.041606
0.046700
0.041526
0.041098
0.040996
0.042118
0.042181
0.041362
0.041822
0.041208
0.041446
0.044070
0.038468
0.041571
0.041108
0.041713
0.041409
0.041569
0.040915
0.041533
0.041666
0.047018
0.040901
0.042138
0.041422
0.041645
0.041164
0.041400
0.041154
0.041320
0.041893
0.041411
0.041976
0.041486
0.041282
0.041143
0.040689
0.041438
0.046676
0.040460
0.044883
0.045295
0.043330
0.040911
0.041635
0.042347
0.041927
0.041153
0.041111
0.041727
0.042006
0.041921
0.041722
0.041410
0.041860
0.041643
0.042267
0.041718
0.040796
0.042190
0.041085
0.047484
0.041202
0.041672
0.041412
0.045237
0.093110
0.040733
0.042910
0.040233
0.043831
0.041005
0.043641
0.040121
0.041388
0.042250
0.041554
0.042209
0.043504
0.040867
0.040970
0.047490
0.058285
0.040913
0.041221
0.043384
0.040945
0.041496
0.042227
0.044129
0.039060
0.040909
0.040279
0.040522
0.039778
0.040037
0.039883
0.040946
0.040143
0.043870
0.039391
0.050721
0.040512
0.041135
0.040167
0.040542
0.040552
0.040027
0.041367
0.044971
0.041303
0.043257
0.042135
0.041550
0.039423
0.055185
0.054773
0.041639
0.051142
0.047060
0.042173
0.051194
0.050646
0.042709
0.043662
0.043016
0.061063
0.043097
0.044438
0.049855
0.043005
0.042432
0.043104
0.044202
0.042669
0.045038
0.048272
0.041571
0.042759
0.042066
0.042005
0.048256
0.043921
0.045207
0.052308
0.041752
0.045737
0.041493
0.041399
0.043951
0.045753
0.042197
0.049116
0.044328
0.051543
0.049029
0.041331
0.040967
0.040329
0.046247
0.047876
0.045305
0.042326
0.041429
0.042965
0.039327
0.043844
0.040015
0.040969
0.041247
0.040351
0.044523
0.039919
0.042130
0.040313
0.041447
0.041091
0.038530
0.041540
0.043546
0.041892
0.047925
0.045358
0.042864
0.039503
0.044781
0.044647
0.047677
0.042767
0.044149
0.044754
0.042490
0.038357
0.038971
0.042750
0.052825
0.037350
0.043052
0.037131
0.037188
0.042835
0.072594
0.081282
0.043088
0.041697
0.046330
0.040895
0.040858
0.042897
0.040470
0.041032
0.048145
0.046229
0.041246
0.040813
0.040619
0.044369
0.041738
0.042479
0.041955
0.042614
0.046307
0.040332
0.041869
0.041239
0.054942
0.046260
0.042196
0.041912
0.044652
0.044026
0.042852
0.054817
0.058125
0.045716
0.083749
0.041496
0.041094
0.041071
0.041723
0.041113
0.051511
0.041974
0.042127
0.040587
0.045815
0.043462
0.043540
0.042271
0.044139
0.041134
0.044775
0.043052
0.044150
0.041286
0.042980
0.041704
0.042625
0.041370
0.045285
0.040591
0.048076
0.039854
0.041625
0.041148
0.039663
0.040838
0.040778
0.041761
0.040473
0.039637
0.044036
0.039913
0.046911
0.039456
0.037461
0.046426
0.041726
0.042319
0.043473
0.041693
0.051235
0.041576
0.043731
0.045295
0.040063
0.043643
0.041928
0.047505
0.088651
0.042773
0.041760
0.040696
0.049833
0.042563
0.042745
0.047046
0.042812
0.042442
0.042914
0.044667
0.048658
0.042179
0.045976
0.043595
0.043195
0.043560
0.041905
0.044181
0.040912
0.043084
0.046912
0.041507
0.038543
0.038448
0.039555
0.041179
0.039179
0.040014
0.051499
0.052165
0.050987
0.043124
0.048156
0.059078
0.042132
0.042226
0.044198
0.040127
0.041904
0.041410
0.043212
0.045934
0.040094
0.042652
0.039209
0.044663
0.041296
0.040075
0.041963
0.040522
0.045820
0.042108
0.042442
0.041086
0.040961
0.040385
0.040770
0.040323
0.046568
0.039781
0.042151
0.040554
0.042916
0.062118
0.048298
0.040813
0.041239
0.040626
0.041504
0.041203
0.048219
0.044374
0.040432
0.039522
0.038950
0.038985
0.038582
0.039263
0.039479
0.038555
0.038491
0.038720
0.040939
0.039715
0.040844
0.039782
0.039768
0.039059
0.040471
0.048235
0.046031
0.039655
0.051463
0.039963
0.044600
0.043399
0.040906
0.041075
0.041517
0.042849
0.040957
0.041564
0.044727
0.046627
0.040547
0.040970
0.040868
0.040866
0.040810
0.040713
0.047173
0.039622
0.042355
0.041003
0.041686
0.042106
0.041300
0.041722
0.041499
0.040954
0.042074
0.041101
0.041501
0.041616
0.041127
0.041129
0.040886
0.040792
0.050143
0.040221
0.048449
0.040732
0.041260
0.041366
0.042864
0.040482
0.041523
0.041564
0.042492
0.041006
0.041864
0.041915
0.041388
0.042412
0.041744
0.048393
0.066015
0.041185
0.041650
0.041514
0.047767
0.041110
0.041319
0.041152
0.041919
0.042423
0.041455
0.041728
0.041010
0.040317
0.041164
0.040869
0.041750
0.041106
0.043690
0.040649
0.041547
0.041803
0.041079
0.043963
0.045998
0.041159
0.041583
0.043951
0.043392
0.043191
0.040480
0.041967
0.041646
0.045844
0.040786
0.041029
0.040513
0.041562
0.040712
0.040720
0.040117
0.040482
0.039867
0.039956
0.046997
0.040500
0.040358
0.045786
0.039318
0.039638
0.043106
0.039642
0.040322
0.039674
0.039896
0.040080
0.043666
0.039751
0.039650
0.039806
0.040251
0.039919
0.039111
0.041624
0.046024
0.040456
0.039386
0.048110
0.042327
0.041378
0.041247
0.044038
0.041484
0.044042
0.041426
0.043816
0.041341
0.041110
0.042425
0.069468
0.080575
0.041650
0.046595
0.040000
0.046467
0.040713
0.039979
0.040886
0.048086
0.040984
0.040928
0.040978
0.044455
0.040695
0.041583
0.040635
0.041444
0.040847
0.040778
0.040870
0.040504
0.043319
0.041523
0.040466
0.046599
0.041117
0.041809
0.045255
0.064949
0.041032
0.041475
0.041143
0.057628
0.042037
0.046306
0.041594
0.040169
0.041566
0.041529
0.040472
0.042175
0.043504
0.040080
0.040106
0.045777
0.041346
0.041825
0.040247
0.039417
0.040643
0.041525
0.045315
0.040070
0.040128
0.039071
0.039499
0.039097
0.040847
0.040495
0.040719
0.040435
0.039720
0.039397
0.040113
0.046425
0.040953
0.041498
0.041087
0.045327
0.040087
0.040674
0.040831
0.042369
0.040274
0.039534
0.040104
0.039788
0.041378
0.039396
0.040053
0.039511
0.040425
0.041068
0.043403
0.044916
0.039018
0.040084
0.039868
0.040608
0.039785
0.040818
0.040524
0.039694
0.040236
0.039480
0.041917
0.039741
0.039716
0.044563
0.040289
0.041105
0.041834
0.040730
0.040366
0.046340
0.040292
0.040635
0.040609
0.040318
0.041243
0.044643
0.041615
0.040213
0.041448
0.040802
0.040429
0.040889
0.043393
0.039945
0.040725
0.040236
0.040467
0.040199
0.041862
0.047066
0.039831
0.040838
0.040923
0.039887
0.041481
0.040771
0.041173
0.041666
0.040185
0.042494
0.041304
0.043707
0.043262
0.044429
0.041276
0.045749
0.041822
0.041377
0.039661
0.047948
0.039614
0.040315
0.040044
0.039593
0.040031
0.040543
0.042030
0.040439
0.040006
0.040079
0.039960
0.040633
0.043061
0.039897
0.040439
0.041981
0.042296
0.040701
0.040353
0.046481
0.042617
0.039817
0.041262
0.041616
0.041436
0.041487
0.041574
0.041250
0.043393
0.040755
0.041011
0.045320
0.041484
0.041325
0.039854
0.040155
0.039594
0.047909
0.039166
0.044946
0.039809
0.040739
0.043467
0.046511
0.042341
0.040123
0.041991
0.045260
0.042376
0.043116
0.042601
0.043176
0.041847
0.041620
0.042787
0.043045
0.043081
0.043231
0.042380
0.048903
0.042470
0.042403
0.042237
0.042699
0.050538
0.055755
0.043293
0.042619
0.043104
0.045316
0.041633
0.043163
0.042506
0.042630
0.044496
0.043109
0.043732
0.043375
0.041389
