223	129	175	150
222	126	179	162
219	128	182	152
218	126	179	165
218	124	184	165
216	127	190	162
218	129	186	169
218	127	186	159
215	126	195	175
214	125	194	166
219	127	185	156
217	124	183	159
220	123	183	161
219	126	183	152
218	125	183	157
214	126	186	156
207	126	197	164
213	123	193	182
211	125	191	168
208	124	200	188
211	126	191	169
214	124	190	169
211	122	189	176
209	122	198	174
209	117	191	179
210	117	194	186
214	115	187	167
212	114	189	168
216	113	187	166
211	117	184	166
213	115	186	162
215	117	187	173
214	116	185	173
214	119	187	161
214	119	186	163
213	121	187	165
215	122	189	159
213	117	188	175
214	117	188	177
216	120	187	176
216	116	185	184
216	121	187	183
213	115	190	188
212	115	189	199
217	113	181	185
217	116	180	193
214	111	183	192
214	117	182	183
216	117	184	180
215	114	183	201
216	114	183	186
215	114	183	187
215	116	188	192
216	115	187	178
225	117	171	180
212	117	191	183
216	114	184	197
212	119	190	186
214	121	186	163
219	123	182	160
216	124	187	158
211	121	187	166
212	124	185	168
210	127	198	166
215	126	191	173
212	123	190	166
211	126	197	170
210	124	193	160
210	125	191	160
209	123	193	174
212	125	193	154
204	129	199	155
207	124	196	156
205	123	197	164
211	124	192	168
201	123	199	185
205	122	201	187
200	123	201	195
206	124	191	175
212	124	185	165
212	128	178	161
208	124	188	172
203	125	200	173
207	124	194	170
205	122	193	176
204	122	196	174
207	127	193	188
207	121	193	185
209	127	188	176
206	123	194	188
211	128	196	172
205	127	198	178
206	124	197	185
206	129	199	182
205	122	193	192
208	124	193	181
200	126	206	190
210	126	188	171
209	125	194	186
209	127	196	182
203	122	194	196
206	124	194	191
209	128	189	172
201	124	209	194
203	122	204	193
206	128	192	170
204	129	200	185
207	125	189	183
207	126	199	185
210	123	192	190
208	124	196	188
211	127	191	178
209	125	190	167
209	128	190	168
209	124	197	172
209	123	192	179
213	118	187	191
209	120	196	190
220	120	173	160
215	120	178	159
214	119	182	155
216	117	180	157
219	111	175	167
217	115	174	167
216	114	183	172
219	114	179	166
216	114	179	169
218	112	175	182
219	111	173	177
218	113	177	181
226	112	161	172
213	119	184	167
215	119	183	154
205	122	191	156
213	122	180	150
209	120	183	145
207	117	190	150
209	116	182	147
210	114	181	157
210	115	181	152
207	117	184	152
209	115	187	154
209	114	179	169
209	117	193	160
208	113	188	173
210	111	188	181
212	114	179	166
216	115	173	155
216	116	180	155
220	115	168	160
223	110	163	162
220	113	177	174
215	109	175	183
219	113	173	176
212	109	181	184
215	113	176	176
213	112	186	186
218	106	183	205
222	101	166	205
216	103	177	203
223	106	178	198
218	101	176	200
227	110	161	168
223	111	167	166
224	110	166	167
226	105	158	177
224	103	160	191
220	112	165	164
209	113	183	150
205	114	184	152
206	109	184	158
206	109	185	165
214	108	159	167
216	102	165	178
216	104	163	168
209	109	173	161
218	109	166	168
213	106	180	172
212	108	173	168
218	108	157	166
211	106	175	164
216	104	168	178
221	102	162	169
221	104	162	176
222	104	157	178
214	103	183	175
226	101	158	171
229	99	153	182
229	97	143	184
224	92	164	198
224	87	165	200
230	85	147	200
224	91	163	179
227	94	152	183
226	91	152	180
228	95	151	181
231	94	139	177
227	91	141	184
230	96	145	173
230	94	146	173
230	96	150	155
228	94	158	151
220	93	161	160
225	99	156	161
224	95	150	166
227	97	139	158
223	98	151	152
226	94	136	162
227	98	142	156
230	96	134	156
230	98	133	149
227	98	139	154
231	93	126	163
229	93	136	159
231	93	129	166
228	92	131	174
232	89	126	176
229	93	129	159
231	97	131	155
231	96	129	150
231	98	131	149
232	97	128	153
231	99	131	143
231	97	128	151
233	99	127	153
234	96	132	147
234	99	127	157
233	93	123	165
231	98	132	145
234	100	125	131
227	100	136	139
232	101	129	148
233	98	127	138
229	98	131	146
228	99	131	143
233	100	128	155
233	96	130	160
232	97	128	150
229	100	134	140
231	101	129	138
227	98	135	159
232	96	130	160
228	95	136	151
233	95	130	152
227	95	133	156
228	95	131	160
228	97	136	153
227	94	134	153
230	95	129	163
227	97	138	150
232	97	129	141
228	96	131	147
228	94	132	163
227	94	133	165
229	96	129	158
235	95	121	152
233	95	122	153
232	95	122	164
228	99	129	142
232	96	123	130
225	97	124	141
230	98	119	145
229	94	121	146
230	95	122	150
227	98	128	141
231	99	123	136
228	95	127	147
228	93	123	147
232	92	120	159
231	92	124	150
230	91	126	157
229	92	126	154
229	90	122	163
233	91	118	155
232	92	119	150
229	93	124	157
234	93	114	148
233	94	113	157
233	92	115	152
233	94	112	160
227	93	118	151
227	93	124	156
225	92	120	156
227	94	122	135
224	93	125	142
227	92	119	152
225	94	120	141
225	97	124	137
226	97	125	129
227	98	127	125
222	95	126	136
226	94	122	136
224	98	127	129
224	94	119	129
224	93	120	133
223	94	125	132
217	94	126	138
217	93	127	140
223	95	118	143
219	94	124	135
222	96	121	133
225	93	123	143
228	91	114	142
223	89	120	135
226	89	118	138
224	92	126	136
226	91	119	137
223	88	123	141
222	95	127	129
222	92	123	132
224	93	122	134
227	92	118	136
226	89	117	140
227	95	118	133
224	91	119	133
229	93	114	135
232	93	112	134
232	96	111	125
228	90	116	141
232	93	112	140
227	87	113	146
225	94	115	130
224	92	115	128
224	93	114	127
223	94	113	130
225	92	113	133
227	97	112	129
226	94	111	130
224	92	112	137
226	92	111	137
225	92	110	139
226	94	110	129
223	91	115	141
225	92	110	134
225	94	113	137
226	95	108	128
227	92	108	135
223	92	113	134
220	91	114	134
223	93	114	133
222	90	108	131
225	93	106	124
220	94	118	126
219	94	116	123
220	96	119	129
223	96	114	123
224	99	114	123
224	92	115	137
222	95	114	127
224	94	119	136
227	95	113	129
226	92	114	125
222	96	115	126
221	94	119	129
225	94	115	132
221	94	118	133
224	93	114	133
224	92	115	129
224	97	115	124
225	94	114	129
225	96	118	125
226	96	117	126
225	94	114	128
224	93	116	134
223	96	117	130
221	92	117	129
222	90	115	127
220	94	118	121
216	91	119	122
215	83	120	133
213	86	120	134
206	93	127	122
213	88	118	133
213	91	115	130
212	86	113	137
213	86	113	134
209	91	131	124
207	90	129	128
206	89	128	124
214	92	121	122
212	87	119	130
215	91	117	123
215	87	114	135
216	91	113	124
217	90	113	127
216	91	113	121
217	90	118	121
214	90	118	120
216	91	114	120
215	90	116	121
216	90	115	123
213	92	118	115
217	92	116	113
216	92	114	109
212	92	119	116
213	92	121	117
214	91	121	117
210	90	118	123
206	87	124	122
206	91	122	119
206	91	123	120
209	92	122	118
217	93	114	116
213	95	117	115
214	97	121	111
213	95	121	119
214	95	120	124
215	90	121	127
215	93	121	122
218	93	117	117
223	94	114	118
220	95	120	120
220	94	122	127
219	94	121	123
221	94	121	122
222	96	121	124
222	97	121	121
222	96	120	122
220	98	124	124
220	101	124	119
224	99	114	122
220	97	119	120
218	91	121	129
220	93	115	125
217	92	119	127
217	91	115	130
225	96	112	120
226	94	111	126
228	95	105	128
230	96	103	125
229	95	106	133
230	88	109	135
227	92	113	137
226	93	115	133
224	91	115	129
229	90	108	126
227	90	111	126
223	88	117	132
215	87	126	131
221	88	122	129
221	91	119	124
224	86	119	128
221	86	123	136
222	88	126	131
224	84	122	137
219	86	125	125
222	82	126	130
227	83	123	125
226	83	130	121
228	87	124	117
226	85	124	121
226	84	127	123
223	86	130	121
225	87	129	119
224	86	127	120
222	88	129	116
221	86	133	118
223	88	128	115
222	87	130	113
225	87	124	112
219	87	131	114
222	88	125	117
222	86	126	111
220	90	128	116
220	86	128	118
223	86	121	110
220	88	123	120
227	88	116	118
226	88	116	108
224	86	119	120
229	86	109	112
225	87	116	114
226	85	118	115
226	87	117	115
223	84	121	113
219	90	126	108
227	87	122	112
223	88	120	119
223	90	120	103
219	93	129	99
216	91	130	110
222	88	121	113
225	88	119	120
219	88	125	109
215	95	129	115
221	89	123	117
220	92	126	110
218	90	128	107
219	89	126	116
220	91	122	107
219	90	126	118
220	90	123	112
217	89	129	111
221	91	125	112
215	88	129	112
217	93	129	109
220	90	124	108
218	93	127	105
221	89	127	109
223	91	122	107
219	89	124	111
219	89	128	115
216	88	127	111
217	91	129	119
216	91	129	114
220	87	121	113
221	92	126	109
222	89	120	107
224	89	120	118
223	90	120	106
215	90	131	118
222	89	125	112
219	89	126	112
221	89	126	113
222	89	123	107
222	89	122	119
216	90	126	110
218	92	129	111
220	91	124	106
220	89	126	113
220	85	123	116
220	91	126	117
222	89	123	111
221	90	124	111
223	87	122	113
221	92	123	115
218	91	126	106
223	90	121	118
218	90	128	110
216	93	130	114
218	88	128	117
223	91	121	110
222	91	121	107
222	90	121	111
220	91	126	108
218	90	126	114
222	86	121	121
223	91	121	108
226	91	115	106
221	88	121	119
225	88	118	119
224	92	118	102
219	89	125	116
220	88	123	114
222	92	123	108
220	88	124	115
225	87	120	116
222	90	123	114
223	91	122	104
220	92	123	109
221	89	124	109
222	88	122	116
223	88	121	110
215	90	127	120
218	89	130	117
220	86	123	113
218	89	124	123
218	90	126	117
222	88	121	118
223	89	121	111
220	89	122	112
224	85	120	121
222	88	123	113
219	87	125	119
218	88	125	114
221	89	123	114
221	89	124	109
219	89	126	114
219	90	127	110
220	89	126	110
220	90	126	116
225	88	121	111
215	89	129	120
213	88	132	115
215	90	131	107
216	86	128	124
218	86	127	119
219	83	123	116
217	87	127	123
217	85	132	116
217	89	128	113
220	86	128	112
211	85	134	126
208	85	137	114
210	87	135	118
214	85	130	112
218	87	128	114
229	88	113	109
225	82	116	124
231	84	112	112
220	83	122	114
223	80	120	112
230	80	110	118
220	73	119	133
221	68	115	143
226	75	111	126
228	83	113	120
230	87	106	113
222	83	117	118
227	84	112	115
223	84	117	116
226	79	111	124
229	79	108	124
226	82	112	120
228	82	110	118
224	81	111	126
225	78	116	125
219	83	121	119
220	83	124	117
219	80	121	121
221	76	121	127
219	75	125	129
218	77	127	134
218	84	125	115
217	83	126	114
222	79	124	124
218	78	124	120
216	79	128	121
214	81	130	121
216	79	129	123
213	85	131	114
219	84	128	119
221	79	122	120
227	81	114	121
218	80	123	130
217	79	123	126
220	82	120	125
222	83	116	124
221	88	119	122
223	87	119	119
225	86	113	122
227	87	114	116
222	86	119	110
224	86	116	120
223	82	115	126
222	81	114	128
219	82	118	129
217	81	119	131
215	84	120	126
217	85	124	122
219	86	119	120
222	86	118	115
223	85	119	110
222	85	117	117
219	88	119	118
220	87	120	116
221	89	120	111
221	87	123	115
222	87	121	106
220	85	122	118
222	85	117	127
223	84	116	125
223	83	119	122
222	85	118	116
223	84	117	111
221	86	121	109
219	88	122	127
217	91	122	129
218	90	123	128
214	91	125	126
213	91	128	132
216	88	122	126
216	87	124	134
218	87	120	135
218	86	120	131
221	85	117	123
222	86	116	114
218	85	118	123
215	84	121	129
214	85	122	126
218	84	118	123
212	83	124	131
214	82	122	127
217	83	118	130
213	85	121	129
215	84	121	131
210	82	125	138
214	83	118	135
217	85	116	130
212	86	123	130
212	88	124	126
214	88	125	131
218	87	118	133
221	87	116	124
216	87	120	119
215	88	124	117
213	87	126	126
213	87	121	125
213	88	125	123
215	88	124	122
215	88	124	131
216	89	122	128
213	90	122	128
211	91	130	126
211	90	124	132
210	90	127	132
213	90	125	121
213	88	126	130
212	88	125	137
213	90	122	135
207	90	131	141
207	92	129	139
215	92	122	118
218	91	121	116
220	89	117	117
216	90	119	118
218	90	120	109
218	89	122	109
221	90	114	109
220	89	117	116
220	91	116	104
223	91	112	99
217	91	123	111
213	89	124	122
215	90	118	128
213	88	120	128
211	90	120	131
208	87	126	137
206	89	130	131
201	90	136	132
201	91	136	135
215	92	125	115
215	91	124	113
216	89	124	115
220	89	119	116
219	89	119	117
220	88	121	122
221	88	117	125
221	88	117	127
220	89	121	124
222	90	117	122
210	88	128	135
211	92	132	129
208	91	131	121
211	92	130	112
213	90	131	112
215	91	124	114
214	90	125	114
218	90	120	111
215	89	124	113
217	90	123	112
214	92	126	107
219	92	118	101
220	91	122	98
218	91	123	109
218	92	122	103
219	91	126	100
223	90	118	110
223	91	118	101
221	89	120	113
222	89	117	110
222	87	119	111
223	87	117	114
221	88	118	113
221	87	117	115
218	88	121	110
215	91	126	111
220	89	119	111
220	89	118	110
216	89	123	110
214	89	124	113
217	88	119	115
219	90	120	113
216	91	123	113
221	90	122	122
216	90	126	123
223	90	118	114
234	93	108	115
235	94	103	111
221	88	123	110
234	84	109	127
246	87	92	120
250	81	89	123
246	77	86	126
251	79	85	122
246	77	90	132
245	79	91	123
239	76	96	126
248	81	91	125
233	76	100	117
230	78	108	118
223	77	121	126
221	76	124	126
223	72	120	130
220	73	123	124
222	72	116	128
221	68	111	132
222	68	116	135
221	66	112	136
220	70	113	129
223	70	107	125
223	71	106	126
224	68	106	131
223	70	113	130
222	68	118	133
219	71	123	126
219	69	121	126
221	67	115	136
224	67	117	137
224	71	125	137
228	70	113	128
226	71	113	137
221	74	125	128
221	77	128	131
195	77	148	131
201	79	144	128
196	80	148	124
202	87	141	112
208	85	140	113
219	84	122	96
226	90	122	94
229	88	112	90
229	83	101	96
221	82	117	97
217	81	115	105
220	80	113	114
226	82	103	93
223	82	101	89
217	83	101	97
219	80	104	97
219	81	104	91
218	82	101	88
219	80	101	95
219	78	104	99
219	79	99	99
216	78	105	107
218	75	102	121
219	73	102	131
217	74	102	122
212	76	111	127
219	74	100	125
217	73	108	128
220	72	99	133
220	70	100	135
218	72	103	132
218	73	103	120
217	76	100	127
212	74	111	125
212	70	110	136
218	75	100	120
217	72	106	131
217	74	102	126
217	75	105	119
215	75	106	126
213	72	110	128
208	75	113	129
210	76	113	128
214	78	108	118
214	73	107	127
209	74	113	129
215	78	103	111
214	74	107	117
214	79	107	117
213	75	111	122
218	78	108	120
218	77	103	120
214	80	112	110
213	80	112	123
212	80	112	123
214	79	113	119
212	80	117	113
214	81	114	110
214	80	109	109
220	80	102	107
217	78	108	114
218	76	103	120
218	76	108	116
216	75	107	124
216	77	106	115
218	77	109	115
218	75	104	124
219	77	105	111
218	73	106	124
221	74	97	124
218	72	103	131
218	74	106	120
219	77	100	116
220	75	102	119
218	77	100	115
216	75	107	123
214	76	108	114
211	80	115	115
205	77	121	125
191	80	135	109
190	73	135	123
192	68	128	123
189	65	131	130
190	35	126	159
189	66	132	153
179	45	145	166
155	15	164	194
179	65	163	191
153	55	175	187
180	42	153	172
169	19	151	195
192	77	146	182
185	16	129	202
192	62	142	222
158	15	160	217
198	17	124	199
191	22	127	208
184	17	130	204
192	21	122	184
190	15	122	198
192	18	122	194
181	17	132	186
192	31	119	198
191	17	123	191
187	20	128	211
180	19	137	196
189	18	127	198
183	20	130	183
194	26	120	196
190	18	120	187
203	32	108	203
189	15	124	198
171	19	144	187
153	16	161	188
186	27	138	207
189	15	127	190
180	16	139	212
186	20	133	185
199	20	115	183
215	24	97	167
209	26	106	171
201	14	106	179
185	20	131	189
199	20	115	181
204	17	108	183
207	17	109	196
196	14	116	193
196	19	116	178
204	21	106	175
204	22	106	175
193	18	116	176
190	19	120	177
196	22	113	171
219	16	86	180
219	21	89	165
226	25	80	168
219	23	87	167
201	19	110	177
196	19	115	179
195	19	113	178
196	19	113	177
195	18	113	179
192	16	115	180
188	21	124	174
196	15	115	184
189	19	119	174
188	20	123	174
186	15	126	177
181	16	133	181
191	15	124	179
189	16	120	177
195	12	115	185
197	15	111	178
191	17	120	178
194	15	116	180
196	15	117	176
191	16	120	174
200	12	110	184
192	18	120	170
199	17	111	174
193	17	117	179
197	18	111	175
201	18	106	169
195	15	115	185
191	13	121	187
195	14	115	184
197	17	114	180
194	17	113	180
193	13	116	183
198	14	108	180
197	19	111	175
197	17	112	177
208	20	97	172
198	14	108	182
193	16	116	179
200	13	102	183
198	17	109	171
198	18	110	173
197	18	103	170
196	13	101	177
196	18	102	168
196	17	105	171
191	20	124	169
192	17	114	172
193	16	106	178
196	19	108	171
198	15	103	171
193	17	104	175
190	20	116	170
194	14	109	180
196	19	114	177
191	20	112	169
192	19	119	173
186	20	123	171
192	16	121	175
176	19	129	172
190	13	117	184
197	17	107	179
197	18	101	179
194	17	110	181
196	14	107	186
196	18	101	182
194	19	115	175
185	21	116	167
195	19	105	175
189	18	110	180
198	17	100	179
196	17	109	182
190	17	113	177
197	16	103	184
193	16	115	172
187	16	116	175
197	18	112	174
183	18	119	172
198	18	99	176
196	20	103	176
202	17	94	177
195	19	122	170
188	19	112	178
198	14	103	180
197	17	102	180
186	21	122	177
195	19	110	174
194	18	109	183
203	17	109	168
197	19	107	169
194	16	108	176
189	18	110	180
194	17	112	175
191	15	110	186
193	18	107	180
194	18	107	177
190	21	109	178
195	19	110	168
191	19	118	174
191	19	109	169
191	20	118	167
187	19	113	175
190	18	118	175
194	16	108	184
196	15	103	179
190	22	116	169
189	18	111	169
200	17	99	179
195	22	107	170
194	18	120	173
185	20	118	173
194	16	114	187
179	16	125	177
195	13	103	187
188	18	116	180
194	15	102	183
192	20	105	176
187	16	118	180
193	15	112	187
184	18	117	178
192	17	104	173
196	18	97	177
199	16	95	180
196	18	100	176
198	17	93	182
195	15	101	180
186	18	118	168
192	19	101	161
185	17	119	173
193	15	120	182
186	17	114	168
198	19	114	160
204	16	105	159
201	18	109	142
200	21	104	129
218	23	97	121
197	29	101	129
195	22	126	138
204	21	121	131
193	29	112	146
199	22	108	152
190	21	116	162
192	18	102	171
199	16	91	186
197	16	114	183
191	18	105	182
196	19	106	171
189	16	116	185
181	14	130	179
196	11	107	186
190	15	111	180
193	15	113	183
189	14	125	177
196	15	98	181
195	15	112	182
186	14	123	181
180	12	130	179
161	14	151	184
155	17	147	180
139	15	164	186
138	21	169	185
131	21	177	181
130	21	175	189
137	14	167	196
138	15	170	195
136	12	170	195
145	14	162	193
141	13	172	201
132	14	184	196
136	12	171	199
144	11	164	204
143	14	166	201
141	17	170	190
139	14	176	194
154	12	158	202
143	14	173	181
144	17	173	185
145	11	167	202
144	13	172	202
136	14	177	189
138	16	178	190
142	11	171	199
138	14	178	198
134	12	181	201
133	11	182	194
151	14	159	194
146	12	167	202
138	9	176	201
140	9	174	207
138	12	178	204
144	11	168	201
143	14	172	201
140	12	175	195
142	11	172	201
142	8	175	207
130	7	187	212
147	15	166	196
144	15	167	179
144	18	169	181
146	19	166	179
135	13	177	189
137	8	177	208
139	16	179	196
133	15	182	198
134	15	178	201
138	11	179	202
134	11	178	198
135	18	180	187
144	16	172	181
148	13	166	195
150	12	165	189
152	10	162	191
151	15	163	195
155	12	158	183
159	13	152	185
156	16	154	183
153	14	157	182
157	16	155	175
163	12	145	187
159	15	147	186
160	12	147	188
159	17	148	181
153	14	155	181
151	13	158	186
154	14	157	196
161	14	152	189
153	14	159	194
159	16	155	186
167	14	143	189
169	15	143	182
157	14	152	178
162	18	142	179
157	15	150	176
156	14	150	185
149	13	159	184
148	15	166	185
148	15	165	184
146	14	170	186
151	11	163	200
152	10	160	215
154	13	161	190
149	11	169	196
147	11	171	203
151	9	168	200
149	11	169	210
149	11	172	196
153	12	164	207
152	14	167	197
155	11	159	208
155	11	159	216
161	11	152	205
156	15	158	194
155	14	162	194
156	12	162	206
152	15	166	195
150	15	168	176
153	17	162	175
150	13	164	184
149	14	166	180
152	13	162	192
152	14	165	193
154	10	166	192
151	16	163	176
149	13	164	187
149	14	166	198
149	14	166	195
149	13	168	187
150	14	162	196
154	11	156	199
154	13	158	197
153	12	159	194
154	12	158	196
155	14	158	192
152	13	162	191
153	12	160	194
153	12	159	193
150	12	163	198
176	12	139	207
167	14	143	184
166	11	143	196
164	13	144	182
169	16	138	184
167	16	136	187
167	14	135	187
164	17	145	187
166	15	140	193
167	15	141	185
160	12	145	194
155	12	155	190
156	11	153	200
155	14	157	195
149	13	164	201
145	11	166	204
146	11	166	195
152	10	161	203
156	12	155	193
153	9	157	209
155	9	155	202
151	9	158	206
160	9	151	208
149	15	165	185
