2.586066
0.040790
0.039297
0.038304
0.046495
0.038039
0.052657
0.038454
0.039536
0.037910
0.038981
0.037968
0.036980
0.041111
0.038168
0.038457
0.038398
0.048284
0.036872
0.037397
0.041956
0.037184
0.038693
0.038191
0.038046
0.039292
0.037424
0.037540
0.043812
0.039018
0.037745
0.039065
0.038597
0.037892
0.037936
0.040242
0.037963
0.039119
0.039120
0.048496
0.043106
0.037299
0.037941
0.038325
0.037546
0.037810
0.037988
0.037139
0.039510
0.037928
0.046435
0.037974
0.037683
0.038830
0.036665
0.037439
0.038197
0.037308
0.037531
0.041728
0.043797
0.039521
0.037035
0.035996
0.037343
0.036845
0.037044
0.037362
0.053029
0.038810
0.037607
0.037731
0.039440
0.040310
0.038201
0.037227
0.038446
0.039332
0.037789
0.053208
0.042610
0.037862
0.038798
0.038568
0.037839
0.037926
0.037112
0.038233
0.039143
0.039411
0.044407
0.040240
0.038949
0.038477
0.038714
0.039141
0.038582
0.038488
0.039363
0.039197
0.043320
0.039064
0.038534
0.052919
0.047500
0.036552
0.035935
0.036053
0.037890
0.035779
0.035995
0.037638
0.040826
0.038930
0.043722
0.040039
0.040351
0.039578
0.043765
0.046723
0.053450
0.046966
0.051384
0.045404
0.046570
0.045698
0.047668
0.046728
0.049161
0.044413
0.046689
0.051430
0.052048
0.051311
0.046512
0.046199
0.047163
0.048031
0.047996
0.048075
0.053535
0.045978
0.046817
0.045824
0.046077
0.045874
0.046369
0.046982
0.046668
0.045393
0.046505
0.046020
0.045623
0.045446
0.046566
0.045490
0.045679
0.044911
0.046659
0.046062
0.050439
0.053474
0.044885
0.046132
0.046380
0.046240
0.045636
0.045187
0.046069
0.043673
0.046498
0.045884
0.047991
0.046033
0.045477
0.046863
0.047752
0.047166
0.049248
0.045106
0.052352
0.050419
0.128126
0.047017
0.040508
0.040210
0.040776
0.048256
0.049254
0.045583
0.046081
0.042235
0.043593
0.042580
0.041727
0.044434
0.042350
0.042218
0.041949
0.041393
0.047167
0.040760
0.039861
0.040406
0.043364
0.041977
0.043038
0.047208
0.040266
0.041636
0.042413
0.042089
0.041498
0.043098
0.042495
0.041597
0.041628
0.043159
0.042958
0.040586
0.046968
0.041858
0.042787
0.041692
0.044625
0.041663
0.041447
0.042237
0.041904
0.043034
0.042736
0.043249
0.045281
0.042325
0.042542
0.042691
0.042819
0.042677
0.069409
0.043204
0.048975
0.045121
0.042723
0.042244
0.042092
0.042914
0.042496
0.043206
0.042774
0.043130
0.042190
0.044169
0.042302
0.044576
0.041247
0.041797
0.042046
0.040393
0.039851
0.040535
0.045668
0.040755
0.040686
0.043491
0.040358
0.043428
0.039451
0.044660
0.039834
0.040112
0.040084
0.044355
0.041186
0.040632
0.042158
0.041301
0.040762
0.040592
0.043590
0.041166
0.047334
0.077048
0.041533
0.043424
0.041215
0.041632
0.042865
0.041020
0.041476
0.041812
0.041425
0.042021
0.044193
0.040815
0.040912
0.044631
0.042408
0.040629
0.044787
0.039789
0.048492
0.041341
0.041374
0.041592
0.046422
0.056567
0.040480
0.048738
0.040542
0.040713
0.044584
0.040973
0.041663
0.044375
0.039021
0.039629
0.039016
0.041891
0.040907
0.041027
0.046073
0.041045
0.040792
0.041080
0.040214
0.040771
0.040294
0.041865
0.041203
0.039812
0.047523
0.042253
0.041050
0.040985
0.041276
0.039110
0.040737
0.045498
0.038926
0.038447
0.047293
0.040763
0.041573
0.042077
0.041863
0.041119
0.045940
0.040181
0.040408
0.039552
0.039667
0.039397
0.041133
0.048612
0.041456
0.039943
0.039800
0.047614
0.040133
0.041538
0.046822
0.039911
0.040778
0.039692
0.040076
0.041405
0.041145
0.040254
0.040128
0.039943
0.039779
0.040516
0.038858
0.039109
0.045177
0.039402
0.039666
0.039352
0.047328
0.039227
0.044144
0.040569
0.040194
0.040054
0.043354
0.043445
0.039917
0.039320
0.039429
0.038475
0.038768
0.039176
0.039646
0.040568
0.039835
0.045197
0.038912
0.040020
0.040072
0.046839
0.045192
0.039826
0.040569
0.040053
0.039715
0.042329
0.041514
0.040631
0.040185
0.040306
0.039102
0.039439
0.045292
0.038938
0.038939
0.039571
0.039486
0.038418
0.042794
0.040744
0.044339
0.039212
0.040133
0.042155
0.041298
0.041343
0.039533
0.039510
0.041776
0.043473
0.039269
0.039414
0.040465
0.040102
0.043840
0.039901
0.040807
0.044219
0.040174
0.040504
0.048525
0.039469
0.040427
0.039739
0.039685
0.039981
0.041656
0.041975
0.039494
0.039515
0.039697
0.040949
0.039874
0.039832
0.039024
0.042690
0.039517
0.039145
0.042082
0.039191
0.045974
0.039685
0.040471
0.047714
0.040497
0.040852
0.042032
0.040591
0.040822
0.040892
0.041216
0.040794
0.040773
0.040202
0.040570
0.040802
0.040977
0.040993
0.041028
0.041933
0.048141
0.041328
0.041111
0.045822
0.094867
0.043339
0.045807
0.040316
0.040302
0.040976
0.041065
0.041741
0.040698
0.041187
0.041576
0.041907
0.040843
0.041941
0.042014
0.044353
0.046603
0.044497
0.040942
0.041429
0.041477
0.045731
0.039889
0.042192
0.051725
0.040669
0.041932
0.042130
0.058138
0.040593
0.045206
0.048800
0.041633
0.041026
0.041269
0.042751
0.050262
0.040089
0.041686
0.041291
0.042395
0.041408
0.041251
0.042253
0.041537
0.041760
0.048908
0.040245
0.041486
0.040985
0.040692
0.046137
0.041793
0.040338
0.041213
0.040218
0.053569
0.045920
0.041919
0.042387
0.043462
0.042041
0.043049
0.043202
0.042989
0.043539
0.042434
0.042054
0.041981
0.042233
0.042233
0.043180
0.042230
0.041667
0.043041
0.042604
0.046980
0.042066
0.041862
0.041188
0.041426
0.041320
0.041480
0.041112
0.043159
0.041719
0.042219
0.041899
0.044321
0.040612
0.041165
0.040679
0.044521
0.041591
0.041342
0.044059
0.046154
0.040881
0.042160
0.041265
0.041888
0.041415
0.041164
0.040785
0.042229
0.040488
0.039873
0.040170
0.040620
0.039943
0.040544
0.040344
0.040308
0.041777
0.040351
0.040182
0.045466
0.040313
0.041035
0.040421
0.040385
0.039550
0.040177
0.040010
0.041604
0.040942
0.040804
0.040109
0.039807
0.040651
0.040525
0.040631
0.040684
0.041770
0.042089
0.042899
0.047025
0.041178
0.039346
0.040984
0.040716
0.040669
0.040140
0.039846
0.040553
0.040937
0.039972
0.039512
0.039636
0.039536
0.040163
0.039377
0.040203
0.039856
0.039775
0.040875
0.046358
0.040247
0.040133
0.040401
0.039710
0.040195
0.041430
0.040427
0.040083
0.039373
0.040509
0.042276
0.040605
0.041024
0.040218
0.040500
0.040328
0.040765
0.039715
0.040797
0.045190
0.038970
0.040292
0.040892
0.040888
0.039987
0.038989
0.039195
0.039212
0.043891
0.038923
0.039030
0.040451
0.040865
0.040643
0.040457
0.040295
0.039892
0.040547
0.040107
0.046664
0.039999
0.039440
0.039696
0.040856
0.040072
0.040649
0.040519
0.040447
0.040094
0.046799
0.039940
0.040044
0.040452
0.040460
0.040674
0.040637
0.040642
0.062000
0.040386
0.045851
0.041673
0.040843
0.040478
0.040729
0.040157
0.039447
0.040299
0.040507
0.040737
0.040564
0.041448
0.041174
0.041010
0.040978
0.041089
0.041044
0.040395
0.040829
0.040673
0.045747
0.040197
0.040852
0.043850
0.041203
0.040445
0.040901
0.040175
0.040432
0.040409
0.042030
0.041326
0.040777
0.041067
0.040002
0.039557
0.040320
0.040462
0.041750
0.040519
0.047144
0.040747
0.040532
0.041445
0.041121
0.039936
0.041071
0.040452
0.041040
0.040603
0.040404
0.041021
0.040541
0.041045
0.041508
0.041155
0.040411
0.039466
0.039201
0.039891
0.045881
0.040341
0.041316
0.040502
0.041714
0.040402
0.040536
0.040285
0.039760
0.042050
0.041209
0.039977
0.039802
0.038683
0.039883
0.040128
0.040101
0.040241
0.040537
0.040505
0.045609
0.040807
0.041220
0.040544
0.040709
0.040062
0.040716
0.040466
0.042109
0.041462
0.040743
0.042320
0.041774
0.041558
0.040940
0.039801
0.039573
0.040286
0.040469
0.040975
0.045791
0.039930
0.040332
0.039743
0.040601
0.040427
0.039951
0.040678
0.040006
0.041228
0.046026
0.042190
0.040682
0.041934
0.041017
0.041259
0.041228
0.042697
0.041489
0.041813
0.048839
0.044818
0.042903
0.041998
0.042850
0.041476
0.040469
0.041813
0.042902
0.059009
0.040017
0.040058
0.041427
0.040527
0.041900
0.042530
0.041802
0.041754
0.042150
0.041058
0.047622
0.040843
0.041372
0.041210
0.059580
0.040892
0.040540
0.042091
0.040388
0.040014
0.040441
0.041691
0.041109
0.040413
0.040654
0.041636
0.041233
0.040791
0.042690
0.043688
0.046555
0.040531
0.040888
0.041432
0.040500
0.040863
0.040835
0.041301
0.042052
0.041122
0.040850
0.045112
0.040168
0.039307
0.039375
0.038884
0.041539
0.041166
0.043043
0.039998
0.044949
0.038718
0.039490
0.039530
0.039565
0.038917
0.042041
0.039000
0.038885
0.040090
0.038297
0.038586
0.042109
0.039212
0.039741
0.042528
0.040274
0.042186
0.039339
0.040158
0.045305
0.039709
0.039237
0.039485
0.043444
0.039162
0.039321
0.039976
0.040055
0.039877
0.042254
0.040605
0.039971
0.040319
0.040855
0.040246
0.044568
0.050292
0.059096
0.042564
0.046965
0.040889
0.042018
0.040767
0.045326
0.043736
0.044016
0.040606
0.040505
0.040796
0.041766
0.042155
0.040551
0.041524
0.041574
0.046270
0.050176
0.041046
0.041950
0.041162
0.046829
0.041273
0.040765
0.041586
0.069809
0.040018
0.040648
0.041695
0.040691
0.041055
0.043148
0.041557
0.041985
0.040430
0.041682
0.040523
0.041269
0.040995
0.041248
0.040548
0.046553
0.041100
0.041230
0.045497
0.040049
0.050628
0.047446
0.047362
0.046912
0.047786
0.046998
0.048042
0.047481
0.046912
0.049387
0.045575
0.048888
0.046694
0.047041
0.047681
0.054910
0.047132
0.046967
0.047597
0.062560
0.047501
0.048704
0.048764
0.048267
0.047858
0.053032
0.046954
0.048397
0.048365
0.048120
0.047754
0.048496
0.047158
0.047208
0.047739
0.055428
0.047817
0.047039
0.047958
0.047175
0.047576
0.046920
0.045848
0.052753
0.054578
0.048232
0.047616
0.048201
0.048498
0.048222
0.046684
0.047021
0.048579
0.047569
0.047693
0.055358
0.047727
0.047901
0.047879
0.049554
0.046992
0.047247
0.046952
0.046257
0.048235
0.046949
0.045761
0.046057
0.047336
0.046885
0.046591
0.046277
0.045988
0.045771
0.045861
0.051632
0.047951
0.045895
0.045943
0.046851
0.046256
0.046431
0.046782
0.046919
0.045337
0.045888
0.047459
0.046824
0.046922
0.045899
0.046791
0.047412
0.046462
0.046897
0.047003
0.052513
0.046258
0.046668
0.046188
0.046868
0.046032
0.046618
0.047562
0.046195
0.047424
0.047364
0.047932
0.046965
0.047432
0.047086
0.046689
0.046375
0.046419
0.048942
0.047856
0.053533
0.046498
0.046951
0.046597
0.047132
0.046472
0.047273
0.046994
0.045814
0.046591
0.049500
0.046955
0.046265
0.046165
0.046309
0.046183
0.046454
0.048338
0.046744
0.051088
0.052749
0.046879
0.048855
0.045302
0.040919
0.042057
0.039784
0.041100
0.041889
0.041956
0.042134
0.041464
0.042090
0.041996
0.041816
0.041454
0.043177
0.041197
0.041195
0.041874
0.046333
0.041447
0.042019
0.041657
0.041519
0.041189
0.041814
0.042347
0.041182
0.041513
0.041689
0.041941
0.042368
0.041215
0.041496
0.041906
0.040725
0.127579
0.042636
0.042569
0.047901
0.041629
0.042923
0.041898
0.045377
0.041019
0.040367
0.040332
0.040590
0.040492
0.042033
0.040952
0.040347
0.038554
0.041228
0.040313
0.039305
0.039150
0.043039
0.040648
0.047122
0.050021
0.042759
0.042425
0.041067
0.041249
0.042109
0.040781
0.040210
0.042364
0.042430
0.042118
0.042513
0.044403
0.051815
0.040287
0.040828
0.039907
0.041059
0.040749
0.046613
0.040727
0.040535
0.041500
0.039914
0.042776
0.039278
0.041478
0.040329
0.042394
0.040311
0.047261
0.040631
0.039578
0.041667
0.039629
0.039522
0.041926
0.039708
0.039383
0.046112
0.040343
0.038404
0.041229
0.039772
0.040227
0.041954
0.040899
0.043551
0.043292
0.042486
0.041754
0.042461
0.041498
0.042201
0.042742
0.042265
0.043093
0.042883
0.043796
0.049261
0.043281
0.042289
0.041858
0.041490
0.042513
0.041827
0.041756
0.041672
0.041800
0.042267
0.042062
0.045366
0.041815
0.042475
0.043408
0.042097
0.043005
0.043488
0.042318
0.048533
0.041903
0.044348
0.048202
0.052607
0.044435
0.042336
0.042542
0.042135
0.042113
0.042319
0.042364
0.042259
0.042870
0.042886
0.042800
0.043616
0.042193
0.041801
0.053440
0.081803
0.042635
0.042014
0.040681
0.043131
0.041041
0.041181
0.041318
0.041838
0.041594
0.043322
0.041513
0.041450
0.042619
0.041312
0.041421
0.041816
0.042064
0.042214
0.041658
0.046799
0.041425
0.041460
0.043417
0.041023
0.041554
0.041785
0.042398
0.042231
0.044892
0.041998
0.043608
0.041435
0.041642
0.041246
0.041936
0.044442
0.045212
0.044713
0.049122
0.046540
0.041535
0.042874
0.041143
0.041166
0.040691
0.041404
0.041905
0.041835
0.043248
0.041413
0.041553
0.043214
0.040376
0.040667
0.041247
0.040481
0.040753
0.043220
0.042480
0.047436
0.041275
0.041790
0.042114
0.041630
0.042930
0.042884
0.046033
0.041825
0.042243
0.043062
0.043366
0.043135
0.042122
0.041654
0.043169
0.045805
0.043097
0.042535
0.044392
0.048621
0.042780
0.040769
0.040438
0.041307
0.040545
0.039552
0.040654
0.042972
0.040315
0.039394
0.043977
0.039717
0.039519
0.039277
0.040506
0.039851
0.039812
0.039999
0.040728
0.046195
0.040957
0.040747
0.040924
0.040087
0.039844
0.044687
0.039010
0.044025
0.042047
0.039547
0.040202
0.040569
0.040348
0.041750
0.040959
0.040124
0.039386
0.039062
0.039542
0.044491
0.039383
0.039754
0.043444
0.039663
0.040282
0.040742
0.040584
0.040090
0.040141
0.040504
0.040005
0.040780
0.040513
0.040924
0.039899
0.040863
0.040157
0.040111
0.039845
0.046031
0.041576
0.039742
0.040235
0.043067
0.038736
0.041782
0.040985
0.040482
0.040308
0.040389
0.053449
0.044443
0.047055
0.047228
0.047893
0.046708
0.047363
0.047738
0.047745
0.053515
0.046755
0.050461
0.051785
0.049698
0.043081
0.041148
0.041944
0.041850
0.042123
0.048851
0.038957
0.040425
0.040309
0.039389
0.040224
0.041216
0.041998
0.041563
0.041088
0.046968
0.043575
0.041661
0.042686
0.043702
0.041217
0.042217
0.041141
0.045955
0.045932
0.040827
0.044673
0.044271
0.041957
0.041827
0.042068
0.041627
0.043556
0.041922
0.041883
0.017880
0.017412
0.055430
0.021415
0.068882
0.016092
0.016440
0.057483
0.016992
0.097206
0.041028
0.041009
0.040182
0.040429
0.017920
0.039469
0.042022
0.040447
0.039438
0.040823
0.047041
0.040589
0.040108
0.040852
0.041060
0.040219
0.041451
0.040304
0.040468
0.040887
0.040496
0.040863
0.040745
0.040695
0.040338
0.040208
0.040363
0.041133
0.042901
0.040440
0.046858
0.040060
0.042170
0.041078
0.042157
0.041819
0.040994
0.041949
0.042434
0.041145
0.041384
0.041654
0.041541
0.042527
0.041772
0.042401
0.040541
0.040677
0.040530
0.040954
0.044928
0.041555
0.042488
0.040810
0.040446
0.040921
0.043563
0.042282
0.039918
0.040201
0.041832
0.041130
0.042166
0.041226
0.042076
0.042034
0.042042
0.042606
0.042617
0.041404
0.047369
0.041904
0.041044
0.041730
0.041473
0.042210
0.041748
0.039424
0.041779
0.041299
0.041504
0.041000
0.042944
0.040674
0.044783
0.042126
0.045276
0.040699
0.041376
0.041966
0.047616
0.041425
0.042021
0.042658
0.041161
0.041574
0.041374
0.042410
0.044261
0.041742
0.041440
