312	87	43	133
311	89	44	131
310	88	46	132
308	88	49	132
310	86	45	132
311	87	45	127
311	86	48	132
311	84	50	138
313	84	47	140
312	83	50	141
313	84	51	141
313	84	53	135
313	82	56	135
317	82	49	133
316	80	51	134
317	74	54	144
318	76	54	142
318	76	57	145
319	79	57	140
319	79	57	138
321	79	53	137
319	78	59	143
319	76	63	145
322	82	57	138
319	78	62	143
317	80	63	138
315	80	69	140
315	79	69	145
311	76	77	155
309	82	82	149
314	84	78	144
314	83	74	143
310	84	79	147
302	82	87	144
301	85	91	154
308	86	84	148
306	89	88	146
308	87	86	155
306	89	86	154
308	89	88	150
313	89	80	144
314	87	79	148
314	88	74	150
311	89	78	152
311	89	75	148
306	90	80	146
303	89	81	151
296	88	94	158
296	90	94	147
301	95	88	146
304	88	83	161
303	87	82	165
301	96	84	156
299	98	86	151
298	98	83	156
296	99	84	155
294	103	87	150
294	105	85	144
296	102	78	146
295	104	82	148
293	99	81	155
295	96	77	160
295	93	78	163
294	93	84	164
290	92	89	166
291	91	89	165
295	89	87	172
298	87	83	172
300	89	79	171
299	91	82	170
297	93	85	167
300	90	82	170
298	91	80	166
301	94	80	165
304	94	73	165
304	95	74	162
303	96	75	161
303	97	73	164
304	102	72	156
303	101	74	157
303	98	71	159
303	96	75	162
303	96	72	161
303	98	76	152
298	101	81	151
297	102	88	151
295	101	90	153
297	104	90	153
300	102	84	157
301	105	79	156
300	106	81	153
299	104	82	152
299	105	84	153
295	106	85	151
298	106	80	150
295	104	87	152
297	103	86	153
297	103	83	150
298	102	80	154
298	99	78	157
297	100	85	157
295	99	90	154
296	101	88	144
294	105	92	123
291	106	97	131
293	106	94	141
291	103	92	158
288	105	97	154
289	104	98	155
284	106	107	150
277	102	113	155
274	100	117	160
279	92	115	166
295	87	98	173
294	74	94	183
291	67	99	194
289	58	99	198
285	54	108	201
266	42	125	209
270	42	127	207
263	36	132	197
269	40	126	196
257	29	136	204
260	30	135	203
261	33	136	203
260	33	137	202
261	34	138	203
266	38	128	209
268	40	126	196
263	44	134	197
267	42	128	205
263	45	135	200
266	51	131	196
263	51	136	189
255	47	142	190
248	49	150	190
246	46	152	201
252	51	152	192
246	51	158	194
254	59	148	195
254	58	144	193
248	57	147	195
249	59	144	192
251	57	131	191
247	61	134	191
254	60	123	196
250	64	128	190
247	66	134	186
241	64	138	187
237	67	142	182
243	76	136	177
247	76	129	172
243	80	136	172
240	79	139	172
249	85	128	175
245	87	132	168
259	103	115	155
248	96	124	154
245	97	129	155
256	107	115	150
252	104	115	142
248	108	118	140
250	105	113	150
249	108	116	147
256	109	104	144
253	108	107	145
263	113	95	147
257	114	95	143
257	115	96	142
258	114	94	145
249	113	104	145
262	117	87	145
256	115	98	149
247	114	110	150
245	114	109	146
243	113	107	145
242	113	109	145
241	115	112	150
237	116	116	142
243	115	108	146
242	117	107	143
229	117	119	140
231	116	116	143
242	116	103	140
231	113	113	149
227	114	119	145
228	116	115	142
216	113	126	144
227	116	118	141
218	113	125	145
232	115	111	142
228	117	115	140
224	116	120	137
211	112	135	142
217	115	135	147
210	115	142	140
225	116	134	139
247	117	110	151
243	117	105	143
236	115	105	139
212	114	130	146
235	114	108	141
233	117	109	136
221	116	119	133
236	117	106	135
218	114	123	142
229	116	114	136
216	113	124	137
236	116	107	134
222	115	120	135
229	117	112	136
222	112	117	139
233	111	110	145
223	112	115	144
238	113	103	140
227	114	111	135
224	114	115	138
228	113	114	141
236	113	106	139
241	115	100	135
235	115	106	135
235	113	105	136
238	114	102	136
229	113	111	137
244	112	98	142
242	112	97	136
232	113	109	134
245	113	97	138
252	116	87	131
260	119	80	130
249	114	93	133
248	112	95	133
254	113	87	133
248	111	96	136
249	111	97	134
254	109	92	136
260	111	85	136
259	110	87	138
255	112	93	133
260	111	89	132
250	110	99	134
258	111	92	134
259	110	94	133
265	108	88	137
266	108	88	138
271	111	84	131
274	110	82	132
264	109	97	132
276	110	84	132
273	108	91	135
277	109	87	133
280	110	87	132
284	111	85	132
285	111	85	132
291	110	82	133
283	109	89	135
288	109	89	133
296	107	80	139
297	108	81	136
296	110	86	131
292	108	92	134
303	110	79	131
302	111	83	130
298	111	89	129
300	104	87	141
306	112	81	131
303	109	86	132
304	108	87	135
307	109	83	135
303	105	92	140
303	110	92	133
302	107	94	136
308	110	87	135
299	109	97	132
303	107	92	137
303	108	92	135
298	109	98	131
298	105	98	134
301	111	95	132
306	111	90	129
311	110	84	136
307	111	90	132
309	108	89	137
309	111	88	136
312	112	87	132
308	111	94	132
295	109	107	136
295	110	109	136
311	114	91	132
312	110	92	133
311	112	94	131
317	113	88	127
320	114	86	131
324	115	83	132
317	114	92	132
319	114	90	135
318	115	93	130
311	114	100	133
306	114	107	136
311	114	102	135
310	114	103	135
319	117	93	130
310	113	104	137
312	116	100	134
312	116	100	133
315	117	96	131
315	118	96	133
304	116	106	136
320	120	88	136
321	122	85	133
314	120	91	135
317	123	87	132
318	124	85	134
319	123	82	137
315	121	85	142
313	125	86	133
307	124	91	135
311	126	84	130
303	126	91	131
301	125	92	135
294	127	98	131
287	124	104	135
292	123	96	141
294	125	93	138
299	128	86	136
298	130	86	132
297	128	88	134
285	129	100	133
286	128	99	139
278	126	105	137
280	127	104	136
276	127	108	134
280	125	103	141
299	132	83	132
296	128	87	136
295	129	89	136
295	130	92	137
298	130	88	136
303	132	85	135
302	132	86	137
299	130	91	139
296	134	94	131
302	132	88	135
296	130	96	137
290	129	103	136
288	124	107	143
285	124	111	145
296	126	100	143
290	120	109	144
295	114	105	159
285	103	115	162
292	107	112	165
292	106	112	162
292	104	116	165
301	99	109	172
298	96	113	174
304	95	111	185
308	87	100	184
314	87	95	182
317	84	89	187
323	83	85	190
324	82	80	191
329	82	75	181
330	83	75	181
333	78	70	188
334	76	67	187
336	74	67	197
334	79	74	201
336	73	71	204
335	90	73	192
338	72	67	192
341	87	63	193
344	129	65	160
347	131	58	147
350	133	53	134
352	132	48	127
354	129	46	127
357	133	43	127
354	135	44	115
353	136	47	116
352	135	47	115
355	135	44	115
356	136	43	118
356	137	42	117
357	137	41	116
357	137	40	117
357	136	41	119
357	138	41	117
357	130	42	125
358	129	42	126
358	97	47	142
359	131	44	131
357	95	51	154
358	128	49	142
358	99	53	152
360	130	49	148
358	133	51	138
360	95	56	154
359	122	53	162
365	87	51	162
364	90	52	163
363	90	55	159
360	92	61	156
363	87	58	160
365	102	54	147
367	87	53	159
371	110	46	142
368	102	52	145
369	90	52	156
373	90	48	158
373	91	49	158
374	92	46	157
375	101	46	147
377	96	46	153
375	96	50	154
377	99	47	151
378	110	44	139
379	110	43	142
378	112	45	141
383	115	40	138
382	114	42	139
383	113	43	141
383	112	44	141
382	113	45	141
382	109	46	143
384	104	46	148
385	105	47	149
382	112	50	139
385	112	49	140
386	114	48	139
387	114	49	139
388	109	49	144
389	107	49	146
392	112	45	142
389	114	48	141
392	115	46	139
392	113	46	142
394	114	47	137
392	107	50	142
393	109	49	137
393	105	52	137
393	104	54	139
392	105	57	138
394	101	57	140
394	102	57	141
395	102	58	137
395	102	59	138
395	103	61	138
397	107	60	133
399	108	58	129
401	111	56	125
404	113	50	123
406	114	48	120
407	115	48	119
410	109	44	127
412	109	42	127
414	112	43	122
415	114	43	120
418	116	40	120
420	120	37	118
422	119	36	118
422	120	37	118
425	118	33	119
424	116	35	122
427	118	36	121
428	117	35	118
430	117	33	118
431	119	32	115
433	120	31	115
435	125	31	110
434	122	32	113
434	123	35	113
432	113	39	124
433	108	41	129
435	108	40	128
438	109	39	126
441	112	33	125
442	108	35	129
441	117	35	118
442	116	35	121
442	120	37	115
442	121	35	115
446	121	31	115
445	125	32	110
447	125	31	110
446	123	32	111
446	117	33	119
447	116	32	120
448	117	30	117
449	115	31	119
449	117	31	115
450	119	29	112
451	117	30	115
450	115	33	117
451	116	32	116
451	118	32	113
450	116	35	114
450	116	33	115
450	115	33	117
449	117	35	113
449	118	32	112
449	117	32	114
449	119	33	110
449	121	32	107
448	118	34	111
449	119	33	107
447	119	34	108
447	119	34	107
447	120	32	105
446	116	32	111
445	118	32	106
445	119	32	108
445	117	30	111
443	117	31	110
443	116	31	111
441	117	34	106
440	117	35	107
440	116	35	110
439	116	35	111
438	117	32	111
436	115	34	111
435	116	36	110
432	116	38	107
431	119	37	102
428	118	38	102
425	118	38	100
424	118	37	99
422	119	36	96
420	122	38	93
418	121	37	94
415	120	38	95
413	120	36	95
411	118	37	97
405	118	43	97
405	119	41	95
402	118	41	96
399	117	44	96
400	116	40	99
397	116	42	97
395	116	42	96
394	116	39	95
391	113	46	96
387	116	44	91
385	114	46	95
383	111	40	99
383	112	35	98
379	114	39	93
377	114	37	93
376	114	34	91
374	115	34	91
372	113	35	91
371	115	36	87
367	110	37	92
365	110	39	93
363	109	40	93
358	109	41	93
356	108	44	92
353	106	46	94
352	107	44	92
349	103	46	94
347	107	47	90
346	105	47	89
343	104	46	90
341	103	51	94
338	102	52	92
337	105	51	85
336	107	48	85
335	104	50	89
337	104	47	92
336	103	46	92
334	101	48	96
333	104	47	91
331	104	48	92
331	103	50	91
328	104	54	87
328	106	51	87
330	102	49	92
329	106	49	89
331	105	48	92
328	106	51	88
331	105	47	90
326	103	55	92
327	106	54	87
328	107	53	86
330	106	50	87
327	105	54	87
326	103	56	90
326	102	57	91
328	101	59	92
329	103	57	90
330	104	54	88
330	106	53	86
329	107	55	85
330	106	55	87
331	106	53	88
330	107	53	86
332	107	52	89
330	106	54	88
331	106	52	90
331	106	52	89
331	107	51	87
331	104	51	94
331	107	51	91
331	108	50	90
332	107	48	91
330	104	50	95
332	107	49	91
331	108	50	91
330	108	52	90
329	108	62	90
330	105	65	96
329	105	63	94
328	105	68	92
329	105	59	94
330	106	57	95
331	106	55	94
331	108	53	90
331	109	50	90
330	109	56	89
333	110	52	88
331	108	58	91
332	108	49	94
334	110	47	89
332	109	48	92
334	111	47	90
333	109	44	93
334	109	44	92
333	109	46	92
332	108	49	94
332	111	51	86
330	112	55	82
331	112	58	85
332	110	53	90
333	112	53	91
331	110	53	90
333	113	55	88
331	112	56	89
333	113	55	90
333	112	55	90
332	112	55	90
331	112	58	90
330	113	60	88
332	111	57	90
332	111	57	91
333	111	57	92
333	112	51	92
333	113	55	89
331	112	58	91
331	114	58	89
333	115	55	88
332	113	56	89
332	115	57	90
331	113	59	91
331	113	57	91
333	114	55	90
333	115	56	90
334	114	55	90
333	113	56	90
334	113	52	91
333	115	56	90
334	114	54	92
332	115	55	89
333	116	54	88
334	114	51	90
334	114	53	90
334	117	51	89
331	114	55	92
332	116	55	89
334	116	52	89
335	116	49	90
333	115	53	90
335	115	50	91
333	113	50	92
332	117	56	89
333	115	53	91
334	116	51	90
332	115	54	92
334	116	50	91
332	116	52	90
333	113	52	93
334	116	52	91
331	114	55	92
332	115	52	92
334	114	51	94
334	115	52	93
332	114	54	92
333	114	53	92
334	113	51	93
333	116	52	89
333	116	53	89
332	112	52	95
332	115	55	90
331	114	56	92
334	114	49	91
332	112	53	93
333	115	53	90
331	115	56	90
334	113	51	93
333	110	53	96
334	113	50	94
332	110	54	96
332	113	55	92
333	114	54	92
333	110	53	96
332	112	55	94
333	112	52	94
333	113	52	93
334	112	51	94
333	113	51	92
333	110	54	95
333	111	54	94
333	112	52	93
331	112	55	93
333	111	51	95
333	113	53	92
334	113	50	91
333	109	52	95
333	112	53	90
332	113	56	88
333	114	54	90
334	113	54	92
333	114	54	91
332	114	55	93
332	114	54	92
334	113	51	93
333	113	52	94
333	114	52	92
333	114	54	92
331	115	57	91
333	115	54	91
333	114	54	92
333	110	53	97
332	113	53	94
333	113	54	93
332	113	57	93
333	114	55	93
334	114	53	94
333	113	53	93
333	114	54	94
334	115	51	91
332	113	56	94
334	115	53	91
334	115	52	91
333	111	54	96
334	114	53	93
333	113	53	93
333	113	54	93
333	116	54	90
333	111	55	96
334	115	54	92
333	114	54	93
332	115	56	91
333	116	55	90
334	116	53	90
335	114	51	91
334	114	52	92
334	115	52	92
333	114	54	92
335	116	52	91
333	113	54	93
334	117	54	89
334	114	53	92
333	115	55	92
334	115	54	92
334	113	53	92
334	115	53	91
334	112	53	94
335	115	52	93
333	114	53	94
334	113	53	94
333	113	55	95
334	114	54	93
334	117	54	91
333	112	53	96
335	115	53	93
335	113	52	97
334	115	54	92
334	116	56	90
335	116	54	92
335	115	54	93
334	113	53	95
335	115	52	92
335	111	51	97
335	116	53	92
335	113	51	95
333	115	54	93
334	113	52	94
335	116	50	92
334	112	53	96
333	114	55	94
336	117	49	90
335	113	49	95
335	115	50	93
335	115	50	93
332	113	55	95
334	117	54	92
335	111	52	97
334	113	53	94
334	114	53	93
334	115	52	92
335	112	50	96
335	115	51	91
336	113	49	94
335	116	51	91
335	114	52	93
336	117	51	90
338	115	47	91
337	114	51	93
337	113	50	95
337	114	49	93
337	112	49	95
337	114	51	92
337	117	50	90
336	111	52	96
337	114	51	94
338	114	50	94
338	116	51	92
339	117	47	91
339	114	47	93
338	116	49	92
337	114	51	94
339	115	48	93
339	114	47	94
338	112	49	94
339	117	50	91
339	115	48	94
339	113	47	94
339	115	49	94
339	114	47	95
341	116	46	92
340	114	47	95
342	117	46	94
343	116	45	93
344	117	43	93
344	114	43	96
345	116	41	95
345	114	42	95
345	116	41	93
347	118	39	89
346	116	39	91
346	117	39	91
348	117	38	91
348	117	37	89
348	117	38	89
348	116	37	88
347	117	38	88
347	117	39	89
347	117	40	88
347	118	38	88
346	117	39	90
346	117	39	87
348	118	37	84
347	117	36	84
347	116	38	92
348	116	36	91
348	116	37	90
350	119	35	83
349	117	36	77
348	117	37	82
349	117	38	81
349	116	37	81
348	114	39	91
349	114	38	91
347	115	43	81
350	118	37	80
349	117	40	89
349	117	42	88
349	117	41	88
349	116	44	89
350	118	43	90
348	119	46	88
350	118	47	88
348	117	50	89
349	120	48	88
348	117	50	90
351	120	46	87
346	118	55	88
350	117	49	91
349	116	50	91
346	119	56	88
349	118	53	90
349	118	53	87
349	118	53	85
347	118	57	84
348	118	55	87
348	116	56	89
349	117	57	87
349	117	57	86
349	115	61	87
348	115	64	89
350	113	61	91
348	114	69	90
350	113	69	90
349	113	74	92
349	108	73	99
348	111	76	97
350	111	73	94
349	110	75	97
350	111	75	92
351	111	75	96
351	110	76	98
348	112	81	93
349	112	79	92
351	113	78	92
351	112	79	94
352	114	77	91
351	109	78	95
348	109	82	90
350	112	79	84
350	111	79	88
347	111	83	84
350	114	81	89
351	111	78	88
348	112	82	87
347	113	85	86
349	116	81	81
348	115	84	80
346	114	87	83
346	113	88	85
349	111	85	88
348	113	87	84
347	113	89	81
347	116	90	82
344	112	94	83
346	114	94	82
345	111	95	84
347	112	93	83
345	111	94	83
347	112	94	83
346	113	97	83
346	112	97	84
344	112	97	87
343	112	100	85
344	112	99	86
341	114	103	86
367	118	78	82
390	114	53	89
346	115	43	82
348	118	39	74
347	118	41	74
347	118	41	74
347	116	41	76
347	116	42	75
347	116	41	75
347	114	41	77
347	116	42	74
348	116	40	76
348	114	39	78
347	115	41	77
349	117	39	74
349	118	40	73
348	115	41	76
349	116	41	75
348	115	41	76
349	116	40	76
349	117	41	75
350	115	38	76
350	115	39	77
349	114	39	78
349	115	40	76
350	114	39	77
349	112	39	77
349	114	39	75
350	114	40	74
349	113	40	75
349	113	40	74
348	114	41	74
350	112	40	75
350	114	38	73
350	115	40	72
349	112	40	74
350	109	38	80
351	109	38	80
350	108	39	80
351	110	38	77
351	112	37	75
351	110	38	77
350	108	39	78
351	109	38	78
350	108	39	77
350	108	40	79
350	106	39	80
351	109	39	78
351	107	38	77
350	107	39	78
350	107	39	77
350	107	38	78
351	108	38	77
351	107	38	78
349	110	40	76
349	109	41	76
349	111	40	73
348	110	41	74
350	111	39	73
350	110	39	75
348	111	41	73
347	111	42	74
348	110	41	75
349	110	39	75
349	110	39	77
348	109	41	77
348	111	41	76
347	109	42	78
348	109	40	77
347	110	41	76
348	109	41	77
348	111	40	76
345	108	44	77
346	110	42	74
348	110	40	75
348	110	40	75
346	108	42	77
347	110	41	74
345	108	44	76
347	109	41	75
348	110	40	74
347	110	40	74
347	108	40	75
347	107	39	76
345	107	42	76
345	106	43	75
347	107	40	74
347	106	41	76
347	105	41	75
347	104	41	76
347	103	42	77
347	102	42	77
348	101	40	77
348	101	40	76
349	101	39	75
347	100	41	77
348	100	41	75
347	100	40	75
348	100	40	74
347	102	41	73
344	99	44	74
347	98	41	75
345	95	42	78
347	98	38	75
346	99	39	74
345	97	40	75
343	95	42	78
344	94	41	78
342	95	41	76
341	95	42	76
342	99	39	73
341	99	41	74
338	99	43	73
340	98	41	75
338	96	41	77
337	98	41	74
335	99	42	74
334	96	41	77
334	99	41	74
330	98	44	77
332	97	40	77
329	99	42	77
330	99	41	75
325	96	45	80
327	99	41	75
328	101	39	74
326	101	40	75
323	99	45	76
324	101	43	74
325	100	39	74
323	102	41	73
323	103	41	74
322	98	42	78
321	98	43	78
321	101	43	75
322	100	42	76
321	102	42	75
321	101	43	75
321	103	43	73
321	103	43	73
319	101	46	75
321	102	43	74
319	103	44	73
321	102	43	74
319	101	43	75
321	102	43	74
321	101	42	75
321	103	43	73
322	102	44	75
321	102	44	74
324	105	39	72
323	102	40	73
324	102	40	74
321	98	43	79
323	102	42	75
323	100	43	77
325	102	40	76
324	102	43	74
325	102	40	75
324	99	42	78
326	103	39	74
325	102	40	75
326	100	39	78
326	98	39	80
325	101	39	77
326	100	40	77
326	101	40	76
323	95	43	83
325	97	41	81
326	99	41	78
325	102	43	75
325	98	43	78
327	100	41	77
329	101	38	76
328	99	38	78
327	98	41	78
327	100	42	75
329	100	40	76
329	101	39	74
331	100	39	76
329	97	40	78
332	99	36	75
328	97	41	76
330	96	40	78
331	98	40	75
331	98	41	75
331	96	39	77
331	95	40	78
333	95	37	77
333	95	38	78
333	92	37	80
334	95	37	76
332	93	40	79
332	94	41	78
334	95	38	76
334	96	39	76
333	95	41	76
334	96	39	75
334	96	40	74
335	94	38	76
335	95	38	75
336	95	38	76
335	94	38	76
335	92	39	78
336	94	37	76
338	95	36	75
337	94	37	77
338	94	38	76
338	94	38	77
339	93	38	77
339	95	36	74
338	93	38	77
339	94	38	77
340	94	38	75
342	93	37	75
341	93	37	77
339	93	41	75
340	93	39	76
341	92	37	76
340	92	38	76
342	93	36	75
341	93	37	76
340	92	39	76
342	93	36	77
342	92	36	77
342	92	37	78
343	92	36	78
343	92	35	77
343	94	35	75
342	94	36	77
343	93	35	78
343	94	36	77
342	94	37	76
342	92	37	78
342	94	40	78
342	95	39	76
343	93	37	77
343	94	36	78
343	95	37	76
342	94	40	77
343	97	38	74
343	95	37	75
341	94	42	77
343	96	38	76
344	97	38	76
344	97	38	76
343	98	40	76
344	99	39	77
344	97	40	75
343	98	42	76
346	100	38	76
345	100	37	75
346	101	38	76
347	102	37	75
344	99	38	77
345	101	39	75
345	103	40	74
345	99	39	78
344	100	41	77
345	100	40	77
346	100	39	77
346	100	38	77
345	101	39	77
345	99	39	78
345	101	39	78
347	101	37	78
347	102	34	76
345	101	37	76
347	103	35	75
346	102	37	75
345	99	38	79
345	101	38	78
346	103	35	75
344	100	38	78
344	101	39	78
344	99	39	80
346	98	36	79
344	99	39	79
344	99	39	78
345	99	39	79
345	100	38	78
345	99	37	79
345	100	37	79
345	99	38	79
343	96	41	81
345	101	37	76
345	100	37	78
343	102	40	75
342	98	42	80
343	99	41	78
344	99	39	79
342	98	41	80
343	98	40	80
344	100	37	78
344	103	38	75
345	102	37	76
342	100	41	78
342	102	43	77
345	104	38	73
344	101	39	78
343	102	42	76
344	102	38	76
342	102	42	77
344	101	40	77
344	105	40	73
343	102	40	75
344	103	39	74
342	102	41	76
343	101	41	78
343	103	40	75
344	101	39	77
344	102	38	74
344	103	41	75
343	99	40	79
344	100	39	78
343	101	41	77
342	100	42	76
343	103	41	73
342	101	40	76
343	102	40	75
344	102	37	75
343	101	39	76
344	102	38	75
343	101	39	76
343	101	39	75
344	102	38	75
343	102	38	74
343	102	39	76
342	99	40	79
343	102	40	75
343	102	37	75
344	104	36	73
343	102	38	76
344	102	36	76
342	102	39	75
342	100	39	76
344	102	37	74
342	102	39	75
343	102	37	76
342	103	39	75
342	100	38	77
343	102	37	75
343	104	37	72
342	101	40	75
342	101	39	75
343	102	38	75
343	102	38	75
343	102	38	74
341	101	40	75
343	101	38	74
344	103	37	73
344	102	36	73
345	103	35	72
343	102	36	73
343	102	37	72
342	101	37	73
343	101	38	74
342	102	38	72
341	101	41	73
343	100	39	74
342	101	40	74
343	99	38	75
343	100	39	75
342	98	40	75
343	100	39	74
343	102	39	72
344	101	40	74
343	101	41	73
344	100	38	72
344	101	37	74
345	101	37	73
345	101	38	73
344	101	40	72
344	99	39	75
344	99	39	74
345	101	38	73
345	102	39	72
342	99	42	74
344	100	41	72
345	101	38	73
345	100	38	73
346	101	38	73
345	101	38	73
345	99	40	74
345	98	39	75
345	99	38	74
345	100	39	74
346	98	37	78
347	99	36	75
349	100	34	74
346	99	38	75
348	99	35	76
348	98	35	76
349	101	36	74
347	98	37	75
348	99	37	75
349	99	36	76
349	99	35	77
349	98	35	76
349	100	36	74
347	99	38	75
351	101	34	74
349	99	36	75
350	100	35	75
350	100	34	74
350	99	36	75
351	101	34	74
349	100	36	75
351	98	35	77
351	101	35	73
350	100	36	75
349	100	38	75
351	100	36	75
352	100	34	75
349	100	39	74
350	98	38	77
352	101	35	75
350	99	37	77
350	99	38	76
352	99	34	78
350	100	37	77
352	100	35	77
350	99	38	78
351	99	38	79
351	99	38	77
353	100	34	78
351	99	36	78
351	99	37	77
351	101	35	76
351	100	37	78
351	99	36	78
350	99	38	78
352	98	35	80
350	99	38	79
351	98	37	79
351	100	36	77
352	100	35	77
351	99	35	77
351	100	36	76
351	100	37	76
349	99	38	78
351	99	36	77
350	100	37	76
351	99	35	78
352	100	34	77
351	99	35	77
352	99	34	76
350	98	37	79
350	98	38	79
351	98	37	79
351	99	37	78
349	99	40	77
349	96	38	80
351	97	37	80
351	98	36	79
350	98	37	78
350	98	37	79
351	97	36	81
352	101	36	75
351	99	36	78
352	101	36	76
352	103	35	74
352	102	36	74
351	101	36	74
351	103	37	74
351	101	37	76
352	103	35	73
351	101	37	75
352	103	36	73
352	102	35	75
351	102	36	75
351	103	36	74
351	101	37	75
350	103	38	74
352	102	35	75
352	104	35	73
351	101	36	75
351	103	36	73
350	101	38	76
350	101	38	76
351	101	37	76
351	102	36	74
351	102	36	75
351	102	37	74
351	104	37	73
351	102	37	74
350	103	38	73
351	103	37	74
350	103	38	73
350	103	38	74
351	102	36	75
350	102	38	75
352	104	37	72
350	101	39	76
351	103	38	75
351	102	36	74
350	102	39	74
351	103	37	74
351	101	38	74
351	102	38	75
351	102	37	74
351	103	37	73
351	100	38	76
351	102	36	74
350	99	38	77
351	102	37	74
350	101	37	73
351	101	37	73
352	102	35	73
352	103	35	72
352	102	36	73
352	100	36	75
352	102	35	73
352	99	35	77
352	101	34	73
349	97	40	77
351	100	36	73
351	98	36	76
350	98	38	75
349	99	40	75
350	99	37	75
352	99	36	75
351	99	35	75
349	98	38	76
351	100	37	74
351	99	36	74
350	99	37	74
351	98	37	76
351	98	37	76
350	99	38	75
351	98	37	76
351	98	36	75
351	99	36	74
350	98	37	76
350	97	39	76
351	98	37	74
350	97	38	77
350	96	39	77
351	99	37	75
351	98	38	74
351	99	38	74
351	100	39	73
352	99	38	74
352	99	37	75
351	99	39	74
351	97	39	76
353	98	36	76
351	99	39	74
351	99	40	74
352	97	39	76
352	99	38	75
352	99	39	73
352	100	38	74
353	98	38	76
354	99	36	75
352	100	38	73
352	99	38	75
353	100	36	74
352	99	38	75
354	100	36	75
352	99	38	75
354	100	35	74
352	99	38	75
353	99	38	76
353	98	37	76
354	99	37	75
352	98	39	76
353	99	38	75
352	100	39	74
354	98	37	76
352	97	38	76
355	99	36	74
354	98	36	75
353	98	38	75
353	98	37	75
354	98	36	75
355	99	36	74
355	97	35	76
354	97	37	75
354	94	36	78
352	94	38	76
354	92	37	79
352	95	39	76
353	93	38	78
352	92	39	79
355	94	35	76
352	93	38	76
353	93	36	77
353	93	36	77
354	93	35	76
352	93	37	76
351	93	40	76
351	92	39	77
350	94	42	74
351	93	40	74
351	93	39	75
351	93	39	76
352	91	36	75
351	92	37	75
350	92	39	74
351	93	38	74
350	90	39	76
351	91	37	76
350	92	38	75
350	93	39	74
349	89	40	76
349	90	40	77
349	89	39	77
348	90	41	75
349	90	39	76
349	88	38	77
349	88	38	77
349	89	39	78
348	88	39	77
349	89	39	76
348	88	40	77
348	89	40	76
348	87	40	79
349	89	39	76
348	90	39	74
348	91	40	73
349	88	37	76
347	90	39	75
348	91	40	73
347	89	40	75
346	87	42	78
347	88	40	76
345	89	39	75
346	89	38	75
345	89	40	74
345	89	39	74
344	90	41	74
345	88	38	75
345	89	38	74
344	89	39	74
343	89	39	74
341	87	42	75
341	87	41	75
342	85	38	77
342	88	36	74
339	86	38	75
338	88	40	73
338	86	38	73
337	87	39	73
336	85	40	74
336	87	40	72
336	86	39	73
334	82	40	77
333	84	41	74
333	84	37	72
331	85	40	72
331	83	39	73
330	81	40	76
328	84	41	74
328	82	40	75
329	83	38	74
327	82	40	75
326	81	42	75
325	78	42	78
325	80	41	76
324	78	42	78
325	79	40	76
323	78	42	79
325	80	40	75
323	80	41	75
323	80	42	76
323	78	40	78
322	79	41	77
322	79	42	76
321	80	42	75
322	79	41	77
322	78	39	78
323	80	38	76
321	78	43	78
321	79	42	76
320	81	44	75
321	82	40	73
320	81	42	76
321	81	41	74
321	82	40	74
320	80	40	75
320	81	42	76
319	81	43	76
320	81	42	75
318	81	44	75
319	80	43	76
320	81	39	75
318	80	42	78
317	80	43	78
318	82	43	76
318	81	42	78
317	79	42	80
316	81	44	77
315	80	44	79
317	82	42	77
316	83	42	76
318	81	40	77
316	82	42	77
316	83	42	77
316	85	42	74
315	82	44	78
314	83	45	78
315	84	42	76
315	83	40	78
314	83	42	78
314	80	42	81
314	83	42	78
313	83	41	78
314	83	41	78
313	83	41	78
313	83	40	79
312	84	42	78
312	83	43	78
313	84	41	77
312	84	41	79
313	83	40	80
313	85	40	76
311	84	40	77
312	81	40	81
311	84	40	77
309	83	42	78
311	84	40	77
312	85	38	77
312	85	37	76
312	84	36	77
312	84	36	76
310	83	39	78
310	83	39	78
311	81	38	80
311	82	37	79
311	83	37	78
311	81	38	80
312	82	37	78
311	84	40	78
312	83	37	77
313	84	35	77
312	84	36	77
312	83	38	77
311	81	39	78
313	84	36	75
312	84	38	75
313	85	37	76
313	83	36	79
312	82	38	78
312	82	38	78
312	83	38	76
313	83	37	77
313	82	37	78
312	79	39	81
314	81	36	79
313	80	37	81
314	80	36	79
313	82	38	77
312	81	39	78
312	78	39	81
313	81	37	76
313	79	38	80
313	81	37	78
313	82	38	75
313	83	38	75
313	83	37	75
313	82	38	76
314	83	35	74
312	81	38	76
314	83	36	75
313	82	38	76
314	83	37	74
311	82	40	74
313	81	39	77
313	81	38	76
314	83	38	74
314	83	38	75
313	82	37	74
314	83	38	74
312	81	40	77
313	80	39	78
313	80	40	79
312	79	42	80
313	82	40	76
313	82	39	76
312	81	40	76
313	81	40	78
312	80	39	76
312	81	41	76
313	82	39	75
314	84	38	74
312	82	41	77
313	80	39	78
310	80	44	78
314	81	38	77
314	82	37	76
314	83	38	75
313	82	38	75
314	81	38	76
315	85	37	73
314	83	38	74
317	86	35	71
314	85	38	73
316	84	37	74
314	81	39	77
316	81	36	76
316	80	37	77
315	81	39	77
317	80	37	78
317	82	37	75
317	81	37	76
318	84	37	73
318	83	38	75
318	82	37	75
318	84	37	74
318	82	38	75
318	82	39	74
320	83	37	74
320	84	37	72
319	83	38	72
318	81	41	76
321	83	37	73
320	82	38	74
321	84	37	74
320	82	39	76
321	80	37	77
318	79	41	78
321	81	38	76
319	81	41	75
319	80	42	77
319	82	42	75
320	82	39	76
320	80	38	77
320	83	38	77
321	83	37	77
321	82	37	76
320	82	38	77
320	84	38	76
320	82	38	76
320	83	38	76
320	83	40	76
319	85	41	76
319	83	40	75
318	83	43	77
319	85	41	75
318	84	43	75
317	84	43	76
318	84	42	76
316	85	44	74
319	87	42	74
318	85	42	75
319	85	42	75
317	86	43	75
317	83	43	79
317	83	44	79
317	85	42	78
315	82	42	80
317	84	42	77
317	85	42	78
317	85	40	79
316	85	42	78
316	87	43	76
316	88	43	76
316	86	43	78
317	87	41	76
316	88	42	77
315	87	44	78
316	87	42	79
315	87	43	79
316	87	40	79
315	88	44	77
316	89	42	76
314	90	41	77
316	88	39	78
313	87	43	79
316	89	38	77
315	89	38	76
315	90	39	76
314	89	39	77
315	88	41	77
315	89	40	77
316	90	37	76
315	89	40	77
314	86	41	79
316	89	38	78
316	89	39	79
317	89	37	76
315	89	39	77
316	90	39	76
316	88	38	77
315	89	40	77
315	87	40	79
317	90	39	76
315	90	39	76
314	89	41	77
314	90	43	75
315	88	41	78
317	89	37	78
316	88	39	78
317	87	37	79
316	90	39	76
316	90	39	76
314	86	39	80
315	89	39	77
316	89	38	77
316	90	38	75
314	87	40	77
316	89	39	76
315	88	38	77
314	89	40	76
314	88	40	77
316	89	39	76
314	89	39	76
314	91	40	74
314	88	40	78
314	88	39	77
314	91	41	74
314	89	39	77
315	91	39	74
314	92	39	75
314	92	39	74
313	91	39	75
312	90	42	76
314	92	39	75
314	92	39	75
314	91	38	76
316	92	37	75
313	91	40	76
313	94	42	75
313	91	40	78
315	93	39	76
314	92	38	77
314	90	39	79
313	93	40	75
315	92	37	77
315	94	38	77
315	94	38	76
316	94	37	76
315	94	37	77
314	94	40	78
315	92	38	78
315	93	37	78
315	94	37	76
315	93	39	79
315	91	38	79
315	94	38	76
316	95	36	75
316	95	36	76
316	96	37	74
316	95	36	75
314	94	40	76
315	92	39	77
315	93	38	77
316	93	36	78
316	92	36	79
316	94	37	78
315	93	37	77
315	93	38	77
315	94	36	75
315	93	38	76
314	92	38	78
314	92	40	77
314	92	40	78
313	91	40	78
315	94	39	76
314	93	38	76
314	91	37	79
315	92	36	77
313	93	39	76
313	92	39	78
315	93	36	76
313	92	39	78
313	89	41	79
313	92	40	76
315	93	37	76
315	92	37	77
314	92	37	77
316	93	35	76
313	92	40	76
315	93	36	75
314	92	38	75
315	91	38	77
314	92	39	76
314	92	38	76
313	90	39	78
312	91	41	78
314	93	37	75
314	90	38	77
314	92	38	75
315	90	37	77
315	91	37	75
315	92	37	74
316	94	35	74
314	93	38	75
314	91	39	76
316	94	35	73
315	92	37	76
315	92	36	75
315	92	37	75
315	93	37	75
314	92	38	75
315	92	36	74
314	92	38	75
315	91	36	77
314	90	37	77
315	93	36	75
317	95	33	73
316	93	36	74
316	94	34	74
314	94	39	74
314	94	38	75
316	94	36	74
314	94	38	74
314	94	38	75
315	94	37	73
314	94	39	73
315	95	37	73
313	93	40	75
313	93	40	75
314	95	39	73
315	94	37	75
313	94	39	75
314	94	37	74
314	94	38	74
315	95	36	73
314	94	38	74
314	94	39	75
314	94	37	74
314	96	39	72
315	95	36	75
314	95	37	75
315	95	37	73
314	93	38	75
313	92	40	75
315	96	37	72
314	94	39	74
314	93	38	75
315	93	38	75
315	94	37	75
314	92	39	76
315	94	37	74
315	94	36	75
315	93	36	75
315	93	36	76
316	94	35	73
315	95	37	74
314	95	39	74
315	94	36	72
315	93	37	75
315	94	38	74
313	92	40	76
315	93	37	75
315	93	36	75
314	95	38	72
314	95	37	73
313	93	39	74
314	95	39	74
312	93	40	75
314	94	36	74
313	94	38	74
313	95	39	74
313	94	38	74
313	94	38	74
313	93	38	76
314	94	36	75
312	93	38	76
312	93	39	75
312	93	39	76
312	91	38	78
311	92	39	77
310	91	42	78
311	93	39	75
312	91	38	78
313	92	37	77
312	94	39	74
312	94	40	74
312	94	39	74
310	92	41	76
312	93	41	74
312	94	39	74
312	93	39	74
312	92	40	75
312	92	38	75
311	93	40	75
312	93	39	74
312	94	39	73
312	94	37	74
312	93	37	74
313	93	37	74
311	93	38	73
311	91	39	77
312	89	38	80
311	92	39	77
312	93	39	75
312	92	38	75
312	93	38	75
311	91	39	76
311	92	40	75
311	91	38	74
312	92	39	76
312	92	38	73
310	93	42	74
312	90	39	76
312	93	38	74
312	92	38	74
312	91	37	75
313	90	36	77
311	91	38	76
311	91	40	76
310	90	41	76
310	89	40	77
310	90	39	76
310	89	39	76
310	88	38	78
310	85	38	82
310	89	38	75
310	88	39	77
310	89	38	77
309	89	40	77
310	87	39	78
308	87	40	79
310	90	38	75
309	89	39	76
310	90	36	73
308	89	38	75
309	88	39	77
307	87	39	77
307	88	40	75
307	88	39	76
306	87	41	78
307	89	40	75
307	90	39	74
308	90	38	75
307	89	37	76
306	89	41	75
305	89	42	75
307	89	38	75
306	88	39	76
306	88	40	76
305	89	41	75
306	89	39	75
303	91	43	74
305	91	41	73
304	89	41	75
306	92	39	73
305	91	39	74
304	90	42	76
305	91	40	75
303	89	42	76
304	93	41	73
302	91	43	74
304	92	41	74
304	91	40	74
303	90	40	77
302	89	42	77
303	91	41	76
301	90	43	75
