368	197	108	35
358	199	108	37
354	198	114	37
352	199	107	38
295	185	117	44
291	183	119	49
287	182	127	51
271	186	138	61
261	186	147	76
258	168	149	98
257	179	154	86
254	183	156	79
252	186	157	77
250	179	162	86
246	186	171	82
245	187	162	79
243	186	155	78
256	187	153	61
244	188	158	75
243	182	158	83
240	189	166	80
240	188	165	79
237	192	164	73
237	191	165	77
235	195	165	74
233	196	170	73
232	195	170	74
230	196	174	74
229	196	176	76
228	200	173	66
224	202	183	65
222	203	182	63
220	203	185	64
219	204	184	63
219	205	178	63
219	207	172	62
221	201	177	69
218	206	179	67
226	206	182	60
220	207	175	63
215	207	184	67
215	207	179	70
215	209	178	68
213	207	178	74
217	208	168	73
217	206	174	75
214	207	176	75
211	207	194	77
206	209	179	75
201	208	187	75
201	210	193	75
197	218	172	67
197	219	167	67
196	224	157	63
198	222	160	62
199	222	156	61
201	221	147	65
199	221	157	63
201	219	152	65
202	219	164	65
206	216	158	69
207	218	148	69
207	217	151	69
206	216	157	73
205	213	164	80
205	214	166	81
203	215	163	84
203	215	162	85
205	213	157	90
205	212	150	96
203	210	155	96
203	206	151	99
206	205	151	102
207	203	152	102
207	198	171	109
209	197	181	114
212	192	177	120
211	192	195	126
212	189	172	126
213	185	160	133
213	189	158	124
212	189	163	125
211	187	169	119
208	183	163	115
209	177	151	123
207	161	137	139
204	158	139	141
196	150	149	154
192	146	157	150
188	139	160	160
185	128	148	174
184	137	144	157
188	138	162	157
167	124	163	168
168	118	157	177
170	109	135	195
168	90	116	186
169	88	133	155
166	83	155	141
169	86	139	144
171	85	110	140
177	86	106	162
178	81	87	164
181	83	66	152
184	74	59	140
187	68	60	151
190	64	56	159
193	61	56	154
195	59	57	152
197	51	57	158
193	52	67	156
203	43	76	154
191	51	84	164
189	40	84	169
188	50	96	164
232	97	101	176
185	37	115	157
180	31	120	137
177	28	113	127
179	24	93	116
181	22	82	106
188	26	94	105
188	21	101	112
187	16	104	117
210	47	120	98
179	31	132	107
172	26	148	121
166	28	151	125
155	31	154	112
151	29	162	112
152	33	166	108
152	33	175	116
134	31	162	122
145	25	145	121
144	31	137	113
138	32	144	113
136	33	140	105
130	28	147	128
121	33	159	111
114	33	173	99
116	37	171	75
111	42	178	81
92	45	156	72
107	47	144	69
106	44	167	79
95	51	152	74
93	45	181	83
78	46	185	108
41	50	198	115
48	50	205	120
37	40	199	135
30	52	195	120
5	54	211	131
51	61	198	112
51	61	198	112
-1	76	193	132
14	100	167	155
8	77	174	177
6	59	176	205
17	73	177	211
9	51	181	219
16	99	210	234
19	95	227	261
6	19	242	315
9	11	262	346
10	5	262	355
7	-4	292	366
12	-14	277	372
17	0	269	360
17	-2	265	366
11	-4	266	368
13	-9	269	377
8	0	307	366
4	0	297	359
9	2	290	363
5	0	302	360
0	0	320	369
4	-12	300	366
5	-3	288	369
2	-6	285	368
1	1	299	362
7	-4	305	370
9	-3	283	365
7	-3	301	364
7	-1	296	360
8	-6	289	369
10	-11	283	368
13	-7	279	359
9	3	296	353
12	4	303	359
9	3	312	374
1	6	291	348
3	10	293	350
8	27	287	338
3	9	266	355
2	10	257	355
6	15	270	343
6	14	280	347
1	14	264	346
1	17	249	335
-1	19	260	339
-1	17	261	350
-2	19	277	348
0	19	287	347
-3	16	265	345
1	19	267	345
-2	24	272	331
-2	32	269	327
-2	33	260	328
0	31	255	323
-3	23	254	334
0	26	254	335
0	52	272	316
3	64	337	302
3	83	343	286
14	136	347	235
-29	66	336	238
-19	67	356	295
12	118	358	237
9	147	373	213
21	131	377	229
0	156	410	202
0	182	402	174
-41	103	406	213
-11	136	419	230
-3	178	412	180
-32	117	411	185
-15	148	435	204
-8	193	416	162
36	216	397	133
109	211	395	143
113	225	379	114
107	221	377	118
107	226	382	120
103	222	383	127
95	223	400	130
92	227	383	126
92	225	399	131
82	228	415	129
78	230	409	121
78	229	397	125
84	227	379	126
72	233	387	123
70	231	397	120
68	231	367	117
54	232	365	125
112	237	342	104
133	238	298	108
154	231	255	115
170	236	229	109
179	235	210	111
183	237	196	113
185	239	190	103
200	232	173	112
210	234	156	111
207	232	159	111
205	234	159	109
204	235	154	110
201	236	156	112
201	231	155	118
202	228	153	122
197	226	158	122
204	222	149	125
199	219	154	129
194	217	158	131
193	218	158	133
201	222	149	127
188	216	161	136
193	217	162	134
194	213	157	140
194	208	157	142
200	207	148	144
205	196	134	158
205	188	139	167
197	179	148	175
203	153	149	200
221	151	145	196
231	146	151	198
239	148	137	195
241	147	146	195
244	140	148	202
249	155	156	188
236	147	169	192
237	150	175	191
225	155	189	181
254	174	156	154
213	167	199	175
215	179	196	153
211	183	200	149
207	175	206	160
182	195	184	148
201	223	159	121
197	220	131	117
198	229	103	112
195	225	85	116
192	224	79	110
189	221	86	117
192	214	86	129
194	208	78	128
197	201	72	134
196	197	68	127
193	191	72	124
190	186	76	125
189	179	79	126
182	169	86	129
177	163	98	133
172	154	111	147
175	149	110	131
170	141	116	114
169	137	116	104
164	130	120	97
167	142	124	104
148	120	134	120
139	113	144	125
135	108	150	133
125	104	169	135
104	85	187	168
97	82	189	145
89	78	181	116
69	71	199	122
53	67	198	124
36	58	208	126
21	55	212	124
10	46	222	137
-2	41	226	149
-2	46	223	149
-6	43	216	124
-5	48	194	104
-8	55	186	115
-1	52	158	146
-5	54	161	150
-2	47	170	175
-4	39	161	191
-4	49	157	187
-5	44	160	199
-2	43	165	206
-6	40	166	220
-3	34	168	248
0	26	171	256
0	24	183	281
2	24	187	270
11	20	200	288
6	19	230	301
6	5	243	350
5	7	264	348
6	3	260	342
13	0	251	349
11	3	265	350
10	-2	275	352
10	-4	275	352
16	2	317	362
13	-14	355	358
18	-2	360	361
20	6	359	346
10	-13	375	369
7	-9	367	358
17	-7	313	364
0	-9	316	369
6	-12	309	374
10	-14	315	383
8	-4	318	363
6	-10	314	369
14	-8	313	373
17	-7	315	366
19	-9	308	369
20	-17	306	382
18	-7	312	379
25	-11	285	376
18	-15	308	382
16	-6	318	380
22	-12	296	373
13	-8	306	375
17	-12	319	382
21	-8	296	376
18	-9	296	382
25	-11	287	380
18	-10	295	385
14	-14	301	384
17	-10	291	385
7	-11	314	384
7	-18	297	383
11	-16	300	386
8	-17	310	389
7	-21	304	388
5	-22	310	390
0	-22	319	393
6	-15	300	386
4	-16	299	383
6	-11	294	384
1	-15	290	384
2	-20	300	379
-4	-21	326	383
0	-16	307	382
2	-14	297	385
4	3	287	357
2	-9	333	378
14	-6	293	367
5	-1	295	365
9	-10	285	371
3	-13	318	372
3	-8	291	363
9	-11	278	374
2	-5	310	365
5	-7	286	365
3	-3	333	369
8	-10	298	362
2	0	297	357
1	1	283	350
6	2	289	350
4	-9	324	362
-1	-9	330	367
2	-7	317	358
4	-9	307	368
1	-18	311	373
7	-8	292	367
4	-19	293	372
4	-16	305	373
7	-18	308	372
7	0	320	363
13	-7	319	363
9	-7	332	364
13	-7	295	361
14	-9	288	368
10	-8	296	362
-1	2	321	351
8	-3	306	363
12	0	297	356
11	-10	306	369
8	-9	316	381
11	-3	324	354
12	6	321	357
13	2	316	353
12	-1	310	362
3	-4	319	369
4	-2	316	366
7	-3	317	368
8	-10	328	361
2	15	315	343
9	3	327	360
3	27	307	320
2	6	335	349
8	9	320	348
8	11	303	336
4	19	331	340
4	13	311	342
8	19	356	339
-6	5	346	346
3	8	360	358
-10	9	353	345
-3	4	326	361
-2	0	352	358
-2	8	328	347
0	-1	346	357
1	6	316	352
-5	7	332	345
1	14	300	341
-1	1	288	348
-3	-2	311	365
-3	1	289	347
-3	6	305	350
0	4	287	344
7	-6	297	360
18	-7	299	366
21	-10	287	375
18	-3	292	361
16	-6	293	366
13	-13	287	368
9	-11	272	352
11	-9	293	364
9	-4	307	365
9	1	292	335
12	-7	277	363
8	-11	254	329
0	-7	269	332
2	1	259	342
0	0	252	320
2	1	238	326
3	9	208	301
-5	9	239	307
-3	9	223	327
-4	20	208	320
3	38	202	312
-5	31	203	315
1	44	194	299
-4	48	177	298
-2	42	179	309
-3	51	190	295
-1	71	177	272
-3	86	195	267
-4	105	204	251
311	172	188	184
294	191	193	139
297	183	190	131
296	174	182	132
304	169	176	129
314	154	165	133
319	136	160	146
333	124	154	142
338	117	137	149
335	114	128	149
332	108	126	153
325	105	137	157
322	98	139	160
324	90	136	167
334	88	116	157
341	82	117	151
331	79	123	152
334	74	121	150
337	63	119	162
339	60	118	169
333	57	123	176
328	59	133	175
327	61	137	157
333	58	131	131
330	63	137	128
326	65	147	124
321	62	160	125
322	57	162	130
315	62	179	110
313	67	189	99
318	71	189	97
324	76	188	88
323	80	190	89
323	84	184	90
324	88	179	83
319	86	184	82
337	78	166	87
335	78	165	89
338	80	163	90
350	73	142	104
354	72	136	110
349	79	141	105
342	82	142	110
353	81	135	109
353	77	132	123
356	73	124	123
357	70	118	127
364	57	102	143
364	55	99	146
375	51	85	154
389	73	71	138
392	90	68	119
392	101	70	108
389	106	75	102
388	106	77	107
388	111	78	103
388	110	79	105
386	112	81	108
382	112	88	104
382	117	92	101
383	119	92	99
391	122	89	100
390	126	98	96
394	129	93	93
391	132	101	91
394	133	101	91
402	133	100	96
420	135	84	95
428	131	78	100
439	128	70	104
446	126	63	108
448	128	63	103
451	122	63	110
453	121	60	111
454	117	61	114
454	117	66	112
459	115	63	113
462	110	63	116
464	111	64	111
466	109	62	111
466	111	66	102
464	110	70	100
468	108	66	104
470	109	67	101
472	103	67	109
475	101	69	111
477	101	68	111
480	98	66	113
483	95	67	116
488	101	63	109
487	101	67	109
484	101	74	109
484	102	75	110
482	102	79	110
475	99	89	114
478	95	84	119
485	91	75	128
487	97	77	122
490	95	72	125
490	86	69	139
480	94	79	131
485	100	73	125
489	101	74	129
490	100	73	137
490	97	72	137
486	105	77	133
481	119	79	115
481	125	81	108
480	127	80	107
483	131	82	94
487	136	77	95
483	136	82	99
487	142	79	97
481	145	85	94
469	148	97	85
462	145	106	90
461	145	109	86
455	144	114	89
453	142	116	92
452	146	118	88
444	146	125	82
467	148	108	86
447	144	123	87
439	139	135	100
450	139	122	93
465	143	104	86
471	139	99	92
471	137	99	95
469	136	99	94
468	134	98	97
469	135	95	89
470	133	94	88
467	133	98	89
465	130	99	91
465	127	100	90
462	125	102	97
459	125	105	96
460	117	101	106
458	129	104	88
456	124	102	92
459	127	100	85
457	124	96	90
450	127	102	89
448	123	109	94
445	114	116	101
439	113	114	106
433	112	121	108
424	109	139	120
420	106	138	124
410	111	146	116
412	119	144	109
408	115	140	111
406	107	130	116
408	103	115	110
401	92	116	125
412	95	108	134
401	91	121	142
429	95	125	123
436	85	113	131
446	85	104	136
440	86	111	135
432	89	118	129
438	90	110	119
444	83	105	123
444	93	107	111
442	89	108	116
429	86	120	116
417	80	131	114
404	72	142	121
397	63	141	124
379	51	167	128
378	53	172	138
387	61	164	124
402	59	147	130
388	55	156	139
437	69	119	121
451	65	97	133
436	63	115	133
438	64	113	133
447	66	96	131
451	76	93	115
455	72	83	121
455	74	85	109
460	85	98	103
459	85	86	113
450	99	95	106
455	109	90	96
447	85	99	105
451	109	92	96
449	91	102	103
450	94	87	115
443	92	101	105
447	91	96	116
443	97	99	106
444	105	96	98
439	100	94	100
445	86	85	112
444	83	85	112
442	82	97	108
443	83	95	103
441	88	86	101
438	90	89	108
432	92	94	103
423	88	100	112
421	109	102	88
414	108	114	89
409	101	110	102
401	104	116	105
404	103	115	103
404	99	111	105
400	112	115	93
394	94	111	88
380	129	109	74
396	102	108	91
394	100	105	106
390	97	97	105
383	87	91	119
374	70	96	116
379	82	89	91
383	88	84	79
373	80	94	86
368	79	103	84
364	78	104	77
365	73	93	82
367	74	95	78
362	74	93	75
362	69	75	81
360	63	75	81
356	60	84	90
349	53	89	87
352	53	82	91
351	49	83	91
349	48	75	84
342	40	90	93
335	32	92	114
331	33	94	114
330	32	89	128
337	27	87	116
339	23	82	121
345	25	74	118
344	19	86	120
342	17	87	123
336	12	98	139
342	9	94	142
335	9	102	144
335	7	106	146
348	5	111	137
347	4	107	146
342	2	114	148
336	0	119	148
335	8	110	133
343	10	105	140
350	8	103	130
351	11	108	130
352	11	113	123
351	16	113	117
355	16	107	121
359	23	112	115
363	27	101	111
366	29	108	111
367	29	115	110
363	26	122	110
369	24	120	105
375	25	125	103
376	24	128	101
376	24	138	115
378	24	144	117
373	28	153	112
377	20	130	122
379	19	125	119
376	22	135	121
369	25	153	119
364	25	172	128
366	25	152	124
364	25	135	126
362	36	102	121
368	37	83	123
367	41	82	121
369	37	82	129
368	39	82	122
368	36	85	122
367	37	89	123
367	35	92	124
363	36	111	122
361	39	114	118
356	40	128	114
358	45	129	107
356	51	117	100
357	51	110	99
355	52	111	94
354	50	112	100
352	46	117	106
354	45	113	109
355	45	111	112
354	52	111	104
352	47	108	107
349	45	116	109
348	39	112	116
346	43	106	115
341	45	116	108
337	53	112	100
336	55	104	101
330	66	130	89
318	63	140	90
324	65	131	89
326	65	131	89
328	61	131	93
311	54	147	103
321	55	139	100
298	57	157	98
301	66	153	90
313	65	136	91
313	57	135	99
315	74	132	85
317	72	130	86
311	63	134	99
310	55	137	109
312	57	127	108
311	57	116	110
314	57	115	112
305	57	133	109
302	63	148	106
298	69	157	98
281	61	140	105
283	83	152	81
278	82	140	77
280	78	130	78
270	73	137	84
272	78	132	77
275	77	134	74
263	75	128	75
261	75	132	72
262	80	133	64
258	80	131	63
197	77	126	56
249	90	144	58
224	61	151	80
246	68	133	82
248	78	152	69
218	49	142	85
214	43	141	96
205	42	152	92
243	33	158	103
215	33	166	110
217	33	187	110
228	35	187	98
219	44	191	91
209	48	203	88
192	52	223	91
183	60	233	87
175	59	236	91
164	61	250	90
176	62	250	91
170	66	245	87
181	66	244	88
179	67	251	82
189	61	246	94
196	67	236	91
201	86	222	76
178	87	237	76
189	93	234	65
187	102	236	55
193	103	232	52
212	105	214	51
223	105	198	57
225	105	196	59
232	98	192	72
224	93	193	68
220	97	203	67
225	102	199	70
228	103	198	73
230	109	193	71
226	105	196	78
212	105	210	82
196	108	226	76
227	109	201	87
203	111	222	88
192	105	236	92
196	104	234	95
197	104	231	99
187	102	244	110
179	104	253	105
178	101	261	116
179	106	260	110
180	111	257	106
186	104	253	112
177	101	257	119
188	97	241	125
185	96	244	127
180	95	253	133
192	97	249	137
189	99	250	131
192	95	253	132
179	90	268	137
161	80	286	151
179	79	276	155
182	77	271	155
168	84	288	147
171	83	291	152
165	83	300	149
220	95	264	134
205	89	263	143
218	80	248	178
231	77	235	186
251	69	209	199
259	75	211	200
204	75	263	174
176	62	300	201
173	56	310	190
205	54	274	217
220	55	259	222
246	77	233	207
250	61	223	225
237	56	233	242
242	66	235	225
238	63	241	231
194	40	230	264
222	62	221	257
220	53	233	284
226	47	252	307
217	41	269	311
214	21	270	330
203	29	291	321
170	21	329	320
180	34	323	306
164	24	340	320
173	28	321	317
172	17	326	324
179	27	320	312
185	10	311	335
174	20	326	325
160	8	345	337
171	21	329	328
181	12	320	333
165	16	346	341
169	8	337	321
199	9	301	349
173	6	329	352
169	18	335	337
266	87	366	271
166	78	429	274
174	126	467	237
156	148	490	209
138	172	512	186
12	105	528	155
141	190	503	175
91	123	550	221
72	177	585	181
99	200	559	155
121	197	518	166
124	180	509	187
123	187	517	176
118	188	519	175
114	190	519	174
104	201	530	164
121	223	500	137
136	231	492	132
123	241	500	119
139	247	482	108
138	243	483	115
145	231	476	128
138	235	478	121
130	225	495	139
143	233	476	124
139	230	479	128
131	224	487	131
132	144	509	174
132	162	497	194
168	196	456	160
199	173	429	184
229	143	403	210
276	113	363	243
235	116	395	247
301	113	331	241
233	113	369	252
283	96	350	263
200	93	432	270
248	99	379	250
169	101	449	254
184	89	454	262
167	99	464	259
169	66	476	286
140	84	486	258
141	109	496	246
155	87	485	263
179	106	451	242
204	77	433	265
204	101	422	253
175	95	456	256
140	79	493	269
27	78	577	269
130	105	521	247
107	100	538	247
170	102	483	237
146	105	496	249
105	79	531	276
226	104	425	251
176	135	454	223
151	109	484	247
130	113	503	243
105	109	525	244
189	82	454	274
287	98	374	255
300	94	338	265
318	85	322	266
270	96	351	252
291	87	339	259
264	99	361	262
342	90	294	273
298	94	328	268
329	93	294	266
330	95	308	265
317	92	315	262
300	96	326	263
324	92	312	262
277	93	354	258
301	90	339	267
270	95	351	259
282	89	349	259
277	109	356	246
297	95	339	252
261	103	373	246
248	109	389	246
251	102	379	248
259	102	375	245
237	100	392	246
249	105	400	252
277	96	363	254
233	94	408	251
245	109	364	242
318	110	324	245
315	105	334	251
318	94	336	257
331	99	311	256
323	97	327	256
323	95	329	252
332	96	314	256
331	98	325	255
342	92	300	262
339	99	311	257
330	91	321	262
330	93	326	259
322	86	322	268
351	89	296	260
375	81	264	267
378	86	258	269
393	83	249	266
408	83	231	267
313	103	258	236
424	82	228	270
331	98	291	253
322	95	322	236
306	102	341	234
301	101	346	202
312	105	330	214
276	108	361	224
340	95	315	208
326	101	326	231
328	105	325	245
308	106	355	180
401	89	321	210
301	101	345	249
279	104	369	240
237	102	403	237
299	107	354	184
358	93	294	218
366	90	288	265
327	94	308	254
300	99	325	251
285	99	343	241
338	99	324	225
298	91	331	266
276	93	330	254
341	94	287	257
320	95	293	244
427	90	226	246
460	80	180	266
474	78	167	266
481	80	158	264
446	85	178	263
471	76	164	271
474	80	162	272
463	85	175	262
422	89	188	265
445	83	195	269
457	81	184	269
420	91	193	258
443	84	195	268
389	86	218	268
436	77	190	278
442	82	199	269
438	73	201	274
435	83	209	268
360	101	260	249
367	88	276	260
381	79	258	270
425	79	214	262
421	66	221	275
432	71	210	273
430	75	213	269
424	78	220	267
419	70	223	271
416	65	225	279
416	75	223	268
415	71	224	273
412	70	230	269
409	74	232	268
411	72	232	267
407	69	234	273
417	78	222	266
416	66	225	271
413	71	226	270
406	71	237	273
407	73	236	266
416	74	224	268
420	79	221	270
413	67	227	272
417	77	227	264
423	78	216	270
421	66	220	279
415	67	228	278
421	80	222	263
421	65	219	277
419	69	223	269
426	76	218	264
419	65	223	276
426	78	213	259
427	71	210	269
419	65	220	277
434	76	206	269
431	71	211	271
432	76	211	266
432	69	208	272
422	67	215	272
428	71	213	271
425	68	219	271
424	79	218	262
417	68	223	272
429	77	214	266
424	71	217	268
433	73	209	266
430	80	211	263
430	76	209	265
423	72	220	272
423	81	219	265
423	72	220	272
421	69	221	276
434	72	211	271
426	64	215	274
438	76	207	266
432	68	212	271
424	68	219	275
438	72	201	274
434	69	209	272
428	64	215	274
437	76	208	265
431	66	215	273
430	62	209	278
429	69	213	268
433	63	213	274
429	70	210	266
422	67	221	271
437	70	204	269
429	74	212	266
433	61	207	272
434	67	209	269
432	67	213	268
429	66	215	269
431	70	213	264
433	71	208	260
428	62	216	268
433	67	212	264
435	62	206	267
437	68	205	260
436	63	207	264
433	66	209	257
440	54	205	267
444	63	201	257
442	60	202	259
436	64	209	257
439	66	206	254
440	63	199	251
445	57	194	258
441	63	200	255
437	57	205	256
436	64	203	247
438	59	203	258
439	59	202	257
438	63	203	256
435	58	210	261
436	66	209	252
434	64	207	255
431	67	205	252
426	64	218	255
428	63	215	255
428	67	212	245
426	68	215	248
423	66	222	247
424	63	222	252
412	66	232	252
416	70	225	247
420	69	219	243
418	63	219	251
414	66	230	244
419	60	221	253
410	64	229	247
409	62	229	247
411	71	227	227
409	63	229	246
409	65	234	249
408	65	236	248
411	68	224	249
403	61	237	254
410	65	232	250
407	67	232	242
415	68	227	239
411	62	230	252
409	65	232	247
410	68	233	242
410	67	234	244
406	67	240	244
409	71	236	234
406	62	233	243
403	53	235	257
400	58	245	251
407	59	241	256
411	62	231	251
406	61	234	243
412	54	232	257
417	56	225	251
419	67	223	243
408	63	234	248
410	62	232	244
411	64	229	250
407	65	236	244
405	68	235	241
393	67	247	242
397	64	240	238
359	66	278	240
345	63	300	237
298	77	339	230
283	74	363	238
275	75	367	230
259	75	379	235
252	77	381	226
238	80	400	235
228	71	404	244
208	84	409	231
186	113	427	197
253	93	385	220
325	73	328	224
307	74	344	239
391	69	292	223
421	72	240	217
428	75	216	226
434	63	208	242
433	65	211	241
423	67	221	242
416	68	225	243
416	65	223	244
438	68	210	249
464	75	171	247
458	73	185	255
469	74	168	257
481	81	157	256
476	83	157	257
483	84	158	260
486	89	144	267
496	100	135	257
505	103	123	265
508	106	128	261
518	105	111	256
526	111	111	251
532	117	106	246
539	126	103	241
545	128	96	234
556	132	85	235
565	145	76	224
571	156	70	210
583	161	59	207
587	152	55	214
587	152	55	214
598	166	43	202
598	166	43	202
598	166	43	202
598	166	43	202
598	166	43	202
598	166	43	202
598	166	43	202
598	166	43	202
598	166	43	202
598	166	43	202
598	166	43	202
598	166	43	202
598	166	43	202
598	166	43	202
598	166	43	202
598	166	43	202
598	166	43	202
598	166	43	202
598	166	43	202
598	166	43	202
598	166	43	202
598	166	43	202
598	166	43	202
598	166	43	202
598	166	43	202
598	166	43	202
598	166	43	202
598	166	43	202
598	166	43	202
598	166	43	202
598	166	43	202
572	221	66	187
572	221	66	187
572	221	66	187
546	213	81	197
305	-45	111	166
250	6	128	128
239	23	100	109
300	20	125	93
301	24	130	68
305	28	130	63
307	33	127	57
313	33	126	56
315	37	129	76
289	28	153	77
300	30	157	64
303	31	157	63
289	35	179	57
285	36	189	60
284	39	195	58
285	39	210	61
290	40	209	63
297	38	201	66
295	35	203	72
288	34	212	77
297	39	208	78
289	38	220	83
276	30	234	99
331	39	249	91
275	39	242	114
341	33	250	116
333	31	253	125
338	29	245	131
362	26	218	145
371	20	215	154
375	18	193	166
380	23	184	161
369	16	187	172
372	17	205	186
396	13	177	194
410	17	148	196
410	27	113	198
413	17	104	213
404	28	98	207
373	62	119	172
375	75	127	143
367	84	119	124
353	106	126	101
342	118	130	85
331	121	141	80
322	118	154	80
305	120	163	79
287	126	160	75
285	130	149	70
273	131	153	70
276	132	145	70
264	134	147	71
254	134	138	75
274	126	157	77
242	133	151	77
234	135	178	74
217	137	195	72
206	131	203	80
194	134	202	76
189	137	201	71
183	141	211	63
171	145	230	55
167	144	236	54
158	143	235	55
150	143	225	60
144	134	235	69
143	133	240	67
135	129	237	69
137	129	235	69
131	122	241	75
129	117	242	80
125	111	250	84
121	115	235	78
119	110	222	78
113	107	224	79
106	106	232	76
102	102	236	74
101	103	232	84
93	98	221	105
98	92	202	109
95	83	201	102
96	84	186	86
95	73	175	100
88	70	163	107
85	57	161	118
81	53	165	112
81	45	140	119
77	41	127	117
71	32	134	115
64	25	136	107
58	24	143	105
54	18	145	105
46	14	149	111
11	3	160	112
26	1	146	106
33	-2	134	101
24	-2	142	92
9	-3	156	92
0	5	168	83
-1	10	169	85
0	5	157	100
-1	1	156	108
4	1	152	85
1	5	150	68
0	12	153	90
-3	6	142	107
-2	5	138	115
1	1	129	126
-3	0	147	113
11	0	141	85
6	0	145	90
-5	0	149	107
-2	4	126	116
0	9	107	119
0	12	106	112
0	24	102	97
0	30	100	94
0	30	100	94
0	30	100	94
0	30	100	94
0	30	100	94
0	30	100	94
-18	132	80	95
-18	132	80	95
-18	132	80	95
-2	126	59	93
1	124	53	92
2	124	52	97
2	127	55	102
2	128	53	104
2	133	56	98
-9	134	66	98
-9	134	66	98
-9	134	66	98
-9	134	66	98
-9	134	66	98
-9	134	66	98
-9	134	66	98
-9	134	66	98
-9	134	66	98
-9	134	66	98
4	249	64	89
3	257	77	82
8	268	85	73
8	256	96	88
8	259	117	95
4	241	129	117
4	242	144	113
9	243	146	104
11	237	160	109
7	228	179	121
47	239	162	89
42	235	166	88
43	236	171	81
50	239	169	74
48	243	175	70
51	247	178	66
69	256	163	63
103	259	159	80
77	254	170	88
73	250	192	106
30	246	221	115
71	257	250	104
3	261	245	94
19	268	273	90
4	267	319	94
-1	266	324	93
-4	266	317	93
-12	266	310	90
-7	259	294	101
-6	259	278	99
-5	258	262	106
2	255	249	103
-6	262	255	97
-7	255	252	101
0	261	239	95
-4	254	238	101
2	254	230	100
1	249	224	102
-7	241	224	114
-8	241	215	112
-1	242	200	115
1	247	193	110
1	245	186	116
-3	244	190	115
-2	250	192	111
-5	246	195	112
0	248	186	114
4	241	189	118
0	242	187	121
39	250	218	110
-4	256	231	101
-3	250	226	106
1	259	208	101
3	258	213	101
1	256	226	103
-1	255	237	104
-1	249	244	105
0	250	241	109
61	242	246	118
-1	246	243	115
31	251	221	103
-4	245	248	113
39	237	275	118
49	241	301	115
-1	237	326	115
0	232	344	124
-3	235	352	126
-7	216	390	142
20	219	370	141
32	225	365	125
-6	225	331	116
34	217	351	131
16	216	385	131
29	219	373	128
25	214	389	129
13	217	421	124
5	209	438	136
-9	203	411	141
9	203	414	138
6	199	452	140
9	209	458	127
-3	209	486	122
0	204	528	123
4	203	529	130
0	198	566	130
7	193	557	130
-3	200	592	127
-7	189	613	136
-8	203	631	130
-23	210	642	122
-23	209	646	120
-25	204	627	130
-5	215	626	116
-6	214	598	118
-3	216	576	109
-9	215	599	108
1	204	558	122
4	213	535	115
-7	211	545	110
11	217	562	106
-2	218	548	106
60	208	570	118
-3	218	537	109
81	211	545	121
-1	224	531	105
95	208	526	122
-3	213	539	117
93	199	508	128
16	191	526	138
84	183	493	142
88	184	457	141
94	186	449	133
92	181	447	146
65	181	468	137
70	185	465	146
76	184	456	143
82	183	450	137
58	171	476	152
65	181	469	147
66	163	473	161
55	170	476	154
84	179	447	145
106	182	419	142
119	168	401	159
131	180	393	149
148	174	381	155
134	170	391	157
168	168	358	163
139	173	375	158
152	176	369	157
194	153	338	176
228	131	292	203
242	121	293	218
214	121	320	222
224	121	318	221
252	130	289	211
258	119	284	225
265	109	284	236
216	110	328	229
223	126	328	214
236	116	335	227
238	104	361	231
256	98	379	236
257	100	377	232
237	103	403	241
235	90	400	231
283	82	361	251
292	72	351	266
271	85	370	243
293	85	344	253
311	78	332	254
334	80	309	253
346	81	295	262
351	82	284	259
346	79	292	262
343	76	295	269
342	71	302	271
350	67	280	284
344	70	291	276
347	73	285	271
354	76	272	272
365	72	261	273
354	74	254	280
344	79	296	275
340	79	294	266
344	80	296	274
369	91	266	258
366	80	263	279
348	83	285	278
381	70	236	291
364	81	256	281
359	81	276	275
367	76	267	283
362	89	272	265
362	78	271	279
363	79	266	271
361	84	268	271
354	85	282	268
347	85	292	267
354	88	278	261
353	93	282	263
353	96	287	260
341	96	298	258
352	106	291	255
285	97	359	267
325	84	313	286
333	76	302	282
347	101	304	264
280	130	360	227
316	126	324	238
358	148	291	230
376	171	270	200
340	104	246	253
356	103	289	267
297	92	347	272
350	84	305	284
360	116	276	257
359	86	275	283
345	71	290	297
361	168	273	199
317	198	323	166
340	204	295	156
268	224	355	140
281	209	351	154
295	211	328	156
291	216	332	152
314	221	306	129
317	227	301	136
325	226	296	135
321	224	304	138
324	224	303	144
318	227	313	138
318	225	313	138
320	230	315	141
317	230	323	130
312	227	320	137
317	230	325	131
309	233	329	133
311	232	331	130
290	232	347	131
301	226	343	132
287	231	346	131
285	232	349	125
275	234	364	130
260	233	376	133
263	227	367	141
250	239	387	128
240	237	394	132
227	247	405	126
224	239	401	126
211	247	406	122
219	254	418	121
191	256	419	103
193	261	404	103
190	260	393	103
190	244	406	124
191	238	436	129
173	246	439	121
183	250	426	114
184	246	434	117
187	244	423	118
194	249	423	116
191	241	438	120
197	243	432	123
203	247	420	119
209	240	411	120
200	244	430	120
207	245	419	121
200	254	418	105
193	247	426	116
195	245	423	118
198	251	419	116
186	252	431	111
193	259	413	106
194	257	431	105
194	258	422	102
192	265	408	95
197	262	434	99
187	262	424	100
191	266	447	93
172	276	415	84
186	267	394	97
187	276	380	84
194	265	378	100
191	270	377	92
195	268	379	93
192	271	375	94
193	272	371	91
208	267	357	96
224	274	337	86
231	268	330	96
246	266	311	96
232	270	326	93
234	267	324	94
233	274	324	89
242	275	314	86
253	268	300	96
244	281	308	80
248	272	306	90
236	271	316	91
249	272	306	92
244	278	312	82
254	271	299	93
247	272	310	90
252	274	306	90
239	277	324	86
251	277	310	84
248	277	314	86
243	278	322	83
250	275	312	88
251	276	314	83
246	276	320	87
254	277	307	82
246	275	320	85
246	277	323	84
242	277	333	83
255	273	319	87
258	278	315	82
252	268	324	93
241	270	337	92
242	271	345	93
234	274	354	87
227	272	364	88
221	276	376	84
241	268	376	93
237	270	377	95
228	275	402	89
227	269	402	95
237	270	379	91
239	274	387	87
254	272	368	90
259	271	375	96
254	269	374	93
266	278	364	85
273	267	366	96
301	256	337	105
317	266	315	98
334	272	299	92
332	268	304	96
329	267	307	94
323	274	315	90
313	267	326	98
321	268	313	91
339	273	302	92
358	273	281	89
371	280	267	85
362	273	273	89
365	261	278	105
388	280	250	82
396	284	242	79
404	285	234	82
419	304	221	63
424	299	215	62
452	288	187	77
450	296	190	68
459	308	181	54
458	308	182	54
470	311	170	50
490	314	153	46
514	312	131	50
523	319	119	43
523	319	119	43
523	319	119	43
523	319	119	43
523	319	119	43
523	319	119	43
523	319	119	43
523	319	119	43
523	319	119	43
523	319	119	43
523	319	119	43
523	319	119	43
523	319	119	43
523	319	119	43
371	139	120	41
344	123	120	61
331	124	122	63
340	124	145	68
319	92	155	58
309	115	162	80
308	99	157	99
311	88	169	113
308	94	164	115
310	85	163	117
312	90	168	121
301	81	184	130
309	83	175	137
312	73	165	154
318	69	159	162
320	59	158	171
304	47	182	183
310	51	175	180
289	47	199	183
313	46	173	192
314	60	174	176
331	67	152	166
322	57	165	170
311	69	173	153
297	78	192	142
291	96	199	127
283	107	204	116
272	127	211	93
267	145	203	67
264	141	173	78
263	138	173	70
277	140	162	68
273	131	161	79
270	117	161	92
297	109	146	105
317	98	159	101
314	102	152	92
304	103	149	83
288	105	164	71
286	99	169	72
300	94	157	69
303	84	154	78
309	83	144	80
303	86	150	75
307	80	143	72
319	76	133	55
332	65	123	61
350	57	107	63
352	62	103	55
351	60	106	54
341	61	115	55
352	52	114	65
366	41	124	71
367	43	107	61
372	39	117	64
399	34	119	83
386	25	135	104
383	19	135	116
362	12	153	126
345	18	166	119
345	18	166	119
360	10	147	127
372	0	134	153
362	5	149	164
270	98	147	139
387	17	128	155
386	19	122	152
386	22	128	148
409	32	134	140
412	44	115	130
423	48	92	138
425	60	88	136
424	62	84	140
414	64	97	146
414	66	97	147
422	69	86	149
407	70	106	151
395	66	122	163
388	70	133	169
381	69	137	174
375	68	140	180
368	71	144	181
357	78	158	179
347	97	169	161
347	123	154	136
335	139	155	120
330	136	163	119
321	155	167	101
314	173	183	84
303	176	191	81
300	182	197	77
287	196	178	67
273	198	183	68
262	201	176	72
289	194	175	77
237	198	177	83
239	200	208	80
214	205	234	74
202	202	259	81
185	205	271	81
183	202	259	83
178	196	264	82
174	190	266	93
173	181	271	107
183	165	246	126
196	156	234	134
200	144	227	144
212	127	208	157
224	108	199	177
237	96	194	188
244	85	197	190
266	89	187	188
287	80	163	198
298	74	155	207
310	73	148	206
317	75	144	209
319	69	147	217
324	69	145	214
318	66	136	214
308	63	146	218
309	68	145	208
300	67	152	199
286	66	159	192
281	59	143	211
290	62	115	208
278	58	117	210
261	58	133	201
256	56	140	205
251	54	140	200
250	51	134	209
248	54	132	206
237	51	145	218
226	59	161	207
227	57	160	211
204	59	141	206
200	58	139	208
196	57	142	205
197	54	138	205
195	53	141	200
185	53	159	198
186	59	161	194
187	51	167	212
192	61	179	207
184	50	203	215
193	55	181	218
192	41	178	230
197	36	166	233
198	33	177	239
193	36	197	235
198	33	183	246
209	32	164	244
199	25	196	262
153	44	241	228
184	29	233	258
209	32	223	247
192	41	211	225
205	22	196	195
211	34	191	136
213	40	176	117
212	43	177	121
216	44	163	123
207	45	173	125
204	41	167	131
203	37	158	121
205	38	165	117
204	40	154	111
200	39	129	92
199	37	126	96
194	37	131	99
192	37	130	101
193	37	126	101
195	37	122	98
195	38	123	94
191	39	133	98
188	42	134	95
184	43	138	98
180	45	138	93
176	45	138	97
173	47	141	95
170	49	140	93
167	52	141	91
162	51	144	94
157	52	148	98
155	54	153	98
155	52	151	105
153	57	159	102
158	53	161	107
160	58	158	104
162	59	165	103
161	61	178	103
165	60	184	108
172	66	175	99
181	65	169	102
188	69	168	100
194	68	160	99
202	72	156	98
206	70	157	94
212	76	169	91
217	74	162	93
222	71	158	98
223	76	164	98
224	75	162	100
223	77	166	95
216	77	177	98
212	80	184	94
211	79	187	96
211	79	200	103
208	82	227	106
210	73	255	130
215	72	251	129
215	71	257	131
215	70	284	132
174	61	288	142
214	66	279	146
172	62	274	145
210	75	268	139
193	70	236	135
214	71	239	132
160	65	232	134
180	60	204	136
192	50	188	145
188	44	174	153
187	38	156	158
190	44	162	153
188	47	166	148
194	60	164	139
191	57	172	137
198	56	151	144
201	55	154	132
202	48	160	140
206	50	156	129
209	45	150	130
211	43	140	130
214	41	128	125
219	42	108	120
289	52	93	123
224	39	88	123
226	39	84	124
229	36	78	130
234	32	71	138
237	35	74	134
239	34	70	140
243	34	63	142
247	36	61	139
263	48	65	130
256	54	53	117
255	53	56	125
255	44	52	125
256	48	54	114
252	49	68	132
248	53	85	133
244	48	95	135
238	59	99	112
231	67	110	93
225	73	114	82
221	69	118	82
218	68	118	77
215	68	121	76
212	59	117	84
212	53	109	88
216	50	103	83
218	46	104	83
222	39	93	89
229	30	77	99
241	39	85	105
239	31	78	92
242	24	79	104
245	25	77	98
243	20	70	101
246	22	64	100
249	21	61	103
251	25	63	95
254	23	60	97
261	32	66	86
261	28	69	91
268	34	77	91
271	29	72	105
271	26	80	114
269	25	92	117
270	25	94	127
274	32	89	123
279	43	89	113
280	51	84	112
280	53	92	123
281	63	89	115
278	61	95	137
278	69	97	129
277	69	97	133
273	71	101	138
272	75	101	131
269	78	113	121
263	73	122	133
264	74	119	129
264	77	109	123
259	78	112	123
253	75	127	130
256	78	111	132
253	77	117	134
249	73	113	144
247	78	114	125
243	77	117	132
242	78	114	131
240	74	113	140
239	77	117	124
237	81	113	131
235	77	115	132
232	76	118	127
225	72	126	143
219	74	133	132
217	80	135	128
216	78	135	136
209	81	145	135
200	79	146	148
211	77	124	156
217	73	114	161
230	77	103	156
234	70	97	163
235	73	97	156
235	75	102	159
237	72	107	163
234	72	106	176
229	75	109	168
223	84	119	165
217	84	134	171
213	79	120	181
209	85	120	175
201	93	125	173
226	93	141	177
209	85	175	185
198	81	193	195
206	80	196	194
203	84	150	202
206	83	138	210
209	86	141	207
213	87	123	212
214	89	122	211
211	77	141	226
205	86	119	235
238	66	136	195
243	69	132	170
260	71	109	141
198	175	109	145
199	172	118	143
201	161	111	156
211	122	140	182
199	130	148	181
198	128	144	183
198	130	155	180
199	136	158	160
193	141	175	144
190	140	182	140
190	136	168	147
190	123	188	156
188	117	208	153
188	110	221	147
187	104	227	142
172	95	245	155
164	88	263	167
150	91	243	169
154	83	212	190
147	78	224	201
145	80	225	198
146	77	219	216
137	63	240	254
125	66	205	264
129	77	221	270
131	91	213	260
141	90	211	270
150	80	194	286
159	79	158	287
172	92	138	270
183	110	128	260
192	123	111	241
192	147	112	217
197	155	116	216
201	167	114	207
191	169	134	196
187	164	148	198
196	174	148	194
192	167	154	196
178	158	174	211
182	142	170	223
179	125	161	238
165	109	186	252
153	104	202	258
117	100	231	269
118	107	242	248
92	100	258	257
44	95	276	255
37	77	310	280
12	66	339	282
7	70	348	279
5	30	362	324
24	32	324	320
27	35	298	320
10	61	303	302
38	70	253	288
70	97	221	263
64	115	240	248
145	98	186	248
19	151	180	211
113	171	226	188
72	189	222	173
132	201	222	155
1	225	235	137
4	247	254	106
-5	262	248	82
-2	249	247	102
53	233	240	107
-21	180	232	134
-6	162	233	180
-5	145	246	211
-6	119	255	238
1	96	269	262
0	97	311	259
7	130	322	226
-9	129	254	227
-3	174	248	187
-3	180	252	177
-4	194	264	164
-1	198	263	154
2	210	260	147
4	228	217	129
4	228	217	129
4	228	217	129
-45	188	215	141
-39	131	205	139
-29	101	195	176
-6	90	165	178
-1	76	131	199
11	75	137	179
24	66	145	177
35	54	150	204
40	47	141	191
48	35	116	171
54	32	102	168
58	24	93	163
63	19	91	162
65	14	95	165
71	9	94	162
70	8	103	166
71	24	120	184
58	38	138	189
52	60	140	179
26	15	104	181
21	68	128	164
15	86	131	196
0	96	148	225
9	77	198	226
9	67	208	266
10	62	216	311
7	41	199	326
0	36	199	328
2	-1	175	368
-1	9	180	358
1	15	166	357
0	17	171	361
3	31	162	341
62	-11	167	319
-1	54	162	316
42	-3	214	273
1	0	256	239
-5	8	272	254
4	-1	242	227
9	3	231	207
51	6	187	193
58	7	185	187
66	19	187	155
53	7	212	158
51	8	224	152
64	8	230	141
64	4	241	143
67	3	243	132
83	12	238	126
84	10	249	124
126	9	217	132
137	10	209	133
139	10	216	141
143	15	215	145
149	21	215	145
143	19	227	151
150	15	226	165
150	18	234	164
151	23	244	161
205	35	208	161
230	31	184	171
263	28	156	187
268	40	157	177
272	45	161	172
267	55	171	164
267	70	174	151
272	76	183	153
282	89	180	145
292	89	164	147
291	96	169	141
289	104	168	132
288	111	168	111
306	109	150	119
309	112	149	108
305	110	168	118
305	107	170	145
306	117	172	122
313	135	155	96
325	135	133	90
344	153	130	82
347	143	111	89
346	163	131	106
334	162	143	108
332	150	150	117
340	144	141	125
358	139	119	128
367	142	103	127
367	142	105	125
358	145	123	120
340	134	147	129
317	127	175	129
300	128	206	125
282	122	185	151
296	120	167	148
315	113	155	159
325	94	150	176
328	100	139	155
319	108	156	128
310	113	165	116
306	117	171	112
306	111	161	120
309	106	164	119
311	100	147	117
321	100	132	113
328	99	130	121
325	97	148	129
337	116	141	132
324	97	152	162
296	97	178	142
340	117	139	166
350	111	123	163
334	102	147	177
333	104	157	187
322	93	184	217
325	89	189	234
323	84	189	240
325	79	196	249
331	93	194	258
329	94	197	264
328	88	214	270
315	84	227	271
319	80	245	273
294	62	269	288
299	54	270	297
277	47	291	303
264	66	317	289
249	59	328	291
231	54	364	302
205	59	389	292
232	40	380	311
252	31	315	320
247	27	328	320
244	28	320	319
224	36	337	319
233	26	327	323
230	25	330	325
217	35	339	321
206	24	374	332
211	18	376	336
206	32	380	327
210	24	418	327
200	19	432	336
192	16	440	338
193	12	429	342
170	19	452	321
147	32	472	324
153	30	429	335
151	10	399	345
