500	4	465	177
485	2	481	199
469	0	504	201
460	2	515	202
464	4	509	208
465	1	515	215
458	7	525	216
458	10	530	218
458	8	517	225
463	21	511	222
456	28	512	234
461	27	494	242
460	42	493	238
474	56	477	237
468	59	472	235
464	57	463	247
457	78	472	232
455	80	471	243
455	90	470	239
448	91	465	231
441	94	480	245
437	98	483	242
442	102	474	257
433	116	478	253
442	120	472	262
448	123	469	269
432	123	475	259
440	144	476	270
449	138	459	281
439	144	470	269
429	167	483	250
430	150	470	289
423	172	472	259
408	161	503	297
423	171	482	298
414	178	492	294
416	181	495	315
408	184	515	302
391	211	536	263
393	206	555	278
386	226	537	227
402	236	511	195
384	255	545	200
377	228	567	260
385	227	531	305
383	238	525	283
373	238	542	274
383	236	538	284
395	252	515	242
413	235	493	318
394	242	512	312
403	247	504	293
394	254	521	286
385	270	527	234
386	273	522	232
364	268	541	227
371	267	530	272
367	270	549	262
363	278	540	240
364	288	549	226
354	281	553	234
335	278	573	243
335	281	579	268
329	286	591	258
334	299	583	229
330	292	590	259
332	299	592	248
332	299	590	238
325	288	589	261
332	299	593	240
324	299	592	222
313	315	610	208
315	306	605	237
316	299	589	253
323	309	589	219
302	325	627	190
320	333	603	179
337	325	581	198
330	328	594	181
340	326	574	194
342	322	578	200
343	339	586	188
350	328	583	199
353	332	569	185
357	337	567	179
350	342	573	185
345	330	587	204
337	334	608	194
350	327	597	220
358	334	596	210
359	343	590	198
368	339	585	197
381	332	562	215
379	330	569	213
386	334	569	207
382	329	578	216
393	343	569	185
392	346	577	177
404	340	568	179
402	352	563	170
415	345	550	187
411	342	559	192
415	338	563	198
427	342	543	185
419	346	553	177
410	346	567	177
439	345	531	173
431	346	530	176
441	347	519	173
444	340	513	196
431	339	537	196
426	346	528	191
423	346	536	192
415	343	547	202
445	334	508	231
438	340	516	225
440	336	526	229
442	335	518	236
436	335	514	229
429	337	511	216
422	340	523	225
415	340	519	206
411	343	539	201
404	338	555	203
392	349	581	183
403	350	558	183
425	341	527	195
423	342	527	193
426	340	531	194
420	342	540	198
422	340	539	190
431	337	530	205
439	337	524	211
460	339	503	212
480	340	470	204
480	339	489	205
481	345	482	203
478	345	478	199
464	338	495	202
431	338	539	184
461	345	512	191
444	349	536	182
443	343	541	204
460	342	515	207
454	344	538	204
465	347	538	192
484	342	502	202
471	338	524	216
498	347	496	205
492	343	505	207
502	340	487	213
536	346	468	208
529	342	477	207
526	341	483	212
520	341	489	212
520	338	486	216
536	341	469	206
534	346	487	200
541	345	487	195
562	342	476	209
554	340	488	193
562	340	484	216
552	346	492	192
551	349	497	193
564	341	471	206
557	337	480	199
531	333	515	205
554	341	487	198
537	345	500	187
519	337	530	186
533	353	526	173
524	348	536	168
526	348	533	186
518	347	548	176
513	350	549	178
506	343	549	174
516	348	536	173
511	347	540	178
507	346	549	193
486	344	578	183
497	338	557	195
501	345	555	191
496	351	556	171
492	350	558	177
493	339	553	200
480	344	574	187
489	340	559	185
475	342	574	181
497	341	553	185
475	338	573	194
493	325	562	221
476	321	577	204
487	337	554	182
500	334	542	197
496	337	560	193
490	341	566	192
477	335	562	194
460	331	581	206
467	325	583	202
492	324	543	200
491	310	547	222
495	316	540	207
498	317	557	192
496	311	560	193
482	317	561	181
459	314	592	174
486	308	562	184
484	309	578	175
478	317	582	177
459	314	610	180
466	309	615	179
466	311	633	177
471	315	633	167
470	311	647	169
508	318	614	171
484	308	642	173
491	307	652	174
506	312	629	168
535	317	611	165
553	317	602	163
565	313	578	176
555	320	600	169
541	304	624	178
562	315	609	169
567	322	612	159
587	327	593	154
585	325	599	163
594	327	602	157
609	331	597	153
590	335	617	154
600	329	606	159
604	319	605	173
610	316	602	181
600	320	622	178
580	314	651	182
584	308	648	182
598	325	631	162
613	332	630	164
618	311	627	187
606	301	645	186
602	316	655	180
627	325	631	164
613	328	646	170
614	310	647	190
593	300	685	199
530	274	733	219
519	238	755	257
495	246	773	246
485	242	775	235
522	239	746	239
493	222	779	258
664	184	635	309
680	194	588	305
691	201	571	291
680	203	578	279
671	212	596	268
698	198	574	276
709	174	574	310
707	193	560	285
723	175	555	305
706	167	560	314
717	174	558	310
723	180	562	301
722	174	561	313
705	170	587	318
709	171	569	319
714	177	569	309
711	171	576	316
700	157	587	342
695	141	581	361
700	148	582	348
710	153	567	348
694	144	591	352
694	151	578	346
686	169	591	323
687	151	608	346
661	148	618	353
656	148	621	345
642	143	646	367
634	146	640	372
641	149	644	373
631	142	653	374
651	142	620	389
654	138	623	395
614	126	661	391
599	136	683	370
588	126	687	389
585	135	700	390
591	154	693	363
559	148	724	349
578	143	708	374
562	154	710	368
564	154	724	357
555	145	717	383
576	150	690	387
580	152	699	371
571	154	708	390
559	154	709	365
557	154	731	373
572	157	715	374
558	157	723	369
541	165	740	346
532	153	741	390
531	160	755	357
526	176	748	312
527	170	746	317
526	173	741	320
538	175	734	324
514	166	754	338
510	164	755	320
453	158	820	337
484	165	776	331
447	150	766	342
435	164	827	338
398	162	876	345
437	171	851	351
370	103	906	410
364	134	903	381
351	147	935	380
267	131	1013	387
341	240	924	319
324	176	936	344
299	198	966	321
294	213	966	310
302	212	963	314
295	220	985	304
285	248	972	264
307	244	984	276
317	247	953	259
208	297	1038	317
289	237	1020	328
301	253	1005	285
238	213	1016	328
310	255	1000	234
238	328	923	321
278	279	824	380
266	255	726	432
272	212	712	476
444	207	582	490
501	228	508	486
520	229	451	496
558	212	443	499
536	206	456	512
539	234	480	476
524	277	499	431
525	340	498	364
555	368	463	329
549	409	475	267
613	420	416	258
620	346	410	328
573	367	455	310
562	313	469	360
586	360	441	290
587	321	431	322
591	354	419	271
676	266	378	328
629	281	377	377
627	311	370	358
623	273	366	410
623	219	391	448
627	267	386	420
618	298	392	386
626	288	386	390
655	291	355	361
670	299	340	366
685	272	311	416
747	278	251	379
765	297	220	363
754	289	228	353
749	297	243	321
745	288	234	334
745	278	242	347
732	272	242	361
741	254	227	383
740	258	231	399
752	249	220	411
738	261	228	390
753	269	209	409
765	244	202	406
768	241	210	410
770	244	203	405
765	240	210	419
760	236	222	402
762	241	209	405
756	240	221	383
753	235	226	358
749	230	257	316
740	260	208	317
752	250	201	260
750	241	245	279
743	250	275	303
749	241	255	286
682	242	326	277
731	237	251	270
735	234	268	283
722	250	241	256
732	240	224	263
737	249	185	226
734	243	172	215
734	243	172	215
744	237	153	200
748	260	124	190
751	244	102	201
841	310	101	225
752	234	102	190
748	228	95	180
739	227	99	187
735	230	100	200
770	280	102	213
743	215	82	215
746	238	95	228
696	224	132	231
719	237	124	235
697	230	128	216
693	236	135	206
685	233	136	193
696	231	127	202
696	231	127	202
698	238	128	225
700	227	119	215
700	227	119	215
716	224	96	204
705	233	121	238
707	225	114	243
704	223	123	228
711	218	98	236
701	216	104	226
707	209	87	202
713	208	74	214
712	212	83	227
699	220	109	243
690	215	112	227
707	210	95	206
705	206	106	185
708	209	98	177
705	212	86	159
704	225	90	168
706	212	82	144
704	220	82	160
703	227	84	171
701	205	92	197
697	201	103	215
694	196	126	211
689	198	110	213
686	198	122	221
688	194	91	227
685	193	86	237
682	194	96	219
685	194	93	230
682	194	93	232
672	197	105	227
663	198	113	209
656	200	120	218
652	200	124	218
646	200	130	203
648	196	123	218
644	199	128	235
647	195	123	228
642	193	129	249
643	193	124	238
640	191	126	229
640	200	125	194
634	200	130	179
630	198	130	157
624	197	137	158
619	202	144	149
619	197	142	154
613	197	148	157
610	195	152	157
608	198	156	152
607	195	173	163
602	193	168	167
598	192	175	161
601	191	192	162
596	187	219	170
592	189	236	169
589	194	230	157
589	190	207	165
587	191	205	172
586	190	196	172
585	188	198	174
583	188	201	169
586	195	212	166
584	187	223	183
578	187	239	181
573	185	256	176
572	175	253	181
574	185	215	163
571	182	220	180
565	176	233	183
565	180	226	168
567	182	212	162
563	179	209	159
562	185	202	155
559	184	200	148
553	188	190	132
550	185	199	143
548	188	201	132
539	195	213	124
532	197	214	113
527	199	214	109
510	197	235	112
501	200	246	103
490	195	252	113
484	191	269	115
480	190	273	116
488	197	259	101
487	199	270	101
482	199	280	98
484	197	269	104
472	191	286	106
472	203	281	93
462	194	296	99
465	188	303	107
464	200	309	99
462	195	309	96
462	205	315	88
457	203	294	88
453	201	304	93
450	210	303	82
439	206	302	89
442	211	295	81
433	220	321	80
428	209	312	93
432	215	301	87
416	200	328	109
426	212	311	97
419	210	307	102
413	207	307	99
409	206	318	104
400	202	353	106
387	209	358	109
382	205	343	104
377	200	354	114
371	203	356	111
368	206	356	108
357	186	361	122
355	196	333	122
357	211	306	112
361	219	292	106
351	215	295	112
360	202	286	128
357	203	292	124
341	209	307	122
337	216	284	116
342	220	267	116
347	220	260	120
350	217	261	126
348	225	262	125
345	214	251	139
344	205	249	156
344	214	251	150
345	211	239	161
341	216	263	167
330	206	250	186
329	217	253	173
336	217	229	177
322	205	263	188
334	216	267	183
333	212	247	182
341	212	240	193
322	205	261	210
315	201	251	222
329	201	213	223
339	206	182	215
355	196	143	227
353	197	148	229
346	193	166	242
355	196	137	235
346	185	146	254
351	181	135	258
339	190	159	247
337	194	165	245
338	197	172	244
300	201	192	250
289	201	207	254
323	197	184	267
326	215	162	250
331	224	133	243
334	237	105	241
348	250	89	242
355	262	83	241
352	239	90	269
349	234	98	271
343	254	93	261
338	249	108	255
350	260	95	246
347	286	93	228
348	287	89	235
357	280	82	252
353	298	86	235
351	317	87	222
346	319	94	217
342	328	98	219
332	322	111	239
325	289	126	266
316	265	138	290
310	270	143	286
316	293	129	266
312	325	129	247
308	332	140	253
307	338	137	240
312	330	134	240
308	316	135	260
294	303	155	279
296	296	148	283
296	310	144	281
282	308	162	287
274	304	179	286
272	315	183	272
267	299	188	290
256	290	201	307
256	296	203	301
247	293	214	314
235	312	233	292
232	318	229	278
227	315	233	283
225	314	242	278
216	325	259	264
221	307	259	274
218	306	261	277
227	314	260	268
216	327	276	251
212	313	286	256
205	310	299	257
201	322	300	235
206	332	305	226
201	345	312	215
203	348	324	199
186	331	336	231
185	329	336	213
190	349	330	192
194	353	328	175
182	340	341	185
186	337	334	185
184	341	333	184
181	320	331	200
188	322	320	192
188	350	313	160
192	362	318	143
174	346	337	147
180	364	337	128
171	366	345	127
167	340	348	148
160	352	357	133
156	357	358	125
147	351	374	132
153	391	343	96
144	391	356	98
153	387	354	106
149	372	372	118
142	365	362	123
142	362	374	115
144	370	364	96
128	361	400	98
124	343	416	114
108	343	427	111
104	338	429	111
93	331	434	121
91	320	435	122
90	316	451	128
88	310	444	125
87	312	445	119
77	305	449	114
73	307	442	110
57	306	427	110
55	300	443	114
49	294	430	119
53	288	415	117
43	287	420	126
36	283	431	123
39	284	447	120
30	288	451	111
22	281	452	119
6	286	448	119
0	303	411	114
-1	308	380	108
1	313	352	120
0	316	326	121
-6	319	336	121
-6	315	302	138
-3	319	283	124
-1	326	307	126
-6	324	289	129
-9	330	305	127
-10	340	312	132
-7	347	300	125
-5	350	281	127
-3	358	267	124
2	372	258	134
-1	379	230	118
2	389	237	117
1	391	233	118
7	413	211	127
4	418	217	128
5	423	235	133
1	426	237	132
-2	428	238	126
6	430	216	140
5	430	262	131
6	425	272	128
-12	415	282	134
-59	413	304	141
-49	403	292	130
-38	399	263	123
-72	407	261	145
-72	391	260	144
-56	398	235	105
-56	398	235	105
-56	398	235	105
-56	398	235	105
-56	398	235	105
-56	398	235	105
-56	398	235	105
-56	398	235	105
-56	398	235	105
-56	398	235	105
-56	398	235	105
-56	398	235	105
-56	398	235	105
303	577	211	126
298	567	176	128
291	560	186	126
296	548	186	153
297	561	149	139
578	328	143	133
573	344	139	118
575	346	137	111
577	343	147	103
578	341	144	101
576	337	161	84
568	332	164	103
570	325	197	96
576	325	210	101
569	332	214	91
592	329	212	93
915	183	223	77
914	199	218	62
928	204	243	54
909	193	266	66
904	198	277	68
900	200	262	67
889	194	268	73
883	196	279	72
882	196	285	73
886	198	278	72
884	200	284	76
882	204	286	68
881	207	290	68
876	200	301	78
876	196	305	86
878	195	286	86
888	205	258	74
894	197	262	76
915	195	255	72
912	201	250	64
917	207	250	59
923	215	240	56
919	218	247	56
899	231	232	54
885	239	242	54
867	242	234	58
842	248	225	61
830	243	217	60
825	227	211	57
815	227	210	57
807	228	208	57
841	206	224	61
863	197	204	66
888	196	175	60
891	191	169	45
894	185	173	33
910	182	155	36
929	171	138	49
955	149	114	39
955	149	114	39
955	149	114	39
955	149	114	39
955	149	114	39
955	149	114	39
955	149	114	39
955	149	114	39
801	141	113	53
823	141	112	59
834	134	125	54
842	124	138	63
846	124	157	67
837	125	180	69
839	123	197	72
840	130	200	68
850	139	197	63
855	140	196	68
865	149	198	62
877	144	200	73
885	139	203	83
896	139	196	89
906	132	197	95
896	136	205	94
892	141	210	97
883	137	236	108
866	135	230	118
837	135	219	119
822	129	202	120
824	121	196	115
830	86	199	129
831	72	212	136
849	74	207	130
888	58	206	138
901	51	212	143
912	63	215	149
934	71	217	141
953	71	216	143
959	90	200	123
964	88	187	121
953	82	186	126
949	63	188	142
928	65	197	135
915	53	183	141
893	60	162	125
885	58	149	121
861	46	154	127
839	47	150	121
819	34	146	124
803	19	138	123
788	5	143	128
764	7	138	125
747	8	124	125
731	11	120	122
720	8	112	123
704	3	120	122
690	1	115	124
683	3	108	112
667	4	109	106
664	6	115	105
650	3	119	105
642	0	121	107
635	3	119	108
631	5	119	104
634	5	115	101
632	2	115	104
642	3	101	106
640	6	104	106
656	6	95	114
676	8	85	117
678	6	83	131
674	9	83	135
674	6	82	140
666	16	85	131
660	21	82	127
655	25	78	121
651	28	79	121
648	34	77	124
642	39	75	125
644	37	75	130
653	39	74	130
662	31	73	138
663	32	77	145
663	38	82	147
671	34	87	156
688	34	77	161
692	43	83	157
687	45	96	163
717	45	91	169
710	40	116	174
741	28	125	188
732	28	146	217
732	35	149	203
749	34	141	204
752	38	140	207
754	39	135	208
760	42	122	206
760	54	119	203
758	69	108	193
750	71	115	193
757	74	112	203
759	68	119	206
767	68	113	198
772	62	115	214
766	58	116	222
768	63	100	200
762	61	101	195
758	85	92	169
756	96	91	173
749	89	85	173
742	85	84	182
735	93	83	172
731	100	79	169
729	99	76	165
728	106	72	164
722	96	70	175
719	91	67	183
712	88	66	190
707	89	68	196
697	111	72	181
695	128	65	171
689	138	68	166
681	154	69	156
667	167	73	154
658	179	73	150
652	175	74	163
642	182	77	162
637	179	77	167
633	176	73	179
632	179	73	177
633	184	71	181
633	195	68	175
626	197	68	174
622	198	66	177
620	208	65	171
616	222	68	157
606	243	75	142
603	248	77	140
603	245	76	143
603	244	74	151
605	254	69	135
607	256	65	135
606	259	69	135
607	265	75	134
614	262	75	138
612	259	79	144
609	259	84	144
611	253	81	154
610	247	80	162
612	246	79	156
616	244	77	159
619	251	79	151
620	255	82	143
624	262	79	136
619	268	81	130
621	263	82	134
628	259	83	135
633	257	87	130
637	255	93	134
640	258	100	133
667	235	85	157
672	241	86	152
684	244	89	150
698	243	85	151
702	239	87	149
705	235	87	151
711	228	90	157
713	230	88	154
712	229	90	154
712	232	92	152
713	236	94	147
709	247	95	137
714	238	94	144
715	235	95	145
715	226	93	152
715	228	89	150
707	224	98	154
707	202	90	174
700	188	98	191
700	177	97	200
699	174	100	195
695	173	104	188
688	167	113	194
684	160	112	195
685	148	114	205
684	136	115	223
686	136	107	214
680	137	107	212
677	120	107	223
668	125	118	214
650	118	136	223
652	110	129	220
650	113	126	212
647	118	128	220
642	123	127	226
642	122	126	239
637	126	135	237
636	132	132	238
637	134	131	247
621	144	157	233
620	144	154	238
619	154	160	234
632	175	146	219
631	167	156	230
626	179	165	223
622	176	173	223
631	183	171	213
640	178	166	221
644	190	169	214
661	174	143	233
663	171	136	230
655	179	141	220
648	181	147	212
641	174	155	227
634	177	160	229
631	174	166	227
636	176	159	226
633	177	167	233
642	183	152	230
643	189	156	223
651	189	148	227
649	188	151	222
643	191	164	230
638	204	164	227
632	191	172	239
627	198	180	236
633	185	180	245
632	189	182	244
634	194	179	239
647	191	172	242
648	189	177	244
645	190	181	247
657	207	173	238
655	200	184	242
666	200	176	251
665	206	180	252
663	220	183	235
666	216	186	235
667	218	188	229
662	192	215	254
658	190	231	267
660	191	238	258
660	199	241	243
658	198	248	238
657	194	251	237
652	191	261	245
655	187	256	244
648	191	264	238
669	191	238	234
660	168	251	256
666	174	243	239
663	165	248	247
661	161	245	249
662	145	240	257
659	131	235	291
656	133	235	290
651	134	226	298
651	126	231	292
651	127	241	302
648	122	213	299
652	138	169	283
650	149	166	275
650	160	164	259
652	166	162	254
653	171	160	256
654	169	155	261
648	187	155	241
642	188	167	244
648	187	166	244
651	201	166	231
644	204	171	233
648	199	172	244
646	193	174	263
654	201	171	258
654	208	166	248
659	205	158	250
651	210	177	238
648	206	182	250
653	221	172	244
652	241	172	227
653	257	177	207
651	250	178	231
651	232	186	256
655	213	190	272
655	208	198	271
653	205	194	269
647	210	203	271
649	203	205	285
644	196	208	316
647	203	203	312
642	236	207	281
647	246	186	276
647	234	197	292
640	232	207	286
641	222	217	295
643	225	212	278
647	243	203	247
638	240	205	250
638	226	214	263
627	235	229	274
615	245	245	264
614	247	254	261
612	258	258	247
595	244	270	270
580	247	289	271
604	272	262	247
620	231	251	284
614	245	259	268
594	236	289	286
592	251	290	279
607	273	274	250
609	255	279	294
607	250	275	296
599	253	299	295
592	254	323	324
594	245	325	344
603	270	308	290
585	272	325	286
580	273	336	294
589	269	326	334
594	278	313	337
584	290	326	264
580	279	335	272
570	270	347	284
562	269	356	298
563	289	360	270
560	297	362	269
557	309	363	272
553	328	367	258
552	319	368	259
550	328	367	250
535	339	375	236
526	333	382	243
528	325	385	248
524	333	399	238
519	336	399	241
518	319	405	261
511	337	414	236
499	334	411	248
482	323	433	259
498	331	428	252
504	339	415	244
496	341	428	240
486	340	438	246
476	341	471	238
467	347	472	231
465	341	482	230
456	350	489	230
427	350	509	228
428	340	509	258
423	341	519	261
393	351	534	248
402	372	493	228
417	358	504	242
430	395	427	203
432	393	443	201
409	347	481	241
418	355	508	226
410	361	530	220
403	358	522	212
413	399	463	175
407	385	482	188
407	407	442	171
423	405	432	174
412	405	417	171
414	401	434	174
401	388	422	188
396	386	418	180
399	381	431	181
385	378	439	176
379	374	415	170
374	364	414	176
363	361	391	175
358	356	409	168
359	345	422	176
367	344	421	173
363	339	416	169
345	332	423	179
343	338	436	174
334	337	443	170
320	330	431	171
316	332	435	162
306	324	436	172
321	318	415	169
329	308	410	174
317	296	435	169
320	299	440	165
315	295	429	169
307	286	421	173
300	281	421	173
304	283	407	167
300	272	407	180
286	267	396	181
289	259	404	178
279	246	388	188
276	245	414	178
275	239	414	174
274	239	424	167
266	235	421	171
261	234	412	173
267	228	374	176
270	226	362	180
268	230	374	169
266	220	372	177
263	220	369	185
255	221	365	183
244	216	362	193
251	215	365	194
245	208	365	196
236	205	372	198
231	202	385	193
228	199	401	188
226	198	446	171
222	189	494	183
227	186	540	200
209	182	558	183
204	173	493	203
219	151	492	233
199	185	437	205
201	178	415	207
212	171	390	226
206	167	408	221
200	181	428	197
196	165	423	233
185	167	430	224
176	158	476	240
169	152	476	259
164	161	444	231
171	167	426	234
167	156	430	233
165	147	439	250
158	141	456	259
164	148	468	251
153	142	499	243
131	130	537	262
131	138	527	260
127	136	554	252
131	133	521	251
132	146	526	249
123	149	516	253
116	143	527	273
120	147	516	282
123	142	527	300
126	144	496	293
97	146	542	288
102	141	545	282
85	146	559	289
87	136	534	294
88	145	532	288
84	145	532	286
87	145	546	284
88	154	547	261
53	156	583	260
98	155	533	261
74	163	554	251
71	167	556	256
71	169	546	254
72	160	546	278
52	153	568	293
47	151	575	302
54	154	552	281
61	173	561	259
66	178	555	258
45	184	574	277
39	181	581	263
30	185	579	253
36	187	575	260
44	191	561	250
46	180	560	280
38	199	563	245
40	190	556	266
35	187	560	272
36	201	556	254
35	199	549	255
25	200	571	260
20	202	572	255
30	203	572	250
27	206	562	250
24	210	559	264
21	204	549	270
9	227	580	226
-2	225	569	233
8	228	565	227
11	226	571	228
4	235	578	226
1	228	578	252
15	224	579	255
16	230	570	269
20	229	580	273
8	229	579	276
7	241	574	248
10	243	574	229
-4	246	592	223
-10	236	619	234
-17	234	615	244
0	242	599	242
-15	240	589	255
-3	243	593	258
-3	248	600	254
0	244	593	250
1	244	584	261
0	254	564	261
1	250	565	252
-6	252	589	238
-2	254	587	225
-4	258	601	194
-9	252	602	194
0	255	580	188
-1	262	568	222
-5	265	532	238
0	270	570	243
5	267	573	213
-9	261	578	236
0	260	558	238
-12	263	547	250
-13	272	521	230
-9	274	483	236
-8	279	471	200
3	287	449	180
-5	289	471	179
-7	288	555	192
-5	291	567	206
-13	286	569	219
-19	290	569	211
-12	300	558	223
-5	300	577	217
-12	290	574	273
-5	301	554	270
-4	303	567	248
5	306	562	231
-11	312	589	237
-6	308	579	239
-10	322	591	228
-12	344	583	203
-17	355	601	196
-10	355	597	196
-8	367	573	210
-6	372	560	198
-4	380	538	235
5	374	504	216
9	387	472	173
-4	392	484	177
35	399	492	173
9	402	522	163
59	419	547	152
42	432	586	141
20	419	635	175
3	415	663	181
31	369	625	229
13	359	677	261
8	400	672	232
14	423	683	204
24	390	681	236
5	380	711	265
15	378	689	284
23	377	659	292
16	386	696	268
23	477	702	212
22	422	671	241
19	412	607	255
18	416	625	256
22	409	716	278
9	399	755	290
0	401	786	294
11	406	762	276
0	407	800	270
8	403	784	283
7	403	809	290
7	384	807	309
26	397	782	293
58	409	775	246
42	417	818	229
54	405	809	229
15	497	720	194
39	444	764	244
61	407	836	285
18	423	854	251
38	363	932	325
32	375	846	306
101	345	824	335
0	416	780	340
35	388	864	285
-4	409	917	252
74	338	844	319
12	437	789	295
40	382	892	296
64	389	892	284
122	416	828	271
67	384	917	297
88	373	881	314
125	291	857	379
23	396	886	351
73	356	889	306
92	348	864	317
93	383	884	289
144	360	851	308
101	379	891	309
158	328	855	361
98	374	922	319
112	349	899	345
161	289	835	396
153	315	851	362
144	314	855	382
136	299	816	403
120	268	867	439
94	271	923	434
108	311	945	392
142	331	914	364
113	345	948	351
114	329	932	368
103	343	940	355
114	336	946	358
108	340	933	355
91	357	967	348
76	155	1015	362
112	323	984	372
145	323	961	344
239	293	845	320
68	199	767	201
140	217	711	167
247	206	642	176
288	233	591	136
301	254	576	122
301	254	576	122
157	253	576	127
157	253	576	127
176	293	580	159
305	244	555	142
279	250	548	145
284	259	548	146
318	252	518	142
322	239	490	149
342	241	477	145
369	246	439	142
265	236	421	163
280	250	439	150
371	244	423	147
265	238	436	168
355	243	424	158
377	237	395	165
428	252	339	146
439	260	310	139
446	247	275	162
449	251	258	159
437	250	266	163
452	248	247	173
443	236	267	177
455	238	256	185
446	237	267	190
447	232	268	189
448	223	264	194
408	224	311	185
372	228	345	193
379	225	336	192
394	237	325	183
416	213	300	214
430	217	296	209
392	211	322	210
416	208	322	213
363	214	357	205
360	229	385	197
357	217	400	209
371	205	392	224
400	212	366	219
403	195	352	234
445	186	314	249
423	188	337	241
434	203	335	228
431	193	323	241
429	184	333	255
423	174	340	259
424	193	322	247
435	205	326	237
428	202	343	246
450	206	311	243
427	191	347	255
437	187	335	256
434	172	341	275
447	195	332	253
446	199	335	256
443	192	334	266
431	198	347	260
452	209	334	247
461	210	318	246
486	225	291	226
489	197	288	257
505	223	278	256
504	232	267	230
502	241	282	216
498	252	284	211
516	283	269	173
527	294	264	177
520	239	265	212
557	265	239	197
575	290	218	170
400	165	200	136
402	206	201	100
401	185	206	110
401	168	221	121
404	164	233	122
376	209	248	103
369	191	259	106
359	169	277	121
372	200	259	106
385	181	247	117
395	172	242	131
386	165	242	142
390	164	236	141
383	168	239	138
374	162	249	152
368	168	259	146
362	172	267	142
365	172	266	145
375	158	255	163
374	157	259	171
369	165	268	162
369	164	261	173
367	168	271	171
367	171	274	167
366	173	277	160
372	166	257	177
360	168	270	168
364	175	258	168
360	167	278	178
360	170	279	182
355	174	288	172
361	173	277	174
359	174	275	174
357	175	276	176
354	172	278	169
355	177	266	169
352	177	262	177
353	178	260	184
350	187	253	159
355	178	259	154
345	185	277	165
350	189	263	157
346	180	257	149
348	182	240	127
362	193	237	167
350	181	252	135
346	195	270	177
349	177	256	163
347	184	254	134
349	224	255	136
339	199	287	160
344	191	302	164
344	187	345	144
344	212	315	186
348	192	293	200
341	210	279	213
339	210	276	203
340	209	279	219
335	193	296	224
337	209	286	235
349	200	272	223
345	208	276	222
340	205	284	209
333	219	286	214
312	202	315	219
336	213	287	221
327	204	310	226
313	207	326	226
313	203	315	220
296	211	326	227
413	199	295	217
326	209	309	227
302	214	323	204
293	216	332	223
342	204	362	200
306	212	394	220
296	203	420	214
290	204	415	186
295	210	411	153
311	207	398	168
310	207	429	180
314	209	464	175
331	212	523	179
303	207	576	190
296	203	588	194
291	197	599	200
300	207	606	188
284	209	608	177
258	206	649	206
286	200	619	221
303	200	582	221
319	201	557	224
310	209	568	206
311	207	567	205
330	203	558	212
336	209	534	204
321	209	527	204
333	207	535	218
324	206	550	227
317	214	555	217
313	210	563	227
321	210	559	223
343	210	532	230
337	203	537	233
339	205	537	241
329	206	562	243
324	207	578	237
336	219	568	223
313	223	585	224
327	199	582	255
328	216	584	229
321	193	570	282
351	201	556	267
340	190	576	280
325	203	592	266
349	223	559	238
338	202	555	260
338	217	555	255
336	206	569	265
336	196	566	292
346	224	563	253
346	234	546	245
342	215	561	266
341	215	543	287
360	234	543	269
364	261	522	236
355	214	551	296
352	220	564	325
350	261	558	265
353	276	549	254
364	276	527	259
347	236	553	289
339	184	550	353
338	176	564	384
333	190	573	344
348	176	543	346
353	188	535	334
346	171	540	349
352	189	531	322
351	224	532	273
342	272	539	228
350	289	525	210
333	263	566	255
341	281	556	232
340	248	551	251
344	238	552	249
351	241	550	231
347	245	546	195
349	241	536	178
342	232	554	204
341	226	569	240
346	209	562	272
341	203	540	249
351	206	550	207
357	196	461	197
359	191	465	210
361	196	478	209
365	194	447	190
375	194	448	200
378	180	452	209
376	183	451	207
383	175	450	210
388	188	456	174
394	189	443	180
387	178	447	188
386	180	456	191
387	179	451	195
380	164	458	236
400	168	426	204
385	141	457	251
397	145	448	224
398	143	460	233
410	138	436	242
406	145	451	238
398	139	449	228
401	138	449	219
397	130	456	232
413	139	433	212
406	132	451	212
404	119	462	210
416	120	455	204
412	109	465	249
417	105	454	241
433	108	453	242
449	106	434	235
458	106	437	224
439	97	466	228
442	97	472	248
437	97	485	263
451	95	465	242
457	91	468	263
448	98	487	264
457	94	484	261
454	86	484	286
461	90	478	277
462	81	487	328
449	72	516	312
457	67	511	344
478	70	500	410
566	124	430	386
534	56	449	439
495	86	506	414
513	130	492	388
518	45	476	470
472	38	541	486
504	87	512	429
495	99	527	419
481	98	535	415
480	162	562	356
468	62	581	446
486	74	559	450
453	43	584	475
532	151	529	366
484	36	583	467
481	74	564	456
513	101	556	437
472	47	579	493
457	65	610	482
410	61	635	467
340	168	700	394
381	33	730	507
369	33	653	504
446	80	598	470
399	58	628	483
376	107	673	451
377	211	671	329
389	102	689	423
379	74	678	479
365	106	691	445
373	70	663	462
417	91	655	444
387	59	680	477
381	60	693	489
368	95	716	452
384	74	694	446
388	172	695	373
385	215	680	323
373	121	709	412
391	108	663	428
397	60	621	473
394	51	615	491
380	55	668	466
391	47	672	499
384	46	653	486
389	47	639	505
372	48	601	473
432	22	589	520
388	48	583	472
363	43	597	472
422	39	539	493
388	50	562	436
371	47	597	470
392	47	563	490
399	31	586	498
391	31	578	484
386	43	597	478
398	44	573	481
383	39	601	461
373	25	613	448
388	54	610	362
362	36	646	346
399	16	608	364
377	97	604	426
363	134	601	410
358	164	606	379
358	31	639	455
350	10	655	425
358	20	668	336
361	165	628	339
371	29	675	336
377	29	690	338
363	33	706	330
347	28	710	341
356	158	611	380
356	50	705	315
326	171	615	356
348	180	571	345
355	195	529	322
357	61	497	425
337	82	553	438
340	77	517	438
337	78	511	460
336	177	537	384
341	180	525	376
336	191	482	327
337	193	469	331
330	210	419	270
329	203	362	272
338	202	387	284
331	223	358	201
467	85	363	232
329	236	399	165
333	226	389	188
327	229	395	193
326	229	391	200
316	227	411	201
317	235	418	195
312	239	430	191
313	236	429	205
316	239	437	204
313	240	446	225
305	245	461	197
306	246	459	202
308	249	461	203
294	248	483	216
298	261	486	195
296	265	473	208
300	271	460	188
300	278	491	199
300	284	465	189
306	290	486	206
297	299	476	193
299	302	487	187
286	306	482	189
285	313	497	195
277	324	516	183
277	327	503	178
273	326	513	201
283	326	503	201
285	331	517	213
277	339	499	183
279	338	516	194
285	338	492	216
274	346	525	209
266	346	497	195
258	342	518	189
265	346	513	200
273	341	510	225
269	334	492	275
275	337	498	263
268	344	487	254
264	349	476	274
270	350	461	271
271	359	383	293
261	366	361	303
275	362	401	302
264	362	359	325
301	376	377	296
256	374	355	304
255	379	361	279
261	366	363	316
274	365	353	297
265	362	327	346
283	357	322	347
257	383	328	323
261	376	343	322
245	386	325	341
580	166	282	289
494	155	342	319
555	153	331	281
250	376	308	344
570	147	304	306
243	383	274	330
249	389	293	333
242	385	263	328
243	376	219	324
248	385	178	272
257	387	200	249
259	403	197	248
260	389	204	268
261	389	210	292
251	385	252	329
260	385	225	327
250	387	232	321
244	389	247	324
248	393	216	308
243	396	225	299
247	395	227	314
247	395	223	315
255	394	199	304
248	397	196	285
240	400	195	279
237	395	225	305
244	399	209	298
237	404	224	288
235	401	225	297
234	401	232	298
245	402	211	304
250	405	195	293
246	411	215	289
248	400	173	286
234	401	202	309
248	405	171	306
250	397	188	315
238	400	192	304
239	408	211	289
238	402	189	295
239	403	200	286
232	400	191	283
248	401	168	280
240	397	160	288
242	395	159	294
244	389	163	299
240	388	172	296
240	383	168	305
245	376	168	287
238	363	174	284
246	366	158	281
258	341	146	286
249	323	157	278
240	300	171	288
246	271	166	314
250	249	166	320
244	230	183	330
242	211	207	321
246	194	187	315
243	177	210	302
242	162	202	276
237	145	221	274
232	124	214	299
229	105	230	310
193	129	219	333
226	71	194	316
216	58	222	313
214	40	198	310
208	24	226	324
213	14	189	296
198	2	226	307
197	1	218	303
195	2	220	284
191	-2	210	303
183	-9	179	337
181	-8	197	298
173	-9	223	282
167	-11	239	268
167	-9	242	253
168	-8	240	238
164	-4	237	219
163	-5	232	233
157	-9	236	224
149	-4	235	175
143	-1	249	202
139	-2	246	178
131	-5	252	177
122	-5	264	204
120	-5	271	216
111	-5	284	224
103	-4	284	205
95	-4	287	198
93	-1	288	194
84	-3	299	190
90	-4	299	197
75	-7	310	217
72	-1	314	262
57	-55	336	252
51	-13	324	208
51	4	322	229
45	5	333	269
442	364	370	222
-11	-30	363	230
7	-3	387	260
16	-41	381	213
0	-15	378	182
-72	-10	361	223
-64	-42	357	203
-57	-6	330	155
-55	-1	290	147
-34	0	264	167
-10	-9	229	156
-5	-11	217	155
-5	-4	216	128
-7	-2	223	91
-2	-2	217	84
-6	-3	216	87
-6	-3	213	82
-5	-3	208	82
-2	0	197	78
3	-3	184	87
11	0	179	82
-2	0	186	89
16	1	205	97
0	0	247	92
-7	0	275	94
-11	0	292	97
-8	-1	281	96
-11	-4	283	99
-7	-7	264	112
-5	-7	248	108
-3	-5	238	113
43	-2	207	114
42	1	227	110
38	0	233	112
7	-2	254	113
-9	-5	263	118
-6	-1	254	113
-5	0	250	120
6	5	236	102
8	5	238	110
0	0	250	121
14	-5	230	130
12	-3	228	127
33	-3	220	129
18	-2	221	127
12	1	225	122
4	4	237	118
21	-3	243	131
0	0	243	131
2	4	266	129
0	1	236	139
4	-4	238	155
4	-8	237	157
2	-6	237	152
6	-6	250	143
-8	-10	260	154
-5	-3	304	139
-8	1	260	147
-2	-6	246	157
1	0	247	160
11	-15	257	177
48	-13	279	172
17	-8	307	161
1	-4	258	151
5	-9	263	165
4	-11	262	176
2	-11	269	169
19	-9	323	162
0	-7	356	159
0	-6	360	157
0	-4	361	167
1	-2	365	165
-1	-5	372	172
0	-3	384	180
2	-4	386	179
-2	-3	392	173
-7	-2	397	167
-1	0	392	172
1	3	390	162
-7	0	407	173
0	0	394	168
-3	2	391	163
-2	2	409	170
-6	3	409	157
-2	3	402	155
4	4	404	152
0	8	415	147
-6	11	421	141
0	9	416	142
8	13	406	140
12	11	407	142
7	2	414	157
3	7	424	147
14	3	410	148
23	1	409	154
37	-1	398	157
37	-2	405	158
6	0	444	150
4	-1	450	154
1	-3	466	153
4	-3	460	161
-9	-3	468	161
17	-7	459	164
11	-8	464	168
23	-9	450	163
12	-8	473	159
15	-9	481	162
36	-11	461	164
69	-13	431	170
87	-2	405	150
100	-2	398	156
103	-4	395	159
130	-2	366	160
142	-4	354	173
128	-4	376	174
145	0	370	173
137	-5	373	181
128	1	387	176
119	0	405	179
133	1	389	181
120	-2	407	184
111	-2	421	195
85	-3	458	195
88	-5	457	205
111	0	449	203
141	-4	427	212
128	0	435	205
145	8	417	196
134	6	425	198
200	13	431	212
194	31	377	191
214	60	362	183
224	66	354	178
211	74	370	186
197	81	397	195
160	71	424	199
128	59	455	227
112	60	457	216
108	74	469	211
118	88	454	207
109	75	479	238
60	55	519	249
33	47	550	271
52	67	520	259
78	91	497	234
82	114	483	213
108	108	440	233
124	114	427	217
108	123	449	214
120	126	438	216
114	121	444	230
124	123	437	248
128	129	442	256
133	130	436	257
145	133	438	270
151	128	418	290
128	145	438	234
95	131	484	269
109	131	466	270
118	138	461	293
146	124	440	369
197	147	401	315
231	155	368	320
137	52	445	357
89	48	538	424
40	33	602	489
22	50	637	390
16	101	657	285
63	103	638	291
88	133	602	276
116	123	590	305
127	61	596	364
136	89	571	341
149	90	586	336
170	90	587	341
173	101	591	344
180	111	589	355
196	120	589	353
214	141	580	346
226	139	578	331
250	171	562	301
264	122	552	356
263	114	559	376
272	213	541	296
276	270	548	234
316	286	509	225
368	299	452	225
382	314	438	227
395	312	427	234
395	314	450	244
389	308	475	255
401	305	471	280
418	312	454	286
408	304	463	269
390	310	479	251
353	288	529	273
358	274	545	286
339	301	549	275
334	286	572	294
335	314	589	291
367	258	552	349
404	269	501	347
397	261	504	360
404	299	501	325
401	357	510	242
395	343	524	282
393	341	534	280
386	345	549	291
376	363	552	254
385	351	531	291
372	333	555	324
387	365	530	298
367	319	557	332
365	333	567	331
345	343	593	303
347	361	607	292
340	376	614	281
342	390	617	270
354	395	604	281
362	374	603	311
357	384	602	292
326	395	637	278
338	438	626	246
304	449	641	239
310	405	652	286
315	441	644	253
327	441	634	260
382	500	579	209
349	485	623	222
350	457	621	253
368	419	603	286
329	467	635	235
371	415	594	294
356	438	606	275
334	450	624	255
328	473	622	240
340	464	616	243
310	491	640	220
278	528	674	189
405	550	558	183
460	567	496	179
444	583	471	164
444	583	471	164
513	601	431	147
558	627	392	122
558	627	392	122
451	596	390	115
451	596	390	115
523	590	397	137
525	610	371	124
525	610	371	124
525	610	371	124
513	611	363	132
772	243	313	120
790	252	292	115
775	253	319	122
770	251	313	124
782	238	294	128
786	240	284	124
786	240	284	124
786	240	284	124
588	612	285	120
595	636	258	105
594	638	264	107
633	644	279	113
597	648	296	102
599	633	344	132
626	647	338	127
641	644	370	135
603	639	404	140
622	628	428	153
658	630	417	168
619	634	425	164
577	647	431	141
593	640	456	160
608	647	457	149
652	654	450	142
687	641	436	170
724	632	402	186
671	625	442	182
617	631	474	171
619	641	514	166
658	640	513	175
680	640	506	167
708	665	489	114
721	663	484	109
710	665	504	114
722	673	491	95
739	671	469	87
755	670	459	93
765	665	450	97
773	661	425	107
764	668	451	107
753	669	488	105
753	662	502	116
761	667	499	113
770	659	482	112
795	659	455	114
815	662	437	99
827	663	443	94
828	665	442	86
850	660	428	87
868	658	412	84
866	660	418	78
916	652	370	88
920	652	360	84
899	647	378	83
916	645	370	86
935	654	350	70
929	658	355	66
923	653	359	69
916	643	366	85
916	644	364	77
899	642	383	79
894	636	393	85
886	637	395	83
925	637	361	82
933	637	346	80
948	638	329	84
950	634	326	86
956	627	322	96
960	617	322	100
964	632	320	86
957	624	330	98
1014	612	300	112
1017	609	267	110
1027	618	255	99
1039	625	236	91
1037	629	243	84
1047	624	233	88
1054	621	226	92
1059	619	224	94
1074	628	205	86
1084	625	192	91
1097	641	184	77
1099	639	181	79
1098	652	178	62
1101	654	178	62
1106	654	174	62
1122	645	159	70
1136	639	146	77
1151	647	132	71
1155	658	122	62
1152	669	127	53
1153	679	125	44
1159	689	120	34
1162	688	115	39
1174	693	122	36
1127	567	121	52
1135	570	114	56
1135	570	114	56
1127	682	130	58
1117	688	135	46
1114	692	134	41
1125	689	143	39
1130	694	149	31
1108	608	135	38
1133	685	139	43
1133	685	139	43
1153	688	129	39
1156	691	123	34
1155	699	122	27
1145	701	127	24
1152	696	118	27
1161	694	111	33
1155	686	119	36
1148	680	123	38
1144	683	118	32
1161	660	117	46
1159	657	122	60
1144	660	131	52
1145	659	123	53
1150	640	126	61
1153	636	121	68
1150	635	108	71
1159	610	117	78
1143	597	127	84
1123	587	143	89
1115	582	147	81
1125	575	132	84
1126	558	151	98
1149	541	128	115
1112	541	158	124
1122	550	122	129
1125	543	120	125
1113	533	142	145
1103	536	156	143
1100	542	141	113
1106	537	141	116
1099	525	147	141
1106	529	160	127
1118	517	148	137
1114	526	140	129
1105	527	155	124
1089	522	175	138
1083	510	174	155
1093	514	164	146
1097	505	154	133
1106	485	163	139
1102	469	171	143
1099	463	178	140
1094	458	178	139
1091	430	175	158
1085	431	154	153
1090	436	165	128
1087	401	180	140
1084	397	188	125
1081	397	186	112
1076	357	195	139
1068	340	194	166
1061	316	188	184
1065	298	151	201
1078	306	138	182
1074	304	149	178
1077	315	159	164
1091	293	157	160
1071	288	164	157
1061	281	157	159
1069	287	181	150
1062	292	140	140
1069	295	122	143
1065	293	138	124
1067	287	129	117
1070	275	117	125
1066	284	116	108
1061	293	115	97
1052	290	120	96
1048	295	113	85
1046	298	107	77
1045	294	95	77
1039	286	95	71
1029	272	103	74
1019	257	102	79
1011	242	100	95
1153	84	121	96
1121	87	138	117
1002	152	136	139
996	139	135	151
989	140	141	143
982	137	146	137
974	133	142	135
963	125	145	129
953	117	139	128
945	105	133	141
935	97	130	151
925	86	137	167
917	71	146	182
918	64	143	186
926	60	124	170
931	61	120	151
927	60	114	147
909	69	138	128
899	59	133	136
890	56	149	135
887	44	145	147
894	30	116	166
899	34	119	158
894	31	117	160
894	31	119	163
892	33	118	161
889	26	118	164
876	24	128	172
875	22	130	169
867	27	121	169
869	27	113	149
868	32	108	137
872	35	103	139
870	35	101	136
866	43	103	124
868	42	99	124
869	44	112	115
863	37	115	124
857	24	133	137
858	19	134	148
836	19	109	161
838	47	106	138
837	57	109	126
840	66	103	101
844	77	92	87
846	92	85	76
846	98	81	76
852	97	68	79
854	107	61	78
858	113	58	73
861	125	50	66
861	136	47	60
855	138	49	57
845	128	59	67
837	129	60	63
834	129	54	60
835	126	51	59
838	126	46	53
844	127	35	53
847	130	25	56
852	143	20	46
858	148	19	41
859	153	15	36
859	153	15	36
849	118	19	38
849	124	16	39
840	119	18	37
832	117	21	42
832	117	21	42
823	132	23	46
822	131	24	53
817	135	31	48
815	134	30	50
810	139	29	46
804	138	27	47
804	138	27	47
800	120	24	48
801	121	23	45
801	117	23	49
801	117	26	56
800	118	32	57
798	123	37	55
791	124	44	56
794	132	40	54
787	139	48	48
788	143	56	48
789	149	59	50
793	155	51	61
798	158	53	67
799	161	51	74
800	159	54	80
796	160	65	83
797	161	70	83
798	164	78	80
806	170	77	79
814	161	72	91
817	156	68	96
826	171	54	87
842	192	53	69
846	193	43	63
857	195	38	61
863	198	41	56
874	200	38	50
880	200	45	49
894	198	43	52
903	199	40	49
906	196	38	55
909	196	32	56
913	195	29	48
915	197	25	43
915	204	26	38
912	209	25	39
915	221	23	35
919	223	24	32
919	223	24	32
919	223	24	32
923	203	26	35
937	219	29	33
935	212	37	38
930	206	43	42
919	197	50	49
916	194	50	53
918	194	45	55
925	194	37	49
927	198	32	43
925	191	35	48
925	191	35	48
925	191	35	48
917	181	38	49
920	184	29	42
924	183	29	44
927	183	23	46
927	177	24	45
935	186	32	51
934	184	38	53
933	179	44	50
941	178	48	52
943	183	37	43
943	186	43	39
946	174	41	48
950	176	35	40
951	183	29	38
953	183	22	37
960	185	17	38
965	182	18	40
974	183	22	43
978	181	26	44
987	188	28	39
987	187	35	39
988	183	38	37
989	178	43	43
994	179	34	41
1000	177	30	39
1008	181	25	37
1008	179	24	37
1018	178	20	37
1025	183	21	37
1029	186	20	30
1029	186	20	30
1031	185	19	27
1032	186	20	23
1038	188	20	21
1041	182	17	23
1041	182	17	23
1041	182	17	23
1041	182	17	23
1041	182	17	23
1041	182	17	23
1041	182	17	23
1041	182	17	23
1041	182	17	23
1041	182	17	23
1041	182	17	23
1041	182	17	23
1041	182	17	23
1041	182	17	23
1041	182	17	23
1041	182	17	23
1041	182	17	23
1041	182	17	23
1041	182	17	23
1041	182	17	23
1041	182	17	23
1041	182	17	23
1041	182	17	23
1041	182	17	23
1041	182	17	23
1041	182	17	23
1041	182	17	23
1041	182	17	23
1041	182	17	23
1041	182	17	23
1041	182	17	23
1041	182	17	23
1041	182	17	23
1041	182	17	23
1041	182	17	23
1041	182	17	23
1041	182	17	23
1041	182	17	23
1041	182	17	23
1041	182	17	23
1041	182	17	23
1041	182	17	23
1041	182	17	23
1041	182	17	23
1041	182	17	23
1041	182	17	23
1041	182	17	23
1041	182	17	23
1062	205	21	18
1062	205	21	18
1062	205	21	18
1062	205	21	18
1062	205	21	18
1062	205	21	18
1062	205	21	18
1062	205	21	18
1062	205	21	18
1062	205	21	18
1062	205	21	18
1062	205	21	18
1062	205	21	18
1062	205	21	18
1062	205	21	18
1062	205	21	18
1062	205	21	18
1062	205	21	18
1062	205	21	18
1062	205	21	18
1062	205	21	18
1062	205	21	18
1062	205	21	18
1062	205	21	18
1062	205	21	18
1062	205	21	18
1062	205	21	18
1062	205	21	18
1062	205	21	18
1062	205	21	18
1062	205	21	18
1062	205	21	18
1062	205	21	18
1062	205	21	18
1062	205	21	18
1062	205	21	18
1062	205	21	18
1062	205	21	18
1062	205	21	18
1062	205	21	18
1062	205	21	18
1062	205	21	18
1062	205	21	18
1062	205	21	18
1062	205	21	18
1062	205	21	18
1062	205	21	18
1062	205	21	18
1062	205	21	18
1062	205	21	18
1062	205	21	18
1062	205	21	18
1062	205	21	18
1062	205	21	18
1062	205	21	18
1062	205	21	18
1062	205	21	18
1062	205	21	18
1062	205	21	18
1062	205	21	18
1062	205	21	18
1062	205	21	18
1062	205	21	18
1062	205	21	18
1062	205	21	18
1062	205	21	18
1062	205	21	18
1062	205	21	18
1062	205	21	18
1062	205	21	18
1062	205	21	18
1062	205	21	18
1062	205	21	18
1062	205	21	18
1062	205	21	18
1062	205	21	18
1062	205	21	18
1062	205	21	18
1062	205	21	18
1062	205	21	18
1062	205	21	18
1062	205	21	18
1062	205	21	18
1062	205	21	18
1062	205	21	18
1062	205	21	18
1062	205	21	18
1062	205	21	18
1062	205	21	18
1062	205	21	18
1062	205	21	18
1062	205	21	18
1062	205	21	18
1062	205	21	18
1062	205	21	18
1062	205	21	18
1042	173	25	21
1042	173	25	21
1042	173	25	21
1042	173	25	21
1042	173	25	21
1042	173	25	21
1042	173	25	21
1042	173	25	21
1042	173	25	21
1042	173	25	21
1042	173	25	21
1042	173	25	21
1042	173	25	21
1042	173	25	21
1042	173	25	21
1042	173	25	21
1042	173	25	21
1042	173	25	21
1042	173	25	21
1042	173	25	21
1042	173	25	21
1042	173	25	21
1042	173	25	21
1042	173	25	21
1042	173	25	21
1042	173	25	21
1042	173	25	21
1042	173	25	21
1042	173	25	21
1042	173	25	21
1042	173	25	21
1042	173	25	21
1042	173	25	21
1042	173	25	21
1042	173	25	21
1042	173	25	21
1042	173	25	21
1042	173	25	21
1042	173	25	21
1042	173	25	21
1042	173	25	21
1042	173	25	21
1042	173	25	21
1042	173	25	21
1025	149	30	24
1032	168	30	26
1032	168	30	26
1032	168	30	26
1020	218	36	26
1020	218	36	26
1020	218	36	26
1020	245	39	26
958	269	30	33
1022	285	32	37
1022	285	37	34
1028	306	37	34
1035	319	35	33
1035	319	35	33
1035	319	35	33
1072	270	35	45
1081	281	41	46
1082	297	46	40
1076	295	50	44
1076	295	50	44
1075	301	44	44
1022	395	53	38
1013	399	55	35
1074	332	54	38
1062	345	57	50
1055	350	62	56
1055	350	62	56
1055	350	62	56
1055	350	62	56
994	457	59	49
1061	382	56	56
1057	384	64	55
1059	393	63	54
1056	392	65	44
1054	400	62	52
1047	410	61	51
1042	418	62	52
1030	430	69	58
1053	430	75	64
982	447	82	81
848	271	94	69
845	268	100	78
1015	452	97	78
1035	461	94	66
1037	470	79	58
1033	479	69	52
1028	489	68	58
1033	495	57	60
1035	501	45	57
1037	506	40	54
964	558	38	48
1022	515	49	49
1017	517	58	47
1020	516	54	57
1025	517	50	61
1028	522	49	67
1033	532	51	66
1039	538	46	59
1033	539	48	63
1024	553	48	58
1020	554	50	59
1013	553	55	56
1017	554	42	56
1015	551	43	52
1017	559	43	60
1013	562	55	56
1010	559	60	54
1006	563	67	57
1008	565	65	60
1013	560	50	68
1013	548	45	61
1006	550	42	59
1004	545	46	59
1001	537	49	60
996	527	54	64
999	545	49	59
992	548	47	57
993	549	47	58
991	557	41	55
992	546	41	53
992	554	41	48
993	549	52	54
995	542	58	56
996	538	57	57
998	536	51	61
996	533	42	62
991	534	42	65
983	538	49	64
984	527	50	71
981	542	44	73
976	537	50	75
974	536	48	76
970	513	50	82
968	511	53	81
968	518	47	72
969	517	44	58
972	523	37	57
969	530	40	54
966	527	49	57
966	517	54	61
959	531	48	58
956	509	49	74
953	510	56	73
957	490	45	80
959	503	37	67
954	497	42	62
948	502	46	51
944	498	49	52
943	494	51	56
945	490	53	60
947	486	48	65
943	482	48	73
939	482	50	65
934	476	60	57
926	477	63	59
924	480	63	60
922	483	57	60
921	487	55	56
922	492	47	65
923	474	47	59
922	493	42	56
915	496	49	55
905	492	43	68
899	493	52	65
891	495	65	65
888	500	66	66
891	502	67	73
874	482	61	72
884	481	49	75
885	487	46	74
881	489	49	66
879	486	56	75
875	463	61	78
872	459	61	80
865	472	76	88
844	475	97	82
856	482	83	83
841	488	88	81
850	492	83	73
835	492	91	78
846	481	76	98
848	478	81	102
849	467	87	105
822	462	110	103
836	456	93	109
818	464	103	112
809	473	115	117
817	480	128	114
760	472	158	113
744	470	163	105
730	472	185	87
704	470	193	77
768	488	194	97
751	471	208	98
726	469	216	89
698	466	222	106
705	467	230	119
706	467	207	120
705	464	205	115
703	452	219	127
686	439	248	150
672	447	271	128
671	447	250	122
667	450	269	119
671	461	259	117
667	462	263	117
664	464	244	114
661	466	244	108
657	470	251	102
645	463	267	103
638	459	269	99
645	458	263	112
648	455	253	112
649	467	254	107
649	464	239	127
651	465	245	122
650	462	241	110
641	463	252	95
633	479	252	80
638	474	257	87
645	480	247	91
636	471	250	100
638	477	248	97
631	473	257	118
629	469	240	125
623	473	231	127
614	478	237	121
615	481	226	104
608	481	210	94
592	495	215	80
621	487	221	98
602	479	236	112
594	494	229	99
617	495	226	94
627	509	187	76
625	503	172	82
617	504	177	74
613	501	190	74
616	489	205	90
594	497	237	77
570	495	258	79
567	478	261	92
555	497	281	83
548	507	274	75
541	512	276	76
535	485	286	102
527	506	279	81
518	516	286	73
510	517	291	73
509	497	287	89
499	502	306	85
502	515	292	80
498	524	286	72
503	530	273	68
499	532	261	69
497	531	240	69
495	532	247	65
488	527	256	67
464	531	237	67
462	530	228	74
455	527	232	86
455	526	223	88
473	528	208	88
458	529	227	91
454	534	226	82
444	535	238	81
437	535	245	82
435	531	245	87
434	542	237	79
430	543	230	80
425	541	232	85
424	535	249	97
423	535	251	106
422	533	256	102
430	535	244	92
420	536	249	97
408	534	252	108
396	536	258	113
385	531	270	117
372	532	284	136
367	531	288	139
378	524	263	157
366	510	284	168
365	517	279	164
365	517	272	159
358	536	263	141
362	542	239	133
349	532	239	144
334	544	246	140
319	542	276	147
325	542	247	145
326	548	230	142
338	551	210	136
328	548	201	145
323	561	209	127
328	562	192	124
313	549	205	143
297	544	231	155
299	553	234	151
294	560	227	144
282	565	232	138
285	573	233	132
292	578	225	127
284	582	245	122
277	592	255	106
261	609	264	92
256	605	273	98
246	608	285	96
241	617	286	90
236	630	289	77
227	633	296	74
217	633	306	70
216	632	303	72
213	635	308	70
208	641	300	67
209	645	306	67
205	648	311	63
181	647	310	70
205	651	275	66
208	645	254	65
202	632	261	82
205	625	259	92
206	624	245	93
195	624	264	90
190	621	258	96
178	616	259	100
173	612	266	102
166	607	264	105
170	610	266	103
169	609	262	104
174	612	236	101
172	609	231	107
171	612	233	103
148	618	206	97
154	619	195	99
149	619	220	101
135	618	224	100
125	615	225	103
118	596	263	120
109	598	246	121
77	602	226	135
88	615	203	107
92	621	176	97
85	623	173	93
111	632	158	89
93	636	163	85
76	632	172	89
76	629	167	89
56	619	185	99
48	624	186	96
40	627	204	94
37	627	211	94
42	632	170	87
47	629	164	90
47	610	160	104
34	609	178	109
31	613	174	98
41	616	158	101
40	613	149	104
39	609	137	111
23	610	149	110
12	610	162	107
1	616	171	102
1	622	145	95
-1	621	144	90
-2	628	135	91
0	636	127	79
0	629	125	86
1	625	119	88
3	611	107	101
3	598	107	109
0	599	122	118
-1	603	117	110
-2	615	134	100
1	633	119	83
0	643	125	77
1	649	119	69
-3	654	121	66
-5	655	115	65
0	657	101	62
7	660	93	60
0	660	94	56
0	656	87	61
16	654	102	66
-4	659	93	49
4	656	107	54
0	656	118	56
0	661	121	53
0	669	120	47
-6	669	128	50
-17	669	135	52
-10	673	124	44
-2	673	115	44
-2	674	109	43
-1	672	100	39
17	666	86	46
19	665	80	45
11	662	81	39
8	662	79	41
3	661	80	44
3	660	76	40
11	654	75	46
4	651	80	52
12	657	65	51
6	661	63	49
7	666	55	47
5	672	62	47
5	672	62	47
5	672	62	47
5	672	62	47
5	672	62	47
5	672	62	47
5	672	62	47
5	672	62	47
5	672	62	47
5	672	62	47
5	672	62	47
5	672	62	47
5	672	62	47
5	672	62	47
5	672	62	47
5	672	62	47
5	672	62	47
5	672	62	47
5	672	62	47
5	672	62	47
5	672	62	47
5	672	62	47
5	672	62	47
5	672	62	47
5	672	62	47
8	676	68	43
8	676	68	43
8	676	68	43
8	676	68	43
8	676	68	43
8	676	68	43
8	676	68	43
8	676	68	43
8	676	68	43
8	676	68	43
8	676	68	43
8	676	68	43
8	676	68	43
8	676	68	43
8	676	68	43
8	676	68	43
8	676	68	43
8	676	68	43
8	676	68	43
8	676	68	43
8	676	68	43
8	676	68	43
8	676	68	43
8	676	68	43
8	676	68	43
8	676	68	43
8	676	68	43
8	676	68	43
8	676	68	43
8	676	68	43
8	676	68	43
8	676	68	43
8	676	68	43
8	676	68	43
8	676	68	43
8	676	68	43
8	676	68	43
8	676	68	43
8	676	68	43
8	676	68	43
8	676	68	43
8	676	68	43
84	645	75	54
84	645	75	54
84	645	75	54
84	645	75	54
84	645	75	54
84	645	75	54
84	645	75	54
7	644	82	69
-25	669	74	60
0	662	71	59
6	669	64	55
19	661	67	53
29	644	64	60
40	610	62	68
52	584	64	61
52	584	64	61
52	584	64	61
52	584	64	61
107	563	73	67
107	563	73	67
105	476	66	66
105	476	66	66
142	504	70	68
142	504	70	68
124	420	71	72
140	431	78	58
148	424	72	60
164	473	77	72
141	506	79	67
182	469	67	68
171	429	74	69
198	474	77	68
213	469	79	58
197	394	70	60
212	397	60	69
205	374	67	68
225	394	54	58
227	373	49	61
248	439	58	65
250	446	64	61
248	444	70	67
253	444	79	62
242	377	68	70
264	453	76	61
269	387	66	71
284	452	70	66
284	455	76	59
284	454	80	62
287	451	76	64
291	456	71	58
256	471	79	63
281	440	66	72
278	453	75	89
280	441	71	82
292	442	75	94
297	429	79	84
305	443	67	86
321	448	51	95
289	371	65	107
302	443	68	129
291	424	74	143
283	414	96	143
279	419	96	156
283	407	89	154
280	385	111	159
268	346	137	181
266	327	149	212
276	315	156	235
285	297	151	254
288	282	139	269
289	320	169	243
303	308	170	256
263	303	192	245
296	376	161	182
305	366	148	190
307	362	154	185
308	331	150	210
294	305	166	227
284	291	205	239
299	284	207	254
287	293	210	242
304	320	182	226
291	355	178	188
299	375	190	172
278	398	208	136
296	402	188	147
277	411	210	149
325	383	197	175
322	361	163	213
298	357	199	218
287	328	213	222
274	357	225	194
287	377	233	175
325	387	197	163
278	381	232	176
303	386	209	184
311	391	204	181
318	401	204	182
344	423	175	160
353	418	167	165
356	423	153	161
358	408	156	160
350	387	183	178
319	359	206	204
333	380	183	197
313	369	224	214
305	383	235	197
301	404	250	165
304	405	249	173
331	416	227	160
330	388	219	180
312	363	205	201
312	418	234	174
299	392	202	183
310	409	233	165
279	411	217	152
291	422	242	144
245	403	255	169
248	394	276	182
237	426	262	147
262	443	261	139
234	444	295	136
240	444	314	164
219	438	316	157
206	380	332	170
215	373	319	189
254	410	288	159
261	439	279	125
305	436	226	137
294	429	228	148
283	420	242	157
258	405	272	187
297	396	246	199
275	380	271	206
300	381	250	196
287	389	263	192
320	408	225	163
362	397	189	175
357	381	194	189
364	352	176	207
357	331	198	199
372	335	175	194
384	339	168	190
352	325	212	216
341	337	213	208
342	336	211	225
384	352	190	215
402	360	169	224
427	345	149	232
438	332	137	225
440	319	141	248
426	330	152	251
425	308	152	232
403	310	190	226
419	302	176	220
415	300	179	220
411	299	184	232
432	298	165	241
465	307	143	194
483	304	121	181
494	313	121	191
491	319	134	164
497	315	126	169
493	319	123	157
491	319	114	141
483	324	118	147
481	271	122	158
500	306	110	149
511	309	104	149
514	302	104	158
517	294	99	162
509	270	108	178
510	276	114	170
522	280	108	179
525	292	110	150
513	285	123	148
515	288	116	145
512	286	120	149
511	288	123	131
514	283	123	133
524	276	113	127
522	282	119	131
536	275	102	138
531	269	113	159
528	255	117	177
534	255	112	160
529	243	122	173
542	251	114	164
533	256	117	152
546	256	100	147
539	267	122	122
545	265	121	125
546	262	121	126
555	257	113	122
558	244	107	136
566	231	91	159
570	225	81	163
557	216	102	173
561	204	95	182
560	180	98	198
556	173	99	207
555	175	109	209
559	181	105	203
563	179	92	185
552	190	116	202
568	193	109	183
578	214	102	168
583	195	95	181
584	233	108	171
581	218	113	180
587	222	109	178
598	217	95	180
599	232	97	176
601	255	90	161
591	261	99	162
595	240	92	182
582	281	107	172
588	285	127	161
593	286	126	175
604	287	105	186
613	284	80	213
610	281	81	239
610	287	82	230
611	283	86	241
615	280	86	264
613	284	92	277
621	290	86	291
626	286	82	290
627	290	77	280
626	295	83	270
625	298	84	260
628	297	79	254
626	300	86	262
625	301	85	257
624	299	85	267
626	306	89	266
630	311	91	252
633	313	90	237
638	309	83	249
637	307	87	240
642	307	85	244
642	307	88	237
643	319	91	231
642	334	95	207
643	317	101	238
650	314	83	244
646	303	89	256
646	301	95	249
646	308	100	251
644	316	112	247
649	321	107	249
653	321	104	243
655	318	102	251
657	314	97	243
657	317	97	240
661	319	103	253
659	320	102	251
656	321	108	251
654	324	110	232
647	323	117	209
647	327	127	200
644	328	137	192
652	338	136	156
649	353	135	174
653	347	126	183
652	350	123	192
653	350	118	159
646	352	124	151
643	348	131	147
635	340	158	160
633	371	143	151
635	369	136	124
635	366	140	129
635	372	148	115
629	367	158	121
622	369	180	141
616	374	168	153
623	370	162	171
608	369	170	164
623	370	206	153
608	370	213	128
607	370	207	112
614	372	197	115
595	369	214	139
622	367	199	123
629	368	206	112
668	364	182	107
682	365	136	97
689	364	130	99
696	359	129	98
690	362	141	93
686	358	155	91
694	356	150	87
691	355	152	82
701	357	141	79
708	355	132	83
727	346	126	90
708	341	137	101
703	338	144	99
700	335	155	114
703	337	160	109
699	336	172	105
687	339	186	102
680	341	199	94
716	343	178	79
709	339	176	85
743	329	174	96
745	333	143	88
743	336	148	80
744	334	150	90
741	331	155	86
750	330	155	90
739	329	171	86
750	331	167	78
793	329	151	81
800	324	124	88
807	323	122	90
806	323	133	92
799	322	154	91
799	322	154	77
808	314	151	84
814	302	148	102
823	297	141	101
815	295	148	102
819	299	144	105
814	298	150	91
833	300	130	70
842	294	129	75
847	295	122	71
866	288	123	88
864	287	130	91
857	292	145	77
864	291	145	73
868	289	138	78
878	276	135	95
887	270	139	96
894	272	136	92
886	264	154	97
873	260	170	98
877	261	176	91
883	261	175	92
902	262	154	86
914	261	140	82
918	258	143	84
918	259	144	79
913	253	148	81
938	251	137	86
942	248	140	92
940	245	150	92
937	238	162	92
933	233	177	83
923	228	195	80
949	219	209	85
947	212	222	81
944	204	234	91
929	198	259	87
923	190	268	93
913	181	266	100
888	176	286	104
894	171	279	100
901	168	284	107
925	160	271	111
918	156	285	118
898	154	300	119
902	157	295	115
908	155	286	109
920	156	265	99
926	157	270	94
934	158	266	99
941	149	253	106
950	146	257	102
968	142	236	101
971	140	232	112
964	140	209	112
995	136	214	122
974	142	226	120
983	142	243	108
1000	107	250	128
986	109	259	127
996	104	247	131
994	102	244	158
1003	101	238	143
1006	98	233	138
1058	15	210	178
1050	4	208	186
1083	13	173	166
1088	5	153	176
1082	2	135	170
1058	40	150	150
1089	16	152	166
1067	4	146	180
1073	0	181	199
1055	0	163	188
1064	5	200	187
1047	8	215	181
1036	4	234	167
1038	3	241	181
1039	5	214	189
1030	1	188	185
1021	2	198	159
1036	-3	237	187
998	-2	215	185
991	-2	239	164
996	-4	245	187
994	-5	255	178
1001	-3	247	183
984	0	206	180
983	2	176	163
982	4	168	174
964	3	179	197
965	-1	157	206
964	-3	163	205
944	-6	187	215
943	-4	183	203
941	-3	176	209
933	-7	177	203
916	-8	194	211
912	-4	193	204
911	-3	195	211
906	-7	202	210
907	-9	196	217
900	-3	203	208
892	-2	208	202
892	-4	203	212
895	-1	189	209
883	-5	194	208
866	-6	208	229
857	-3	213	228
855	-4	215	213
846	-4	219	220
839	-6	220	228
839	-12	213	234
817	-3	237	238
806	-5	235	255
820	-5	203	261
813	-5	203	269
785	-2	233	261
775	2	240	248
777	-4	229	256
776	-6	225	256
772	-5	229	262
772	0	218	261
769	-2	222	273
748	-6	250	281
729	0	259	272
731	-5	243	273
732	1	233	286
715	-1	243	277
732	0	222	293
728	0	216	307
723	6	212	305
710	6	234	323
695	10	231	322
694	22	230	320
679	11	232	342
665	11	235	347
664	1	241	359
655	14	250	351
656	13	242	347
642	13	252	352
642	11	234	362
638	15	255	360
631	11	251	376
616	6	270	387
613	8	281	382
600	5	288	409
389	118	370	386
530	11	348	436
580	13	307	431
603	19	262	425
610	12	246	423
619	3	258	438
609	19	260	423
588	19	281	414
575	28	311	404
464	21	313	472
453	40	331	458
404	56	399	444
443	135	380	366
416	170	410	315
417	165	409	324
359	157	461	349
346	171	477	333
326	184	496	314
325	162	499	336
327	166	505	345
372	164	455	347
381	145	456	368
400	130	424	398
404	110	417	408
383	118	439	397
397	127	425	395
402	123	419	407
403	108	421	424
403	109	419	405
456	104	376	431
421	111	409	415
475	115	357	398
487	117	350	396
483	110	341	402
485	109	345	399
488	98	344	422
485	101	355	422
491	100	346	432
500	99	337	402
493	92	361	398
480	85	387	412
506	80	364	414
489	93	374	360
469	83	409	380
461	87	431	386
462	78	428	377
479	77	422	384
495	64	418	418
493	76	424	374
477	63	438	372
496	60	423	384
484	59	437	365
479	59	448	357
473	42	448	377
477	54	451	359
468	49	477	365
458	48	463	365
466	73	474	369
532	44	405	377
480	42	466	357
469	40	480	364
474	41	478	369
467	30	483	375
456	41	497	345
454	36	501	348
593	19	443	427
597	12	378	456
685	4	297	502
595	17	358	496
541	13	420	497
469	1	491	515
460	28	509	468
435	26	545	462
412	14	575	485
406	14	595	485
396	24	615	485
403	18	603	492
411	37	673	490
561	22	560	539
624	37	474	532
653	20	432	545
616	4	394	547
640	3	424	550
619	-9	373	559
658	0	367	555
656	8	447	540
591	-14	443	556
639	8	444	544
655	19	454	534
575	-8	518	522
658	26	458	505
570	23	511	500
645	25	444	512
660	28	406	508
685	15	390	521
698	19	376	527
682	17	379	530
692	20	387	529
688	22	380	516
695	27	388	500
700	27	371	498
696	20	377	515
702	12	362	522
714	15	357	507
698	7	354	515
737	5	314	540
729	-2	319	515
749	0	289	500
751	-3	281	529
756	-6	277	533
753	10	275	536
760	8	257	540
757	10	262	543
757	6	258	539
752	9	263	548
762	22	257	526
767	10	248	525
769	2	243	538
762	1	246	570
764	-8	241	594
765	0	253	565
780	4	245	534
790	6	235	541
793	-7	225	558
804	7	223	548
801	2	229	543
826	4	209	533
823	12	212	524
824	-4	215	526
856	4	183	520
864	-5	173	532
856	-6	200	520
854	-11	195	527
897	-7	167	512
904	0	180	487
913	0	180	485
927	-6	177	512
942	-9	172	524
955	-4	153	505
957	-3	177	482
962	6	195	424
966	0	185	436
950	-1	230	444
938	-11	276	480
945	3	282	468
935	0	302	488
925	1	315	469
929	-8	326	474
958	-2	307	497
981	6	302	477
998	-9	266	522
1047	-15	203	508
1027	-2	234	454
1015	1	240	428
997	-8	287	455
1008	-7	274	474
1001	-8	278	477
1009	-12	249	431
1019	-17	243	424
1018	-6	239	382
1045	-2	208	389
1074	-7	185	414
1103	21	165	393
1102	12	169	405
1094	-3	173	393
1097	-2	177	377
1097	-10	177	357
1107	-12	173	349
1121	25	167	355
1134	-5	148	353
1139	-7	138	337
1131	-14	147	327
1135	-10	140	307
1145	-2	125	307
1135	6	145	306
1136	62	149	274
1139	56	129	264
1147	56	122	263
1163	94	109	229
1164	76	108	221
1167	87	106	205
1179	98	97	177
1183	93	93	158
1180	89	90	165
1186	87	82	164
1182	94	84	149
1183	105	78	136
1187	111	87	122
1199	110	75	128
1201	109	77	131
1206	100	73	146
1209	82	71	168
1221	80	59	166
1229	84	55	156
1235	86	44	152
1227	81	55	155
1232	86	54	149
1237	89	52	137
1235	88	56	135
1230	92	60	137
1232	109	52	124
1233	118	55	118
1231	124	63	111
1235	143	55	117
1235	143	55	117
1235	143	55	117
1235	143	55	117
1235	143	55	117
1235	143	55	117
1235	143	55	117
1235	143	55	117
1235	143	55	117
1235	143	55	117
1235	143	55	117
1235	143	55	117
1235	143	55	117
1235	143	55	117
1235	143	55	117
1235	143	55	117
1235	143	55	117
1235	143	55	117
1235	143	55	117
1235	143	55	117
1235	143	55	117
1235	143	55	117
1235	143	55	117
1235	143	55	117
1234	152	58	115
1229	157	50	118
1206	164	57	119
1197	239	69	120
1161	238	86	131
1126	217	90	140
1116	204	89	162
1091	206	94	168
1090	195	75	179
1062	189	82	188
1051	174	78	204
1047	174	78	198
1034	171	81	212
1028	171	73	208
1002	174	83	192
984	180	84	190
965	177	89	186
985	175	61	180
983	183	57	183
968	171	67	194
965	190	66	182
959	188	66	179
951	181	65	185
944	185	64	180
941	179	54	180
929	178	61	176
919	159	76	175
910	161	67	189
898	167	79	177
900	168	76	192
893	172	85	181
881	170	93	168
881	170	93	168
870	175	97	140
862	187	98	136
853	202	104	133
846	196	104	140
838	179	112	159
834	178	115	160
827	180	132	156
826	178	127	168
820	179	129	155
814	172	130	150
811	180	121	139
804	186	122	141
797	194	125	141
795	199	128	139
788	189	134	141
789	193	144	153
787	194	148	148
784	192	162	160
783	203	140	146
782	190	125	161
773	190	152	170
775	197	156	159
771	196	159	155
772	192	151	145
774	203	159	137
778	206	130	121
770	190	140	135
771	193	122	116
766	201	111	108
776	200	89	75
795	217	95	66
790	209	103	51
793	219	106	47
777	207	105	57
766	207	100	62
769	209	82	66
767	212	76	72
764	214	83	81
753	202	74	82
797	236	86	81
768	198	78	83
763	187	76	92
758	180	73	106
749	177	81	114
755	180	69	110
755	180	69	110
755	180	69	110
756	193	55	96
745	207	48	78
827	264	50	73
751	217	53	63
751	217	53	63
751	217	53	63
751	217	53	63
751	217	53	63
751	217	53	63
751	217	53	63
751	217	53	63
751	217	53	63
796	177	47	74
796	177	47	74
823	218	40	85
823	218	40	85
883	216	50	83
820	157	55	83
820	157	55	83
820	157	55	83
820	157	55	83
820	157	55	83
820	157	55	83
820	157	55	83
820	157	55	83
820	157	55	83
933	243	72	73
921	253	86	74
917	257	95	85
912	263	107	84
911	271	108	84
907	276	112	85
908	276	116	88
912	273	113	101
908	270	121	111
906	264	125	124
904	263	132	128
908	271	132	124
915	277	123	121
917	280	123	118
920	287	123	117
916	293	132	115
921	299	132	114
921	299	138	116
926	300	143	115
926	299	165	118
926	303	165	120
923	306	160	124
924	311	159	119
931	314	140	115
931	308	137	124
933	313	133	123
930	323	129	115
935	324	127	127
931	334	133	115
924	333	138	114
929	328	126	132
934	325	117	133
930	328	124	131
926	318	131	142
927	316	149	137
927	318	161	139
929	306	154	154
923	300	154	172
918	302	151	188
912	305	151	186
910	288	150	206
907	286	156	206
907	286	155	211
907	297	150	203
902	297	151	208
895	292	154	218
892	296	163	216
898	288	156	231
892	284	173	232
894	281	180	240
890	282	189	247
880	277	206	265
873	280	226	245
870	281	230	255
869	284	227	243
865	287	230	245
859	303	225	234
853	297	249	256
849	295	260	263
829	297	293	255
832	293	298	257
808	285	332	257
817	291	317	265
791	288	356	280
802	316	326	251
794	303	348	241
777	314	372	246
782	315	365	226
763	316	383	213
766	310	393	238
749	317	405	226
740	312	428	229
748	310	412	234
756	323	404	225
738	325	414	229
742	316	422	224
719	322	418	242
716	323	443	244
693	368	438	195
685	326	484	230
702	325	475	218
684	318	495	230
660	346	484	196
552	388	485	144
552	388	485	144
524	400	506	127
524	400	506	127
515	399	510	118
634	412	523	112
608	400	514	122
637	324	486	184
667	316	526	209
601	302	605	238
548	302	656	230
622	283	582	255
560	284	644	247
520	251	666	282
432	242	751	299
522	225	698	309
458	173	758	368
336	203	887	335
433	219	816	329
344	242	880	308
377	201	878	346
321	248	913	295
406	214	839	335
287	223	931	334
422	225	832	281
348	206	828	327
453	181	808	366
310	187	873	352
379	188	884	340
437	234	818	286
341	190	800	333
413	180	798	325
485	172	772	341
428	182	754	322
472	195	780	302
394	182	870	321
305	162	941	352
293	167	987	337
355	138	927	373
201	117	1074	370
243	117	1043	364
312	205	948	396
395	157	867	339
479	201	735	267
406	144	741	332
476	142	766	321
434	130	816	333
395	157	803	314
286	129	871	336
330	113	934	356
429	129	779	354
381	158	799	283
440	115	785	343
411	145	803	293
271	153	927	287
404	103	840	365
314	117	916	348
385	120	865	312
383	129	791	299
296	111	858	321
400	119	807	294
408	114	749	304
302	124	852	274
163	103	946	306
151	84	991	332
363	70	900	365
390	87	849	350
378	106	874	324
308	155	909	258
259	172	886	248
322	114	933	311
214	79	977	360
331	105	937	337
363	93	902	349
243	61	974	353
353	43	895	398
380	76	863	361
257	91	915	326
331	50	919	387
344	52	890	381
337	64	922	369
131	90	1023	307
150	100	1024	329
183	115	1041	292
237	97	1015	313
324	96	909	319
364	140	845	249
302	130	896	243
372	157	817	219
339	152	834	228
290	187	909	186
276	163	888	236
168	140	770	285
357	127	798	280
352	143	806	259
289	150	827	230
355	141	826	234
330	152	867	219
371	147	819	235
351	154	831	236
305	157	911	232
352	133	840	260
329	153	741	239
298	165	676	270
361	176	597	243
366	168	590	234
570	162	578	222
583	151	559	239
599	144	547	249
649	121	490	267
677	117	449	249
693	102	431	293
698	105	419	269
695	91	365	307
695	126	344	285
685	169	371	241
670	163	413	238
662	168	427	230
675	169	407	235
686	177	386	229
663	185	421	218
676	183	396	220
679	180	388	224
680	183	384	221
685	182	389	214
697	181	374	220
718	184	340	238
718	183	338	241
705	180	360	237
701	184	364	231
704	176	360	237
702	163	380	240
698	175	373	208
698	173	372	236
706	184	362	218
712	183	334	230
705	169	364	251
704	187	363	221
758	169	330	233
780	161	307	251
776	150	317	256
772	108	324	298
768	116	346	285
749	119	351	284
748	87	367	309
749	92	356	300
738	120	357	278
726	126	379	239
751	120	361	237
732	118	374	257
727	120	368	238
728	121	377	228
727	132	382	209
720	120	393	236
725	102	388	267
825	72	292	280
839	73	274	262
871	53	241	292
760	35	296	282
808	67	302	296
750	65	340	260
862	40	258	272
875	148	229	212
910	161	198	185
905	126	199	209
932	124	174	199
954	110	155	205
964	69	157	219
974	70	155	231
962	-7	173	221
967	-3	162	173
957	30	169	164
935	18	181	153
950	17	198	150
927	10	202	148
956	2	215	152
956	3	193	117
975	0	181	105
976	-4	182	98
974	-3	191	89
975	0	213	79
979	-2	231	77
1020	3	204	69
1046	1	224	75
1049	-3	200	69
1075	-3	205	73
1087	3	199	76
1096	-15	188	72
1117	-2	158	56
1132	0	143	69
1132	0	143	69
1132	0	143	69
1132	0	143	69
1132	0	143	69
1132	0	143	69
1132	0	143	69
1132	0	143	69
1132	0	143	69
1132	0	143	69
1132	0	143	69
1132	0	143	69
1132	0	143	69
1132	0	143	69
1132	0	143	69
1132	0	143	69
1132	0	143	69
1132	0	143	69
1132	0	143	69
1132	0	143	69
1132	0	143	69
1132	0	143	69
1132	0	143	69
1132	0	143	69
1132	0	143	69
1132	0	143	69
1132	0	143	69
1132	0	143	69
1132	0	143	69
1132	0	143	69
1132	0	143	69
1132	0	143	69
1132	0	143	69
1132	0	143	69
1132	0	143	69
1132	0	143	69
1132	0	143	69
1132	0	143	69
1132	0	143	69
1132	0	143	69
1132	0	143	69
1132	0	143	69
1132	0	143	69
1132	0	143	69
1132	0	143	69
1132	0	143	69
1132	0	143	69
1132	0	143	69
1132	0	143	69
1132	0	143	69
1132	0	143	69
1132	0	143	69
1132	0	143	69
1132	0	143	69
1132	0	143	69
1132	0	143	69
1132	0	143	69
1132	0	143	69
1132	0	143	69
1132	0	143	69
1132	0	143	69
1132	0	143	69
1132	0	143	69
1132	0	143	69
1132	0	143	69
1132	0	143	69
1132	0	143	69
1132	0	143	69
1132	0	143	69
1132	0	143	69
1132	0	143	69
1132	0	143	69
1132	0	143	69
1132	0	143	69
1132	0	143	69
1132	0	143	69
1132	0	143	69
1132	0	143	69
1132	0	143	69
1132	0	143	69
1132	0	143	69
1132	0	143	69
1132	0	143	69
1132	0	143	69
1132	0	143	69
1132	0	143	69
1132	0	143	69
1132	0	143	69
1132	0	143	69
1132	0	143	69
1132	0	143	69
1132	0	143	69
1132	0	143	69
1132	0	143	69
1132	0	143	69
1132	0	143	69
1132	0	143	69
1132	0	143	69
1132	0	143	69
1132	0	143	69
1132	0	143	69
1132	0	143	69
1132	0	143	69
1132	0	143	69
1132	0	143	69
1132	0	143	69
1132	0	143	69
1132	0	143	69
1132	0	143	69
1132	0	143	69
1132	0	143	69
1132	0	143	69
1132	0	143	69
1132	0	143	69
1132	0	143	69
1132	0	143	69
1132	0	143	69
1132	0	143	69
1132	0	143	69
1132	0	143	69
1132	0	143	69
1132	0	143	69
1132	0	143	69
1132	0	143	69
1132	0	143	69
1132	0	143	69
1132	0	143	69
1132	0	143	69
1132	0	143	69
1132	0	143	69
1132	0	143	69
1132	0	143	69
1132	0	143	69
1132	0	143	69
1132	0	143	69
1132	0	143	69
1132	0	143	69
1132	0	143	69
1132	0	143	69
1132	0	143	69
1132	0	143	69
1132	0	143	69
1132	0	143	69
1132	0	143	69
1132	0	143	69
1132	0	143	69
1132	0	143	69
1132	0	143	69
1132	0	143	69
1132	0	143	69
1132	0	143	69
1132	0	143	69
1132	0	143	69
1132	0	143	69
1132	0	143	69
1132	0	143	69
1132	0	143	69
1132	0	143	69
1132	0	143	69
1132	0	143	69
1132	0	143	69
1132	0	143	69
1132	0	143	69
1162	29	132	87
1162	29	132	87
1162	29	132	87
1162	29	132	87
1162	29	132	87
1162	29	132	87
1162	29	132	87
1162	29	132	87
1162	29	132	87
1145	50	130	97
1145	50	130	97
1145	50	130	97
1145	50	130	97
1145	50	130	97
1145	50	130	97
1145	50	130	97
1145	50	130	97
1145	50	130	97
1145	50	130	97
1145	50	130	97
1111	74	129	115
1105	66	134	121
1126	26	148	147
1109	38	167	130
1109	38	167	130
1109	38	167	130
1109	38	167	130
1109	38	167	130
1109	120	159	140
1102	108	165	166
1051	121	142	140
1051	121	142	140
1051	121	142	140
1051	121	142	140
1051	121	142	140
1051	121	142	140
1132	205	117	120
1132	205	117	120
1132	205	117	120
1132	205	117	120
1132	205	117	120
1132	205	117	120
1132	205	117	120
1106	306	123	121
1106	306	123	121
1106	306	123	121
1106	306	123	121
1106	306	123	121
1106	306	123	121
1106	306	123	121
1106	306	123	121
1106	306	123	121
1106	306	123	121
1106	306	123	121
1106	306	123	121
1106	306	123	121
1106	306	123	121
1105	480	121	136
1105	480	121	136
1105	480	121	136
1105	480	121	136
1105	480	121	136
1105	480	121	136
1105	480	121	136
1105	480	121	136
1105	480	121	136
1105	480	121	136
1105	480	121	136
1105	480	121	136
1105	480	121	136
1105	480	121	136
1105	480	121	136
1105	480	121	136
1105	480	121	136
1105	480	121	136
1105	480	121	136
1105	480	121	136
1105	480	121	136
1105	480	121	136
1105	480	121	136
1105	480	121	136
1105	480	121	136
1105	480	121	136
1105	480	121	136
1105	480	121	136
1105	480	121	136
1105	480	121	136
1105	480	121	136
1105	480	121	136
1105	480	121	136
1105	480	121	136
1105	480	121	136
1105	480	121	136
1105	480	121	136
1105	480	121	136
1105	480	121	136
1105	480	121	136
1105	480	121	136
1105	480	121	136
1105	480	121	136
1105	480	121	136
1105	480	121	136
1105	480	121	136
1105	480	121	136
1105	480	121	136
1105	480	121	136
1105	480	121	136
1105	480	121	136
1105	480	121	136
1090	150	94	130
1090	133	91	148
1099	141	85	146
1103	125	87	165
1115	116	84	182
1126	114	84	191
1141	117	83	200
1153	124	84	194
1169	129	91	193
1172	127	103	197
1167	101	113	228
1166	90	109	237
1166	90	109	237
783	89	135	253
567	175	164	256
555	165	192	261
586	165	233	270
601	160	244	281
602	158	246	287
637	157	243	298
668	151	239	302
799	-3	225	301
700	153	259	316
714	143	271	321
723	142	283	324
725	196	310	280
752	232	306	244
758	223	336	247
769	259	335	221
777	246	355	244
785	257	354	242
792	264	356	230
806	278	355	216
816	277	350	232
821	287	347	193
811	287	363	205
801	276	377	216
818	265	341	228
807	262	361	244
799	268	372	229
784	269	376	227
779	275	383	212
770	261	402	227
768	253	402	227
754	267	425	204
750	250	444	221
746	250	460	215
726	228	482	237
715	241	496	219
732	219	475	247
737	259	482	202
764	298	452	155
762	290	465	150
728	283	487	160
741	253	475	181
714	260	477	173
727	259	449	173
717	273	516	159
675	254	509	180
694	222	458	205
703	225	420	175
680	198	445	236
681	191	434	214
664	174	459	252
692	202	414	182
670	205	430	182
651	196	439	221
652	234	416	174
633	260	393	154
617	229	419	196
608	204	437	205
597	209	442	197
555	219	469	217
555	216	478	209
534	222	487	206
536	224	471	202
537	223	444	192
473	198	489	205
468	215	514	177
448	195	514	183
413	175	551	199
403	151	532	228
427	207	554	200
379	148	546	248
390	151	507	242
377	150	492	233
386	163	457	204
428	178	433	217
388	178	439	205
402	192	404	213
400	178	428	227
400	177	416	234
412	186	398	220
413	175	395	242
409	186	407	234
392	161	442	245
389	166	452	262
397	174	429	238
370	152	461	287
381	167	440	303
377	169	430	280
367	158	466	292
372	154	458	316
366	157	465	307
357	154	448	325
359	133	421	311
370	150	416	257
380	144	377	210
346	174	420	229
355	147	393	228
352	159	401	270
380	137	363	232
334	171	386	252
360	140	374	260
385	132	352	228
313	172	412	271
355	143	366	277
299	198	396	305
339	148	368	342
346	119	348	358
220	237	389	337
194	255	396	316
203	276	374	303
192	267	401	333
336	116	344	339
248	221	339	355
200	222	410	386
206	212	362	448
357	94	292	436
254	204	327	489
234	182	356	515
256	127	317	577
259	106	321	612
239	92	343	618
372	101	297	576
390	104	208	550
428	105	143	561
329	267	173	512
402	117	202	485
408	129	208	455
422	140	211	390
403	149	235	343
390	190	261	398
412	173	241	399
395	158	252	463
413	159	248	451
448	162	216	429
483	170	163	423
495	178	136	388
521	177	121	379
513	172	137	360
514	176	145	307
503	197	166	321
508	177	182	289
504	186	197	329
499	191	194	336
500	207	164	319
494	213	172	320
492	230	172	293
483	227	182	283
490	238	193	278
474	245	206	248
483	268	209	225
461	218	207	231
455	224	225	220
451	218	223	224
447	222	217	228
436	241	227	205
424	245	228	212
433	253	208	194
419	256	227	195
401	265	238	200
416	191	266	185
413	222	258	195
398	195	268	194
369	202	311	170
356	194	312	186
348	190	323	206
339	196	324	205
326	205	316	197
311	223	334	160
308	228	323	158
294	235	341	158
292	244	322	148
284	250	334	147
276	251	355	150
258	266	368	131
257	274	378	134
263	276	381	144
300	263	390	177
244	231	425	205
260	262	494	172
246	232	516	215
223	234	507	226
246	280	523	181
221	267	520	188
228	251	533	230
283	269	494	217
206	276	559	217
203	303	581	211
199	321	588	208
223	337	557	206
425	367	515	172
407	386	431	159
370	380	455	182
214	374	497	203
341	383	479	189
190	376	517	211
190	361	606	224
176	384	656	196
181	368	653	204
172	384	671	200
169	377	663	195
164	385	678	206
163	382	670	206
160	380	686	212
147	387	693	221
144	399	699	213
139	390	712	216
145	379	733	266
118	403	721	241
111	393	753	240
113	382	814	269
88	383	764	286
87	418	730	252
75	409	748	261
64	408	776	259
49	424	774	244
43	404	792	272
36	374	801	309
32	405	794	281
29	350	815	351
31	330	801	379
28	352	793	336
23	342	799	351
15	342	804	356
17	356	803	342
19	342	791	361
22	352	787	351
12	362	792	328
13	362	797	338
20	368	781	328
9	374	805	320
25	367	798	316
8	364	806	314
25	362	783	317
12	355	784	323
26	343	783	336
7	337	800	349
20	326	787	347
11	323	736	356
16	327	780	349
17	313	779	365
12	329	798	341
3	324	806	340
11	295	788	376
12	256	785	418
23	250	785	405
14	207	767	463
0	114	778	567
1	212	790	486
-7	67	812	561
8	111	804	535
-1	235	837	444
8	80	788	544
5	39	793	584
4	46	783	530
57	55	736	610
45	39	748	579
-3	43	827	553
6	18	790	540
-7	73	813	570
12	21	784	588
4	16	803	512
25	66	771	560
13	36	794	546
3	32	813	506
18	58	801	565
17	35	808	457
-61	111	726	517
-8	28	666	620
3	22	773	534
4	15	788	516
56	63	727	547
81	19	719	579
0	54	802	464
22	32	762	553
11	31	763	503
0	21	783	520
8	44	773	484
-17	30	798	482
9	19	776	508
-9	30	799	489
7	47	808	460
-12	14	831	499
10	45	790	453
-7	37	807	492
12	23	773	494
-14	36	828	477
6	50	772	439
-18	43	823	451
-17	52	835	434
-7	39	805	469
-4	16	804	496
2	37	776	447
8	43	786	449
0	35	801	454
1	25	771	451
10	37	768	445
11	56	794	415
6	67	778	390
0	66	756	424
2	68	783	398
12	48	750	448
-2	66	759	387
-5	50	783	425
7	64	774	404
-1	62	759	415
-4	54	771	418
-4	39	775	461
6	53	754	430
8	53	748	434
8	41	744	469
-3	49	746	451
2	48	741	471
18	55	711	467
15	66	702	472
22	87	684	388
11	103	681	413
28	127	646	408
14	72	646	489
15	117	642	397
-3	129	645	386
2	135	614	372
17	127	586	403
53	121	544	360
62	125	515	367
53	133	504	369
26	132	508	362
33	126	497	368
35	137	474	367
13	136	487	364
4	141	482	366
13	143	452	368
2	136	462	363
-1	143	453	355
0	155	451	332
5	143	445	365
-5	155	443	334
-3	158	428	347
5	152	417	364
19	151	417	366
2	148	406	366
7	163	413	346
14	146	402	376
15	148	392	386
18	147	382	373
23	163	331	343
24	158	325	346
17	160	327	344
13	164	357	369
12	177	322	309
45	162	345	337
18	180	329	309
83	182	311	321
25	181	318	307
57	146	367	353
14	174	350	316
8	181	348	314
36	165	347	325
13	175	346	321
49	180	348	278
1	171	379	307
22	169	389	292
15	165	369	314
57	151	411	340
2	160	407	331
20	162	471	323
8	170	496	315
13	180	413	274
24	175	471	307
63	161	480	303
19	166	482	315
10	174	456	299
18	173	416	289
39	164	451	302
9	173	495	318
15	166	484	331
26	159	451	328
25	158	480	340
35	163	483	329
18	170	531	333
10	182	536	325
9	188	535	306
12	181	539	307
6	188	551	317
19	181	560	334
4	190	575	317
4	186	570	326
-5	201	581	312
-1	210	568	330
14	212	542	314
4	225	541	333
1	220	551	320
10	230	542	332
7	244	578	312
-6	247	590	314
-15	251	601	293
-4	244	573	318
5	261	564	308
0	261	559	288
12	275	569	295
-4	270	560	299
-9	269	572	308
0	272	577	305
1	270	582	313
28	281	550	299
16	281	561	290
14	289	572	298
0	288	565	288
-6	303	585	266
0	297	588	280
5	303	572	265
9	306	578	263
9	296	575	282
2	301	583	267
7	306	571	275
2	291	590	302
0	301	582	286
2	298	572	287
5	297	579	285
4	304	593	285
2	297	593	277
2	305	591	268
12	309	575	264
2	315	596	260
4	307	576	267
9	314	582	256
0	311	585	259
0	311	609	270
6	312	602	264
5	321	636	251
13	312	608	258
14	305	612	261
-2	290	656	270
34	291	635	255
104	275	584	261
133	258	585	262
156	246	567	270
186	232	567	270
223	232	552	261
244	226	551	253
235	201	573	263
269	193	550	252
298	182	541	257
322	161	530	248
348	149	525	246
363	136	533	240
378	109	537	248
386	87	549	251
427	102	531	208
442	55	508	247
470	38	499	237
481	46	515	218
510	14	492	232
529	36	497	191
540	20	476	195
540	28	482	180
535	25	498	165
534	21	504	164
543	14	513	159
542	6	533	163
545	1	554	154
545	-1	552	142
598	-25	610	156
592	-70	618	202
535	-17	610	160
525	-28	657	142
566	-16	614	150
580	-45	597	153
611	-14	546	142
630	-4	468	130
638	-9	434	138
664	-17	374	146
684	-9	339	129
697	-12	302	130
679	-2	303	114
745	-10	280	121
770	-11	230	115
790	-6	201	97
798	-5	198	85
802	-5	202	89
799	-4	205	86
801	-1	203	82
805	-4	197	77
811	-7	201	71
832	-6	183	63
845	-6	171	57
838	-8	178	52
853	-14	178	65
843	-33	168	74
843	-33	168	74
843	-33	168	74
843	-33	168	74
843	-33	168	74
843	-33	168	74
843	-33	168	74
843	-33	168	74
843	-33	168	74
843	-33	168	74
843	-33	168	74
843	-33	168	74
843	-33	168	74
843	-33	168	74
843	-33	168	74
843	-33	168	74
843	-33	168	74
843	-33	168	74
843	-33	168	74
843	-33	168	74
843	-33	168	74
843	-33	168	74
843	-33	168	74
843	-33	168	74
843	-33	168	74
843	-33	168	74
843	-33	168	74
843	-33	168	74
843	-33	168	74
843	-33	168	74
843	-33	168	74
843	-33	168	74
843	-33	168	74
843	-33	168	74
843	-33	168	74
843	-33	168	74
843	-33	168	74
843	-33	168	74
843	-33	168	74
843	-33	168	74
843	-33	168	74
843	-33	168	74
843	-33	168	74
843	-33	168	74
843	-33	168	74
843	-33	168	74
843	-33	168	74
843	-33	168	74
843	-33	168	74
843	-33	168	74
843	-33	168	74
843	-33	168	74
843	-33	168	74
843	-33	168	74
843	-33	168	74
843	-33	168	74
843	-33	168	74
843	-33	168	74
843	-33	168	74
843	-33	168	74
843	-33	168	74
843	-33	168	74
843	-33	168	74
843	-33	168	74
843	-33	168	74
843	-33	168	74
843	-33	168	74
843	-33	168	74
843	-33	168	74
843	-33	168	74
843	-33	168	74
843	-33	168	74
843	-33	168	74
843	-33	168	74
843	-33	168	74
727	214	176	73
727	214	176	73
727	214	176	73
692	367	191	65
692	367	191	65
673	411	187	70
673	411	187	70
673	411	187	70
672	425	189	79
663	438	206	94
656	459	215	91
653	481	212	87
648	502	212	87
650	523	199	72
643	536	198	80
686	534	215	85
633	555	212	90
666	557	253	88
640	562	274	112
497	130	324	125
466	95	290	135
461	86	247	159
471	100	222	148
473	108	224	148
471	112	211	148
473	124	204	139
470	133	199	136
470	138	192	142
470	147	188	127
476	156	158	102
468	165	156	112
499	170	155	115
485	173	164	124
461	171	177	115
461	177	171	115
459	186	177	103
444	195	187	96
429	198	209	93
395	201	235	92
389	196	254	105
379	173	263	140
370	165	266	158
397	158	305	171
373	142	343	204
395	139	318	226
383	138	336	223
383	141	335	230
370	138	346	241
365	136	331	250
365	138	347	256
389	149	334	260
416	154	279	254
431	147	285	271
446	155	302	272
443	173	321	252
425	161	346	266
421	154	349	277
440	161	341	275
433	146	343	286
432	129	332	292
434	127	324	300
444	126	310	311
441	110	282	330
440	106	267	324
449	107	209	335
470	122	162	322
456	161	166	289
475	231	123	234
456	231	147	237
470	246	130	225
472	236	128	239
465	217	131	261
467	212	141	254
477	199	170	280
471	190	175	285
481	192	170	265
479	196	159	285
486	187	135	266
488	198	137	274
494	200	133	289
492	193	130	281
496	206	132	271
497	204	138	280
490	177	133	289
495	177	127	298
491	183	141	297
488	182	148	299
499	185	148	295
488	187	172	297
478	183	168	245
486	176	136	241
492	191	130	245
528	237	170	234
483	187	160	263
487	210	188	264
484	196	202	262
481	175	204	277
477	176	233	300
489	174	232	312
484	174	231	304
478	174	234	301
481	182	234	295
478	161	261	342
488	149	306	355
508	119	364	388
483	109	430	402
483	102	426	409
489	97	413	389
480	124	412	372
483	102	411	393
488	75	410	421
491	67	398	419
483	58	391	445
498	73	402	444
490	97	378	409
496	76	391	423
478	67	422	453
472	41	430	471
485	70	410	454
481	37	380	484
468	40	379	469
461	44	394	476
463	47	380	448
464	109	412	390
461	121	411	378
479	156	389	342
494	193	343	307
482	181	360	316
459	167	359	325
459	140	349	344
480	149	350	338
460	124	365	355
485	161	328	339
500	200	294	301
488	192	313	302
482	190	311	293
492	185	287	297
495	181	281	307
503	173	272	325
496	171	270	326
493	159	271	347
484	133	288	374
481	128	296	381
463	109	310	383
472	125	305	381
449	84	348	407
437	87	337	404
428	84	348	409
418	77	375	399
416	80	361	388
399	68	363	417
396	72	359	391
394	66	352	388
387	57	372	415
379	50	369	388
382	48	354	375
364	35	376	428
363	29	383	448
349	34	395	393
341	47	390	363
320	31	394	378
312	25	402	393
313	32	407	354
314	25	416	376
313	26	421	382
311	27	422	362
300	16	425	400
327	18	383	424
325	12	395	395
314	2	434	438
305	-15	448	462
302	-11	466	425
302	-10	497	417
294	-17	541	372
311	-2	558	255
250	39	636	289
288	-17	587	279
292	8	548	343
333	-8	527	261
248	23	534	321
277	-4	571	250
273	9	566	314
291	0	575	240
180	65	607	287
227	-4	648	286
235	-1	595	378
240	-8	619	343
266	-3	585	259
272	11	592	307
315	5	586	263
331	30	574	311
345	16	696	296
260	9	773	300
306	21	767	340
225	-2	855	345
308	12	756	391
225	-8	800	432
315	8	704	374
352	11	681	421
426	29	621	337
456	41	610	351
452	38	587	369
473	44	565	359
448	56	590	315
423	72	607	306
411	59	604	360
437	48	603	355
434	58	578	365
446	43	556	388
416	32	597	381
399	41	629	366
385	23	640	412
391	18	662	413
370	52	692	379
363	35	670	404
384	56	700	374
363	68	673	364
360	100	637	342
374	93	630	340
358	74	661	374
358	34	693	418
368	82	683	380
339	54	738	420
319	18	781	471
333	103	779	360
324	72	745	396
311	62	718	420
321	76	730	403
289	58	735	403
314	139	695	304
312	136	710	327
305	124	699	340
289	144	778	323
255	152	792	310
265	168	777	306
268	175	745	312
257	164	780	326
223	187	818	293
210	161	831	324
152	164	883	319
209	189	883	296
158	142	896	339
171	166	897	326
140	175	896	314
183	165	877	346
165	153	887	345
170	163	878	343
152	177	924	333
151	165	932	338
146	199	917	318
142	153	960	352
167	202	900	316
147	162	937	330
144	162	962	354
135	163	969	348
151	183	937	352
162	140	943	386
173	144	900	378
149	170	943	337
155	169	920	335
144	156	945	344
154	173	928	319
164	166	907	312
162	109	905	383
167	155	980	357
160	135	960	378
172	115	966	381
145	43	949	487
133	41	960	460
139	48	963	432
174	33	898	512
168	50	941	447
175	38	928	467
172	71	992	397
198	34	954	429
201	49	965	439
203	48	955	437
181	39	1021	439
187	40	992	420
197	30	997	432
214	51	1001	411
208	15	971	450
195	39	1020	423
197	13	1006	461
207	29	990	431
196	27	967	446
178	17	1039	447
203	19	998	437
187	36	1032	409
187	31	1029	422
185	50	1021	403
171	58	1041	392
147	86	1087	368
130	120	1122	320
153	53	1093	385
135	96	1093	370
113	61	1139	394
119	108	1157	326
114	81	1141	363
60	73	1214	377
74	81	1171	347
73	112	1182	317
93	99	1167	345
71	94	1216	347
92	92	1166	359
69	106	1213	326
113	78	1168	378
79	85	1209	358
86	81	1191	364
86	89	1188	337
100	90	1194	343
88	89	1189	359
67	109	1218	322
66	115	1238	334
88	103	1215	342
69	91	1232	355
56	102	1226	360
66	82	1204	368
96	86	1175	386
71	92	1193	352
79	103	1188	366
57	83	1226	394
30	97	1230	367
58	117	1217	346
38	121	1232	356
52	115	1219	359
50	117	1226	358
59	117	1212	348
39	137	1220	352
49	111	1212	389
31	125	1204	372
45	137	1203	378
60	130	1169	389
40	116	1201	413
33	144	1215	366
53	143	1216	371
44	131	1224	398
26	160	1225	369
40	140	1216	387
43	164	1183	363
42	127	1221	428
49	148	1189	407
44	130	1207	405
35	160	1166	372
48	171	1169	366
45	152	1164	383
43	156	1205	359
24	168	1214	345
33	161	1196	362
47	173	1152	340
50	167	1173	352
30	105	1236	437
65	121	1210	420
37	80	1223	482
44	108	1185	440
73	93	1199	492
72	72	1184	505
89	66	1166	468
96	78	1160	477
79	73	1179	484
96	79	1158	495
193	56	1053	539
70	48	1130	519
61	63	1194	504
82	96	1166	478
134	66	1125	535
193	74	1053	543
94	50	1118	545
167	58	1081	561
246	67	974	560
99	72	1101	544
129	30	1053	606
186	52	1043	580
342	113	872	534
296	142	780	490
137	149	935	484
153	90	979	556
134	59	1015	584
109	45	1105	577
-38	84	947	567
102	55	1093	612
50	54	1069	590
96	23	1145	635
-37	43	1098	629
93	33	1144	620
20	77	970	552
147	52	924	623
175	58	932	610
102	76	745	549
202	87	822	551
201	71	827	587
227	79	831	578
277	89	762	557
248	72	804	596
257	68	808	596
263	65	805	622
266	108	789	588
240	119	816	535
236	119	809	579
230	136	814	557
218	141	806	515
233	136	804	560
222	120	809	576
219	113	825	611
224	123	808	561
244	128	784	566
240	126	781	574
258	116	765	592
269	144	745	547
271	141	733	547
243	119	768	581
242	130	751	544
258	153	764	533
273	143	720	540
306	153	680	540
277	137	718	556
272	157	724	512
262	155	720	532
243	170	749	495
239	147	742	539
236	152	753	513
232	164	760	499
232	166	744	513
273	184	708	504
271	191	713	493
306	199	661	478
313	213	646	475
209	214	714	462
248	224	732	459
306	197	659	491
293	198	669	499
265	208	716	490
274	228	708	436
277	218	709	472
273	223	707	460
279	234	701	467
304	243	666	444
301	241	674	462
288	232	687	459
325	252	662	438
311	248	676	433
345	261	661	427
324	260	685	427
327	262	698	392
336	259	696	399
325	238	708	442
351	243	672	442
363	221	664	475
368	243	666	427
317	214	715	479
333	248	702	439
368	228	684	437
379	236	669	424
326	192	748	493
315	227	758	442
343	241	749	391
344	242	761	436
355	215	742	479
343	225	766	458
378	231	756	416
403	205	756	463
369	210	788	452
419	228	750	404
453	223	719	398
493	161	678	483
471	187	699	451
472	207	696	451
487	169	708	488
517	120	699	529
499	141	725	457
558	99	674	523
532	99	719	498
537	92	710	498
545	106	690	487
571	91	670	480
577	114	663	538
594	98	664	475
587	152	658	501
577	112	681	470
577	130	654	421
582	172	662	469
596	121	622	456
586	121	616	428
637	240	544	375
610	175	627	400
618	123	618	429
596	251	641	335
617	215	618	323
615	134	622	400
620	118	562	419
617	121	616	409
616	101	582	436
659	97	542	441
652	88	533	444
658	93	497	428
646	98	532	415
657	100	555	428
649	104	586	442
641	87	598	429
674	115	561	409
669	112	545	404
659	128	585	396
652	142	583	376
655	131	585	389
653	104	581	441
654	97	586	450
672	101	569	443
651	99	559	438
659	116	556	422
661	92	557	453
639	99	545	432
623	116	584	441
650	109	540	463
653	83	530	476
647	143	532	394
649	106	529	447
665	124	514	415
639	131	532	385
640	117	535	407
633	136	541	389
638	120	542	418
650	80	526	468
625	84	548	460
601	106	564	441
622	101	554	445
609	127	559	404
598	155	600	375
611	150	592	375
619	114	505	427
604	88	546	456
581	109	581	429
613	167	524	361
618	171	530	346
603	200	573	317
608	264	502	291
589	204	551	285
567	262	562	243
568	272	551	246
562	238	558	240
554	279	559	239
555	233	544	244
550	281	538	215
559	245	519	213
558	278	515	219
562	232	518	227
552	277	534	203
553	192	543	266
550	259	523	226
559	172	517	298
534	245	559	241
