2.322553
0.061243
0.037456
0.041954
0.037185
0.037591
0.038382
0.037903
0.056996
0.038984
0.043137
0.038928
0.037680
0.039320
0.039068
0.050084
0.038151
0.047893
0.038709
0.037728
0.043910
0.038178
0.043795
0.037305
0.037837
0.040212
0.068675
0.041556
0.042387
0.041070
0.041934
0.044942
0.041277
0.049475
0.041017
0.059613
0.041000
0.048569
0.040393
0.040909
0.046288
0.039558
0.044039
0.041457
0.040697
0.042059
0.062942
0.040152
0.040217
0.043721
0.039885
0.038329
0.041204
0.041900
0.040901
0.043231
0.038022
0.052328
0.041946
0.042438
0.044193
0.042623
0.042294
0.043162
0.042153
0.041487
0.053438
0.041138
0.058535
0.041633
0.045295
0.040761
0.051911
0.040757
0.041019
0.041505
0.041114
0.041192
0.040377
0.053452
0.047717
0.041287
0.040354
0.046920
0.041966
0.040015
0.043590
0.041154
0.040883
0.042031
0.054687
0.040678
0.044151
0.039858
0.039608
0.040350
0.040535
0.040780
0.041311
0.057498
0.046597
0.048582
0.040307
0.045274
0.042032
0.044238
0.040883
0.041835
0.041844
0.041761
0.044991
0.041579
0.058336
0.041296
0.048941
0.041712
0.058167
0.040433
0.044123
0.040451
0.045544
0.040184
0.040268
0.040419
0.039611
0.052398
0.039915
0.059203
0.040389
0.054995
0.041382
0.042051
0.040504
0.040895
0.041788
0.040399
0.041852
0.041152
0.052716
0.043059
0.059696
0.042977
0.044987
0.038782
0.050355
0.040700
0.040903
0.041174
0.040338
0.040996
0.040411
0.052441
0.041335
0.039277
0.041375
0.039834
0.043208
0.041286
0.040109
0.040772
0.065458
0.041557
0.043600
0.039645
0.051145
0.048152
0.056828
0.040728
0.055349
0.040580
0.040780
0.040384
0.059430
0.040568
0.041079
0.041056
0.041175
0.041248
0.040045
0.054328
0.047206
0.046193
0.042141
0.057483
0.041789
0.054148
0.042067
0.055409
0.043021
0.051035
0.039874
0.054774
0.040235
0.040528
0.040343
0.040567
0.040444
0.039887
0.046991
0.040148
0.062386
0.039711
0.039604
0.040424
0.039589
0.043986
0.039913
0.039419
0.040202
0.044789
0.040213
0.039882
0.040012
0.039201
0.042631
0.038772
0.040389
0.039799
0.042688
0.039835
0.045001
0.039517
0.039330
0.039878
0.039716
0.040004
0.039447
0.041492
0.052078
0.041527
0.053729
0.039492
0.045037
0.040839
0.040691
0.040547
0.039743
0.040250
0.039911
0.043850
0.047160
0.039434
0.040034
0.040555
0.040198
0.040375
0.051869
0.040478
0.059091
0.040245
0.039652
0.039447
0.040125
0.040318
0.040216
0.045990
0.039763
0.058330
0.040613
0.044317
0.045337
0.039044
0.042835
0.039592
0.039495
0.039816
0.051993
0.038975
0.040755
0.040710
0.039840
0.041230
0.039554
0.047914
0.042927
0.049416
0.041475
0.042206
0.041512
0.040985
0.046170
0.040158
0.040705
0.039494
0.040758
0.039519
0.039965
0.039273
0.040074
0.046335
0.042957
0.050918
0.042072
0.040679
0.040720
0.041528
0.041291
0.043841
0.041567
0.040426
0.063692
0.040219
0.044786
0.041775
0.061957
0.044174
0.042425
0.043821
0.042135
0.042981
0.042609
0.044072
0.043270
0.043447
0.042659
0.043818
0.042136
0.052749
0.044096
0.048059
0.047390
0.042174
0.043941
0.042767
0.042693
0.043449
0.041762
0.043301
0.043703
0.044026
0.055286
0.043079
0.047165
0.091350
0.043551
0.041928
0.041091
0.040750
0.040321
0.041664
0.053657
0.040576
0.048313
0.041827
0.046760
0.041476
0.046927
0.041172
0.086267
0.181530
0.041506
0.040593
0.040995
0.041181
0.047437
0.040509
0.041599
0.046082
0.049591
0.041999
0.057886
0.041531
0.048080
0.042258
0.056353
0.041334
0.056776
0.041746
0.053590
0.043176
0.054319
0.041793
0.052786
0.043921
0.054456
0.042142
0.055082
0.040774
0.052290
0.041107
0.061548
0.040992
0.040793
0.041197
0.040493
0.041028
0.042042
0.041022
0.044257
0.049594
0.042839
0.053168
0.040789
0.057320
0.041429
0.052849
0.041422
0.045511
0.042246
0.055367
0.047412
0.041205
0.042269
0.059746
0.042040
0.042274
0.041097
0.041162
0.042133
0.041547
0.049780
0.041098
0.052488
0.041435
0.040694
0.041892
0.040848
0.041092
0.040866
0.044813
0.047606
0.048829
0.041919
0.056376
0.044803
0.041571
0.043073
0.047365
0.041130
0.040192
0.041334
0.040817
0.043904
0.039738
0.048205
0.040972
0.041595
0.042138
0.039720
0.040722
0.046276
0.044737
0.041616
0.051974
0.039395
0.040948
0.041479
0.040600
0.044697
0.040684
0.042407
0.042878
0.055788
0.041358
0.055609
0.042645
0.052661
0.041729
0.042116
0.041617
0.071886
0.040748
0.041828
0.042419
0.042001
0.043476
0.042346
0.134195
0.041844
0.041353
0.042025
0.044952
0.042837
0.063692
0.043010
0.047204
0.045016
0.041409
0.042837
0.040300
0.045718
0.040805
0.049437
0.040980
0.057467
0.039172
0.050513
0.042152
0.040178
0.039654
0.040095
0.039656
0.040251
0.053496
0.040416
0.053640
0.039704
0.043854
0.042819
0.039896
0.045427
0.039988
0.040573
0.039748
0.054067
0.040374
0.054253
0.040230
0.040047
0.042697
0.038749
0.038968
0.040071
0.046889
0.038366
0.038775
0.038087
0.039383
0.038925
0.039738
0.062213
0.043944
0.042992
0.038804
0.039997
0.038735
0.040222
0.040320
0.041026
0.051867
0.040242
0.045064
0.041897
0.039793
0.039321
0.040181
0.041678
0.040508
0.053298
0.041229
0.063243
0.039611
0.046622
0.044409
0.041270
0.039494
0.040129
0.039171
0.040379
0.043249
0.039288
0.050117
0.040018
0.039695
0.042959
0.041424
0.038524
0.040313
0.054694
0.040483
0.052930
0.041578
0.040594
0.040154
0.040336
0.040429
0.040030
0.043413
0.039174
0.049238
0.039521
0.042223
0.038761
0.039885
0.039201
0.041965
0.056417
0.041859
0.051471
0.038720
0.048057
0.041231
0.038048
0.039427
0.045077
0.040691
0.041685
0.058789
0.041097
0.048298
0.040692
0.057555
0.042062
0.042087
0.038931
0.041314
0.042704
0.039614
0.040570
0.043213
0.059124
0.041497
0.046553
0.041063
0.058553
0.043002
0.061741
0.042022
0.048755
0.043045
0.048013
0.043468
0.055936
0.042800
0.051462
0.047042
0.048593
0.042767
0.053977
0.046083
0.053982
0.041453
0.044643
0.042402
0.051451
0.044389
0.041200
0.041911
0.042197
0.044533
0.041040
0.042504
0.042099
0.057326
0.042484
0.060427
0.080504
0.043714
0.059576
0.048157
0.051568
0.041462
0.043921
0.042164
0.063057
0.048002
0.051833
0.042270
0.050025
0.040888
0.045848
0.040633
0.039356
0.040626
0.039884
0.039791
0.041769
0.052409
0.039557
0.040196
0.047224
0.039040
0.041613
0.039576
0.044034
0.042186
0.049346
0.042352
0.045781
0.042086
0.064071
0.040400
0.042029
0.040793
0.040028
0.040494
0.039884
0.048255
0.040430
0.045023
0.047728
0.040116
0.041549
0.041204
0.040668
0.039903
0.046862
0.040690
0.058547
0.042529
0.053917
0.041041
0.055833
0.042092
0.054523
0.040775
0.052001
0.039540
0.041065
0.039956
0.046050
0.040652
0.039427
0.042519
0.038512
0.039976
0.039190
0.040879
0.039607
0.040169
0.049950
0.039383
0.044034
0.039952
0.040781
0.044347
0.084929
0.041968
0.046419
0.043382
0.054646
0.043684
0.041519
0.041656
0.041855
0.041476
0.042366
0.041981
0.040292
0.045737
0.040471
0.050966
0.041423
0.039036
0.041493
0.039813
0.041114
0.040563
0.053181
0.040433
0.057472
0.041089
0.045273
0.041662
0.041639
0.040711
0.041233
0.041154
0.041273
0.045482
0.041073
0.060434
0.042894
0.049191
0.041996
0.057035
0.042487
0.051831
0.041771
0.042217
0.048685
0.042234
0.041914
0.041384
0.043315
0.043977
0.040450
0.041818
0.042985
0.039672
0.041310
0.041461
0.040008
0.044287
0.040722
0.048379
0.039253
0.058409
0.046686
0.048702
0.044658
0.040434
0.038899
0.040380
0.039036
0.038906
0.043288
0.041163
0.043748
0.039151
0.040433
0.045283
0.044483
0.041044
0.041520
0.048652
0.040159
0.041213
0.041605
0.040968
0.047119
0.042483
0.040891
0.041969
0.041519
0.041245
0.040501
0.040957
0.041821
0.043339
0.043820
0.046888
0.042311
0.040414
0.043724
0.040797
0.043295
0.044392
0.042852
0.041161
0.051635
0.040351
0.043855
0.041112
0.045227
0.041471
0.052841
0.041912
0.039880
0.041888
0.041070
0.044959
0.040015
0.055037
0.042795
0.054025
0.041489
0.050218
0.044188
0.053227
0.050429
0.041817
0.043432
0.046778
0.042312
0.044484
0.041928
0.045651
0.043219
0.044530
0.041988
0.043162
0.046319
0.040882
0.042343
0.041544
0.048593
0.040986
0.042768
0.042757
0.048943
0.041776
0.044826
0.044071
0.043001
0.051791
0.042984
0.045296
0.041608
0.041925
0.041662
0.042958
0.044532
0.041877
0.041726
0.044281
0.054845
0.041240
0.046903
0.041117
0.050271
0.040932
0.040770
0.041763
0.044777
0.041574
0.041344
0.040818
0.041547
0.042374
0.041130
0.042995
0.042775
0.040813
0.043299
0.040197
0.044152
0.044566
0.042691
0.040773
0.046869
0.040996
0.042872
0.041982
0.043237
0.054532
0.044366
0.044498
0.039893
0.044096
0.048440
0.077361
0.080740
0.041838
0.041659
0.042535
0.042721
0.044827
0.043004
0.040228
0.101114
0.043119
0.043204
0.039603
0.048800
0.041803
0.043404
0.049417
0.040049
0.040749
0.041039
0.039586
0.041831
0.046251
0.043776
0.040431
0.039923
0.043515
0.042921
0.098818
0.103405
0.088823
0.090984
0.105496
0.094271
0.042165
0.154258
0.042755
0.044642
0.044873
0.056338
0.044327
0.049852
0.041200
0.043057
0.041182
0.044941
0.039825
0.042222
0.040562
0.048777
0.041210
0.041994
0.053560
0.040052
0.051387
0.050026
0.039776
0.039264
0.042017
0.040926
0.041830
0.040546
0.040561
0.052499
0.043337
0.052236
0.039994
0.045862
0.042886
0.050322
0.040855
0.043183
0.040212
0.040965
0.040325
0.040554
0.061934
0.040674
0.049596
0.041971
0.055391
0.042074
0.053818
0.042851
0.052589
0.100248
0.041985
0.041628
0.112955
0.046841
0.045239
0.041797
0.039291
0.040163
0.041930
0.040356
0.048376
0.045601
0.043808
0.041998
0.043512
0.052460
0.041906
0.042199
0.042472
0.044423
0.045975
0.064402
0.042237
0.049890
0.042815
0.044378
0.044787
0.041538
0.048544
0.044617
0.048161
0.042170
0.042070
0.040745
0.056004
0.042499
0.045915
0.041074
0.044170
0.039963
0.044879
0.043154
0.042346
0.050410
0.041869
0.042699
0.042490
0.054543
0.041884
0.058764
0.041564
0.044333
0.045523
0.045485
0.044655
0.047511
0.043282
0.056336
0.043145
0.057966
0.042686
0.053109
0.078772
0.052260
0.045789
0.043796
0.058331
0.041780
0.042720
0.043514
0.064929
0.042673
0.059566
0.042420
0.041440
0.042172
0.057292
0.043775
0.041317
0.042460
0.042230
0.042283
0.042128
0.051759
0.041682
0.052278
0.079211
0.043329
0.052325
0.043097
0.052648
0.043314
0.042556
0.043306
0.066204
0.042375
0.043579
0.043830
0.042565
0.041595
0.041424
0.045061
0.041135
0.063430
0.041078
0.046170
0.040858
0.059803
0.043615
0.049656
0.041561
0.049909
0.041122
0.045663
0.041378
0.040993
0.041160
0.040568
0.041297
0.041633
0.057640
0.041005
0.053529
0.046517
0.049915
0.040501
0.045771
0.041054
0.046644
0.039457
0.040807
0.043620
0.040494
0.045107
0.039852
0.058529
0.044872
0.049036
0.040664
0.045361
0.040152
0.043181
0.039580
0.046231
0.042281
0.040362
0.048297
0.042093
0.055133
0.040759
0.053157
0.039980
0.058862
0.043051
0.053696
0.040647
0.053012
0.040265
0.045172
0.041611
0.040965
0.041057
0.041788
0.046851
0.040675
0.046541
0.040813
0.057289
0.042089
0.052820
0.043683
0.052471
0.044714
0.041081
0.040465
0.041212
0.041956
0.042354
0.042024
0.042240
0.050642
0.043930
0.049142
0.047902
0.047607
0.042004
0.044497
0.042362
0.064280
0.042106
0.041488
0.041212
0.042225
0.040786
0.041441
0.040836
0.042483
0.055626
0.041079
0.052790
0.042114
0.054054
0.041631
0.062024
0.041523
0.041785
0.041731
0.042547
0.041974
0.042751
0.042531
0.043889
0.042034
0.042800
0.044937
0.043194
0.042434
0.042096
0.043280
0.042884
0.042062
0.041399
0.042737
0.050138
0.041662
0.046837
0.041411
0.059837
0.096275
0.041191
0.040687
0.042175
0.041263
0.041659
0.042053
0.040888
0.041459
0.051212
0.041133
0.058165
0.041940
0.054713
0.041330
0.058299
0.040504
0.040426
0.042464
0.062958
0.041691
0.042887
0.040298
0.041196
0.040665
0.042215
0.041400
0.042016
0.052959
0.042458
0.061082
0.040223
0.049852
0.040738
0.045658
0.046261
0.054867
0.041861
0.040699
0.040256
0.040529
0.040482
0.041169
0.048604
0.040842
0.057190
0.040731
0.054678
0.041860
0.051534
0.041253
0.044679
0.040125
0.041165
0.041015
0.045480
0.041024
0.040341
0.051897
0.041183
0.053954
0.040435
0.058274
0.039974
0.040715
0.041408
0.040772
0.039850
0.039909
0.042860
0.040186
0.058427
0.038953
0.040466
0.039564
0.049556
0.039355
0.040502
0.039269
0.039870
0.056887
0.040300
0.043767
0.039548
0.039837
0.039217
0.039613
0.042421
0.039574
0.051714
0.039601
0.039812
0.039631
0.040271
0.039659
0.045374
0.043648
0.041062
0.038824
0.040545
0.039893
0.039911
0.041858
0.052913
0.040108
0.051013
0.040563
0.040765
0.041624
0.041325
0.041765
0.041287
0.043231
0.042439
0.052890
0.046907
0.046872
0.042145
0.042809
0.041623
0.040500
0.040433
0.041213
0.040417
0.040251
0.060692
0.041645
0.044428
0.042344
0.041753
0.042209
0.041330
0.041404
0.041577
0.045351
0.046214
0.046237
0.043549
0.075266
0.079751
0.041079
0.052906
0.041242
0.056936
0.042178
0.054579
0.041443
0.050539
0.041656
0.058665
0.041787
0.051883
0.041720
0.056214
0.041236
0.055597
0.040547
0.041454
0.041554
0.041763
0.040720
0.041089
0.041638
0.040822
0.055102
0.099159
0.041529
0.053647
0.042466
0.053630
0.041964
0.052106
0.040674
0.040764
0.040829
0.046776
0.041266
0.040789
0.040306
0.041806
0.054757
0.041318
0.052163
0.040359
0.044070
0.040748
0.040297
0.040480
0.041181
0.040244
0.040625
0.058708
0.040543
0.046026
0.040687
0.047143
0.040439
0.040398
0.039867
0.040469
0.046970
0.040080
0.059139
0.040490
0.052993
0.039933
0.040396
0.039708
0.040418
0.039958
0.040835
0.047372
0.040024
0.059428
0.042858
0.057421
0.040240
0.040550
0.041057
0.043060
0.039598
0.040160
0.039378
0.041027
0.052101
0.040262
0.055577
0.039292
0.039867
0.040041
0.040650
0.039388
0.040735
0.047601
0.039835
0.045060
0.040509
0.039931
0.043335
0.041694
0.042711
0.041893
0.042429
0.042283
0.056014
0.041473
0.042246
0.041669
0.041676
0.042970
0.044567
0.041871
0.041553
0.041343
0.041916
0.047252
0.041602
0.041238
0.042009
0.042884
0.041899
0.048413
0.049041
0.041997
0.054317
0.044603
0.051140
0.041257
0.044571
0.041116
0.041579
0.041399
0.042245
0.041902
0.041786
0.056063
0.041530
0.041415
0.042192
0.041994
0.041419
0.044126
0.041809
0.042424
0.041871
0.040904
0.047333
0.043947
0.040349
0.041420
0.042034
0.046920
0.042058
0.043694
0.043739
0.055897
0.042454
0.047575
0.042410
0.051168
0.041875
0.057432
0.043052
0.066590
0.085766
0.041233
0.040843
0.040729
0.041424
0.041326
0.042358
0.041515
0.040855
0.053121
0.040896
0.046405
0.040334
0.041090
0.042584
0.041923
0.041665
0.040862
0.047622
0.040660
0.041022
0.042093
0.040665
0.041645
0.040275
0.043487
0.040359
0.041648
0.041813
0.041075
0.041080
0.046762
0.041215
0.040949
0.045679
0.041553
0.040738
0.040616
0.040694
0.040594
0.041088
0.047237
0.039485
0.040864
0.040820
0.041115
0.041217
0.042095
0.045137
0.041091
0.052189
0.046490
0.041107
0.041028
0.041566
0.041098
0.040503
0.041165
0.040459
0.060514
0.041479
0.041799
0.041534
0.046814
0.042737
0.043134
0.043143
0.042412
0.041126
0.041903
0.054136
0.048017
0.048025
0.042523
0.053256
0.042838
0.043974
0.044213
0.043009
0.040400
0.041017
0.040478
0.041616
0.050549
0.040858
0.046625
0.041387
0.044000
0.042786
0.039749
0.040897
0.046077
0.040104
0.042528
0.051229
0.040854
0.048083
0.043773
0.046877
0.042549
0.042747
0.040739
0.042077
0.041834
0.039221
0.056422
0.041922
0.040371
0.039987
0.040924
0.044951
0.044439
0.038793
0.039924
0.051631
0.039754
0.041926
0.042899
0.041874
0.041913
0.042966
0.039617
0.042880
0.052514
0.039112
0.048834
0.045025
0.040090
0.040521
0.041980
0.040225
0.046441
0.042917
0.039850
0.040785
0.039829
0.041062
0.040507
0.040366
0.047617
0.100280
0.040739
0.045075
0.040384
0.039183
0.040709
0.040057
0.040912
0.040097
0.053196
0.040524
0.045339
0.040288
0.040987
0.043111
0.041242
0.039171
0.040731
0.053895
0.040420
0.050221
0.040649
0.039263
0.040750
0.040156
0.041454
0.039345
0.047510
0.038738
0.055966
0.040113
0.045515
0.040109
0.040652
0.040135
0.041244
0.043989
0.039856
0.046166
0.042306
0.040419
0.041263
0.044214
0.038728
0.041074
0.047543
0.039064
0.040803
0.041111
0.041373
0.039193
0.044801
0.042696
0.040970
0.039334
0.040404
0.040060
0.040733
0.040169
0.045168
0.039756
0.039970
0.040826
0.041838
0.042331
0.042314
0.041443
0.043908
0.050259
0.041032
0.042213
0.046954
0.041281
0.129071
0.039204
0.039567
0.038736
0.039518
0.039176
0.040133
0.042428
0.038698
0.039045
0.038956
0.038966
0.039048
0.039132
0.044221
0.044097
0.039974
0.039134
0.044655
0.039169
0.039352
0.052893
0.038624
0.043103
0.038619
0.039665
0.041039
0.039110
0.049253
0.039988
0.039726
0.040878
0.040084
0.039161
0.039899
0.047891
0.038494
0.038271
0.050492
0.039940
0.039003
0.039641
0.039048
0.039795
0.038845
0.039701
0.038791
0.039940
0.038983
0.050905
0.040195
0.038949
0.039164
0.038473
0.039454
0.039057
0.057088
0.038571
0.043832
0.040125
0.039005
0.041797
0.038959
0.045818
0.038777
0.039493
0.041714
0.041507
0.039559
0.039349
0.046983
0.039481
0.040203
0.039889
0.041141
0.039507
0.040457
0.039618
0.044881
0.040950
0.041255
0.039794
0.039927
0.039062
0.039175
0.040086
0.039955
0.043605
0.038342
0.040544
0.040021
0.041422
0.042731
0.040967
0.041090
0.040613
0.042820
0.040818
0.053365
0.040963
0.045562
0.054357
0.055022
0.041336
0.041669
0.044770
0.041510
0.042808
0.041585
0.041029
0.042103
0.044138
0.041036
0.043239
0.042971
0.042470
0.045624
0.042568
0.052633
0.041453
0.041263
0.042762
0.044535
0.039827
0.045048
0.039913
0.041370
0.043420
0.039903
0.044657
0.040264
0.039832
0.041003
0.040611
0.042959
0.041176
0.041366
0.040807
0.057896
0.040472
0.040404
0.042417
0.039315
0.040300
0.040136
0.039390
0.040662
0.048470
0.039834
0.040491
0.041283
0.042703
0.042306
0.041450
0.045939
0.039446
0.059105
0.041171
0.047443
0.041085
0.041332
0.040700
0.040845
0.043413
0.040394
0.046857
0.040777
0.054173
0.041882
0.039963
0.041037
0.042230
0.040643
0.040868
0.047655
0.039847
0.054081
0.038936
0.046812
0.042748
0.041173
0.041836
0.042976
0.040736
0.043026
0.045727
0.040709
0.058317
0.041056
0.054743
0.104669
0.101919
0.189349
0.046339
0.047683
0.040585
0.045088
0.040936
0.067040
0.102952
0.100610
0.190980
0.106924
0.102334
0.179553
0.108049
0.107071
0.175780
0.110145
0.104632
0.099459
0.184958
0.106533
0.106531
0.176480
0.114461
0.115091
0.083159
0.093091
0.110694
0.088748
0.042571
0.051319
0.041222
0.053780
0.043582
0.043787
0.118120
0.089508
0.042589
0.049714
0.042199
0.053418
0.042150
0.057814
0.047674
0.051724
0.043321
0.055029
0.110962
0.190289
0.042169
0.050663
0.043328
0.046527
0.043597
0.053482
0.043209
0.043805
0.042927
0.043339
0.042681
0.043367
0.042622
0.043222
0.043360
0.042033
0.045733
0.050921
0.045964
0.042443
0.043249
0.042844
0.042831
0.042740
0.042608
0.042218
0.043465
0.049837
0.043813
0.042444
0.043522
0.043582
0.043112
0.043268
0.047315
0.040679
0.042857
0.047476
0.048173
0.040026
0.040657
0.041753
0.040012
0.040360
0.041286
0.045035
0.041427
0.042998
0.041701
0.054258
0.042233
0.041297
0.041904
0.042917
0.041748
0.042009
0.046090
0.047839
0.042040
0.042242
0.050419
0.041437
0.041820
0.042680
0.043234
0.041315
0.042665
0.045213
0.042800
0.041951
0.043267
0.053066
0.041996
0.047757
0.041825
0.042491
0.041814
0.047264
0.046654
0.042835
0.041614
0.042421
0.043479
0.041627
0.050572
0.041353
0.040915
0.042291
0.041930
0.046309
0.041923
0.042699
0.041378
0.045576
0.043580
0.046441
0.040234
0.047607
0.043976
0.041896
0.041255
0.041761
0.041911
0.041872
0.046751
0.040810
0.052111
0.041333
0.042610
0.041435
0.041163
0.042524
0.041600
0.041913
0.041669
0.045590
0.041499
0.064500
0.042451
0.041993
0.041636
0.041866
0.042407
0.043369
0.043920
0.040195
0.043711
0.040753
0.045173
0.040971
0.040724
0.041762
0.040588
0.041106
0.040916
0.053612
0.041516
0.046600
0.041467
0.040787
0.040972
0.041329
0.040200
0.041665
0.049074
0.041237
0.040699
0.040602
0.045434
0.037788
0.040326
0.039196
0.039502
0.040333
0.039799
0.040591
0.045397
0.045180
0.040067
0.039550
0.042756
0.040488
0.038656
0.039712
0.040202
0.040159
0.039485
0.038847
0.040312
0.038673
0.041224
0.039587
0.042644
0.040879
0.038309
0.038651
0.041468
0.049265
0.040541
0.039748
0.039205
0.039077
0.039865
0.038423
0.044100
0.041527
0.044090
0.040042
0.038853
0.040011
0.040351
0.044777
0.040805
0.045679
0.040129
0.041239
0.040158
0.046636
0.039798
0.041096
0.050023
0.040492
0.045207
0.039768
0.041503
0.039101
0.040368
0.039888
0.041159
0.054931
0.040141
0.053905
0.039575
0.040878
0.039395
0.040882
0.039820
0.046530
0.044575
0.040933
0.051042
0.040022
0.039733
0.041042
0.040097
0.040200
0.040612
0.052780
0.044413
0.044977
0.039978
0.039919
0.040361
0.039483
0.040361
0.039682
0.052730
0.045885
0.039736
0.039876
0.040655
0.038680
0.044063
0.040042
0.039835
0.043783
0.040880
0.039110
0.041121
0.039444
0.044105
0.040326
0.044490
0.043568
0.040645
0.040447
0.040716
0.048866
0.039074
0.046288
0.038522
0.058652
0.041027
0.039727
0.041848
0.039865
0.039695
0.040399
0.042454
0.039882
0.039452
0.041233
0.039294
0.040054
0.039686
0.049194
0.043486
0.045794
0.040144
0.040736
0.040857
0.039831
0.041578
0.040830
0.049068
0.039602
0.059105
0.044667
0.044222
0.039911
0.040493
0.043138
0.039282
0.045860
0.040876
0.042189
0.040364
0.045213
0.040123
0.042556
0.040160
0.039687
0.041440
0.039527
0.040527
0.041871
0.041159
0.040814
0.040970
0.040740
0.040251
0.058084
0.040474
0.046667
0.040812
0.040358
0.041823
0.045499
0.040943
0.041109
0.044141
0.042849
0.041777
0.040603
0.040623
0.040975
0.041707
0.041633
0.043934
0.048355
0.040748
0.058265
0.040622
0.041957
0.042358
0.041285
0.042162
0.047707
0.041054
0.041589
0.044164
0.041010
0.043060
0.041098
0.041003
0.040024
0.041223
0.040246
0.042148
0.043380
0.040157
0.040430
0.040985
0.042231
0.042255
0.047577
0.041437
0.048743
0.049703
0.040674
0.047672
0.041945
0.043903
0.041557
0.041389
0.041715
0.044811
0.040991
0.042648
0.054518
0.041712
0.042947
0.041218
0.040845
0.041983
0.041023
0.044759
0.057482
0.041501
0.042489
0.041326
0.040874
0.049004
0.041526
0.040065
0.042032
0.042666
0.046600
0.042950
0.040286
0.043527
0.046013
0.040720
0.040251
0.045232
0.042168
0.041385
0.049185
0.042844
0.040287
0.040498
0.041444
0.040457
0.041515
0.040303
0.041754
0.039478
0.040603
0.043916
0.055169
0.042007
0.045658
0.040792
0.041380
0.040468
0.041343
0.040626
0.045942
0.043903
0.041101
0.044598
0.044727
0.040595
0.041916
0.040474
0.041008
0.041053
0.050266
0.041345
0.052319
0.040249
0.043718
0.042512
0.040145
0.040292
0.042273
0.040113
0.046603
0.047671
0.042911
0.053709
0.041065
0.047691
0.046831
0.040891
0.042209
0.041091
0.042266
0.041593
0.042011
0.041345
0.042114
0.040946
0.041127
0.042126
0.046223
0.041857
0.046188
0.045696
0.041486
0.042832
0.041938
0.041159
0.042112
0.077337
0.041522
0.040041
0.041456
0.041118
0.040519
0.044664
0.040236
0.040135
0.047972
0.040421
0.040555
0.041094
0.048281
0.041116
0.041264
0.041989
0.040470
0.052334
0.041191
0.040125
0.041068
0.040467
0.041030
0.040218
0.041143
0.040707
0.040381
0.041906
0.040695
0.040808
0.042233
0.042302
0.046930
0.040532
0.040271
0.040584
0.041387
0.040395
0.041047
0.040680
0.052644
0.041368
0.040320
0.040765
0.041734
0.041904
0.041569
0.041465
0.040894
0.053303
0.041218
0.046991
0.046483
0.041555
0.042342
0.040389
0.041023
0.043302
0.041820
0.040853
0.050991
0.040923
0.040212
0.041041
0.042113
0.041133
0.041874
0.041171
0.039979
0.040876
0.040558
0.041398
0.049330
0.041258
0.043513
0.043117
0.044167
0.042206
0.051398
0.043734
0.041755
0.041312
0.041414
0.041429
0.040807
0.040600
0.042626
0.042337
0.042504
0.040699
0.041812
0.015792
0.054715
0.040149
0.039922
0.040788
0.040126
0.041148
0.040780
0.047250
0.040489
0.039918
0.040355
0.041098
0.039456
