2.311905
0.053095
0.038379
0.037728
0.038338
0.037920
0.039279
0.039080
0.038654
0.038228
0.050853
0.038897
0.046789
0.039121
0.039910
0.037751
0.039329
0.038489
0.038331
0.039289
0.043384
0.038787
0.038823
0.049404
0.038115
0.046592
0.037555
0.038477
0.038544
0.043337
0.036866
0.039004
0.039244
0.037481
0.039393
0.037899
0.050405
0.037703
0.045571
0.039490
0.043912
0.038195
0.038430
0.038619
0.038899
0.038271
0.038008
0.040544
0.037883
0.042968
0.038323
0.074342
0.083991
0.039672
0.046046
0.037203
0.048701
0.039737
0.042105
0.042858
0.050900
0.041419
0.040683
0.041448
0.041389
0.039740
0.040138
0.040668
0.040287
0.040926
0.040054
0.039900
0.040550
0.040605
0.039404
0.053219
0.040546
0.041154
0.040132
0.048864
0.045303
0.042392
0.040778
0.040915
0.040006
0.040375
0.040442
0.040973
0.040829
0.040683
0.040930
0.041101
0.044039
0.039592
0.046638
0.040511
0.040688
0.040680
0.043794
0.041311
0.046772
0.040685
0.040880
0.040845
0.041291
0.040674
0.041433
0.041270
0.039913
0.040302
0.041103
0.050252
0.040008
0.046300
0.039243
0.045245
0.040662
0.040863
0.041062
0.041029
0.046553
0.039485
0.041301
0.041369
0.040259
0.040591
0.039375
0.040345
0.044520
0.040483
0.043895
0.040424
0.046340
0.040348
0.040656
0.041265
0.040829
0.041121
0.041402
0.040840
0.046507
0.041455
0.041526
0.040348
0.040530
0.040287
0.041329
0.044268
0.040577
0.051254
0.040130
0.040840
0.040887
0.044551
0.041265
0.041468
0.040810
0.041712
0.041394
0.040769
0.045981
0.041301
0.040813
0.041061
0.045157
0.040057
0.040391
0.041158
0.044099
0.040540
0.040742
0.041587
0.041005
0.040688
0.042010
0.040845
0.040488
0.041291
0.039727
0.040307
0.046562
0.041152
0.041068
0.058858
0.082910
0.040686
0.043169
0.040973
0.047322
0.040348
0.041567
0.040339
0.041204
0.041693
0.039021
0.040895
0.042112
0.041478
0.041446
0.041395
0.047292
0.040139
0.041391
0.042109
0.040592
0.043879
0.041796
0.046838
0.040500
0.046707
0.050012
0.044155
0.041110
0.041419
0.041632
0.040970
0.040622
0.041313
0.040979
0.041359
0.046800
0.041315
0.041760
0.040538
0.041038
0.041224
0.041799
0.041807
0.041779
0.042335
0.042116
0.041235
0.044183
0.040230
0.047661
0.040524
0.040578
0.041504
0.041634
0.041746
0.046862
0.039864
0.041525
0.041703
0.055711
0.040518
0.041066
0.043788
0.040473
0.040699
0.041460
0.041022
0.042057
0.042246
0.041060
0.041624
0.040516
0.042374
0.044730
0.044991
0.046103
0.040686
0.041643
0.041856
0.041849
0.040783
0.043535
0.040164
0.041220
0.042601
0.042590
0.045653
0.045517
0.063783
0.046073
0.042403
0.041005
0.040842
0.042310
0.041004
0.048187
0.040979
0.040806
0.040892
0.045206
0.050548
0.040929
0.041030
0.040785
0.041493
0.041735
0.041110
0.045915
0.041049
0.041227
0.041281
0.041897
0.041384
0.040817
0.040946
0.053314
0.041535
0.040668
0.042053
0.042004
0.057901
0.042655
0.040626
0.041428
0.041232
0.047697
0.040500
0.049323
0.039971
0.041680
0.041810
0.040897
0.040665
0.048461
0.040250
0.046761
0.041833
0.040691
0.044600
0.039285
0.040685
0.040671
0.041163
0.042332
0.041633
0.040704
0.041375
0.040465
0.046707
0.043257
0.041431
0.042537
0.041689
0.042765
0.041989
0.047371
0.041736
0.044728
0.047197
0.041238
0.043446
0.044283
0.042457
0.044400
0.044076
0.044415
0.042825
0.042674
0.041299
0.045292
0.042212
0.040756
0.041366
0.041619
0.041358
0.052515
0.041959
0.042923
0.041762
0.042855
0.043445
0.044076
0.041732
0.042202
0.042070
0.043279
0.041668
0.043993
0.042401
0.042184
0.044299
0.042568
0.042831
0.047352
0.042006
0.048232
0.040493
0.042201
0.042797
0.042841
0.041942
0.042306
0.042532
0.042091
0.042715
0.044791
0.040960
0.041563
0.042472
0.041866
0.042472
0.042275
0.046611
0.065743
0.041793
0.047934
0.042084
0.041197
0.041728
0.041987
0.042464
0.042356
0.044891
0.041562
0.041929
0.042210
0.043587
0.041823
0.041623
0.041777
0.042119
0.042369
0.042508
0.042108
0.042402
0.048272
0.045117
0.040579
0.040375
0.040536
0.043471
0.039416
0.040881
0.042143
0.050679
0.041219
0.040938
0.040178
0.042609
0.040386
0.040526
0.041477
0.044214
0.052776
0.051347
0.046793
0.043418
0.040005
0.040734
0.040746
0.040468
0.041579
0.041477
0.039913
0.040780
0.041329
0.041612
0.042574
0.042449
0.043189
0.042292
0.044520
0.040288
0.046841
0.041314
0.050649
0.040112
0.041569
0.042063
0.149930
0.099855
0.155939
0.143474
0.096167
0.082375
0.047030
0.050300
0.041102
0.054583
0.075688
0.040917
0.044485
0.040509
0.040543
0.041503
0.047857
0.041026
0.040860
0.040732
0.040322
0.040062
0.040547
0.041089
0.040490
0.041045
0.039784
0.040263
0.039271
0.044341
0.039149
0.039311
0.039786
0.039778
0.039373
0.040015
0.045235
0.039965
0.039939
0.039497
0.039500
0.040773
0.039295
0.038915
0.039543
0.040212
0.040711
0.039093
0.040037
0.039324
0.041487
0.040129
0.040500
0.042590
0.039226
0.039687
0.045546
0.039586
0.040248
0.039363
0.039731
0.039219
0.039364
0.040425
0.042003
0.039073
0.039653
0.040253
0.039577
0.039432
0.039631
0.040365
0.040115
0.040155
0.040163
0.044282
0.044887
0.043353
0.038513
0.039151
0.038888
0.039506
0.039613
0.039654
0.039687
0.039483
0.039740
0.040235
0.039681
0.039258
0.040025
0.039877
0.039467
0.039193
0.039522
0.040438
0.044905
0.039539
0.040539
0.039606
0.039757
0.039742
0.039726
0.039606
0.039817
0.039989
0.039845
0.040955
0.043926
0.039536
0.039744
0.039949
0.039978
0.041034
0.039918
0.039948
0.045522
0.040351
0.040150
0.040372
0.040509
0.043308
0.039113
0.040303
0.039645
0.039631
0.040212
0.040670
0.040528
0.039485
0.039423
0.040433
0.040256
0.040022
0.039571
0.040850
0.045346
0.039677
0.040425
0.040243
0.039600
0.039660
0.039522
0.040701
0.040248
0.044425
0.040019
0.039559
0.039473
0.039734
0.039652
0.040287
0.039977
0.039624
0.039355
0.040798
0.047895
0.039255
0.039986
0.039762
0.039751
0.039524
0.038535
0.039883
0.046896
0.040154
0.040167
0.040836
0.041261
0.040618
0.039977
0.048355
0.040124
0.040578
0.039310
0.040024
0.046112
0.039398
0.039672
0.039690
0.040965
0.040281
0.040269
0.039719
0.043808
0.039045
0.039709
0.040100
0.040665
0.040146
0.039875
0.039232
0.040838
0.040048
0.039582
0.055485
0.045618
0.040656
0.041044
0.040709
0.040277
0.048471
0.039806
0.039524
0.040335
0.039713
0.039346
0.039339
0.039136
0.040109
0.040796
0.040345
0.044160
0.039325
0.039779
0.039505
0.046329
0.039654
0.040187
0.039425
0.039807
0.039633
0.039767
0.039892
0.040178
0.042680
0.039597
0.039544
0.039343
0.039182
0.040536
0.039437
0.039461
0.039382
0.039063
0.040196
0.045205
0.039219
0.040001
0.039671
0.039108
0.039655
0.039550
0.040156
0.039602
0.040005
0.040317
0.039728
0.039582
0.041009
0.040586
0.039885
0.039801
0.040002
0.039836
0.039674
0.045674
0.040005
0.043060
0.040378
0.039645
0.039527
0.039505
0.040932
0.039900
0.041236
0.039937
0.039225
0.040819
0.040075
0.040025
0.041240
0.039579
0.040240
0.040356
0.040370
0.048141
0.040899
0.039865
0.039769
0.041358
0.039882
0.040849
0.039809
0.047145
0.039991
0.039855
0.042383
0.039020
0.039788
0.039764
0.040170
0.039731
0.041249
0.040348
0.040344
0.045312
0.042664
0.039196
0.039321
0.039918
0.042067
0.039981
0.039709
0.039732
0.039875
0.041009
0.039935
0.039985
0.039576
0.039692
0.039930
0.041796
0.042078
0.041828
0.041343
0.046530
0.040834
0.043501
0.041396
0.041627
0.041558
0.040983
0.041435
0.042190
0.042395
0.041202
0.049033
0.041251
0.043710
0.041020
0.040667
0.041578
0.050673
0.044615
0.041961
0.047640
0.041645
0.042285
0.051769
0.041908
0.042514
0.042504
0.042180
0.043963
0.041854
0.042372
0.042489
0.042509
0.042284
0.042322
0.041875
0.042095
0.043271
0.046209
0.042073
0.046913
0.040458
0.041693
0.042423
0.041372
0.041924
0.041512
0.041616
0.040854
0.041411
0.041637
0.040714
0.041723
0.042441
0.045719
0.043512
0.070342
0.053233
0.042307
0.041983
0.047331
0.042274
0.042141
0.042588
0.044299
0.042119
0.049555
0.041010
0.040851
0.043747
0.041308
0.040768
0.040695
0.040654
0.041283
0.041167
0.040719
0.040858
0.041321
0.041543
0.047299
0.040735
0.040998
0.047413
0.040191
0.039088
0.040610
0.042884
0.039716
0.039527
0.040474
0.039731
0.039652
0.039697
0.039367
0.040075
0.044779
0.039376
0.038826
0.039250
0.046330
0.039769
0.040255
0.039893
0.039855
0.039904
0.039902
0.040426
0.039565
0.039516
0.039960
0.016438
0.015640
0.015337
0.015518
0.060277
0.015693
0.015204
0.058715
0.039942
0.046911
0.015713
0.059462
0.016347
0.015444
0.068022
0.017223
0.015405
0.053425
0.015720
0.015455
0.054587
0.041075
0.072979
0.039569
0.039900
0.039848
0.039217
0.039487
0.040614
0.045683
0.039917
0.039336
0.039706
0.039386
0.040622
0.048052
0.038651
0.039593
0.039299
0.039603
0.039760
0.039524
0.040255
0.041281
0.039620
0.043995
0.041729
0.039856
0.042093
0.044661
0.039258
0.039741
0.039534
0.039782
0.040773
0.039695
0.039871
0.039968
0.040107
0.040941
0.040211
0.044144
0.040124
0.039450
0.039983
0.040209
0.039856
0.040190
0.040242
0.044812
0.041033
0.040422
0.039453
0.040336
0.040967
0.050405
0.040946
0.040378
0.041097
0.040374
0.041727
0.040387
0.040330
0.041909
0.041900
0.041650
0.041345
0.040166
0.040665
0.048477
0.041058
0.041262
0.041708
0.040308
0.041759
0.045043
0.039755
0.041363
0.042013
0.041916
0.042114
0.042417
0.041958
0.040996
0.040411
0.042160
0.041854
0.042715
0.042257
0.046603
0.041262
0.041092
0.041846
0.041514
0.041088
0.041718
0.046639
0.040723
0.042354
0.041775
0.041719
0.041424
0.042038
0.040538
0.040490
0.040365
0.041171
0.041629
0.042058
0.047442
0.041511
0.040520
0.041345
0.040283
0.042103
0.043734
0.041651
0.048643
0.039872
0.040890
0.042620
0.040364
0.041516
0.040899
0.041864
0.040339
0.040053
0.041867
0.041817
0.047163
0.041742
0.041992
0.042228
0.041319
0.041365
0.041347
0.043825
0.041628
0.047518
0.039577
0.041364
0.042237
0.041726
0.042269
0.042160
0.041416
0.040616
0.041749
0.042120
0.047031
0.041909
0.041406
0.042363
0.041777
0.041718
0.041974
0.042553
0.040488
0.041806
0.047922
0.040454
0.042092
0.040111
0.040371
0.039770
0.040510
0.040042
0.040911
0.040005
0.045977
0.040006
0.040420
0.040031
0.044927
0.040375
0.039225
0.039928
0.039872
0.040087
0.039595
0.039485
0.039935
0.040114
0.040382
0.040316
0.039910
0.040171
0.040177
0.040306
0.045128
0.107455
0.040621
0.043323
0.040426
0.040521
0.041126
0.040393
0.040850
0.040573
0.039945
0.039666
0.039338
0.040792
0.040066
0.039216
0.039534
0.039602
0.040510
0.039899
0.046592
0.039657
0.041306
0.040666
0.041204
0.040063
0.040270
0.040247
0.047764
0.044626
0.042615
0.039551
0.040763
0.044844
0.041506
0.044971
0.039784
0.039983
0.040865
0.041218
0.046267
0.041265
0.041060
0.040971
0.040567
0.040994
0.041204
0.041322
0.041390
0.040015
0.039975
0.040362
0.047423
0.040075
0.039096
0.040458
0.040865
0.040299
0.040538
0.042146
0.045484
0.040039
0.040267
0.040184
0.039907
0.039791
0.039840
0.040806
0.040186
0.039931
0.040203
0.039814
0.040367
0.040165
0.040272
0.040308
0.040140
0.039799
0.044435
0.040118
0.046441
0.040485
0.040157
0.040866
0.039940
0.040589
0.041240
0.040383
0.040306
0.040318
0.040516
0.040221
0.040862
0.039624
0.039178
0.039796
0.040487
0.041953
0.041239
0.040644
0.045351
0.040065
0.040449
0.040868
0.041005
0.040477
0.039447
0.040795
0.044023
0.040177
0.041283
0.040305
0.039082
0.040822
0.041322
0.038579
0.040211
0.039249
0.038832
0.039683
0.045743
0.039544
0.039669
0.047635
0.038624
0.039068
0.041409
0.040638
0.040167
0.039547
0.039728
0.039146
0.039824
0.040055
0.040100
0.039753
0.049421
0.040074
0.039108
0.039147
0.045252
0.039725
0.039708
0.039289
0.039513
0.040424
0.039443
0.039060
0.039350
0.047449
0.039266
0.039275
0.039493
0.041567
0.039882
0.040165
0.039624
0.040055
0.041604
0.039856
0.045526
0.039854
0.039514
0.039546
0.046972
0.039356
0.039716
0.050986
0.040191
0.039171
0.039244
0.040612
0.039230
0.039386
0.039460
0.040819
0.038544
0.039719
0.039393
0.039426
0.046893
0.040455
0.040637
0.039409
0.039913
0.039973
0.040600
0.039167
0.039860
0.039929
0.042731
0.040167
0.040421
0.039747
0.039856
0.039463
0.039677
0.039382
0.041080
0.040023
0.045105
0.040301
0.040573
0.039904
0.039903
0.039552
0.040799
0.039975
0.039728
0.040080
0.039686
0.040782
0.040205
0.039980
0.039769
0.039900
0.040133
0.040458
0.039358
0.039575
0.045315
0.039917
0.039637
0.039764
0.040662
0.039951
0.039581
0.039780
0.040058
0.040919
0.040071
0.039833
0.039827
0.039401
0.040646
0.040113
0.040109
0.039381
0.039597
0.039279
0.046682
0.039160
0.040895
0.039907
0.039921
0.039702
0.039894
0.039630
0.046252
0.038861
0.040172
0.041195
0.040042
0.043270
0.039719
0.039814
0.039965
0.040317
0.040872
0.039702
0.045644
0.039779
0.040002
0.040376
0.039803
0.039690
0.043514
0.040048
0.039961
0.040050
0.039729
0.040104
0.039518
0.040850
0.040297
0.040001
0.039778
0.039604
0.039540
0.043830
0.047787
0.043322
0.040570
0.040556
0.039975
0.039850
0.039661
0.040416
0.041352
0.040184
0.039982
0.039859
0.040263
0.040308
0.044630
0.039675
0.040958
0.040377
0.040716
0.039500
0.045223
0.039552
0.040028
0.040615
0.041393
0.040075
0.042487
0.040480
0.040015
0.045261
0.039573
0.043676
0.040269
0.040279
0.040393
0.041437
0.041113
0.040743
0.040403
0.040496
0.048454
0.039833
0.041547
0.040633
0.039382
0.040659
0.044275
0.039544
0.039513
0.040897
0.040200
0.040009
0.040258
0.039600
0.040709
0.040911
0.040821
0.042921
0.040767
0.043072
0.045763
0.044285
0.041090
0.041510
0.040621
0.039722
0.041960
0.039796
0.039636
0.040532
0.040606
0.041348
0.040468
0.041253
0.041503
0.041464
0.039279
0.039996
0.040035
0.038497
0.046509
0.040376
0.040616
0.040804
0.040414
0.040391
0.039542
0.040130
0.040293
0.046091
0.040278
0.041228
0.039909
0.040735
0.043254
0.040936
0.041015
0.044505
0.040568
0.039982
0.047734
0.040157
0.041463
0.043123
0.041460
0.039228
0.043707
0.040743
0.048893
0.040185
0.041997
0.042708
0.044084
0.041496
0.042416
0.049608
0.046810
0.042371
0.043044
0.043100
0.048791
0.042798
0.042830
0.041904
0.043929
0.042578
0.043304
0.042865
0.043272
0.043240
0.042760
0.043784
0.042435
0.042730
0.041977
0.041585
0.041695
0.041607
0.042620
0.042619
0.047327
0.042171
0.042927
0.042609
0.042347
0.043056
0.042993
0.043982
0.043622
0.042525
0.042233
0.045645
0.041024
0.041050
0.041897
0.042654
0.042973
0.044178
0.042520
0.043503
0.049134
0.043037
0.043016
0.043351
0.042969
0.043318
0.042706
0.041252
0.040982
0.042439
0.042726
0.041686
0.042344
0.042143
0.041816
0.041857
0.042632
0.040371
0.041200
0.041326
0.050640
0.041647
0.043152
0.042207
0.042453
0.043033
0.042205
0.044850
0.047368
0.039275
0.040837
0.040389
0.040954
0.040770
0.039631
0.040314
0.040408
0.039727
0.039522
0.039155
0.044765
0.039121
0.039947
0.040262
0.039612
0.039606
0.039600
0.039716
0.040225
0.040335
0.041329
0.040374
0.049032
0.039944
0.041307
0.042036
0.040174
0.040337
0.040676
0.042805
0.045996
0.040254
0.040503
0.040275
0.041239
0.041415
0.042384
0.041030
0.040921
0.040641
0.039658
0.040213
0.040633
0.041603
0.040449
0.040160
0.040594
0.040590
0.040475
0.040790
0.048108
0.039505
0.043579
0.040104
0.040076
0.040432
0.039939
0.040740
0.040875
0.040559
0.040285
0.042349
0.042081
0.040411
0.040458
0.042817
0.040688
0.040188
0.039919
0.040251
0.046034
0.040339
0.039973
0.041372
0.040926
0.040426
0.040348
0.040478
0.039980
0.040383
0.040130
0.039791
0.040457
0.040150
0.041004
0.040400
0.040727
0.040546
0.040458
0.040637
0.046895
0.040269
0.040803
0.041412
0.040465
0.040259
0.040449
0.040615
0.040132
0.041246
0.040379
0.040835
0.040124
0.040971
0.040140
0.041218
0.040385
0.040631
0.040376
0.040663
0.046455
0.040475
0.040311
0.040557
0.041296
0.041796
0.040957
0.040668
0.040761
0.044503
0.040119
0.041008
0.040618
0.040394
0.040862
0.040663
0.040540
0.040245
0.040777
0.040572
0.046485
0.040568
0.040122
0.041183
0.043269
0.066389
0.039486
0.039775
0.039117
0.040331
0.040020
0.039754
0.046477
0.039129
0.040554
0.038610
0.039695
0.039048
0.039126
0.039439
0.045294
0.038893
0.038858
0.038948
0.040776
0.040281
0.039788
0.039076
0.038960
0.040092
0.039461
0.039075
0.042792
0.085598
0.039440
0.038456
0.038649
0.039835
0.039841
0.038805
0.043643
0.038098
0.038185
0.038106
0.043159
0.039020
0.038432
0.039500
0.038553
0.038585
0.038299
0.038067
0.038901
0.043527
0.038790
0.038368
0.038210
0.038144
0.039095
0.038247
0.043960
0.038270
0.038527
0.038385
0.038977
0.038756
0.039284
0.038694
0.038532
0.039173
0.038331
0.041464
0.038498
0.039444
0.038574
0.038393
0.038880
0.038421
0.038122
0.039322
0.048287
0.038620
0.038719
0.038775
0.039468
0.040183
0.038728
0.038481
0.039132
0.038407
0.038656
0.049330
0.039720
0.038761
0.038501
0.039098
0.038493
0.038708
0.039170
0.038551
0.046990
0.040155
0.038893
0.038946
0.039803
0.038892
0.039679
0.039043
0.038507
0.041642
0.039169
0.039807
0.039176
0.042295
0.039646
0.039070
0.039010
0.039839
0.039501
0.040630
0.046474
0.038939
0.039801
0.039946
0.040484
0.044075
0.039375
0.039349
0.042509
0.038745
0.039325
0.040128
0.039913
0.039711
0.039585
0.039356
0.039500
0.039679
0.039302
0.038981
0.045307
0.039254
0.039173
0.038910
0.038768
0.038751
0.039010
0.038948
0.039501
0.040174
0.038792
0.038722
0.039074
0.039354
0.039035
0.039207
0.039793
0.038831
0.038882
0.044217
0.044527
0.039248
0.038651
0.041427
0.038563
0.038808
0.038993
0.038325
0.038935
0.038927
0.042614
0.039935
0.041188
0.044564
0.041147
0.041806
0.041801
0.043172
0.042386
0.042624
0.048019
0.042050
0.042816
0.042233
0.043216
0.042872
0.045841
0.040840
0.042711
0.041072
0.043512
0.041352
0.041188
0.041750
0.043000
0.042732
0.041954
0.041973
0.041882
0.042368
0.048231
0.046952
0.047894
0.048544
0.047876
0.048130
0.046997
0.046804
0.046598
0.047646
0.047821
0.048658
0.046695
0.047649
0.050072
0.047576
0.047345
0.046945
0.048248
0.047401
0.055917
0.045143
0.045796
0.045913
0.047836
0.046591
0.045377
0.044999
0.045377
0.046099
0.046129
0.046318
0.045427
0.046101
0.046079
0.047684
0.046054
0.047063
0.046553
0.046661
0.053310
0.046395
0.046644
0.046324
0.046424
0.046710
0.045802
0.045808
0.044833
0.046876
0.044929
0.045934
0.046071
0.045525
0.046033
0.046419
0.044774
0.045515
0.045632
0.046020
0.054152
0.046389
0.045566
0.046400
0.046706
0.045348
0.045578
0.046522
0.047575
0.046668
0.045991
0.045289
0.046199
0.046689
0.045598
0.046411
0.046213
0.045881
0.046355
0.045920
0.052146
0.047025
0.046046
0.046429
0.046005
0.045310
0.045942
0.046326
0.045697
0.045783
0.049793
0.044036
0.045932
0.046484
0.045711
0.045982
0.046291
0.045975
0.047512
0.047611
0.053129
0.046046
0.045634
0.046197
0.047866
0.048177
0.045615
0.049094
0.047438
0.047697
0.047015
0.047555
0.046988
0.049210
0.048659
0.041006
0.041093
0.040976
0.042996
0.039936
0.050637
0.043397
0.040150
0.043069
0.048773
0.038654
0.039169
