518	267	238	140
526	259	224	156
529	261	227	165
536	262	225	159
544	272	212	165
559	273	202	156
572	261	192	172
591	248	175	185
609	249	173	181
621	253	167	173
731	255	180	164
635	257	191	163
640	247	198	183
710	252	210	176
722	248	216	188
735	248	214	165
732	245	227	169
723	240	230	152
690	241	263	158
679	248	300	156
691	257	282	123
695	251	292	146
703	252	306	154
701	261	338	136
701	268	362	133
705	266	392	152
669	267	423	145
692	271	410	151
651	269	453	154
672	283	421	159
684	287	396	149
343	295	389	179
373	296	343	166
701	300	358	146
662	303	358	133
669	304	418	145
648	298	439	146
675	298	431	154
647	296	450	161
635	299	447	158
660	304	445	146
663	308	432	138
681	308	379	147
675	313	372	142
689	315	395	142
655	312	434	150
654	308	425	145
676	311	386	151
638	307	418	134
634	303	424	145
654	308	399	148
615	300	432	134
637	294	413	146
609	289	436	144
630	282	403	162
613	283	413	148
607	289	415	148
587	284	431	134
584	280	437	160
590	287	422	155
597	293	402	143
593	292	390	149
577	294	410	136
552	288	433	158
565	284	408	159
572	284	392	176
570	294	347	160
581	296	298	157
571	292	291	154
570	287	280	152
552	285	286	157
541	275	285	163
539	267	272	175
526	276	288	163
519	271	288	168
505	272	298	161
492	268	300	162
500	265	253	171
491	269	264	175
477	269	274	175
479	280	283	169
474	281	289	161
463	280	305	163
458	284	314	172
474	287	304	163
402	279	336	162
398	288	384	158
382	276	398	161
342	279	401	163
346	268	434	160
299	265	458	170
288	270	533	167
306	258	509	169
270	263	552	160
256	271	590	148
249	256	584	170
236	260	562	166
204	247	546	175
206	273	525	160
221	264	465	166
209	267	450	159
209	282	438	149
176	282	441	139
173	278	442	145
189	276	400	150
166	275	416	153
176	275	376	147
160	278	395	155
143	266	383	148
130	271	389	156
125	268	379	158
116	265	391	144
101	262	392	157
103	269	395	151
88	262	400	153
93	260	397	147
78	266	402	160
74	262	393	143
59	265	411	161
68	263	390	161
61	264	396	155
54	268	392	143
60	259	394	165
46	255	402	151
45	255	393	161
50	251	384	156
29	249	410	173
15	257	421	135
15	259	399	150
2	259	407	140
11	255	383	159
10	261	376	135
6	258	386	152
5	260	383	138
5	258	372	143
8	259	375	153
7	262	379	139
2	265	373	132
0	260	372	152
6	260	361	136
5	262	370	132
4	262	374	132
4	251	368	164
4	249	371	142
2	250	368	142
3	251	365	136
0	247	375	159
6	250	354	140
10	256	369	133
4	253	375	140
8	253	369	151
17	251	382	167
12	254	386	150
5	260	404	141
10	261	410	158
21	261	404	147
31	270	401	147
41	272	393	134
52	272	400	135
47	268	412	133
51	263	393	139
50	261	378	137
49	264	398	137
50	260	381	139
43	264	415	144
59	267	391	153
57	266	388	143
53	267	405	141
71	273	387	140
65	270	410	144
85	268	390	156
93	267	408	151
97	268	393	157
100	267	392	154
110	263	388	160
114	262	388	149
127	269	401	145
134	266	388	142
149	264	396	144
158	269	400	142
173	273	389	127
189	275	394	126
192	269	417	144
213	270	404	138
231	265	412	136
241	267	380	138
258	271	397	138
266	275	380	132
294	267	370	166
296	269	372	144
307	266	362	162
311	271	355	154
324	281	353	145
337	280	307	152
347	286	302	147
362	285	277	157
372	281	279	177
391	285	291	171
440	294	329	160
432	291	379	176
430	295	403	172
473	291	391	176
512	298	359	167
513	293	357	181
534	297	284	185
543	312	285	163
555	299	267	184
567	300	291	176
592	303	290	161
599	306	296	146
620	307	290	160
640	308	295	138
660	295	308	156
689	304	321	127
696	292	287	150
713	293	278	148
727	278	292	155
732	288	280	133
740	287	280	138
752	277	288	158
762	287	289	136
777	289	285	129
801	279	274	148
812	285	280	139
828	286	276	143
834	291	295	142
844	291	298	141
855	290	282	134
856	300	287	131
863	286	296	135
869	285	300	144
885	283	292	143
883	280	280	131
886	277	294	145
881	281	288	133
879	282	297	139
881	288	281	130
875	278	282	136
872	283	289	138
869	267	280	143
859	275	281	133
847	263	282	149
842	275	278	126
830	267	285	130
828	272	292	128
815	267	288	138
812	273	291	125
811	270	288	129
806	262	294	139
805	267	293	135
796	265	295	136
791	272	287	133
786	270	290	133
789	270	289	145
780	268	296	128
784	265	287	140
775	259	286	140
774	263	294	138
773	258	280	145
764	264	300	133
765	265	281	133
751	258	296	139
751	256	283	139
748	250	284	139
746	255	275	140
730	263	283	128
721	254	291	131
715	253	282	143
711	257	277	140
694	254	304	137
693	262	290	126
688	260	291	126
691	253	283	139
690	254	279	144
683	257	274	135
676	263	289	133
669	261	282	137
664	261	296	127
657	263	284	133
652	254	277	149
644	262	279	138
636	272	284	124
637	258	265	148
628	264	270	139
608	255	283	144
610	256	265	139
575	254	270	142
577	245	262	153
588	242	251	164
558	248	268	167
515	238	301	203
500	229	257	230
511	235	290	230
501	247	262	193
504	245	252	208
507	254	270	206
510	257	261	199
514	262	259	201
513	258	249	194
532	259	237	190
444	246	232	213
523	246	234	206
463	233	201	219
566	241	178	208
509	235	220	217
468	228	257	219
480	234	305	222
414	216	377	231
374	219	413	203
364	226	440	203
349	214	459	217
341	208	477	219
345	210	473	203
356	215	464	190
360	214	454	176
360	224	473	183
372	225	459	167
381	233	446	139
369	237	459	136
372	246	460	130
376	238	473	122
394	244	453	135
376	241	457	123
381	248	447	138
378	245	457	129
343	243	496	135
346	243	493	129
365	245	479	141
362	248	498	120
312	240	569	146
352	249	536	135
317	246	602	134
292	246	645	130
278	239	648	143
263	249	661	133
245	241	660	132
237	229	627	132
220	227	637	129
192	213	660	152
169	215	678	149
151	212	682	153
137	203	664	153
117	206	650	162
94	220	647	129
110	227	651	130
52	217	664	131
47	220	692	139
22	210	687	136
17	216	726	140
14	205	751	148
17	201	744	158
8	205	731	165
3	196	705	161
9	207	665	165
16	189	603	150
26	208	574	143
31	203	519	143
35	203	505	152
36	213	502	147
20	207	511	155
6	212	498	150
15	208	522	137
13	217	512	133
11	210	481	120
19	223	460	126
8	217	463	125
8	212	458	142
23	205	429	150
20	205	416	149
13	197	400	151
2	200	401	152
12	199	378	153
12	200	390	140
5	202	397	129
6	201	396	127
11	196	388	135
11	195	392	132
13	186	394	154
17	185	390	155
10	193	411	136
9	191	424	136
18	191	433	150
14	188	431	144
17	184	448	180
16	190	477	134
18	201	493	131
15	196	481	138
27	197	468	141
44	188	457	154
42	189	458	152
25	192	491	138
45	190	484	136
42	184	486	149
48	183	482	148
52	195	491	138
65	187	488	143
64	188	488	134
64	185	490	126
81	178	479	142
87	181	478	145
81	180	502	133
102	187	492	129
109	175	488	144
128	182	474	140
119	185	495	132
125	189	495	128
128	188	496	140
146	195	481	146
142	201	479	134
156	213	501	141
158	208	516	151
159	217	496	147
152	216	496	146
171	217	479	148
164	216	479	137
170	212	472	146
182	210	441	145
186	209	424	135
224	210	448	119
197	205	480	132
205	200	478	134
215	203	468	134
219	202	461	133
224	203	462	129
226	198	452	133
228	204	434	123
226	207	433	115
222	204	437	123
224	203	422	124
230	204	407	120
222	203	400	123
232	205	372	111
236	198	352	113
232	200	363	108
229	197	361	109
240	192	344	114
249	193	324	119
252	190	319	125
280	189	289	123
242	198	303	115
251	201	290	113
247	203	310	110
236	203	306	117
232	203	326	118
218	205	313	111
226	204	308	125
201	209	330	120
192	211	338	123
182	212	356	127
163	211	392	138
144	208	405	145
121	218	437	152
122	232	473	140
110	232	516	146
108	227	544	154
64	227	586	160
58	248	585	126
21	247	638	132
23	242	655	140
6	238	681	151
-3	236	662	147
9	240	565	153
34	255	517	121
28	250	513	130
16	244	535	147
15	240	485	144
19	243	424	127
9	242	433	128
9	232	425	147
16	240	415	139
12	238	407	147
15	237	396	141
13	229	388	145
21	247	398	124
26	245	393	111
34	243	387	118
15	239	393	112
42	247	379	108
55	245	370	106
67	258	360	104
57	252	360	108
73	246	349	111
73	245	344	104
82	254	342	107
86	250	337	105
97	248	332	107
98	243	326	107
124	247	308	110
118	249	303	102
124	252	307	102
125	253	301	97
123	255	320	99
135	251	320	101
139	251	322	111
140	252	317	92
150	254	313	107
157	258	322	74
167	267	318	83
177	261	311	86
177	258	302	85
181	249	300	99
207	254	282	95
213	254	280	89
221	253	283	88
234	258	271	83
231	254	270	85
256	247	261	96
271	252	243	85
285	257	247	92
279	256	241	70
303	256	236	80
304	252	237	84
312	255	227	78
330	261	216	71
348	261	208	68
349	262	217	64
372	270	198	64
389	270	186	61
396	272	189	57
410	285	187	48
416	280	179	52
432	286	174	48
439	283	169	48
446	291	176	45
465	299	183	37
466	299	179	40
455	295	186	45
477	303	177	38
471	293	164	45
482	298	152	38
493	300	145	45
482	293	141	49
495	302	136	35
502	297	148	39
514	292	135	43
530	287	127	47
522	279	133	53
542	306	153	70
355	272	148	72
277	276	136	51
274	285	118	41
276	283	108	43
295	281	89	42
305	275	78	50
304	270	77	50
305	267	77	50
307	272	78	43
310	271	77	42
313	266	75	44
309	265	79	42
310	266	80	44
314	264	79	48
315	265	79	47
316	266	81	48
320	270	78	48
318	260	82	58
323	260	77	59
324	257	77	66
321	260	76	64
323	260	76	65
322	260	76	65
321	261	75	62
315	263	81	57
316	265	80	52
317	268	79	49
315	266	82	46
317	266	81	42
323	268	78	37
327	264	81	43
329	263	79	43
332	266	80	38
336	266	79	39
338	265	78	39
342	268	75	36
342	266	76	38
341	264	78	39
348	269	72	35
344	264	79	37
340	260	82	38
343	261	80	44
339	260	82	42
338	258	79	41
339	256	78	46
334	252	81	48
335	250	81	51
337	249	80	51
338	246	80	49
342	249	78	44
345	252	74	41
344	253	74	41
342	251	79	44
343	250	78	43
348	249	72	43
352	247	68	46
347	250	73	38
347	246	76	47
348	247	75	47
348	244	75	48
348	240	74	55
345	244	76	50
341	234	79	63
342	235	77	62
344	234	73	66
341	236	73	62
339	233	74	67
338	233	71	66
337	232	69	66
334	235	76	62
336	231	73	65
334	231	75	65
329	233	78	61
327	232	78	63
327	232	76	63
325	231	76	65
324	233	74	65
321	235	78	60
316	237	81	58
315	236	77	59
319	233	72	66
312	237	78	60
315	233	76	64
310	233	81	63
312	231	76	64
311	233	77	64
310	232	79	65
311	231	77	65
312	231	77	66
315	232	73	65
314	232	74	65
314	229	75	71
314	232	75	66
315	233	74	67
315	235	76	65
313	234	76	65
314	234	73	65
312	235	77	65
313	235	75	63
312	234	76	64
316	235	72	62
315	236	76	61
315	234	76	63
315	234	77	63
318	234	76	65
320	237	77	62
325	239	75	62
329	241	75	64
332	249	78	57
337	259	79	49
344	260	78	52
350	266	75	47
352	265	77	53
352	264	79	54
360	261	74	62
363	263	77	62
365	270	79	56
371	269	78	62
376	270	79	64
385	279	78	55
394	277	74	60
400	282	77	57
407	281	73	60
412	282	76	63
419	285	73	59
425	287	71	57
433	287	69	59
439	287	72	62
444	288	74	63
449	291	76	63
460	294	70	63
467	297	71	63
470	300	77	61
478	311	77	51
492	310	72	56
497	311	75	60
505	313	74	58
515	316	72	57
525	316	65	58
530	316	69	60
534	315	71	60
536	319	73	57
541	323	74	54
551	321	74	55
558	319	73	58
559	318	78	55
570	328	70	41
579	322	69	44
574	320	81	45
593	313	71	50
587	314	67	52
595	313	74	58
593	318	77	55
605	327	82	40
598	330	94	31
609	320	89	24
615	317	93	27
633	307	85	38
631	308	90	38
649	331	84	33
652	322	78	22
561	331	80	30
665	316	86	21
669	313	87	24
701	313	87	25
698	313	95	22
721	312	87	26
727	314	83	21
727	314	83	21
757	308	82	25
767	312	86	22
776	303	87	29
753	332	92	37
764	304	98	30
797	308	96	21
797	308	96	21
807	298	96	28
807	307	97	20
807	307	97	20
822	294	92	29
821	302	96	22
821	302	96	22
821	302	96	22
821	302	96	22
835	289	99	31
834	298	101	26
834	298	101	26
834	298	101	26
834	298	101	26
832	285	110	34
835	269	106	47
798	280	106	38
836	286	109	29
836	286	109	29
836	286	109	29
836	286	109	29
836	286	109	29
836	286	109	29
836	286	109	29
836	286	109	29
836	286	109	29
828	271	107	36
828	271	107	36
821	279	111	28
826	268	108	36
809	271	117	40
809	271	117	40
690	295	112	50
795	249	107	67
775	232	103	72
666	268	118	93
709	210	142	82
683	192	140	92
673	169	158	110
677	228	144	125
688	201	136	159
671	149	152	181
648	158	174	190
639	198	187	163
586	196	224	170
569	232	246	131
548	248	256	114
528	279	238	78
511	287	239	86
495	290	229	94
479	269	238	124
467	279	231	106
452	250	243	140
438	257	247	126
446	250	227	119
434	236	241	129
419	234	255	117
435	235	243	99
443	224	246	115
452	222	239	118
453	224	243	112
453	234	247	107
460	234	244	111
466	240	244	108
468	242	245	107
469	246	242	96
481	218	242	119
480	235	232	106
473	234	239	98
467	230	247	100
468	229	245	103
471	229	245	108
475	232	237	98
474	227	244	109
474	230	239	102
475	229	247	109
474	233	247	111
477	233	245	107
483	238	244	111
487	234	245	115
500	239	233	112
500	246	235	99
501	246	245	104
512	250	245	94
519	242	248	107
522	246	242	104
527	252	241	101
534	252	239	101
535	259	252	91
545	253	252	105
564	252	241	95
579	259	242	93
585	250	248	111
591	250	245	103
591	248	258	99
600	248	253	99
617	247	234	89
635	255	244	78
655	226	269	116
655	242	247	101
660	211	268	130
672	232	230	97
650	233	246	95
745	188	231	69
742	219	248	73
781	203	263	84
786	246	244	127
839	228	244	95
849	230	237	115
880	239	231	122
892	237	235	158
919	209	224	184
932	228	236	158
930	223	257	161
918	237	286	125
960	236	262	111
981	240	245	102
1003	222	245	122
1015	223	248	125
1025	211	246	128
1034	215	239	118
1045	210	232	111
1057	203	218	109
1076	198	196	105
1103	197	176	101
1124	179	154	116
1139	161	148	119
1146	167	138	115
1152	157	126	116
1168	149	113	109
1158	165	117	96
1160	160	106	100
1165	160	107	97
1181	161	91	93
1173	151	97	99
1188	153	85	95
1182	155	94	88
1182	155	94	88
1175	154	98	86
1170	157	101	79
1170	157	101	79
1161	146	109	95
1159	163	117	77
1136	151	106	93
1128	168	119	74
1105	160	116	82
1086	140	102	106
1133	75	126	101
1060	150	111	92
1045	150	108	89
1032	162	118	73
1023	163	124	63
1010	162	128	65
996	162	129	70
984	165	133	67
978	166	126	68
966	175	135	61
959	180	130	61
952	185	131	61
941	188	135	62
934	192	131	64
918	193	133	66
911	194	121	71
896	195	126	70
889	194	131	61
886	192	122	66
886	190	117	72
883	193	118	60
879	191	118	76
840	190	117	94
852	179	102	106
861	182	102	110
860	185	101	111
856	191	114	118
890	195	128	111
897	204	134	104
910	207	139	105
917	196	147	123
922	180	132	157
883	145	158	172
898	165	165	172
826	167	187	140
813	193	202	104
819	211	184	82
774	210	185	96
817	224	193	76
794	217	190	87
815	220	177	85
822	235	166	63
810	242	158	63
822	242	133	69
833	251	125	63
844	252	118	64
844	252	122	65
846	251	129	68
853	248	124	74
858	248	124	74
861	247	127	77
869	251	124	61
874	246	124	65
880	247	125	64
891	246	119	68
893	246	129	64
899	243	130	67
907	244	128	67
914	243	128	70
919	245	123	60
917	246	127	60
926	249	122	61
929	253	127	61
941	259	127	59
956	257	140	63
964	255	146	58
967	251	129	69
976	247	114	83
992	249	93	79
1002	243	79	88
1002	246	72	92
1002	246	72	92
1134	275	84	85
1119	255	88	75
1072	256	71	66
1102	271	77	56
1109	269	88	53
1108	273	101	48
1122	270	107	52
1132	272	119	53
1143	270	124	54
1142	271	120	55
1161	267	119	60
1171	260	105	70
1189	251	91	80
1195	252	79	87
1219	248	56	91
1241	248	38	98
1241	248	38	98
1241	248	38	98
1241	248	38	98
1241	248	38	98
1241	248	38	98
1241	248	38	98
1241	248	38	98
1241	248	38	98
1241	248	38	98
1241	248	38	98
1241	248	38	98
1241	248	38	98
1241	248	38	98
1241	248	38	98
1241	248	38	98
1241	248	38	98
1241	248	38	98
1241	248	38	98
1241	248	38	98
1241	248	38	98
1241	248	38	98
1241	248	38	98
1241	248	38	98
1241	248	38	98
1241	248	38	98
1241	248	38	98
1241	248	38	98
1241	248	38	98
1241	248	38	98
1241	248	38	98
1241	248	38	98
1241	248	38	98
1241	248	38	98
1241	248	38	98
1241	248	38	98
1241	248	38	98
1241	248	38	98
1241	248	38	98
1241	248	38	98
1241	248	38	98
1241	248	38	98
1241	248	38	98
1241	248	38	98
1241	248	38	98
1241	248	38	98
1241	248	38	98
1241	248	38	98
1241	248	38	98
1241	248	38	98
1241	248	38	98
1241	248	38	98
1241	248	38	98
1241	248	38	98
1241	248	38	98
1241	248	38	98
1241	248	38	98
1241	248	38	98
1241	248	38	98
1241	248	38	98
1241	248	38	98
1241	248	38	98
1241	248	38	98
1241	248	38	98
1241	248	38	98
1241	248	38	98
1241	248	38	98
1241	248	38	98
1241	248	38	98
1241	248	38	98
1241	248	38	98
1241	248	38	98
1241	248	38	98
1241	248	38	98
1241	248	38	98
1241	248	38	98
1241	248	38	98
1241	248	38	98
1241	248	38	98
1241	248	38	98
1241	248	38	98
1241	248	38	98
1241	248	38	98
1241	248	38	98
1241	248	38	98
1241	248	38	98
1241	248	38	98
1241	248	38	98
1241	248	38	98
1241	248	38	98
1241	248	38	98
1241	248	38	98
1241	248	38	98
1241	248	38	98
1241	248	38	98
1241	248	38	98
1241	248	38	98
1241	248	38	98
1241	248	38	98
1241	248	38	98
1241	248	38	98
1241	248	38	98
1241	248	38	98
1241	248	38	98
1241	248	38	98
1241	248	38	98
1241	248	38	98
1241	248	38	98
1241	248	38	98
1241	248	38	98
1241	248	38	98
1241	248	38	98
1241	248	38	98
1241	248	38	98
1241	248	38	98
1241	248	38	98
1241	248	38	98
1241	248	38	98
1241	248	38	98
1241	248	38	98
1241	248	38	98
1241	248	38	98
1241	248	38	98
1241	248	38	98
1241	248	38	98
1241	248	38	98
1241	248	38	98
1241	248	38	98
1241	248	38	98
1241	248	38	98
1241	248	38	98
1241	248	38	98
1241	248	38	98
1241	248	38	98
1241	248	38	98
1241	248	38	98
1241	248	38	98
1241	248	38	98
1241	248	38	98
1241	248	38	98
1241	248	38	98
1241	248	38	98
1241	248	38	98
1241	248	38	98
1241	248	38	98
1241	248	38	98
1241	248	38	98
1241	248	38	98
1241	248	38	98
1111	127	38	94
1111	127	38	94
1111	127	38	94
1111	127	38	94
1111	127	38	94
1111	127	38	94
1111	127	38	94
1206	120	52	84
1206	120	52	84
1206	120	52	84
1206	120	52	84
1206	120	52	84
1206	120	52	84
1206	120	52	84
1206	120	52	84
1128	133	46	79
1140	117	56	85
1156	122	56	86
1036	125	63	94
991	123	69	93
1051	121	74	89
980	118	95	95
1063	118	98	87
1066	124	112	80
1068	131	125	72
1065	134	142	75
1056	136	160	72
1055	134	174	70
1063	134	171	70
1068	136	182	74
1076	138	187	73
1083	138	185	76
1088	135	175	75
1101	137	171	70
1104	134	168	81
1111	137	157	83
1117	142	157	79
1121	141	150	78
1131	142	138	77
1138	144	136	74
1151	144	123	77
1161	142	118	78
1169	143	109	74
1185	146	96	72
1196	149	84	69
1194	150	86	65
1203	158	78	62
1205	157	77	67
1212	161	70	65
1221	160	60	66
1228	158	51	66
1230	157	48	69
1224	158	55	70
1217	163	63	65
1210	177	71	57
1206	185	76	57
1208	185	75	61
1212	188	70	59
1214	187	65	65
1225	191	53	64
1233	188	46	74
1233	188	46	74
1233	188	46	74
1233	188	46	74
1233	188	46	74
1233	188	46	74
1227	196	53	72
1217	190	62	78
1207	188	71	81
1200	187	79	80
1186	191	90	80
1172	189	104	87
1153	196	122	90
1139	200	135	76
1125	201	148	86
1119	206	156	79
1148	212	132	74
1167	221	105	65
1157	225	104	66
1159	222	111	78
1148	227	120	79
1140	226	134	87
1102	232	147	77
1094	233	171	78
1077	230	186	85
1075	235	189	72
1066	231	176	78
1065	232	173	74
1056	233	183	84
1051	243	174	72
1035	239	175	72
1026	241	170	76
1008	235	163	82
1000	238	167	76
993	237	176	75
982	238	182	78
967	235	178	74
953	236	171	77
939	234	166	76
924	239	171	73
910	236	162	70
894	235	165	73
877	234	171	74
865	235	166	71
849	236	170	76
831	247	164	64
806	242	165	80
783	246	167	75
767	249	164	76
750	247	160	76
739	251	165	76
718	249	155	77
703	256	168	72
686	253	163	75
668	253	158	69
651	252	156	79
628	254	167	72
610	247	149	82
588	249	159	72
570	245	158	74
561	245	156	73
547	247	157	69
530	241	160	75
520	242	162	75
503	237	158	76
488	236	166	77
480	230	158	87
479	229	152	86
478	230	160	87
482	230	142	83
481	225	149	89
481	227	158	84
479	229	157	85
482	232	163	80
482	234	158	77
488	236	142	69
494	236	161	66
499	226	157	74
506	227	159	67
508	226	161	71
512	224	157	75
520	229	167	73
523	232	173	76
532	227	163	81
540	224	164	89
550	227	166	82
550	229	167	82
557	234	169	67
554	238	178	63
564	231	175	69
569	232	171	65
578	228	174	71
576	227	188	67
606	225	176	67
595	217	193	75
649	216	164	65
660	213	160	66
701	209	142	73
714	202	149	81
691	204	173	63
706	197	181	78
721	194	189	82
749	189	189	76
772	187	188	93
772	187	188	93
818	182	204	120
796	179	238	115
875	182	211	121
915	183	189	115
946	182	170	118
979	182	143	113
1022	173	141	117
1053	172	158	119
1089	163	161	121
1118	168	155	123
1138	168	137	121
1153	164	121	123
1160	169	117	107
1180	171	102	91
1180	171	95	90
1171	179	109	91
971	189	121	86
973	200	143	69
997	204	136	74
1019	207	133	73
1041	209	135	72
1062	214	132	70
1081	230	133	57
1097	236	138	52
1105	236	151	58
1121	236	153	52
1115	237	167	47
1119	227	162	62
1122	229	159	55
1117	223	165	61
1125	222	156	64
1139	218	138	71
1145	219	134	74
1151	220	130	79
1154	224	126	75
1145	229	130	75
1135	232	145	72
1130	231	150	69
1137	233	140	66
1169	235	112	65
1180	240	95	65
1177	239	91	63
1166	235	84	69
1193	219	87	82
1144	225	86	80
1150	228	85	78
1157	233	86	76
1164	238	91	73
1165	236	103	83
1168	236	103	108
1171	238	102	110
1167	240	109	114
1168	245	106	111
1175	246	98	114
1171	251	101	110
1162	225	115	117
1155	229	117	126
1154	224	122	132
1155	228	121	127
1138	232	135	124
1132	242	142	116
1131	249	135	108
1122	242	145	112
1114	243	143	111
1101	253	151	103
1122	241	140	114
1118	249	129	105
1116	243	126	109
1111	247	127	107
1107	254	130	89
1105	262	125	72
1110	255	106	90
1110	257	91	97
1106	257	86	109
1091	262	104	101
1151	265	125	92
1148	264	123	99
1125	264	129	100
1101	267	127	102
1005	268	122	103
982	267	117	107
962	266	116	108
939	268	123	105
925	268	117	101
907	265	120	108
899	263	127	102
875	270	127	89
859	272	158	74
839	272	144	70
835	265	160	78
807	262	180	77
808	262	189	65
773	260	196	68
770	258	211	64
752	269	193	52
750	261	192	69
722	271	212	57
679	265	241	76
688	262	237	90
962	258	240	83
981	266	245	68
940	260	254	81
964	258	267	82
891	255	293	92
882	269	309	60
888	266	333	68
848	264	357	72
836	254	365	78
599	244	321	107
599	244	321	107
599	244	321	107
599	244	321	107
599	244	321	107
599	244	321	107
599	244	321	107
599	244	321	107
599	244	321	107
599	244	321	107
599	244	321	107
599	244	321	107
599	244	321	107
727	248	334	122
727	248	334	122
727	248	334	122
727	248	334	122
727	248	334	122
727	248	334	122
640	250	332	124
603	253	326	119
582	261	355	108
574	249	348	110
563	251	348	115
541	249	363	112
545	238	344	113
529	240	356	118
529	232	347	117
535	232	336	128
530	234	306	118
514	229	299	127
500	229	294	132
482	247	324	108
473	250	329	113
482	242	312	113
501	235	290	126
506	239	289	120
506	229	294	125
487	222	307	132
508	228	297	135
462	232	332	123
532	231	351	128
460	232	360	127
460	232	360	127
460	232	360	127
460	232	360	127
511	224	379	135
511	224	379	135
511	224	379	135
511	224	379	135
511	224	379	135
511	224	379	135
511	224	379	135
511	224	379	135
511	224	379	135
511	224	379	135
207	243	379	147
204	243	360	132
180	259	374	108
172	251	349	127
166	255	316	121
181	262	336	128
168	238	337	143
168	238	337	143
168	238	337	143
168	238	337	143
168	238	337	143
168	238	337	143
168	238	337	143
168	238	337	143
168	238	337	143
98	230	348	123
88	230	352	126
75	231	380	123
68	232	349	120
51	235	340	123
36	241	352	117
38	245	341	118
13	243	354	125
5	238	353	127
5	239	345	133
18	240	318	133
33	243	295	133
36	245	277	131
8	244	291	132
8	244	291	132
8	244	291	132
8	244	291	132
8	244	291	132
8	244	291	132
8	244	291	132
8	244	291	132
67	255	307	108
21	269	303	78
2	281	294	69
4	290	267	67
11	343	282	71
-33	294	258	91
-3	288	256	113
7	287	231	138
-68	297	230	137
-86	310	219	117
-100	322	201	109
-100	322	201	109
-100	322	201	109
-100	322	201	109
-100	322	201	109
-100	322	201	109
-100	322	201	109
-100	322	201	109
210	313	226	112
532	339	206	128
485	325	224	128
515	394	188	128
523	351	159	176
519	346	162	191
512	345	158	201
499	353	168	187
485	353	166	180
481	348	160	188
475	347	147	184
459	340	152	184
449	341	147	176
446	319	126	198
424	323	132	178
437	322	119	178
443	313	112	187
406	311	129	183
416	308	128	175
414	305	131	183
426	309	120	178
456	325	94	161
467	325	86	173
473	317	87	185
481	317	86	187
487	312	87	191
493	320	85	189
498	325	88	171
498	330	87	161
498	327	87	161
497	326	88	164
495	334	91	155
491	324	89	171
491	332	90	170
490	335	87	171
483	334	92	176
494	350	107	166
460	362	123	158
484	366	119	165
455	364	156	170
487	368	142	191
453	361	157	186
457	364	186	203
501	371	159	210
456	358	195	217
492	384	193	207
453	362	207	234
480	375	237	241
454	391	278	205
479	412	245	180
464	397	263	201
456	379	265	214
442	385	274	196
388	350	321	232
423	346	288	230
472	342	230	247
422	335	263	242
357	328	305	256
259	383	344	297
259	383	344	297
177	433	311	279
177	433	311	279
177	433	311	279
177	433	311	279
177	433	311	279
177	433	311	279
177	433	311	279
177	433	311	279
177	433	311	279
177	433	311	279
177	433	311	279
177	433	311	279
177	433	311	279
177	433	311	279
177	433	311	279
177	433	311	279
177	433	311	279
123	279	303	326
123	279	303	326
123	279	303	326
123	279	303	326
123	279	303	326
123	279	303	326
123	279	303	326
123	279	303	326
123	279	303	326
123	279	303	326
123	279	303	326
123	279	303	326
123	279	303	326
123	279	303	326
123	279	303	326
123	279	303	326
572	344	358	377
909	225	370	319
909	225	370	319
909	225	370	319
909	225	370	319
909	225	370	319
909	225	370	319
909	225	370	319
909	225	370	319
909	225	370	319
909	225	370	319
909	225	370	319
909	225	370	319
909	225	370	319
909	225	370	319
909	225	370	319
909	225	370	319
909	225	370	319
909	225	370	319
909	225	370	319
909	225	370	319
909	225	370	319
909	225	370	319
909	225	370	319
909	225	370	319
909	225	370	319
909	225	370	319
909	225	370	319
513	197	370	358
637	216	329	379
493	182	378	304
568	226	346	281
628	211	275	322
653	250	257	267
633	265	295	254
639	282	308	242
636	264	298	262
622	279	318	235
616	281	316	240
615	269	315	266
578	298	364	230
561	289	383	244
561	267	385	283
564	255	396	297
546	250	425	293
532	283	396	282
528	286	417	255
507	290	481	251
480	292	459	257
508	274	404	285
518	281	335	279
503	309	343	248
495	311	344	249
504	313	320	253
516	306	299	252
485	309	317	263
489	299	317	269
476	286	327	272
483	293	309	267
468	279	331	277
464	279	342	273
459	295	326	248
441	311	328	229
430	303	324	236
433	306	288	235
446	306	286	231
442	298	291	240
460	315	346	234
443	288	387	256
447	289	361	251
458	283	378	241
457	285	353	264
450	277	382	256
407	287	315	240
435	276	267	238
465	269	210	253
474	263	187	257
473	265	170	261
469	272	162	252
465	281	154	243
468	288	143	238
465	283	136	240
452	280	135	238
450	283	138	231
455	283	136	232
455	288	138	227
476	291	128	221
481	299	124	214
478	301	135	217
480	308	135	211
467	305	167	216
462	306	185	208
453	302	224	205
468	300	226	213
467	292	238	222
484	303	227	215
481	300	226	214
472	294	220	211
495	319	198	191
515	319	188	194
495	334	218	174
489	341	237	171
493	342	240	165
501	333	229	169
497	335	243	166
491	328	253	171
496	318	245	182
513	319	235	176
528	302	268	195
540	292	283	208
543	300	298	198
548	294	287	200
542	289	292	210
602	318	357	181
612	337	344	167
624	332	323	172
639	329	302	186
647	326	292	193
642	312	289	203
645	305	276	198
659	287	250	217
672	298	240	199
674	282	214	217
669	296	197	198
669	296	197	198
669	296	197	198
669	296	197	198
669	296	197	198
669	296	197	198
669	296	197	198
669	296	197	198
669	296	197	198
669	296	197	198
669	296	197	198
669	296	197	198
669	296	197	198
669	296	197	198
669	296	197	198
846	265	177	219
852	260	160	238
899	263	146	215
877	254	174	224
890	249	181	224
901	250	187	220
905	271	175	204
876	271	185	198
906	285	175	203
928	303	155	180
959	290	137	195
987	284	125	201
1015	297	120	201
1035	309	112	209
1011	302	112	220
1035	315	99	220
1048	328	94	209
1074	317	79	215
1093	299	74	209
1112	287	64	217
1126	287	63	231
1126	279	59	229
1128	285	56	218
1131	286	51	217
1101	280	72	221
1100	270	64	203
1067	280	89	192
1096	294	109	202
1088	306	133	200
1078	314	167	202
1084	302	192	228
1091	294	187	238
1104	310	163	223
1105	308	163	229
1098	308	170	233
1077	310	159	233
1047	320	154	226
1018	331	148	211
980	325	158	220
961	318	169	221
953	313	162	223
942	315	159	221
935	331	170	206
928	338	180	187
972	329	171	204
980	328	163	194
1007	329	156	202
1037	343	145	184
1040	356	161	170
1049	382	163	146
1042	388	174	143
1002	386	212	126
975	380	246	142
964	367	250	155
958	331	235	195
932	311	255	220
929	299	247	244
901	293	274	253
896	266	277	292
879	274	285	270
869	264	299	296
855	252	294	303
852	266	277	293
852	258	294	305
856	263	324	299
871	257	313	301
871	257	313	301
871	257	313	301
871	257	313	301
871	257	313	301
607	354	341	338
607	354	341	338
558	250	370	389
591	264	351	438
584	251	357	478
606	248	345	497
535	176	305	470
497	217	275	392
499	256	264	304
484	282	288	266
493	272	285	272
484	268	310	273
470	261	311	277
463	253	325	280
451	260	327	268
414	244	377	279
405	244	375	281
394	239	442	283
400	264	399	265
385	247	410	269
403	249	347	276
395	245	354	278
370	242	384	271
377	260	352	255
374	249	337	279
350	236	345	310
331	244	353	300
317	240	373	300
308	281	364	254
307	268	371	273
293	248	389	290
281	251	375	272
274	274	357	248
270	273	356	246
258	280	355	237
265	279	332	239
244	259	321	261
242	259	308	263
227	273	308	247
196	284	332	230
190	284	329	228
171	268	336	254
171	268	330	242
176	270	325	224
177	262	314	228
186	249	293	236
193	239	292	239
201	243	270	235
215	242	266	230
191	262	275	208
206	253	268	215
191	228	285	243
180	232	282	251
182	228	256	250
180	245	214	236
190	225	229	251
188	218	207	257
190	217	190	248
193	211	183	253
186	215	186	245
190	208	175	238
188	210	172	238
188	204	161	241
184	211	168	236
179	208	145	244
190	215	131	234
192	206	126	239
197	219	120	230
201	230	111	223
198	233	109	235
208	249	101	224
200	236	117	228
205	246	126	210
202	273	140	190
212	272	135	187
225	266	127	194
229	261	132	201
230	262	139	200
233	274	146	189
233	288	167	184
240	291	162	181
232	300	179	178
225	306	178	173
229	310	180	167
228	305	172	174
209	328	196	151
202	322	209	163
201	312	212	168
204	312	216	175
198	315	227	166
207	326	235	157
211	325	251	149
211	328	253	146
202	329	273	143
218	312	260	165
263	284	228	197
257	280	233	199
266	294	248	201
258	289	241	214
291	314	229	177
279	307	224	192
268	303	234	192
273	303	253	193
275	304	252	196
272	316	252	185
306	317	249	171
292	328	260	160
293	331	257	154
297	323	259	161
310	302	253	189
319	295	248	191
328	289	259	194
331	282	265	200
315	284	283	194
334	279	281	194
327	277	280	200
346	284	280	195
342	287	318	216
320	286	309	212
313	276	273	222
329	295	243	209
338	313	233	182
351	315	190	170
364	322	183	167
382	320	155	167
382	320	155	167
382	320	155	167
382	320	155	167
382	320	155	167
382	320	155	167
663	293	169	184
677	289	160	206
642	273	124	203
640	282	121	199
636	273	140	220
614	273	172	209
595	276	194	200
590	277	176	203
588	281	172	197
594	281	175	204
602	278	179	203
619	276	179	208
628	284	179	195
629	288	165	189
644	289	131	193
671	292	115	182
690	280	92	191
702	277	86	204
702	282	104	201
712	290	109	197
731	289	90	208
735	288	82	215
737	287	65	216
746	292	72	179
755	294	81	174
757	295	103	175
771	290	88	179
784	293	83	166
799	285	65	181
810	280	60	185
822	289	74	181
834	299	73	178
834	297	69	189
830	300	83	188
819	307	103	176
800	300	124	190
817	306	114	170
842	295	140	178
821	299	151	178
817	300	170	172
828	301	197	177
826	291	186	195
838	290	175	195
850	295	173	192
845	297	197	197
850	284	189	219
853	289	193	216
861	285	191	224
866	277	198	241
870	282	188	219
881	281	197	226
883	281	193	230
881	291	179	201
885	289	171	217
889	294	173	212
893	278	160	229
891	283	169	233
889	278	167	243
886	291	169	225
877	291	166	224
873	293	173	223
935	314	160	229
941	328	135	200
948	325	118	194
955	322	119	196
958	318	129	204
938	314	158	207
949	304	141	218
955	296	148	220
960	279	155	244
960	267	170	254
963	283	178	249
969	271	189	245
911	314	214	221
880	340	252	190
856	337	288	193
853	324	289	212
844	329	283	221
838	324	291	232
809	333	308	230
795	325	321	243
781	311	340	249
769	317	374	258
753	332	367	260
746	321	348	254
751	308	351	269
754	310	341	269
794	284	292	302
786	288	302	295
799	273	298	311
822	258	306	320
846	258	295	326
861	251	305	330
878	245	312	322
878	245	312	322
878	245	312	322
569	273	209	306
601	274	181	335
619	275	153	332
593	304	185	299
565	257	226	324
555	267	258	290
532	262	308	277
540	256	318	268
532	242	341	285
538	220	369	295
546	246	372	276
544	214	348	304
546	242	360	272
537	259	356	241
531	254	341	256
523	240	336	285
503	259	336	267
506	247	320	292
514	235	318	293
482	263	338	257
503	261	311	257
435	255	330	259
447	241	280	270
437	230	287	288
430	239	278	269
442	225	268	285
453	213	239	306
481	223	184	325
411	231	213	292
400	251	277	245
385	246	294	245
390	266	268	218
395	266	240	211
390	256	238	229
395	232	237	250
410	247	197	257
416	259	181	260
407	260	190	270
402	248	189	266
393	246	183	239
387	243	176	237
393	240	156	244
388	247	166	231
386	244	162	232
386	243	140	233
377	249	165	223
373	248	156	219
375	250	151	224
391	245	116	225
399	264	92	211
389	260	94	211
380	267	112	197
383	266	113	214
388	263	115	207
389	260	116	220
384	265	128	208
393	288	144	189
392	297	152	177
388	298	161	172
395	289	157	182
397	293	165	173
390	302	174	171
389	298	174	175
385	312	177	167
377	315	195	161
374	313	206	165
373	317	208	162
365	321	240	161
359	319	247	162
351	327	257	152
351	327	260	152
370	313	243	172
384	289	244	202
377	278	235	204
459	296	204	202
441	308	234	193
418	316	266	183
398	315	260	189
392	319	258	180
399	320	259	180
394	308	260	187
389	299	260	201
413	306	273	194
407	300	279	200
403	329	273	168
406	342	262	155
416	340	248	163
403	349	259	153
409	350	264	160
406	350	283	164
393	324	298	184
395	325	310	189
438	343	344	173
429	349	342	169
420	337	340	185
403	322	329	196
382	313	338	204
355	312	362	194
317	297	376	202
310	311	386	180
339	327	364	163
358	331	383	179
358	331	383	179
358	331	383	179
358	331	383	179
358	331	383	179
24	295	432	199
24	295	432	199
24	295	432	199
24	295	432	199
428	312	407	194
422	312	402	216
429	315	400	161
481	296	351	191
591	289	297	224
601	303	253	215
586	284	251	224
605	295	228	223
640	297	212	219
648	300	203	204
652	296	204	204
659	301	196	215
643	305	208	199
645	300	201	209
627	302	240	198
622	300	246	196
611	305	265	192
616	303	266	196
629	303	254	195
641	307	246	189
648	313	232	178
652	321	228	168
649	341	233	141
668	331	211	157
682	299	198	176
690	295	199	175
704	291	188	184
714	306	189	178
726	315	182	180
731	333	191	171
735	348	197	167
748	373	190	157
746	409	180	124
741	420	175	113
751	446	166	89
787	398	155	108
784	398	145	122
805	392	127	150
809	377	134	166
795	373	140	171
795	367	150	169
794	371	172	156
803	381	172	157
820	375	152	196
838	381	138	182
836	372	134	194
844	368	119	208
850	365	117	199
857	362	108	205
859	371	103	185
856	365	103	188
858	371	98	187
859	371	90	176
859	377	83	169
853	385	97	154
847	392	87	154
845	396	88	158
846	396	92	156
841	404	99	147
830	406	104	144
824	409	99	147
821	413	95	143
866	399	85	154
828	407	89	143
818	405	99	149
818	408	109	150
828	410	110	152
825	412	129	150
826	421	159	142
822	416	158	159
836	414	147	179
839	408	150	193
844	404	140	204
819	418	149	198
800	434	158	189
804	432	145	186
804	430	137	203
800	436	137	197
777	440	150	193
782	445	146	194
784	446	145	201
786	445	147	208
786	452	148	203
789	454	144	203
786	458	143	189
794	460	143	196
792	468	146	193
785	478	159	185
787	488	158	185
791	496	163	184
784	491	172	178
782	502	180	165
788	508	169	164
787	510	178	164
791	511	163	174
796	511	160	187
804	512	160	194
803	511	165	185
808	514	165	191
814	508	148	187
811	522	162	186
816	515	156	196
826	516	153	197
823	517	158	195
824	528	158	187
829	522	153	193
827	530	160	184
825	539	163	175
828	549	160	163
829	556	158	164
828	562	158	155
831	566	153	154
832	565	153	154
834	566	155	150
845	565	152	150
849	565	151	152
851	563	151	150
854	557	150	158
854	551	153	159
862	547	155	165
864	544	147	168
865	542	140	175
864	543	136	174
851	540	132	173
850	540	135	175
