2.405492
0.066016
0.047329
0.041242
0.040510
0.041183
0.041720
0.046314
0.040902
0.040555
0.040885
0.041065
0.039651
0.047241
0.041878
0.044570
0.042226
0.042545
0.042450
0.042842
0.047279
0.042437
0.042393
0.042415
0.042624
0.042490
0.042587
0.043465
0.043402
0.043365
0.043468
0.043977
0.041855
0.041858
0.042169
0.042070
0.043135
0.042260
0.042281
0.042158
0.047631
0.043415
0.042569
0.042269
0.042689
0.042717
0.043674
0.043328
0.042956
0.041934
0.043090
0.042280
0.042680
0.042469
0.042227
0.043163
0.042860
0.041901
0.043392
0.042155
0.047296
0.041929
0.042250
0.041860
0.042580
0.041720
0.042539
0.041770
0.042125
0.042885
0.042754
0.041770
0.041998
0.041985
0.042444
0.044194
0.043637
0.041136
0.041965
0.042331
0.047994
0.042451
0.043234
0.043942
0.041755
0.041479
0.042224
0.044529
0.042033
0.041217
0.041202
0.042052
0.041207
0.042728
0.043529
0.043210
0.041370
0.042216
0.041912
0.043106
0.047919
0.047073
0.042903
0.044161
0.043501
0.044250
0.044102
0.043711
0.043117
0.052491
0.040515
0.041114
0.040842
0.042523
0.040818
0.040735
0.041363
0.041128
0.040910
0.041911
0.046643
0.041756
0.043067
0.041896
0.042149
0.041516
0.043643
0.047681
0.047261
0.042113
0.042480
0.043666
0.041271
0.043659
0.043385
0.042470
0.042936
0.041821
0.043018
0.042762
0.047818
0.041900
0.042462
0.042883
0.042675
0.043383
0.043167
0.042399
0.042121
0.042868
0.042429
0.042688
0.071261
0.044888
0.044078
0.043384
0.042761
0.040893
0.041248
0.041448
0.046025
0.040508
0.040365
0.040338
0.040673
0.041737
0.042009
0.042202
0.039970
0.040665
0.040822
0.040906
0.041855
0.040730
0.040487
0.040716
0.041303
0.041929
0.041298
0.040937
0.047665
0.040793
0.043993
0.039519
0.040858
0.042058
0.041814
0.040745
0.045525
0.041906
0.061083
0.041646
0.042405
0.041039
0.045668
0.039618
0.042996
0.039658
0.043086
0.039904
0.046512
0.041348
0.040867
0.041570
0.044586
0.042663
0.044253
0.041034
0.041105
0.041384
0.043287
0.040076
0.043416
0.040759
0.043350
0.041373
0.040987
0.040961
0.040776
0.041090
0.046474
0.041395
0.041553
0.041147
0.040659
0.041114
0.040878
0.040891
0.040669
0.041189
0.040616
0.040343
0.040662
0.039979
0.042099
0.051589
0.043516
0.042194
0.042087
0.043243
0.047708
0.044121
0.042375
0.042174
0.044391
0.041845
0.042723
0.041725
0.040965
0.040293
0.041339
0.040200
0.042012
0.043225
0.044705
0.046341
0.045154
0.045256
0.045542
0.046149
0.055291
0.048379
0.040679
0.040233
0.039350
0.040063
0.039766
0.040837
0.041019
0.040179
0.040080
0.039919
0.041015
0.039861
0.039720
0.041902
0.040236
0.040536
0.040132
0.040375
0.048770
0.040821
0.039089
0.039477
0.043606
0.039272
0.043582
0.040220
0.039463
0.040083
0.039409
0.040384
0.039860
0.039644
0.040601
0.039437
0.039413
0.039490
0.039882
0.039745
0.045292
0.039341
0.039850
0.039835
0.040072
0.039710
0.039798
0.039885
0.041028
0.040879
0.040312
0.040319
0.040890
0.039194
0.039985
0.042914
0.039194
0.040893
0.039128
0.039579
0.045421
0.040259
0.039608
0.039615
0.039638
0.041054
0.043222
0.049107
0.039302
0.039660
0.040538
0.039416
0.039322
0.039800
0.039757
0.040762
0.039477
0.040787
0.039660
0.041006
0.045256
0.039880
0.041457
0.041024
0.040685
0.039155
0.037758
0.037788
0.037925
0.039195
0.039003
0.040333
0.045096
0.038950
0.037089
0.037119
0.038341
0.037488
0.038192
0.037769
0.043325
0.037239
0.037967
0.043097
0.037260
0.037736
0.038179
0.038102
0.038176
0.038055
0.037916
0.039162
0.037385
0.038017
0.041685
0.037933
0.037012
0.037242
0.038067
0.037536
0.042391
0.037146
0.037530
0.037484
0.039839
0.041761
0.037928
0.039788
0.038026
0.037656
0.039584
0.038416
0.039828
0.038990
0.039696
0.045604
0.040531
0.039156
0.040322
0.039989
0.045442
0.039794
0.041984
0.040979
0.041016
0.041032
0.040980
0.041132
0.040427
0.041051
0.042174
0.040144
0.041974
0.039686
0.041246
0.040310
0.042471
0.040549
0.041025
0.040347
0.046011
0.040706
0.040585
0.039516
0.041167
0.039438
0.040303
0.039923
0.040731
0.040452
0.041625
0.040197
0.040630
0.040708
0.040560
0.040487
0.040535
0.040257
0.040451
0.040473
0.046412
0.040978
0.043734
0.041190
0.039765
0.045105
0.039085
0.040611
0.040160
0.040297
0.041188
0.041532
0.040057
0.039895
0.040894
0.041217
0.039320
0.040107
0.039318
0.042038
0.046867
0.040276
0.042645
0.040404
0.044119
0.040242
0.042141
0.040416
0.039991
0.041964
0.041175
0.040625
0.041938
0.042289
0.040520
0.059516
0.040386
0.040690
0.042636
0.041175
0.044980
0.040818
0.040648
0.040159
0.041365
0.041234
0.040794
0.040889
0.041714
0.040683
0.041644
0.041625
0.040380
0.040557
0.040948
0.040900
0.044948
0.041044
0.041829
0.056305
0.057505
0.042144
0.042618
0.040720
0.041049
0.052759
0.040951
0.045177
0.040178
0.040229
0.040564
0.043451
0.044472
0.042660
0.042763
0.042200
0.041380
0.042085
0.042855
0.041269
0.045374
0.045471
0.041513
0.043239
0.056155
0.045111
0.044323
0.041654
0.041515
0.043186
0.041941
0.040714
0.041792
0.042510
0.040267
0.040314
0.040085
0.040817
0.043161
0.042588
0.047726
0.044295
0.041447
0.041813
0.040344
0.040274
0.041039
0.044650
0.041289
0.040715
0.041320
0.053161
0.085431
0.043677
0.043399
0.044481
0.042382
0.043541
0.043263
0.042388
0.048701
0.042490
0.041995
0.043994
0.042082
0.042001
0.041871
0.042526
0.042347
0.042951
0.042327
0.041921
0.041754
0.081709
0.042264
0.042563
0.041640
0.045907
0.043414
0.042761
0.050661
0.046190
0.041077
0.041183
0.040241
0.042935
0.040843
0.041122
0.043369
0.040181
0.040449
0.040718
0.040326
0.040040
0.042406
0.041040
0.041206
0.041560
0.040576
0.041150
0.045312
0.042685
0.040141
0.038795
0.043310
0.044845
0.042270
0.043440
0.043437
0.040692
0.043072
0.041197
0.041761
0.041882
0.045915
0.043674
0.041839
0.042139
0.073792
0.040424
0.048862
0.042855
0.041296
0.042308
0.042417
0.041432
0.046138
0.041275
0.040454
0.041689
0.042710
0.041203
0.048457
0.041904
0.041357
0.040905
0.046437
0.041085
0.042142
0.042743
0.049619
0.043440
0.041076
0.042106
0.040558
0.041728
0.041287
0.043704
0.044464
0.044633
0.044178
0.040518
0.041641
0.040513
0.044772
0.042057
0.043615
0.041788
0.042830
0.042416
0.048775
0.044323
0.043842
0.042521
0.041908
0.040186
0.040954
0.040123
0.040100
0.044029
0.039862
0.040308
0.039620
0.039031
0.046463
0.040222
0.040616
0.044575
0.045050
0.041276
0.052859
0.042279
0.045225
0.043487
0.043842
0.076527
0.094608
0.039971
0.042704
0.038183
0.046070
0.038683
0.047537
0.037453
0.037836
0.038784
0.037671
0.037470
0.037450
0.037378
0.042753
0.037411
0.037780
0.037509
0.038542
0.047899
0.037242
0.037060
0.037373
0.037608
0.037423
0.037498
0.039163
0.038288
0.036989
0.037011
0.044776
0.036583
0.036939
0.036864
0.042197
0.036793
0.037273
0.037179
0.037136
0.037352
0.038118
0.048712
0.039293
0.042470
0.038203
0.038711
0.039120
0.047517
0.038813
0.038698
0.039521
0.037768
0.039512
0.038619
0.044175
0.038773
0.038301
0.038417
0.036960
0.037039
0.052315
0.037349
0.044813
0.036560
0.037695
0.037665
0.037712
0.037427
0.037423
0.037186
0.037274
0.037277
0.037077
0.049684
0.042269
0.038964
0.037032
0.037171
0.037191
0.037480
0.037805
0.037393
0.036910
0.037125
0.041339
0.036366
0.037282
0.037004
0.037493
0.037324
0.037107
0.037027
0.037077
0.041339
0.042381
0.036979
0.037063
0.037095
0.037306
0.037547
0.037691
0.036841
0.037109
0.037689
0.046385
0.037669
0.047495
0.037656
0.040711
0.036985
0.037402
0.037319
0.039586
0.037858
0.043135
0.039499
0.037976
0.037808
0.038007
0.042090
0.037447
0.037561
0.037756
0.044906
0.039834
0.041047
0.040821
0.040775
0.041034
0.041768
0.041323
0.042176
0.041877
0.041218
0.046740
0.041481
0.042498
0.040671
0.041403
0.041239
0.042385
0.041324
0.041690
0.041685
0.041876
0.042356
0.041245
0.041715
0.042451
0.041220
0.041392
0.043005
0.048016
0.042458
0.049416
0.042453
0.042533
0.043270
0.043967
0.043205
0.043100
0.043084
0.042462
0.043879
0.042877
0.043009
0.042843
0.043849
0.042905
0.043099
0.043186
0.042860
0.042517
0.042585
0.048251
0.043046
0.042298
0.042106
0.043216
0.041827
0.041701
0.042402
0.041535
0.045111
0.041108
0.041962
0.042058
0.041625
0.042073
0.044993
0.041281
0.041471
0.041248
0.041499
0.047126
0.041078
0.040872
0.040903
0.042393
0.041518
0.042420
0.042130
0.042028
0.041648
0.041389
0.041623
0.042115
0.041507
0.041755
0.042475
0.041990
0.041663
0.041786
0.041772
0.046661
0.042408
0.041426
0.041100
0.041982
0.041780
0.041485
0.041091
0.042262
0.042442
0.040735
0.041557
0.041486
0.041248
0.040994
0.041165
0.041913
0.041644
0.041317
0.041405
0.047405
0.040852
0.041158
0.042262
0.041663
0.041788
0.042283
0.041828
0.041959
0.041846
0.040614
0.040918
0.042037
0.041528
0.041606
0.042446
0.041816
0.041724
0.041775
0.041643
0.046846
0.042050
0.041470
0.041241
0.042193
0.042171
0.041125
0.042271
0.041887
0.041375
0.041965
0.041870
0.041178
0.040958
0.041199
0.041729
0.041922
0.041181
0.040862
0.040853
0.046189
0.041337
0.041681
0.046418
0.045553
0.046790
0.141366
0.044343
0.045090
0.044712
0.048777
0.044032
0.040523
0.041348
0.041577
0.041378
0.041738
0.057807
0.040825
0.041632
0.047311
0.042412
0.041452
0.046286
0.041766
0.044674
0.041294
0.041500
0.041307
0.042295
0.049315
0.040921
0.040628
0.040975
0.040807
0.040656
0.041215
0.040982
0.041799
0.040713
0.047777
0.041309
0.041435
0.040786
0.040008
0.040697
0.040547
0.039929
0.041122
0.040601
0.041385
0.039904
0.043295
0.040366
0.041093
0.040967
0.040859
0.041052
0.041090
0.039957
0.045256
0.040133
0.042188
0.040282
0.039784
0.040439
0.040476
0.040740
0.040243
0.039871
0.040033
0.040865
0.040152
0.040012
0.040157
0.040393
0.040418
0.040275
0.040128
0.040023
0.045587
0.040195
0.042281
0.040983
0.041471
0.044383
0.040016
0.044619
0.042200
0.040719
0.040970
0.041468
0.040292
0.040370
0.039953
0.040944
0.042502
0.046755
0.040089
0.039980
0.046107
0.040389
0.041177
0.041056
0.047548
0.040519
0.039900
0.039851
0.040650
0.040867
0.039448
0.040447
0.046116
0.039800
0.038341
0.045926
0.041734
0.040798
0.040243
0.039232
0.044863
0.040159
0.039366
0.039512
0.041059
0.042550
0.039280
0.040344
0.039150
0.039399
0.042674
0.039454
0.039922
0.046993
0.040823
0.039578
0.046072
0.040975
0.040150
0.040288
0.045853
0.041181
0.041082
0.041329
0.041191
0.040938
0.040124
0.039335
0.041162
0.041160
0.041574
0.040826
0.043235
0.040285
0.040748
0.039352
0.039864
0.040245
0.039617
0.041122
0.045799
0.049069
0.038704
0.039220
0.038019
0.040405
0.040757
0.040411
0.040502
0.042504
0.040231
0.042039
0.040199
0.040390
0.040318
0.040017
0.040658
0.039323
0.040238
0.042150
0.045086
0.039660
0.040503
0.041073
0.042342
0.039111
0.042215
0.039256
0.039690
0.040092
0.040197
0.039831
0.039910
0.040179
0.042542
0.040031
0.040345
0.039986
0.040642
0.040797
0.045943
0.040390
0.040813
0.041476
0.044958
0.040323
0.040411
0.040380
0.040917
0.040848
0.039795
0.043724
0.049347
0.042989
0.042778
0.042584
0.042586
0.041376
0.043328
0.043059
0.048097
0.042159
0.043056
0.040343
0.041523
0.041556
0.043031
0.042609
0.040821
0.043017
0.042920
0.042139
0.040447
0.040689
0.042272
0.042187
0.041993
0.041846
0.042352
0.041953
0.049856
0.040482
0.042683
0.042699
0.043128
0.041444
0.042069
0.041625
0.041859
0.042424
0.043337
0.041933
0.042132
0.042304
0.043062
0.042885
0.042403
0.042626
0.043215
0.042904
0.048594
0.044209
0.043436
0.042602
0.043358
0.041767
0.042420
0.042588
0.043950
0.042701
0.043142
0.041687
0.042176
0.042076
0.041393
0.041812
0.041426
0.042656
0.042156
0.039581
0.045347
0.040722
0.041013
0.041196
0.041676
0.041266
0.041451
0.041313
0.041542
0.056269
0.043054
0.040373
0.040785
0.041033
0.040482
0.039829
0.041395
0.040982
0.040950
0.041231
0.046331
0.039831
0.040391
0.041473
0.041103
0.040647
0.040341
0.040396
0.040892
0.040515
0.041145
0.040504
0.040857
0.040725
0.041752
0.041046
0.039357
0.039673
0.040786
0.041651
0.047421
0.040745
0.041034
0.040957
0.039888
0.040486
0.040835
0.040730
0.040956
0.043724
0.039300
0.039992
0.040231
0.040257
0.040636
0.040134
0.039883
0.044197
0.040422
0.041024
0.046099
0.039103
0.040513
0.040585
0.041027
0.040971
0.040862
0.041213
0.040496
0.040770
0.041521
0.040756
0.045615
0.040868
0.040969
0.040656
0.041032
0.039949
0.039812
0.039804
0.044921
0.040167
0.040453
0.039171
0.039259
0.039891
0.043571
0.040103
0.040400
0.040268
0.039381
0.039735
0.039911
0.040865
0.039842
0.041281
0.040616
0.040293
0.040817
0.041297
0.046276
0.040315
0.040060
0.040222
0.039755
0.040031
0.040335
0.040647
0.040013
0.040478
0.039828
0.040559
0.040574
0.040326
0.040659
0.042858
0.041183
0.041001
0.041407
0.040792
0.046055
0.039785
0.040170
0.040076
0.039828
0.039867
0.039941
0.040025
0.041213
0.040566
0.040777
0.040872
0.040902
0.043725
0.041666
0.042298
0.042403
0.042194
0.042423
0.041740
0.048273
0.043816
0.041974
0.041187
0.041650
0.042422
0.042158
0.042869
0.042724
0.043309
0.041714
0.042437
0.042238
0.042801
0.041536
0.041785
0.042911
0.041881
0.042041
0.041325
0.048285
0.041999
0.042018
0.041903
0.053679
0.045267
0.041977
0.041416
0.041560
0.040558
0.039886
0.040797
0.041335
0.040050
0.040959
0.040713
0.041456
0.042404
0.041656
0.040931
0.047569
0.041711
0.042246
0.041699
0.040332
0.042504
0.040986
0.041512
0.041227
0.041008
0.041072
0.040063
0.041536
0.040656
0.040581
0.040295
0.040454
0.040972
0.040728
0.040775
0.047118
0.042186
0.040970
0.041217
0.041859
0.040864
0.041247
0.041468
0.043838
0.039818
0.040184
0.040504
0.041862
0.040877
0.040707
0.042737
0.039546
0.040990
0.041168
0.040957
0.044040
0.044290
0.040795
0.040937
0.041103
0.040708
0.040772
0.040560
0.040257
0.040306
0.040837
0.043241
0.040107
0.041011
0.040942
0.040825
0.041133
0.041095
0.040463
0.041179
0.046904
0.041944
0.040906
0.041001
0.040920
0.040570
0.041044
0.043949
0.040002
0.041126
0.041211
0.040650
0.040760
0.040092
0.040214
0.041047
0.041697
0.041385
0.040674
0.039772
0.045786
0.041101
0.041394
0.040917
0.040801
0.041053
0.040203
0.039711
0.041303
0.041826
0.042682
0.041097
0.041504
0.041684
0.044677
0.043195
0.042267
0.041729
0.042843
0.041638
0.047151
0.041675
0.041631
0.042684
0.042255
0.041669
0.041050
0.041301
0.043919
0.040296
0.041198
0.040618
0.041003
0.040453
0.043701
0.071852
0.047810
0.043178
0.049013
0.040763
0.045219
0.039920
0.039996
0.042065
0.039284
0.039446
0.040681
0.040978
0.039935
0.040349
0.040740
0.040632
0.044875
0.039376
0.040871
0.040736
0.040976
0.040095
0.040736
0.040444
0.045851
0.040280
0.041694
0.068590
0.038662
0.038505
0.038434
0.038679
0.042041
0.038607
0.038162
0.038582
0.038868
0.037984
0.041235
0.038312
0.038585
0.041806
0.044139
0.043064
0.048244
0.042530
0.041592
0.059239
0.040634
0.040505
0.042290
0.043001
0.042980
0.070471
0.042236
0.042197
0.042094
0.041605
0.041521
0.041265
0.043739
0.041626
0.040859
0.041814
0.047154
0.040649
0.040866
0.044506
0.042286
0.039601
0.041353
0.041684
0.041460
0.040501
0.041596
0.041026
0.039855
0.041215
0.042315
0.040384
0.040803
0.041567
0.040500
0.042863
0.048982
0.046844
0.041516
0.042306
0.042331
0.042625
0.041788
0.042321
0.041868
0.042273
0.042274
0.042227
0.041950
0.046775
0.041787
0.041989
0.042360
0.042273
0.042095
0.041224
0.047819
0.044487
0.042361
0.049332
0.041982
0.045942
0.048985
0.043478
0.040700
0.052920
0.073615
0.041873
0.042715
0.041418
0.041061
0.047002
0.042190
0.042040
0.042828
0.043290
0.049339
0.042690
0.041917
0.043521
0.042197
0.042207
0.048929
0.072219
0.042779
0.042529
0.044006
0.041888
0.042440
0.043345
0.041318
0.041211
0.042875
0.042373
0.041765
0.049534
0.046635
0.041464
0.041532
0.041441
0.041691
0.041610
0.042971
0.138835
0.043757
0.043097
0.042475
0.041531
0.042340
0.043114
0.041351
0.043713
0.042557
0.041906
0.041775
0.042160
0.047414
0.042654
0.043639
0.041391
0.042075
0.043910
0.041885
0.039592
0.039762
0.040032
0.039870
0.043600
0.039433
0.039316
0.039715
0.040487
0.040416
0.040449
0.040261
0.040429
0.045902
0.039073
0.039522
0.040438
0.041100
0.039496
0.039583
0.039657
0.039481
0.039306
0.043109
0.039760
0.040315
0.039673
0.039958
0.040049
0.040076
0.040885
0.040055
0.039874
0.047048
0.039863
0.040134
0.039726
0.040418
0.041364
0.040567
0.040303
0.040702
0.040283
0.040372
0.040281
0.040802
0.041570
0.040361
0.044365
0.039865
0.042509
0.039735
0.040704
0.045906
0.041018
0.040609
0.040093
0.039850
0.040916
0.040775
0.040903
0.040042
0.039932
0.040624
0.040779
0.040844
0.039869
0.042642
0.038759
0.040027
0.040037
0.044514
0.039489
0.045474
0.040456
0.040454
0.039655
0.042095
0.039251
0.039165
0.039303
0.051254
0.039137
0.040324
0.040498
0.040481
0.040755
0.040028
0.040112
0.040405
0.040157
0.042275
0.039418
0.047476
0.040337
0.039517
0.039653
0.039748
0.039052
0.043041
0.039561
0.039588
0.044068
0.039037
0.038872
0.040011
0.040380
0.039277
0.042848
0.047215
0.038909
0.040094
0.044062
0.046288
0.044146
0.040295
0.044029
0.040438
0.040491
0.040182
0.041300
0.044343
0.043602
0.040386
0.041065
0.040934
0.042363
0.040972
0.039790
0.040806
0.041230
0.041589
0.043891
0.046775
0.041524
0.044509
0.057827
0.040263
0.040833
0.041556
0.041086
0.041709
0.040288
0.041353
0.041046
0.041525
0.042663
0.040751
0.040559
0.040535
0.041109
0.041288
0.041094
0.047247
0.040283
0.041589
0.040607
0.041183
0.039845
0.040811
0.041234
0.041637
0.041477
0.041142
0.040652
0.041078
0.055356
0.040952
0.040832
0.041749
0.041308
0.040926
0.040460
0.046207
0.041392
0.041179
0.040799
0.040735
0.040522
0.041519
0.042246
0.040875
0.041260
0.041242
0.041402
0.041303
0.041609
0.042526
0.041394
0.047596
0.040323
0.041168
0.040551
0.046731
0.040191
0.039995
0.041404
0.042152
0.040430
0.039418
0.039591
0.040309
0.040236
0.039814
0.039899
0.039521
0.039666
0.039505
0.039541
0.039335
0.039149
0.039667
0.039925
0.044824
0.041337
0.041183
0.041702
0.040833
0.041237
0.041115
0.040434
0.041027
0.043448
0.038856
0.039163
0.039254
0.040813
0.039925
0.039496
0.039361
0.039439
0.039951
0.039768
0.044626
0.038698
0.039522
0.039401
0.039238
0.039042
0.042088
0.038904
0.040147
0.040074
0.043015
0.039060
0.039984
0.039664
0.039014
0.039068
0.039262
0.039423
0.049326
0.043749
0.047302
0.040618
0.040941
0.040910
0.041738
0.041878
0.041339
0.041140
0.041313
0.042022
0.041803
0.046134
0.047421
0.040630
0.041931
0.041394
0.041713
0.041305
0.041501
0.041540
0.047604
0.042612
0.043112
0.041584
0.044203
0.041830
0.041149
0.042426
0.041205
0.041412
0.041604
0.042360
0.041950
0.041615
0.041947
0.044733
0.041807
0.041819
0.041645
0.041570
0.048206
0.041681
0.042944
0.042030
0.042464
0.041871
0.040982
0.040886
0.042564
0.045860
0.040026
0.040793
0.040520
0.041243
0.041610
0.039723
0.040507
0.040198
0.039811
0.040517
0.045801
0.040366
0.039773
0.040232
0.040641
0.040542
0.040343
0.040400
0.040294
0.040442
0.039709
0.043560
0.039749
0.047118
0.039593
0.040825
0.042867
0.039485
0.039454
0.040685
0.045677
0.039813
0.043122
0.040061
0.040343
0.040700
0.039182
0.039824
0.040262
0.039840
0.043516
0.040191
0.039677
0.040349
0.040360
0.040545
0.040330
0.040185
0.040726
0.040770
0.045810
0.039435
0.044797
0.040147
0.046636
0.042410
0.042471
0.041573
0.041877
0.041119
0.041603
0.043567
0.041521
0.041425
0.043649
0.041085
0.043841
0.045121
0.040438
0.041476
0.046088
0.042756
0.040938
0.040633
0.040612
0.042677
0.043716
0.043009
0.039826
0.040709
0.041991
0.041798
0.041887
0.043177
0.041325
0.041813
0.042593
0.041582
0.041888
0.041845
0.050538
0.040495
0.040863
0.041460
0.041716
0.041627
0.047256
0.041731
0.043287
0.041358
0.041836
0.041091
0.041507
0.042656
0.041580
0.042020
0.044952
0.042562
0.044051
0.041440
0.047161
0.041761
0.050760
0.039955
0.040424
0.040302
0.040867
0.043761
0.136357
0.040899
0.040459
0.040578
0.050187
0.040732
0.040990
0.041213
0.044223
0.040546
0.043098
0.040374
0.046572
0.041305
0.045754
0.040900
0.041301
0.040948
0.044996
0.041110
0.043708
0.042545
0.042537
0.041887
0.045587
0.041820
0.041403
0.040085
0.041268
0.039686
0.040694
0.040388
0.045926
0.040250
0.043278
0.040856
0.040368
0.039818
0.041198
0.040267
0.040544
0.041448
0.040046
0.040264
0.041690
0.041958
0.041396
0.041103
0.041925
0.041171
0.041173
0.041236
0.045830
0.040424
0.041549
0.045043
0.041124
0.041456
0.041122
0.040935
0.041390
0.041049
0.040976
0.041787
0.040892
0.040545
0.042061
0.042074
0.040638
0.040887
0.040476
0.043501
0.045532
0.040731
0.040292
0.040409
0.040009
0.040288
0.040947
0.040989
0.040524
0.040919
0.040498
0.040023
0.039814
0.040056
0.040871
0.040845
0.040963
0.040789
0.041115
0.039502
0.046302
0.039405
0.040424
0.040761
0.042563
0.039550
0.040436
0.040014
0.040734
0.041098
0.040753
0.040822
0.040748
0.040907
0.040957
0.041370
0.040342
0.040873
0.040829
0.040407
0.046158
0.040385
0.040020
0.040740
0.039655
0.040450
0.040493
0.040650
0.040221
0.040215
0.039619
0.043866
0.039581
0.041253
0.045710
0.049875
0.041472
0.042611
0.041053
0.041634
0.047009
0.041055
0.040557
0.043710
0.040905
0.039924
0.039489
0.048262
0.041443
0.040689
0.040282
0.040155
0.041946
0.041308
0.042377
0.043605
0.039240
0.040766
0.041174
0.044914
0.045603
0.042220
0.042103
0.041785
0.041010
0.042947
0.039789
0.039166
0.040493
0.040336
0.040437
0.040780
0.040037
0.040077
0.040109
0.039801
0.041444
0.039552
0.041129
0.040442
0.045861
0.040653
0.040021
0.041179
0.041244
0.041589
0.040299
0.040042
0.043412
0.040442
0.049754
0.041179
0.041257
0.041095
0.041940
0.040982
0.044183
0.042544
0.040509
0.040604
0.046437
0.042884
0.041052
0.041026
0.041617
0.042141
0.045085
0.040441
0.040493
0.040576
0.040896
0.041676
0.040709
0.040838
0.041044
0.041099
0.040886
0.040739
0.041459
0.041879
0.046785
0.040640
0.040991
0.041277
0.039788
0.040376
0.041403
0.041094
0.040274
0.040507
0.041179
0.040428
0.040866
0.040826
0.040273
0.040720
0.040186
0.040480
0.045192
0.042396
0.045152
0.039953
0.040794
0.042979
0.039532
0.039886
0.040426
0.040845
0.041081
0.040574
0.040605
0.040632
0.040217
0.040437
0.040737
0.040400
0.040549
0.040552
0.040473
0.043071
0.047027
0.041740
0.040332
0.041066
0.040948
0.041643
0.041144
0.041106
0.040451
0.040146
0.040568
0.040864
0.040896
0.040674
0.042945
0.041032
0.040857
0.040540
0.040628
0.043251
0.049656
0.040785
0.040365
0.040741
0.040420
0.040933
0.043379
0.040173
0.041936
0.099373
0.043381
0.041669
0.040843
0.041731
0.042341
0.043217
0.040615
0.042853
0.042891
0.041197
0.046419
0.041419
0.041031
0.042432
0.041049
0.044177
0.041315
0.040276
0.040274
0.039310
0.040149
0.039496
0.042339
0.040114
0.041569
0.039400
0.039269
0.039687
0.040190
0.040035
0.046537
0.041222
0.041099
0.041396
0.041432
0.041062
0.043981
0.041262
0.040203
0.040943
0.040846
0.040869
0.042674
0.040643
0.041046
0.040612
0.040677
0.040862
0.040355
0.040519
0.049620
0.040074
0.043697
0.041183
0.041891
0.040148
0.044914
0.042024
0.041381
0.040294
0.042785
0.041253
0.040160
0.041655
0.040189
0.039977
0.039926
0.042055
0.040882
0.041080
0.046117
0.041105
0.041682
0.043033
0.040349
0.041736
0.041300
0.041523
0.055975
0.040736
0.041701
0.041578
0.042496
0.042456
0.042443
0.042932
0.044522
0.041457
0.045534
0.040996
0.049731
0.041071
0.042720
0.041816
0.041214
0.040942
0.040964
0.040308
0.044862
0.041531
0.043158
0.040512
0.044106
0.040579
0.040737
0.042042
0.040007
0.040687
0.042144
0.042072
0.045906
0.040752
0.042150
0.041778
0.040555
0.040700
0.040829
0.040670
0.040601
0.041039
0.041005
0.040819
0.040593
0.040031
0.041594
0.044169
0.039678
0.044022
0.040805
0.041625
0.046425
0.040583
0.041036
0.041487
0.041310
0.040857
0.041270
0.041203
0.041082
0.040591
0.040369
0.044830
0.040588
0.048292
0.040206
0.040972
0.040210
0.040251
0.039739
0.039841
0.045385
0.040150
0.040624
0.039458
0.040331
0.040166
0.039697
0.039921
0.040025
0.040400
0.041421
0.040001
0.040232
0.040410
0.040447
0.040257
0.040852
0.040646
0.040223
0.040110
0.048079
0.039543
0.039515
0.040261
0.040336
0.040528
0.039910
0.040129
0.040565
0.040388
0.039972
0.040592
0.040915
0.040744
0.041229
0.040704
0.040640
0.040674
0.041251
0.041305
0.046890
0.040699
0.040548
0.041036
0.041032
0.041032
0.040976
0.041032
0.041280
0.041021
0.041357
0.041724
0.040677
0.041247
0.041285
0.040662
0.041184
0.043070
0.041004
0.041672
0.045934
0.041153
0.041439
0.044223
0.040215
0.043491
0.041337
0.041547
0.041296
0.044727
0.040205
0.041079
0.040989
0.045539
0.040832
0.041660
0.040935
0.040414
0.040811
0.041859
0.046547
0.041411
0.041563
0.041332
0.041634
0.040832
0.041024
0.041122
0.041373
0.041249
0.041147
0.040816
0.041784
0.040668
0.041432
0.040654
0.040478
0.040733
0.040892
0.041120
0.046939
0.041297
0.041568
0.041809
0.041369
0.042565
0.041965
0.041789
0.041734
0.042267
0.041677
