988	223	59	78
984	220	63	80
985	220	65	79
983	220	66	79
984	219	66	80
983	218	66	77
984	220	58	75
984	222	60	74
984	219	57	76
985	219	57	76
980	215	55	76
982	214	50	79
980	214	52	77
982	214	51	77
980	215	54	77
980	206	57	79
981	203	56	81
980	206	55	77
980	204	56	79
979	204	56	80
980	196	60	79
981	194	59	80
981	194	59	82
980	194	62	80
980	193	61	80
983	184	63	81
981	185	66	82
982	184	63	81
981	185	65	82
984	184	63	81
984	174	68	84
984	173	68	82
983	173	69	86
983	176	69	81
983	172	67	83
986	169	70	84
987	167	68	89
987	168	69	86
987	168	69	86
988	167	67	89
993	166	67	86
992	168	67	85
992	167	68	86
992	169	65	86
992	169	68	84
996	168	62	83
995	167	64	84
996	168	63	82
997	169	61	82
996	168	63	83
998	171	58	82
999	171	54	80
1000	169	54	82
1000	172	53	80
999	170	55	81
1000	175	58	76
998	172	61	76
1001	175	58	77
998	172	62	77
1001	174	58	77
1020	164	63	82
1018	164	64	82
1017	163	68	84
1016	163	69	82
1019	163	65	85
1046	157	75	79
1046	157	74	78
1048	155	73	84
1049	155	70	82
1047	156	73	80
1080	148	73	86
1080	149	74	86
1080	148	74	88
1078	146	77	89
1081	147	72	88
1096	149	70	90
1094	150	73	94
1093	149	75	93
1093	148	75	93
1093	149	75	90
1099	155	76	94
1099	152	77	96
1099	153	76	94
1099	154	77	96
1100	154	76	94
1106	160	72	95
1105	160	75	92
1106	163	74	92
1106	162	73	92
1107	162	71	92
1112	171	67	90
1116	169	63	88
1113	169	65	90
1113	169	66	90
1114	170	64	88
1120	177	59	85
1120	176	58	85
1120	175	59	86
1121	177	58	84
1120	175	59	86
1123	180	62	85
1124	177	59	83
1123	180	61	83
1123	180	62	83
1124	179	59	84
1125	181	67	87
1126	180	65	85
1125	181	68	85
1127	181	65	87
1125	179	66	86
1128	182	71	90
1128	177	69	93
1129	180	67	90
1128	179	69	93
1128	179	70	90
1125	184	76	94
1131	183	68	93
1128	183	73	93
1126	183	74	92
1127	184	75	91
1124	189	77	92
1124	188	76	92
1124	188	76	92
1123	187	79	92
1122	188	78	92
1101	193	88	93
1102	193	84	93
1100	192	87	94
1101	191	85	95
1103	192	83	94
1064	203	81	90
1061	203	83	90
1064	204	80	87
1063	204	80	89
1062	203	82	90
1041	212	70	88
1042	214	69	86
1041	213	69	87
1041	214	69	85
1040	214	70	86
983	219	79	86
982	220	79	86
981	219	80	85
984	221	76	82
984	220	76	86
913	224	81	86
913	223	81	86
912	223	83	87
913	222	82	89
913	222	82	87
862	228	81	88
862	229	81	87
864	228	77	88
863	228	77	88
863	229	79	86
826	231	76	93
827	232	76	90
826	232	77	91
828	232	74	91
827	232	75	91
810	239	79	92
811	239	77	92
811	238	78	95
809	236	81	97
810	238	80	93
783	241	89	95
784	242	86	94
785	242	84	94
784	241	86	97
783	241	88	96
770	245	85	98
771	247	85	96
774	247	81	95
771	247	83	94
773	246	82	96
767	252	76	94
769	251	75	93
768	252	76	93
767	248	76	94
767	251	77	95
758	249	75	92
761	251	70	92
760	250	72	91
760	250	71	94
761	252	70	91
754	250	71	98
755	250	69	100
753	248	73	102
755	249	68	99
756	249	67	100
751	246	71	101
749	245	75	101
751	247	72	101
750	245	74	99
748	246	79	99
744	243	82	106
743	239	84	106
746	243	78	106
747	239	78	107
746	242	80	105
745	238	85	108
745	241	84	106
743	238	88	108
745	240	86	107
746	240	84	107
746	238	90	113
746	237	90	113
749	241	87	113
748	238	87	112
747	240	91	111
757	237	90	118
755	238	94	117
756	237	92	118
755	239	95	116
756	237	91	117
767	242	87	110
767	243	87	110
767	239	88	113
768	244	88	114
769	240	85	110
784	245	78	110
784	246	78	108
780	245	83	110
783	245	80	107
782	244	81	109
793	249	76	105
793	249	77	103
793	248	77	105
791	249	80	105
794	247	75	106
800	246	76	105
798	247	82	106
800	245	79	108
802	245	75	110
801	245	76	109
802	244	79	112
800	246	82	114
801	246	79	107
802	247	79	110
799	246	82	107
804	242	87	113
806	239	84	114
807	242	85	115
804	241	87	115
803	239	88	117
812	242	84	117
810	243	88	114
806	241	94	116
809	244	91	113
807	241	93	116
812	244	94	116
811	242	94	115
813	239	92	121
810	242	97	117
811	242	96	118
820	245	95	121
819	245	97	121
817	244	99	118
819	246	98	119
817	246	96	116
832	254	89	111
829	251	91	111
830	250	90	114
831	252	90	113
831	250	87	113
840	258	83	110
843	255	76	107
843	254	77	110
843	255	78	111
843	254	76	112
846	256	77	111
846	258	75	106
845	258	77	109
846	255	75	110
846	259	76	106
838	255	84	112
839	256	84	111
839	255	82	115
840	254	82	114
837	255	86	115
822	253	87	117
823	254	87	115
822	255	87	114
823	254	87	116
822	254	88	119
823	252	96	120
823	250	94	120
821	249	96	126
821	249	97	124
822	251	95	118
823	248	102	127
824	246	99	127
821	246	104	129
822	250	105	120
825	249	98	126
826	249	105	130
827	249	106	127
825	250	107	130
826	250	106	130
825	248	109	129
838	256	101	121
839	251	97	125
835	250	105	126
840	257	98	120
836	253	103	124
847	259	92	118
851	257	84	121
848	259	88	117
847	257	92	118
848	260	90	121
854	260	84	117
853	258	83	115
852	259	87	118
852	259	87	117
854	259	82	118
854	254	87	119
855	259	86	124
856	254	84	121
854	260	87	118
856	254	86	121
856	251	93	124
858	255	89	121
856	249	92	123
858	251	90	125
854	252	96	125
855	244	100	127
858	248	98	126
857	247	98	125
857	247	99	126
855	247	101	123
860	243	98	125
859	241	101	125
856	247	106	124
858	242	103	128
858	243	103	125
858	240	106	133
859	238	104	131
857	238	108	137
857	242	107	126
860	238	103	129
860	239	109	136
859	242	112	132
859	242	114	131
858	241	116	130
857	238	116	134
868	238	104	130
866	241	108	134
867	243	103	124
869	240	102	134
866	239	107	130
878	245	89	121
878	241	90	122
879	249	88	121
878	242	88	125
881	246	85	126
878	243	83	126
877	241	88	126
880	245	82	125
874	243	92	125
878	246	86	123
874	238	95	125
875	239	92	126
873	236	97	126
878	235	89	130
874	237	92	128
872	234	102	128
871	227	99	134
871	231	99	128
872	235	97	126
873	233	98	131
867	227	107	132
868	226	104	136
869	228	104	133
868	226	103	130
870	229	103	135
865	223	108	133
865	218	108	136
862	225	116	136
864	222	110	134
865	221	112	133
864	220	110	136
862	223	113	133
861	215	115	138
861	222	117	138
860	218	114	137
863	225	115	135
864	220	110	135
862	220	115	134
863	222	113	131
861	221	113	136
870	227	103	129
870	224	101	133
872	223	100	136
873	222	102	131
871	223	101	137
870	223	90	137
868	225	96	134
871	222	90	133
869	225	94	134
869	222	91	132
864	225	99	129
866	221	94	130
867	223	96	133
868	223	92	131
865	222	96	132
858	218	107	138
859	216	104	137
857	224	107	132
858	218	103	135
862	220	103	138
861	215	102	141
860	216	101	138
857	212	107	144
857	213	106	140
856	213	111	142
853	210	111	146
854	205	111	146
854	211	108	142
853	207	110	140
853	210	113	147
846	203	124	147
848	206	121	154
850	206	114	141
850	206	117	147
848	206	119	145
856	209	113	147
854	206	116	145
856	211	116	145
856	203	113	147
856	213	115	141
865	212	105	134
860	219	106	130
861	214	109	138
862	208	103	140
861	213	111	141
867	212	94	135
864	219	96	127
868	217	90	132
863	218	95	131
865	220	95	137
863	215	96	136
863	213	97	139
862	216	100	138
864	215	95	132
860	218	102	132
861	212	104	134
863	209	103	137
862	211	100	139
863	211	104	142
861	208	102	137
860	203	109	145
861	203	110	150
863	201	107	145
859	205	112	145
864	201	107	145
860	200	109	147
857	201	117	146
858	197	112	146
855	199	118	152
857	194	115	150
857	198	116	150
857	194	116	148
855	198	120	150
856	195	117	152
857	193	116	152
849	195	128	150
852	202	123	149
852	194	123	151
851	201	126	150
852	198	126	151
855	200	122	143
858	204	120	147
857	196	121	145
855	204	122	145
855	199	122	145
866	206	111	147
866	200	110	146
864	206	108	144
867	205	110	143
865	206	111	144
868	205	98	141
868	210	97	141
868	207	98	144
869	205	99	143
866	205	101	139
864	202	106	143
867	201	103	145
868	198	102	145
863	208	106	140
865	201	104	146
863	199	109	144
866	199	106	146
861	199	110	144
868	200	103	146
868	196	104	151
862	191	116	156
864	193	113	155
868	191	107	156
866	192	111	157
865	191	111	152
868	191	111	153
860	190	120	160
863	189	116	155
860	188	119	158
861	190	118	156
854	187	127	156
857	188	125	152
859	196	119	152
859	190	124	156
857	195	121	158
861	194	126	162
863	193	121	158
858	193	125	163
859	192	126	157
859	194	126	165
862	198	122	151
867	198	121	157
865	192	117	156
865	199	121	159
863	196	123	151
869	203	113	157
872	199	110	156
869	199	109	156
871	200	111	157
870	201	114	156
871	203	104	151
871	203	102	149
870	207	107	143
870	203	103	150
867	204	110	147
872	202	108	148
870	202	109	154
871	205	110	152
867	201	109	152
868	202	109	148
867	199	119	153
868	195	111	157
869	196	112	157
871	198	112	161
867	194	114	158
871	196	121	158
868	192	121	163
871	195	121	159
874	190	111	163
873	195	116	160
869	192	123	162
868	190	123	164
862	196	131	158
866	192	125	159
864	192	130	160
869	194	129	163
867	191	129	159
868	191	131	165
865	194	130	157
869	194	127	163
869	201	132	160
874	192	128	166
871	193	132	171
871	196	129	160
875	195	128	166
878	205	125	161
878	197	123	166
878	202	124	163
877	199	126	162
878	201	126	163
883	212	112	156
880	208	114	157
883	206	109	157
883	206	107	160
880	206	112	158
881	202	114	162
886	202	109	166
886	200	107	160
884	209	110	156
886	204	106	161
884	202	117	161
881	201	118	165
883	199	117	163
884	202	113	160
881	200	118	163
885	194	121	168
883	199	117	169
883	195	115	169
888	195	116	173
882	192	117	176
884	196	126	172
881	193	126	172
884	194	123	176
880	195	128	170
884	191	123	172
879	188	130	177
883	192	126	176
880	195	131	170
880	192	130	174
883	193	127	175
882	188	134	179
879	198	137	178
881	192	132	176
883	193	135	179
883	190	132	179
889	196	133	179
889	198	128	176
890	199	127	173
887	198	133	174
889	197	132	175
899	208	121	169
895	205	122	170
898	205	120	174
893	204	128	172
896	208	126	167
906	214	105	164
902	210	109	168
904	210	107	167
905	208	107	169
904	214	109	164
905	212	112	168
906	214	110	170
905	213	111	166
904	218	112	162
903	216	116	166
903	211	116	163
901	212	121	167
905	212	114	165
901	218	120	162
901	212	120	163
905	212	124	168
905	205	123	173
901	205	131	179
909	206	119	171
905	206	125	172
901	199	137	181
907	202	130	187
906	200	130	181
903	203	137	182
901	197	135	184
906	202	138	181
904	198	138	183
901	201	141	181
902	198	138	180
903	200	140	183
907	203	142	181
909	197	137	186
906	202	141	185
906	199	140	179
903	204	147	183
914	204	139	179
912	206	138	174
917	209	136	175
915	206	134	178
918	205	137	177
927	215	124	177
923	210	127	173
925	215	126	169
925	212	125	169
922	217	132	171
931	224	113	166
928	220	117	168
928	217	116	173
930	219	116	172
927	221	114	170
928	218	121	170
929	217	119	169
929	217	118	173
929	216	119	174
928	220	117	167
931	211	120	173
929	215	122	170
929	211	126	170
927	212	127	177
927	208	125	173
927	203	134	184
925	202	133	183
928	207	131	182
926	204	132	182
929	205	129	183
925	197	133	189
924	201	135	185
920	195	141	188
921	201	139	181
925	200	134	188
918	194	143	190
918	200	146	183
921	196	141	185
916	193	145	192
918	198	146	185
915	200	151	190
919	194	147	191
921	197	144	189
920	197	145	197
921	194	143	189
928	201	136	183
924	201	142	181
922	200	143	181
926	203	137	182
924	203	142	177
931	210	130	177
930	204	129	176
929	211	130	172
931	208	129	178
928	204	130	179
931	212	122	180
935	205	114	183
934	208	117	181
932	208	119	178
933	211	118	174
926	209	126	176
926	208	126	176
928	208	125	180
929	208	123	179
926	207	127	181
924	200	132	182
926	200	126	181
925	203	132	182
925	200	127	187
925	200	126	183
927	194	130	191
924	193	133	194
927	194	129	194
922	192	132	192
925	197	131	191
917	190	143	195
918	189	141	194
914	192	146	194
918	190	142	194
918	190	139	195
914	187	147	195
915	185	147	199
911	188	149	198
912	185	152	194
914	189	148	195
914	184	152	190
913	184	151	195
912	184	152	192
915	186	152	192
913	185	152	192
918	186	148	181
918	189	151	174
917	188	146	176
917	188	154	178
916	188	151	177
926	188	144	169
923	191	144	166
924	192	142	165
926	189	139	170
925	189	139	167
927	187	134	164
931	187	128	160
927	186	132	164
931	187	121	158
931	186	128	168
924	179	132	164
927	178	132	167
924	180	134	167
927	176	129	176
924	177	132	174
926	167	139	177
921	168	140	179
924	165	136	185
923	164	137	184
923	166	139	187
921	157	140	201
927	155	131	200
924	157	137	196
924	158	139	198
923	154	137	200
919	148	142	206
918	149	149	204
915	148	150	204
917	150	148	203
916	148	147	203
906	138	159	211
907	140	154	206
910	143	158	204
907	141	155	204
909	141	154	204
904	137	153	207
906	135	151	206
902	135	155	210
902	135	157	209
905	134	153	210
900	129	153	208
900	130	155	207
902	128	153	207
899	130	156	204
902	131	153	210
903	128	145	203
901	128	143	205
899	128	150	196
904	134	140	193
900	133	144	196
899	127	133	196
903	127	128	199
902	132	133	191
903	125	132	200
902	128	132	198
891	125	134	195
894	123	134	201
895	123	132	200
897	126	128	196
894	125	135	196
886	117	137	192
887	114	138	190
888	115	139	193
885	115	135	192
888	116	138	189
880	103	139	199
878	102	146	198
881	102	140	200
879	104	146	195
877	104	144	200
867	94	149	203
868	92	149	205
867	94	147	202
865	92	152	204
864	91	155	208
844	83	162	206
844	81	159	209
842	82	162	211
841	82	162	211
845	80	160	210
811	71	165	216
809	72	164	219
811	72	165	217
807	74	167	215
813	73	157	217
790	75	166	209
788	73	165	209
790	73	167	217
792	71	161	214
791	71	159	216
779	76	155	205
778	71	150	207
777	79	153	203
776	75	155	201
777	75	152	203
757	88	144	202
761	88	143	205
760	90	139	200
760	88	141	202
760	86	141	199
751	102	133	196
755	98	124	199
753	104	128	194
754	100	128	194
751	102	132	191
743	105	133	195
750	106	125	195
744	104	133	192
741	103	137	196
744	103	134	198
738	105	136	195
744	104	133	197
739	106	137	199
738	103	143	199
737	103	139	198
740	101	146	202
740	100	144	205
741	99	142	202
743	100	140	205
739	99	144	199
744	94	148	203
742	95	150	212
741	89	150	208
745	98	147	205
743	96	149	205
741	89	158	212
739	82	168	220
743	88	158	213
742	92	158	210
740	83	158	211
743	89	167	215
742	78	163	213
742	91	165	210
746	84	157	223
743	85	157	215
760	88	150	212
768	89	141	215
763	84	144	218
758	89	150	214
765	82	142	212
771	91	145	213
767	87	144	208
768	96	146	201
768	94	145	201
769	97	144	199
777	108	136	188
775	103	144	196
774	99	144	202
776	99	143	198
777	103	140	200
777	102	140	194
774	105	144	191
773	100	149	194
774	103	145	197
782	97	130	202
778	105	146	196
779	98	144	203
782	100	140	203
780	97	142	197
776	107	145	195
773	93	158	201
785	89	141	204
779	97	146	204
781	98	144	189
777	98	150	198
784	94	149	208
786	95	146	206
779	89	154	212
787	91	143	210
778	93	157	206
778	81	163	217
782	78	158	226
782	77	158	222
785	81	155	222
776	83	166	223
774	73	174	219
781	72	167	226
779	75	170	228
780	75	162	225
780	72	168	229
782	72	170	232
798	69	148	237
789	72	156	228
790	81	157	226
782	76	168	227
799	74	157	238
795	75	159	229
793	81	163	222
796	78	158	221
804	72	148	233
806	85	149	229
807	84	147	215
804	82	155	215
805	84	144	214
801	78	157	219
812	91	147	219
810	92	146	216
805	86	153	213
808	86	146	213
803	93	156	204
805	103	151	212
807	93	151	206
809	93	147	216
811	95	148	210
805	98	153	211
811	90	149	211
811	95	151	211
810	86	153	214
811	101	149	206
808	93	154	217
818	90	151	224
810	88	158	216
813	95	156	215
812	90	157	214
814	94	148	219
817	93	161	216
816	88	159	226
817	87	155	226
816	86	162	226
812	82	166	226
814	82	172	229
812	84	170	232
819	80	162	232
813	81	167	233
814	79	169	234
814	73	173	238
820	68	166	238
814	66	173	244
812	77	175	235
817	72	168	242
826	82	168	237
825	72	168	239
828	66	162	240
835	62	153	241
828	78	165	236
828	72	170	234
841	78	152	243
838	82	157	236
831	73	167	238
836	76	163	242
841	85	156	235
844	84	153	226
842	89	157	223
842	85	160	230
847	86	151	230
846	102	156	220
845	92	155	225
847	101	154	225
847	95	154	225
845	91	152	223
852	101	149	217
848	103	153	222
854	96	150	216
847	101	156	223
850	95	152	220
853	107	157	220
850	98	161	224
856	100	154	232
853	100	154	227
858	100	151	229
858	100	159	223
854	92	161	226
859	102	156	226
859	94	155	233
854	98	163	230
852	98	176	237
859	101	164	233
857	95	164	229
858	98	165	232
858	99	163	232
852	97	180	235
857	97	174	241
854	89	179	231
859	98	171	235
856	93	177	237
865	84	165	242
856	85	177	248
867	84	165	246
862	85	166	247
863	91	170	240
870	85	167	245
875	88	160	245
873	81	160	255
872	79	163	250
875	85	157	242
870	77	170	252
868	75	177	255
874	82	170	251
871	82	171	254
874	79	166	251
880	88	167	245
879	83	163	245
882	84	158	245
875	94	170	236
874	85	171	245
875	98	162	242
870	94	167	234
870	99	168	237
873	101	164	236
870	96	171	233
818	112	170	228
817	110	170	236
818	108	168	237
814	110	174	228
821	104	163	239
745	129	172	242
752	128	160	241
752	127	161	242
752	129	159	240
750	130	164	243
704	151	165	247
704	149	163	251
705	150	159	244
704	153	163	245
702	150	164	243
681	169	160	240
676	163	164	246
677	163	164	243
679	164	161	235
674	162	168	239
653	186	178	228
657	179	174	240
655	179	177	241
653	181	179	243
653	182	176	233
642	186	175	246
645	179	178	240
641	186	184	248
635	180	192	237
642	183	180	251
637	174	171	255
639	177	164	256
641	169	164	267
638	178	168	257
639	176	166	252
623	182	174	269
633	178	165	275
629	183	170	262
631	182	162	267
623	184	180	268
612	186	184	266
620	182	178	269
620	183	175	271
623	181	174	265
615	186	183	263
604	210	188	261
607	200	188	266
605	201	190	273
612	200	181	272
606	196	190	270
597	216	197	258
602	213	191	270
601	211	196	265
603	210	189	268
604	209	189	270
602	218	178	267
604	210	178	266
607	217	174	258
598	218	186	264
606	212	174	260
595	223	183	270
604	213	171	275
601	216	170	273
598	218	174	270
596	219	180	265
588	221	191	274
598	219	170	275
589	218	186	277
588	221	190	285
595	223	175	276
589	228	186	281
591	222	188	278
593	217	180	273
584	224	195	277
591	220	186	290
585	232	186	284
580	229	202	277
587	228	189	275
581	229	199	286
585	220	197	291
586	234	195	290
590	233	199	268
587	234	196	284
586	223	202	285
589	228	189	295
587	227	194	293
588	222	200	299
579	222	209	298
582	230	207	290
581	229	210	291
582	222	194	299
584	222	191	305
584	230	187	300
584	223	189	299
583	228	187	293
585	215	193	304
584	210	194	319
581	215	199	315
580	214	205	321
571	217	212	310
573	207	217	324
578	200	208	321
576	207	204	324
577	204	209	321
572	208	213	322
578	193	217	311
576	200	218	322
584	187	209	323
581	190	209	324
576	200	215	317
585	191	227	304
589	180	213	329
581	179	226	312
581	193	216	308
591	180	224	316
597	182	215	315
599	181	210	324
591	183	217	314
597	186	214	321
595	180	211	304
595	184	223	319
599	172	218	307
600	173	218	325
602	172	212	323
603	180	212	316
600	166	223	328
598	168	225	328
600	166	224	327
592	160	234	325
605	163	219	336
603	157	240	332
602	158	236	345
603	152	236	340
604	155	234	340
602	159	231	335
615	149	243	346
608	150	237	340
608	149	232	342
612	149	242	343
607	158	239	330
615	142	246	352
615	139	241	353
611	142	245	340
614	153	244	337
611	146	247	333
622	147	251	350
623	144	248	352
621	143	242	346
620	141	248	346
621	139	243	347
621	139	258	358
621	131	252	349
621	147	254	353
620	136	252	346
617	137	261	348
628	133	246	368
622	128	257	362
626	134	259	358
625	130	251	357
625	127	258	357
620	122	256	376
619	128	271	373
623	120	260	376
624	121	265	368
626	128	262	375
621	117	288	379
628	119	275	384
630	109	265	393
618	116	287	399
626	112	276	384
621	107	281	394
635	117	279	379
622	107	288	403
633	116	280	388
628	110	280	382
628	116	295	404
628	109	283	383
631	119	296	391
634	106	278	382
627	126	292	382
628	124	299	392
634	118	286	390
646	134	282	381
646	120	274	389
635	123	295	388
647	131	294	393
648	130	277	385
643	134	290	395
647	123	287	391
642	139	291	369
660	123	283	403
651	130	299	404
653	114	293	394
639	133	316	400
649	126	295	391
657	121	304	403
653	109	310	407
658	131	293	413
657	122	305	411
657	114	296	401
671	111	291	421
673	102	291	433
677	107	293	427
673	102	293	430
675	107	284	426
674	98	311	423
676	116	297	421
678	103	297	425
672	96	297	432
682	111	291	431
676	101	313	432
677	107	300	422
682	110	307	426
680	101	302	435
684	96	290	440
681	104	309	436
