129	246	404	303
128	257	417	299
132	252	397	309
129	251	369	302
114	253	398	296
118	254	394	293
121	273	374	290
120	262	345	287
120	270	375	287
121	259	411	294
129	263	407	294
134	251	433	298
140	264	423	284
149	255	430	279
150	262	458	287
165	257	428	295
167	279	477	283
186	263	456	302
185	285	482	280
192	285	476	278
194	271	497	290
203	294	482	272
218	285	491	280
256	296	434	275
277	292	399	280
296	298	403	301
322	292	378	303
335	302	378	287
342	303	385	280
361	304	385	297
378	300	437	298
385	295	532	315
339	296	601	302
369	306	562	306
411	294	510	318
387	302	525	304
356	279	557	326
427	282	506	330
361	277	550	331
318	251	592	363
345	223	588	388
343	177	608	440
359	175	575	423
350	225	576	385
356	199	555	418
353	160	588	454
345	158	619	459
343	183	606	433
356	98	613	503
358	81	616	526
361	87	607	517
358	81	618	520
370	78	596	515
359	87	615	518
368	85	601	509
359	79	617	531
362	81	617	514
358	89	643	517
350	83	649	519
352	93	658	514
356	91	659	516
350	82	672	515
367	97	654	524
359	102	665	512
351	88	668	509
343	78	696	526
358	82	653	520
332	87	672	527
311	94	691	519
298	100	721	510
295	96	731	519
288	93	667	515
281	102	653	516
263	103	635	517
253	96	670	519
222	100	629	497
191	80	606	513
163	91	588	511
165	86	597	512
170	89	585	508
156	90	626	520
168	90	582	509
152	98	613	507
149	75	605	508
160	79	609	516
147	82	613	517
145	99	642	491
136	85	635	518
152	78	604	513
146	79	614	512
141	78	634	510
136	72	622	517
148	68	622	525
133	59	625	530
133	65	643	522
132	73	640	518
129	58	640	520
140	69	632	521
148	60	603	521
133	72	627	511
123	67	637	521
121	67	636	521
118	59	614	528
112	59	638	528
99	63	655	524
101	66	634	523
83	63	650	530
76	52	642	541
74	60	644	520
76	68	650	530
83	59	631	533
79	68	656	527
67	80	679	535
68	62	638	530
77	70	645	524
81	72	639	525
68	64	639	526
77	73	637	535
67	78	645	536
63	76	660	529
47	75	678	519
55	86	660	525
36	74	640	523
28	74	649	527
42	86	635	541
26	82	668	542
30	85	667	536
25	95	672	511
33	80	626	524
24	91	632	530
10	90	662	531
21	81	653	519
29	88	630	535
24	78	622	529
15	88	673	521
13	76	651	535
14	85	621	532
13	89	631	533
13	69	619	542
0	76	617	526
0	83	635	530
-3	78	626	532
-14	82	669	517
-6	79	630	538
-10	78	638	540
-9	65	620	552
6	95	610	530
-13	72	611	541
0	86	599	533
0	81	602	530
-5	69	627	544
-1	69	602	535
10	75	585	540
-5	80	619	534
-7	70	620	537
0	77	622	545
12	81	609	541
10	84	613	539
-3	76	628	525
6	81	612	542
3	85	601	534
16	91	595	546
10	80	598	535
6	86	614	540
3	83	601	533
8	80	609	543
7	74	597	524
12	88	593	531
8	66	586	533
7	79	633	538
2	61	620	546
16	84	587	559
0	80	641	526
15	87	588	534
10	87	592	533
0	75	601	533
21	94	565	519
26	92	544	531
13	90	593	521
7	93	573	526
25	88	543	519
25	98	540	523
19	86	553	519
6	79	569	524
14	86	562	506
22	92	538	520
36	83	519	525
15	92	544	506
2	84	566	519
15	89	549	519
17	88	546	505
21	78	533	517
20	84	528	510
23	82	525	516
3	73	563	529
21	67	516	530
21	79	504	519
6	62	553	530
14	85	525	519
0	63	550	532
8	79	528	529
17	63	521	535
11	58	525	533
12	68	525	524
17	48	514	536
14	67	515	523
23	62	526	538
11	44	528	532
21	53	514	536
22	44	516	540
13	62	532	532
24	44	518	543
17	65	537	538
16	64	534	528
29	65	518	535
28	58	535	542
14	68	534	526
15	76	551	525
24	69	550	539
28	82	549	530
12	70	558	533
26	83	543	529
27	75	546	540
15	81	559	535
34	79	531	535
23	83	552	535
16	76	556	532
12	75	554	542
21	100	551	531
21	95	552	531
23	90	550	542
12	93	565	525
6	98	561	528
23	103	528	520
19	92	548	542
23	99	538	529
42	93	512	539
14	95	542	538
12	94	542	538
8	89	543	538
11	86	558	545
15	95	541	527
9	99	553	539
17	92	531	534
14	91	543	537
14	97	535	526
20	120	528	521
23	89	510	541
27	99	498	528
22	94	518	545
21	100	515	536
21	116	500	508
23	111	510	523
19	114	512	522
9	107	533	525
10	112	515	524
6	105	543	537
7	102	527	527
10	114	531	520
-1	107	536	516
0	110	522	515
-8	101	558	533
-4	113	581	535
-5	109	609	532
5	116	638	538
-3	120	686	529
0	124	647	534
-4	117	673	543
8	114	630	536
6	128	630	540
6	114	634	544
15	124	627	547
4	116	618	546
31	120	599	560
29	117	597	538
59	132	565	532
50	114	591	535
55	118	587	532
87	117	570	534
118	107	552	545
130	110	575	543
158	114	619	534
162	121	599	528
178	110	614	529
193	102	593	537
184	95	610	540
187	98	614	535
177	98	621	536
187	91	594	532
163	95	623	530
185	79	592	549
142	98	666	531
154	84	641	539
160	87	649	545
147	83	658	546
103	86	732	549
101	105	741	531
127	86	733	532
179	80	704	544
163	93	826	536
191	99	826	539
216	77	821	550
246	81	793	543
235	91	803	540
206	77	821	537
163	157	853	452
136	269	854	368
141	224	853	391
100	262	869	352
87	252	853	361
166	261	816	345
116	286	798	337
82	280	805	328
-5	283	832	329
7	283	844	325
76	277	782	339
186	283	669	326
172	277	686	340
225	268	627	335
261	283	612	334
271	293	630	316
286	304	608	296
282	285	604	328
267	297	600	315
256	298	593	316
217	302	635	316
231	297	594	317
228	297	584	318
227	281	565	312
219	302	554	316
218	315	582	291
218	316	569	288
223	310	525	301
246	295	492	320
256	308	475	313
276	308	418	302
293	314	394	300
321	308	348	303
336	311	312	312
347	312	283	318
352	312	286	316
349	320	292	308
343	320	281	310
341	324	279	300
345	323	271	309
340	324	272	305
343	326	260	308
340	318	262	313
336	327	254	312
343	323	238	307
343	332	237	293
326	322	240	295
315	343	238	294
310	341	234	277
292	349	245	283
274	335	257	288
265	338	244	293
257	332	212	297
237	329	200	289
231	327	183	297
211	338	194	292
192	342	175	286
161	334	173	294
134	332	197	300
115	328	201	308
102	322	204	306
86	325	202	313
59	339	227	286
26	361	239	273
3	349	223	287
0	341	195	293
-6	346	171	288
-7	351	157	297
-9	357	157	282
-3	354	147	284
4	365	159	277
-3	366	163	286
-5	357	169	294
-4	353	194	288
4	321	199	319
3	304	219	339
0	306	254	329
0	323	256	314
0	344	254	301
-7	360	265	279
0	370	263	258
-3	382	271	254
12	384	257	259
12	367	272	266
1	367	279	268
6	347	273	282
-6	345	285	282
1	346	275	279
-2	351	276	276
-2	355	269	266
0	360	276	275
7	356	275	266
-4	359	311	257
-12	352	343	269
-12	355	356	272
-9	346	380	278
-11	348	404	279
-3	333	424	291
-3	335	469	292
14	331	474	295
9	326	507	295
8	334	516	302
13	335	505	288
9	334	515	280
11	351	517	295
18	334	507	287
11	330	515	286
8	339	526	277
10	351	525	282
10	347	513	279
2	347	537	276
8	354	535	274
7	353	529	271
2	356	540	268
5	354	548	270
25	359	529	269
21	360	535	263
38	359	527	262
24	359	546	263
25	358	546	265
10	358	544	263
3	358	555	267
3	357	567	268
4	358	563	267
0	360	570	279
-1	368	572	268
-1	369	569	268
0	358	552	272
-4	369	554	268
0	362	544	272
-8	361	545	287
-16	352	532	287
-9	358	506	282
-15	363	503	276
7	365	450	269
-7	345	410	281
-10	356	364	269
-6	367	315	262
-1	370	258	257
0	389	235	246
0	376	204	251
-10	384	171	250
-17	413	159	223
-17	413	159	223
-17	413	159	223
407	201	186	204
407	201	186	204
407	201	186	204
407	201	186	204
407	201	186	204
407	201	186	204
407	201	186	204
407	201	186	204
407	201	186	204
407	201	186	204
407	201	186	204
407	201	186	204
407	201	186	204
407	201	186	204
407	201	186	204
11	413	184	218
-59	384	190	250
-70	369	191	270
-25	366	178	274
-17	356	172	289
-10	357	151	293
-2	352	133	302
1	353	163	296
11	353	173	298
10	347	206	296
9	359	250	292
3	358	299	290
13	347	319	289
27	348	345	302
30	333	405	302
31	333	417	298
49	326	429	306
89	331	413	294
130	339	414	296
164	333	424	291
174	335	485	288
200	324	494	293
97	323	574	303
189	306	538	311
223	319	536	300
89	317	666	313
74	313	714	325
67	327	734	306
1	318	808	320
-11	316	853	320
-16	321	867	310
-18	320	878	319
-24	325	875	320
-28	315	894	330
-32	314	878	338
-3	321	886	322
-20	336	871	314
-7	336	862	311
-19	335	873	312
-26	338	884	310
-3	348	866	301
-26	354	889	294
9	336	855	310
-11	349	876	295
-18	349	898	295
-47	355	968	287
5	357	898	285
-24	354	950	296
-19	351	899	301
7	357	898	298
-60	357	986	302
-70	356	978	301
-26	367	965	279
-63	371	985	289
-93	377	1009	281
-30	356	988	287
-11	360	956	288
-41	362	931	287
-8	364	960	297
5	363	965	284
-26	372	988	292
-42	363	966	293
-13	360	936	282
8	370	928	283
-17	366	935	290
-15	350	911	293
-56	365	954	298
-103	367	951	287
-31	368	950	285
-7	359	889	297
-46	364	937	290
-101	342	943	311
10	355	905	307
-22	365	955	289
-16	345	919	308
12	339	845	329
39	347	876	311
-2	350	942	307
17	345	911	313
0	346	944	311
-2	342	933	319
0	339	891	325
1	338	872	319
-3	348	859	314
-3	344	876	317
-2	335	861	324
-12	329	846	338
-9	336	868	317
0	336	805	324
1	336	825	306
-17	344	859	306
-23	343	843	294
-30	338	849	307
5	327	840	308
-8	345	858	282
-23	327	865	300
11	321	847	311
1	322	844	313
6	319	842	301
13	330	835	293
10	315	849	309
16	322	839	294
16	314	867	310
18	321	842	299
17	310	870	304
18	326	844	280
39	317	828	291
45	333	819	281
35	331	831	283
57	342	835	292
50	330	839	286
51	328	839	294
58	330	854	294
60	318	989	301
47	321	1006	303
35	323	961	284
101	328	981	287
22	322	1066	292
91	322	997	291
50	318	1052	305
97	322	1006	295
44	324	1073	297
135	317	971	293
131	323	954	300
105	307	937	315
143	328	951	293
107	322	968	302
41	338	1009	293
19	322	992	292
5	328	980	301
0	313	928	325
-23	326	885	312
-9	329	928	308
-60	333	957	311
-12	336	947	286
-15	334	952	295
-12	347	955	290
-8	340	905	296
-15	344	946	292
-7	355	889	288
-3	358	906	282
0	352	908	288
6	358	858	285
9	357	868	294
10	360	858	279
17	344	828	294
22	346	850	300
8	344	841	304
2	348	835	295
14	353	802	300
0	343	809	302
10	348	777	298
6	351	803	300
12	342	772	303
5	360	772	289
1	351	765	300
-7	340	800	300
20	367	762	285
10	350	763	293
3	348	769	296
5	332	800	313
19	366	774	290
12	344	805	293
17	351	786	284
30	354	758	288
28	352	752	296
38	350	728	299
36	351	730	295
46	352	708	292
48	349	722	302
61	351	713	293
71	353	702	295
86	349	688	296
99	349	670	286
112	353	675	294
123	360	660	283
137	355	629	284
132	363	641	277
136	366	635	271
126	368	640	266
133	365	624	272
127	366	640	271
121	348	639	283
117	354	650	280
129	353	629	284
128	352	608	275
121	353	631	284
113	348	658	285
115	342	622	291
101	340	631	288
96	352	648	281
89	339	653	292
80	335	632	287
75	338	648	272
70	324	662	300
71	324	623	294
62	322	646	290
57	320	654	303
48	310	632	303
53	335	648	291
49	325	644	288
50	311	624	295
47	316	638	308
51	327	638	286
45	321	651	286
46	310	645	296
56	312	626	289
56	307	628	289
60	318	619	295
59	314	619	292
66	311	617	293
73	314	621	287
90	311	602	288
97	312	589	297
112	306	559	302
106	319	560	303
130	328	560	293
117	329	553	283
123	325	544	292
125	323	530	287
130	315	522	295
145	329	521	300
149	334	494	283
142	326	520	301
151	337	519	277
156	334	499	276
161	342	488	270
162	344	502	286
174	353	465	278
173	356	472	281
179	348	456	280
177	355	461	275
190	354	473	269
174	351	496	281
188	357	464	278
180	339	472	290
180	351	479	286
190	354	475	301
183	351	485	286
191	352	470	293
200	337	449	304
192	354	461	283
189	353	463	293
182	348	470	294
164	344	474	296
162	339	474	300
157	355	482	281
148	357	489	280
131	341	525	289
122	345	526	295
105	346	547	289
82	349	559	295
55	351	613	296
49	349	592	297
39	355	611	289
43	350	632	299
43	341	615	308
44	336	614	314
45	339	594	307
51	353	618	313
47	352	631	298
50	353	590	295
61	367	595	290
55	365	621	288
68	352	600	300
91	367	557	298
84	367	583	285
69	362	612	286
94	370	592	280
100	360	562	285
115	373	550	279
114	382	554	278
129	365	550	276
131	380	539	280
131	354	526	299
150	379	498	286
149	367	515	292
152	359	489	297
154	356	518	305
159	366	480	291
169	366	426	294
176	377	396	293
183	364	337	293
186	375	363	273
184	352	318	293
167	353	363	302
160	362	406	281
163	353	338	294
147	349	388	289
150	362	391	271
110	356	449	298
112	360	458	298
120	344	458	290
73	341	479	301
71	350	513	295
38	333	560	305
39	342	596	293
37	342	607	290
14	321	616	313
19	329	725	314
8	343	765	303
8	338	722	309
20	342	765	288
17	338	752	303
4	338	775	301
8	326	743	318
22	311	746	328
19	336	743	328
41	328	709	322
21	321	772	292
2	324	801	304
14	341	782	321
43	322	742	312
54	330	737	288
62	346	738	301
42	343	750	316
41	330	755	314
30	322	763	324
34	327	758	309
13	348	821	288
20	333	792	311
22	332	780	329
11	345	817	311
11	335	811	315
2	342	813	320
27	343	806	310
9	344	811	304
10	348	835	319
16	352	813	313
23	346	825	318
2	353	833	322
-1	351	851	309
13	355	837	316
2	356	829	303
32	352	817	313
28	346	808	311
33	351	794	317
38	337	781	323
34	353	793	309
38	351	784	308
52	366	784	300
53	347	788	319
34	363	802	291
49	359	799	324
48	355	785	319
62	339	770	332
50	337	778	328
34	339	789	311
26	346	803	337
33	356	792	310
26	346	806	314
27	344	804	299
30	338	817	329
23	343	799	326
31	348	797	341
23	364	802	290
37	337	804	330
32	350	775	332
46	337	747	337
44	351	736	296
46	352	786	329
46	343	768	325
43	340	792	323
46	346	785	317
45	350	783	310
48	343	793	321
47	357	778	312
53	345	803	321
57	344	772	321
64	345	780	312
71	344	791	321
87	355	758	334
88	360	765	290
60	373	830	283
70	364	834	295
60	362	816	305
77	362	835	299
51	352	835	307
73	355	847	315
83	356	809	309
76	354	793	305
81	353	842	308
59	357	842	296
89	360	842	299
63	352	858	306
76	360	868	302
64	345	890	299
59	356	904	296
58	349	901	304
62	339	901	311
56	355	867	306
81	344	884	297
73	342	884	304
68	343	917	306
64	349	928	301
74	341	918	305
69	336	929	301
79	350	917	295
82	349	928	299
86	346	908	302
96	340	903	298
90	345	911	310
90	344	896	295
89	346	900	304
88	343	911	295
81	345	909	304
75	336	923	303
81	333	907	312
87	339	877	302
78	330	841	309
101	338	825	308
97	334	821	315
99	333	807	303
95	331	814	312
100	349	881	290
91	340	892	294
92	348	893	281
98	357	891	285
86	340	898	305
73	343	881	296
61	346	917	303
94	346	877	304
79	346	877	305
77	345	881	294
73	337	865	307
97	340	875	306
81	332	852	310
115	349	828	312
91	342	856	308
102	342	842	318
105	337	846	312
88	345	863	296
99	339	843	307
87	330	883	327
116	339	830	310
108	337	850	317
127	348	832	313
100	345	867	313
122	339	851	315
140	346	826	316
159	348	816	316
123	346	851	312
157	335	806	316
170	339	806	315
175	339	787	326
176	327	803	330
184	333	777	327
188	350	774	318
190	347	779	305
195	342	778	325
210	343	782	330
226	345	760	326
235	349	756	305
251	365	755	303
264	360	743	287
277	348	705	314
276	355	727	325
283	349	711	308
290	360	739	318
300	357	721	298
303	355	727	303
308	348	717	311
314	347	711	312
313	351	711	310
311	347	711	317
313	345	723	315
321	348	706	318
324	344	698	323
320	339	707	325
313	348	704	319
311	339	687	330
316	354	663	304
328	349	634	314
324	367	648	308
320	351	648	303
316	357	664	307
324	339	631	323
325	347	649	300
316	360	657	296
324	341	658	312
313	342	657	316
332	344	627	308
332	333	628	313
330	347	641	289
329	343	604	324
347	343	582	306
345	348	560	308
354	337	604	312
352	332	529	305
351	342	551	341
352	328	574	337
365	346	557	299
353	335	577	315
350	342	587	324
345	333	578	331
357	334	583	322
346	341	564	332
359	323	517	336
363	346	513	325
369	345	551	317
370	342	539	298
372	354	510	293
369	347	513	312
371	346	490	306
376	333	429	340
388	350	457	316
407	337	492	336
371	367	454	301
374	368	522	294
374	359	551	291
349	361	624	297
341	345	692	302
349	365	672	298
335	352	677	304
341	362	697	298
331	363	774	284
316	353	783	302
332	349	726	301
335	362	708	298
336	359	713	295
329	348	713	299
337	347	730	303
324	341	755	312
315	350	775	304
320	347	776	306
336	345	733	311
329	356	757	308
322	347	780	302
312	346	815	308
314	349	836	302
321	347	836	310
313	333	809	315
324	340	817	315
336	346	801	313
322	344	868	310
330	345	828	321
342	346	815	325
333	339	806	321
325	345	853	311
318	339	889	314
324	336	861	321
323	349	878	315
327	352	851	324
314	343	875	315
320	334	879	323
320	342	878	327
302	331	893	330
297	333	915	327
299	326	917	329
304	325	893	343
281	321	878	340
281	327	907	333
266	315	899	341
276	326	888	334
323	329	865	329
281	329	901	326
269	324	889	332
239	320	912	334
210	324	939	340
195	313	945	330
192	332	994	321
187	313	967	326
177	312	998	336
178	311	976	342
162	326	994	331
157	326	1003	329
155	324	988	327
156	323	973	334
150	323	999	337
142	314	1012	348
130	323	1005	330
133	313	977	337
129	325	997	334
121	319	1007	331
118	332	1005	318
114	326	986	313
110	330	1005	319
99	335	1034	312
86	316	1003	317
118	339	964	313
118	336	953	312
80	331	1010	313
70	341	995	304
71	329	997	313
69	327	1008	320
31	338	1067	308
62	351	1040	297
29	329	1052	315
48	331	1004	313
249	334	1018	313
46	317	1051	308
42	340	1043	298
285	327	956	325
125	330	959	309
154	322	921	323
250	308	844	345
111	323	842	308
193	303	773	329
211	298	705	320
244	314	649	324
241	321	622	318
229	323	603	299
238	332	567	294
234	340	528	292
261	318	565	307
229	323	492	313
245	333	529	302
269	313	559	301
233	338	473	304
256	323	547	308
204	328	531	294
222	321	579	301
174	318	580	295
170	321	510	302
177	328	577	312
151	330	514	293
150	322	445	299
152	324	435	293
143	321	428	308
159	309	418	319
124	322	452	310
147	316	495	301
93	307	549	303
78	311	547	302
57	329	604	304
44	327	612	302
28	329	586	297
23	319	597	297
14	322	602	311
21	310	571	316
9	306	566	304
19	321	559	287
14	328	544	291
0	318	573	316
4	323	530	307
4	325	494	298
-3	315	495	304
-4	329	488	314
4	317	465	310
0	319	458	311
-2	330	458	301
-13	316	429	305
-14	319	424	316
-8	319	393	310
8	312	347	314
-6	318	359	318
-10	318	347	304
-1	303	321	319
-12	312	319	296
0	317	304	295
-18	319	317	308
-63	310	356	310
9	309	397	307
-15	314	317	301
41	298	370	314
-140	310	434	313
-5	315	428	299
435	311	407	284
-65	299	352	325
420	319	392	283
405	323	425	281
-175	317	472	300
399	321	439	286
395	331	444	281
-13	314	383	316
-51	304	363	327
2	315	315	315
-4	323	328	304
-6	324	371	304
-53	319	377	303
-5	327	349	310
-1	329	396	299
-16	320	358	309
9	327	367	304
3	334	320	285
-2	330	336	300
-5	315	342	312
-8	321	329	309
0	322	390	306
2	302	464	325
-60	302	449	330
0	319	490	308
-94	296	563	319
-3	300	523	331
-20	333	450	296
4	324	501	299
-17	315	486	309
-8	306	544	317
-58	317	628	303
-164	309	712	310
-34	311	625	308
-57	303	624	322
-5	313	591	318
-17	302	600	332
-45	299	617	346
-120	308	677	340
-1	314	639	306
-29	306	648	314
-3	313	644	304
-19	304	663	312
-42	309	695	306
-19	319	688	305
-31	315	652	305
-75	309	648	322
-17	317	719	303
-45	311	703	307
-13	311	747	307
-23	315	734	303
-42	327	690	294
-128	318	702	298
-36	323	658	303
9	317	645	294
-21	322	563	293
22	315	483	290
43	323	455	298
48	319	458	290
57	313	445	297
68	317	430	294
84	326	424	291
90	321	420	301
116	315	391	300
107	324	415	301
120	324	395	292
125	318	392	300
133	314	413	311
134	316	414	305
134	305	415	304
133	308	445	314
130	302	460	311
132	312	466	316
126	305	485	313
129	309	480	314
130	304	483	319
122	313	500	317
116	320	505	309
105	320	514	309
120	316	526	305
102	327	520	300
39	318	600	309
101	311	561	317
96	327	546	318
54	330	596	307
89	335	580	301
84	345	564	292
45	333	593	296
71	317	609	317
59	320	610	314
55	330	619	310
18	326	653	313
38	329	630	316
14	331	623	313
25	326	678	311
1	315	724	332
11	311	723	345
12	315	684	330
56	324	654	327
119	331	579	307
169	333	516	313
169	332	513	304
157	326	517	305
165	331	486	298
143	333	495	295
151	329	478	295
125	322	485	300
133	326	465	298
101	328	510	298
107	327	491	308
95	327	503	303
97	320	504	307
100	321	509	305
109	322	506	306
110	328	493	306
120	325	490	308
128	318	470	312
132	323	496	310
148	319	480	309
170	326	429	298
182	330	429	306
192	322	412	307
194	332	460	302
207	335	432	303
207	329	440	299
218	336	446	288
217	323	473	293
219	320	495	293
224	314	489	302
247	325	452	301
257	317	448	303
302	318	401	311
322	319	368	296
348	315	371	301
360	310	367	304
379	316	351	303
391	319	332	305
398	308	338	296
404	303	345	311
416	302	324	302
422	299	342	318
436	303	331	314
451	304	321	310
461	304	314	302
479	312	293	298
488	319	305	295
228	325	277	276
228	326	285	278
229	327	284	280
228	325	289	279
231	326	297	273
221	330	295	272
232	334	293	268
230	337	276	269
231	333	274	270
235	342	265	269
236	338	253	271
236	341	251	270
233	343	248	265
225	347	236	273
209	334	228	274
203	347	219	268
207	342	214	274
211	349	212	268
208	342	201	268
202	350	195	268
204	346	190	260
203	351	182	260
206	355	185	257
203	349	176	263
210	353	177	264
203	359	178	253
205	360	189	249
199	364	189	252
200	360	195	260
197	362	197	250
180	380	224	238
166	375	238	240
176	362	230	248
178	355	234	262
169	323	265	291
92	335	325	278
49	327	357	286
12	341	390	287
2	332	421	287
-2	330	430	296
-6	334	439	290
-3	343	445	279
-11	334	484	284
19	341	495	290
207	320	551	286
-67	316	503	322
-1	325	478	303
-55	334	498	298
-12	337	454	287
-6	330	421	298
-8	316	359	311
60	332	342	307
7	332	388	306
15	339	294	288
24	337	302	286
13	346	328	283
14	346	325	280
0	343	341	283
4	337	345	284
16	325	325	286
18	337	338	293
12	340	349	278
13	330	352	279
11	328	362	285
26	336	333	276
102	338	271	286
71	344	295	279
132	331	273	288
110	329	297	300
121	320	293	306
136	328	271	287
151	332	280	295
174	315	244	294
190	330	224	293
181	326	222	294
181	330	210	287
183	324	192	295
182	339	185	272
185	333	179	284
185	333	177	285
180	310	176	311
178	326	169	301
178	315	151	302
175	334	153	281
175	350	147	273
169	346	159	274
165	355	174	268
167	344	173	278
153	339	194	284
153	332	212	288
158	334	212	285
160	343	218	286
156	336	247	283
143	347	264	275
147	340	251	283
156	327	239	283
144	325	250	293
158	329	241	298
140	320	273	296
149	328	258	288
149	325	256	295
162	310	249	299
157	307	269	292
154	312	325	298
160	319	352	300
177	300	337	300
187	315	310	307
191	302	304	301
208	308	274	315
207	305	277	305
217	293	270	317
230	301	251	313
240	287	234	327
245	309	240	311
252	306	234	303
258	303	227	310
254	295	216	311
263	291	219	329
255	279	226	341
235	262	244	362
197	287	286	331
167	291	329	338
142	276	357	348
141	280	341	333
72	304	398	325
23	292	434	310
10	296	437	334
1	289	454	343
-3	312	474	303
-24	311	515	292
-9	336	533	283
-8	321	555	289
261	295	492	306
-3	313	402	293
11	323	331	295
6	322	368	283
45	306	357	283
89	311	340	285
123	301	326	289
192	313	267	300
207	319	256	291
202	323	258	293
190	333	257	282
222	328	225	297
245	322	220	293
267	317	214	304
291	318	194	285
284	328	195	283
279	343	182	274
262	340	185	273
256	333	177	274
250	328	167	289
250	334	164	275
238	343	165	279
230	341	168	281
222	339	170	279
214	333	175	291
205	328	177	283
191	331	184	289
183	331	184	288
177	332	183	289
178	331	177	285
174	329	178	288
170	337	174	283
173	342	166	279
172	340	169	282
170	337	165	286
169	325	172	295
174	309	167	307
171	302	164	313
169	301	164	312
181	304	160	307
179	309	159	303
178	312	162	299
183	312	167	298
180	303	167	307
177	305	172	312
191	313	165	300
210	306	188	296
244	322	195	283
428	322	204	277
366	342	214	267
298	317	225	284
326	312	253	286
356	304	275	292
387	299	328	299
386	303	408	293
380	300	457	290
390	294	415	299
390	296	407	302
434	298	343	307
472	286	319	318
508	283	307	319
523	285	308	312
539	294	343	311
560	305	380	306
571	300	434	294
586	289	438	304
602	292	444	305
603	292	485	296
574	283	543	294
541	290	583	303
483	309	624	290
412	287	652	303
322	281	698	308
427	280	750	307
167	291	830	299
141	296	905	289
195	297	975	299
40	286	1097	315
-9	286	1209	324
-68	270	1240	336
7	276	1137	321
-14	282	1108	325
-12	279	1056	336
-26	263	1038	351
-22	307	1034	281
-42	287	1044	309
-84	270	1071	353
-143	244	1068	383
135	237	1107	382
74	283	1169	321
169	303	1117	297
174	308	1076	292
-242	305	1138	311
313	263	994	339
356	305	945	307
-252	325	932	318
-328	316	1013	316
-329	322	1018	307
-324	320	1003	309
-87	311	1010	321
-211	329	940	322
-120	338	856	282
-22	308	754	321
4	340	671	282
25	331	617	307
38	349	543	278
73	351	495	269
101	357	459	265
123	355	418	269
140	338	395	275
143	344	407	282
146	342	420	274
160	328	411	285
166	337	450	280
176	340	498	258
182	344	505	254
178	332	537	291
175	306	505	303
175	303	484	308
171	309	449	299
160	302	458	302
151	279	474	306
147	284	484	326
144	274	498	336
178	305	418	333
174	310	414	298
167	337	367	278
157	345	343	265
154	343	313	265
140	352	320	268
162	353	284	266
170	351	259	253
169	350	248	269
174	342	220	269
174	338	204	276
179	344	216	271
182	335	188	273
178	338	181	270
188	330	197	277
284	314	238	294
194	325	320	281
199	318	306	285
206	319	285	279
224	321	302	283
250	316	339	285
334	320	273	287
399	318	233	282
459	311	231	292
528	305	229	288
613	306	173	275
648	303	147	286
272	173	196	325
264	154	196	386
239	109	250	449
598	235	294	370
561	276	364	328
555	327	476	286
524	315	527	280
507	310	541	280
476	330	550	273
410	342	518	273
428	320	451	294
435	330	392	291
402	322	416	281
361	336	448	268
322	315	484	294
255	320	537	292
238	313	522	280
201	321	496	279
167	330	449	264
144	334	410	270
133	316	343	289
126	304	306	297
118	324	267	278
122	325	238	293
125	332	227	294
118	315	244	301
103	331	283	304
66	335	314	294
61	350	341	288
79	339	337	296
104	345	317	285
101	347	322	292
121	333	288	308
121	335	276	313
113	330	261	314
130	327	260	306
140	339	265	293
156	322	260	291
154	329	271	309
157	314	269	311
154	320	261	310
127	316	291	307
124	330	269	313
106	334	279	285
87	348	294	289
71	340	283	292
50	317	339	311
29	298	285	336
11	305	306	319
9	322	238	315
12	337	213	295
8	350	196	281
4	366	179	281
46	365	214	260
62	343	243	284
73	341	288	289
80	356	299	277
52	352	344	268
18	348	403	281
35	362	433	273
45	354	458	276
142	353	442	272
191	345	456	277
263	353	444	266
282	351	465	279
309	347	461	283
313	342	460	283
305	340	468	284
314	339	455	276
311	345	464	272
325	348	466	266
338	353	462	271
337	345	478	287
370	350	474	284
398	328	491	292
409	333	520	278
437	328	492	297
402	331	497	296
390	333	501	282
400	335	509	287
437	328	514	311
433	335	567	305
439	325	548	318
414	347	572	289
398	370	551	263
397	375	513	255
380	375	526	260
375	377	514	254
366	376	476	255
360	381	463	250
380	379	432	253
382	385	429	261
395	383	404	272
401	388	381	268
391	402	393	266
385	409	384	254
375	421	391	241
341	418	411	245
324	417	422	250
315	414	422	243
309	411	426	246
323	399	406	250
317	404	402	254
314	414	376	251
-112	426	339	267
0	409	322	280
8	407	316	282
21	414	242	284
60	415	203	270
111	417	187	267
162	408	191	276
189	397	193	290
218	395	195	301
241	397	197	295
266	398	217	292
321	401	208	283
367	405	214	269
403	404	211	268
410	396	219	274
423	388	206	279
418	377	214	289
433	373	212	295
443	366	219	286
449	379	238	278
454	368	239	287
452	365	239	285
458	353	227	302
455	334	231	324
475	336	224	310
496	339	213	298
498	341	223	307
499	338	219	295
497	342	229	301
503	341	228	290
505	349	222	286
514	354	211	282
517	336	199	299
520	336	189	295
505	326	204	300
499	324	193	306
493	318	208	316
488	309	231	321
473	301	254	315
475	276	255	330
467	281	316	332
462	279	322	322
463	295	337	316
468	291	361	308
464	298	378	313
465	296	387	316
456	281	409	313
482	299	373	311
497	276	339	317
492	277	416	312
481	273	415	320
459	263	419	318
437	252	477	321
411	223	533	343
365	230	581	349
336	248	634	305
298	262	655	295
245	257	689	295
195	245	740	294
163	246	756	306
327	242	717	320
389	225	603	334
419	240	522	306
30	274	439	304
-17	264	388	317
2	259	327	313
0	261	320	317
-6	257	323	324
-5	268	307	326
-7	271	307	330
-3	267	276	328
-11	263	283	321
-14	269	278	314
-12	267	281	329
-5	279	295	315
-3	292	310	297
-8	292	330	288
-1	296	327	291
-11	291	341	278
-6	282	317	292
13	291	278	292
2	275	291	305
53	252	345	334
27	267	356	310
1	270	388	300
1	272	431	304
9	275	481	295
18	272	476	296
52	283	472	287
74	280	517	300
91	262	520	311
127	272	484	297
148	274	454	285
186	270	439	292
215	269	425	304
248	253	403	314
275	240	383	325
265	236	394	325
237	240	400	323
210	227	438	333
204	240	475	328
270	253	415	310
300	255	379	322
314	249	337	306
316	268	311	290
331	258	265	295
332	254	262	303
337	235	263	339
338	245	245	319
333	239	262	319
340	238	239	322
335	241	259	314
392	266	325	298
336	232	376	315
339	243	390	317
367	240	384	311
373	225	409	326
403	229	428	320
417	224	423	338
405	228	449	315
434	240	443	311
466	249	446	297
480	238	475	296
502	236	502	310
493	241	555	296
492	209	577	319
379	233	655	290
433	230	631	298
176	231	563	302
230	250	510	281
363	253	431	275
350	238	400	293
311	243	411	293
276	256	412	294
263	249	403	295
252	244	387	286
242	250	369	287
218	237	413	280
199	242	400	297
151	242	415	292
100	237	401	286
47	240	433	287
1	218	427	291
-1	215	373	320
-7	219	321	304
-11	219	279	284
-24	232	255	285
-56	222	233	286
-56	222	233	286
135	88	237	333
119	78	292	368
735	159	355	334
697	170	391	296
667	175	362	297
651	181	339	287
612	182	409	285
602	161	434	290
596	159	444	300
573	157	479	300
571	157	469	306
628	149	416	296
654	152	419	304
649	142	417	294
653	144	422	299
654	130	418	311
641	145	437	307
650	132	434	321
647	137	411	319
654	132	426	332
685	141	396	319
705	166	375	315
707	157	363	300
702	163	370	313
695	168	361	309
681	164	363	314
664	161	372	317
655	153	375	329
645	168	379	316
612	165	404	324
587	176	400	318
555	175	411	318
546	177	387	321
545	182	387	318
539	187	390	316
562	195	346	312
558	194	355	307
570	197	316	312
566	193	304	321
570	200	282	304
579	201	258	302
584	206	241	292
592	200	224	304
590	207	227	305
594	211	217	297
610	210	200	297
612	205	196	300
620	202	179	300
630	216	177	298
643	209	177	297
648	208	183	301
638	209	197	298
623	221	219	293
611	231	230	285
607	236	231	283
601	239	235	278
585	238	248	285
586	249	248	284
592	241	237	290
588	243	243	284
594	245	229	290
597	243	224	290
593	235	226	287
603	233	214	288
606	236	218	295
621	242	201	283
634	243	190	277
636	248	200	270
649	246	195	271
667	250	200	270
702	233	185	288
724	237	160	280
739	251	131	265
431	266	129	276
405	263	163	270
372	240	206	291
349	240	244	290
342	238	252	293
332	246	286	286
262	248	351	268
247	246	405	265
260	230	419	271
279	252	451	275
387	234	418	283
466	238	399	275
598	223	364	287
650	220	320	294
698	233	305	290
747	229	270	276
781	217	236	284
817	225	196	279
373	250	169	286
381	248	215	285
355	247	248	278
344	252	260	277
334	237	257	284
322	228	250	298
315	234	238	295
308	239	230	306
295	247	226	288
293	259	224	276
289	263	217	274
285	267	203	276
280	259	197	280
279	259	194	284
268	258	194	291
255	263	199	288
250	268	188	284
235	264	191	281
219	261	202	294
204	263	211	291
177	261	232	289
162	267	250	291
161	266	242	297
140	271	262	285
150	273	237	286
152	269	233	289
141	274	240	299
102	263	279	308
106	265	267	294
73	273	301	298
61	269	310	308
12	261	365	305
1	276	369	296
-4	277	369	292
380	267	313	269
377	258	312	275
394	255	286	275
403	254	278	276
410	256	270	279
404	250	289	286
414	253	298	277
431	254	297	275
467	252	277	277
492	258	278	268
494	261	292	263
514	260	282	266
526	255	267	266
535	255	256	271
541	249	264	276
551	250	261	276
546	248	268	276
540	251	278	284
517	249	289	291
517	256	301	290
490	257	330	282
477	256	345	283
476	262	356	289
470	262	371	283
479	252	369	290
489	253	367	289
517	252	350	300
526	244	360	300
555	257	322	298
545	274	325	281
570	272	293	279
513	270	344	270
469	263	393	296
441	240	412	307
430	254	430	301
425	245	431	296
400	252	456	289
428	262	428	280
-5	294	365	278
-12	295	320	277
0	278	286	291
20	282	282	295
60	280	272	294
98	289	263	287
131	291	247	284
167	293	232	285
196	286	205	282
227	276	191	302
254	261	172	307
282	256	200	318
284	271	215	297
296	283	197	290
296	284	197	289
298	274	180	288
345	266	187	306
333	271	212	299
387	281	202	293
378	289	215	283
395	290	245	286
360	280	299	305
339	273	315	305
343	278	315	295
338	283	323	302
322	289	331	297
305	290	391	285
302	285	379	293
310	288	404	284
314	302	396	288
296	276	400	286
296	281	402	301
282	283	416	293
269	295	427	289
258	287	438	289
246	300	444	284
218	295	485	268
207	299	474	276
206	293	508	276
197	282	490	292
198	272	458	292
205	276	453	309
205	284	416	292
232	297	383	290
246	272	342	311
261	304	301	301
275	288	285	301
275	284	292	297
284	302	294	297
283	289	300	299
273	293	327	298
270	297	336	297
259	289	332	286
259	304	325	290
266	293	297	284
248	306	303	281
219	308	344	278
215	306	314	270
209	320	311	278
193	323	315	268
206	321	287	256
214	314	259	267
214	324	275	261
215	321	241	262
223	323	212	266
244	311	201	263
252	314	210	253
266	323	186	252
281	316	176	255
326	315	232	252
784	267	194	274
789	269	178	269
787	282	177	253
775	276	175	257
761	268	173	262
757	261	169	272
763	246	171	282
767	231	160	298
772	229	158	303
768	238	156	275
766	257	164	271
769	259	157	270
766	266	160	260
767	259	160	267
767	263	168	257
763	256	172	263
770	252	164	268
770	245	159	265
761	244	161	278
747	237	163	273
736	236	158	281
720	228	159	292
705	226	155	299
692	234	152	278
673	255	156	269
660	263	154	257
644	267	153	250
634	277	159	239
622	269	156	249
614	260	157	260
606	255	154	265
595	258	151	265
586	251	149	265
587	240	146	278
581	232	155	278
577	229	152	278
335	253	178	270
324	256	213	273
331	263	227	262
354	260	204	268
363	266	181	275
374	269	193	266
375	269	180	256
367	266	211	268
367	266	196	257
364	262	187	265
344	259	207	266
345	247	193	265
344	237	194	278
357	239	184	285
364	250	176	277
373	254	167	272
375	242	183	283
367	253	194	274
377	247	194	271
382	256	189	256
383	265	196	258
387	248	207	266
392	236	271	275
393	227	252	275
