2.387855
0.041620
0.043631
0.042991
0.043156
0.042739
0.046442
0.040626
0.048461
0.074009
0.045626
0.040723
0.042045
0.044936
0.041697
0.040305
0.042076
0.045377
0.040797
0.041820
0.046343
0.041569
0.041171
0.041674
0.044785
0.046479
0.044021
0.044966
0.041228
0.041291
0.040909
0.041796
0.041062
0.041469
0.040674
0.040877
0.041280
0.041296
0.041714
0.040504
0.045541
0.040982
0.040193
0.040990
0.040873
0.041113
0.040508
0.039930
0.040774
0.045547
0.042058
0.040625
0.041086
0.041805
0.041659
0.041528
0.041606
0.042226
0.040750
0.040166
0.047825
0.041130
0.041187
0.041129
0.040603
0.040364
0.040239
0.040780
0.041452
0.040106
0.040047
0.047235
0.040149
0.041509
0.041718
0.041313
0.041666
0.042144
0.039877
0.045167
0.046279
0.041311
0.040895
0.040890
0.040688
0.047330
0.040686
0.043358
0.040637
0.039783
0.040731
0.040926
0.040440
0.040758
0.039987
0.042242
0.040662
0.039826
0.040286
0.041023
0.046927
0.040470
0.040342
0.039819
0.039245
0.039460
0.040222
0.040789
0.039904
0.040584
0.043781
0.039429
0.040288
0.041531
0.041340
0.040474
0.039730
0.039639
0.039831
0.040569
0.045371
0.039795
0.040137
0.040007
0.040167
0.040083
0.039771
0.039451
0.040480
0.042145
0.040132
0.041785
0.039380
0.040189
0.040206
0.040193
0.040626
0.040451
0.039351
0.040056
0.050469
0.039672
0.040196
0.039295
0.040589
0.040404
0.039866
0.040443
0.039888
0.039356
0.040002
0.044535
0.041650
0.040825
0.040309
0.043497
0.041619
0.050261
0.042706
0.039836
0.045036
0.041476
0.040011
0.040152
0.039040
0.039306
0.039857
0.040022
0.041065
0.040691
0.041766
0.040152
0.040747
0.040478
0.040944
0.040857
0.040359
0.038810
0.040669
0.041265
0.051272
0.040225
0.042028
0.042095
0.044952
0.043437
0.045065
0.043451
0.039826
0.040015
0.044160
0.042277
0.042136
0.044627
0.042677
0.041817
0.043824
0.043600
0.043118
0.043528
0.052639
0.041159
0.041455
0.042327
0.041491
0.040724
0.041821
0.046108
0.044409
0.043631
0.042123
0.044382
0.052058
0.042357
0.041257
0.040468
0.043733
0.042570
0.043050
0.043900
0.058090
0.040667
0.040229
0.042746
0.044727
0.042631
0.041527
0.044767
0.045083
0.041875
0.040355
0.041497
0.043087
0.042380
0.043042
0.041118
0.042844
0.040031
0.040781
0.041834
0.051309
0.046051
0.041670
0.041452
0.041261
0.045866
0.041530
0.042002
0.042833
0.042780
0.042601
0.042642
0.046215
0.043866
0.043793
0.042914
0.044186
0.043310
0.045680
0.049858
0.054147
0.042720
0.045995
0.043272
0.050506
0.041485
0.043576
0.041915
0.041642
0.044235
0.042281
0.042247
0.046707
0.043464
0.040437
0.047659
0.041556
0.046980
0.053921
0.044895
0.147829
0.082228
0.045098
0.041288
0.044415
0.040847
0.044312
0.043348
0.045280
0.043239
0.043035
0.045693
0.042640
0.041116
0.041167
0.042120
0.042475
0.042313
0.044626
0.045640
0.049202
0.045593
0.043135
0.047221
0.042078
0.045820
0.138297
0.105228
0.078442
0.080573
0.095903
0.043281
0.143126
0.166976
0.073010
0.123317
0.041834
0.042889
0.045373
0.041524
0.047569
0.043121
0.051194
0.042225
0.045736
0.043096
0.041723
0.047454
0.041993
0.043175
0.040372
0.045261
0.044615
0.043716
0.047185
0.045196
0.044342
0.045943
0.052156
0.074219
0.048201
0.043144
0.042051
0.044979
0.043026
0.043981
0.045459
0.057488
0.045093
0.052691
0.045170
0.043677
0.047290
0.041512
0.052409
0.065574
0.042258
0.048498
0.078017
0.042349
0.047729
0.042175
0.041669
0.040931
0.041304
0.043465
0.042008
0.045755
0.129199
0.045285
0.041871
0.042816
0.052800
0.071922
0.043575
0.042765
0.071197
0.041490
0.041351
0.043816
0.049946
0.042479
0.041699
0.044628
0.042355
0.042075
0.043765
0.042675
0.045874
0.044770
0.043072
0.044411
0.042201
0.055902
0.042403
0.044767
0.042694
0.042382
0.042543
0.043403
0.051748
0.045207
0.045572
0.044765
0.044014
0.043236
0.045703
0.043466
0.045296
0.044873
0.062496
0.091290
0.041871
0.044681
0.042595
0.040411
0.041836
0.041703
0.041879
0.042022
0.046407
0.041670
0.040375
0.046369
0.042797
0.042194
0.055568
0.042798
0.042453
0.042903
0.046225
0.040194
0.041490
0.043022
0.042113
0.042047
0.041227
0.042699
0.041991
0.043444
0.055597
0.049904
0.043188
0.040956
0.042786
0.041056
0.040900
0.041614
0.040928
0.041510
0.042022
0.039707
0.040760
0.040604
0.040949
0.041632
0.041445
0.041242
0.053174
0.039709
0.045455
0.040842
0.041888
0.042600
0.038497
0.039553
0.041248
0.039290
0.039103
0.039853
0.044084
0.040109
0.042631
0.040503
0.040791
0.039263
0.038801
0.038966
0.039223
0.039151
0.043591
0.043706
0.040195
0.039099
0.039949
0.043778
0.039570
0.039910
0.040608
0.040142
0.040582
0.041660
0.039574
0.042421
0.039598
0.046351
0.042880
0.039912
0.039655
0.039788
0.046559
0.039407
0.039053
0.040193
0.039701
0.042592
0.039221
0.039668
0.039704
0.044582
0.040072
0.042571
0.043450
0.041753
0.041989
0.042859
0.041643
0.042684
0.043323
0.043169
0.047727
0.042534
0.041146
0.042224
0.040718
0.041168
0.042012
0.039929
0.041584
0.041056
0.041034
0.040656
0.040538
0.040596
0.040519
0.042199
0.040245
0.039992
0.041553
0.041279
0.047433
0.044701
0.042330
0.040269
0.041353
0.040687
0.039571
0.040791
0.040400
0.041001
0.041154
0.043121
0.040080
0.041284
0.203464
0.041822
0.041786
0.046067
0.040791
0.040487
0.046454
0.041075
0.042012
0.042447
0.039139
0.041651
0.041833
0.040745
0.044157
0.045117
0.040971
0.040662
0.039801
0.040167
0.041222
0.041709
0.040203
0.039626
0.039787
0.039748
0.045573
0.041068
0.040858
0.039862
0.040262
0.040152
0.040182
0.040850
0.041646
0.041586
0.042161
0.039577
0.042875
0.039585
0.040403
0.039725
0.040560
0.039670
0.043976
0.039387
0.045723
0.039087
0.039770
0.039249
0.039305
0.039674
0.040225
0.040193
0.042958
0.040204
0.040208
0.039690
0.040025
0.040344
0.041082
0.041454
0.041064
0.040354
0.043055
0.040976
0.046019
0.041350
0.040561
0.040231
0.040848
0.039852
0.039343
0.039147
0.041622
0.040693
0.039934
0.039755
0.038983
0.037819
0.037942
0.038927
0.039976
0.038338
0.038609
0.042110
0.044085
0.039216
0.039027
0.038634
0.038865
0.039625
0.039417
0.039101
0.039644
0.041980
0.039205
0.039704
0.039847
0.038893
0.043776
0.038888
0.038636
0.038962
0.038880
0.041237
0.048503
0.039606
0.042290
0.040304
0.041006
0.040694
0.044390
0.041151
0.041298
0.043580
0.042471
0.040144
0.041084
0.040713
0.040238
0.039645
0.041620
0.040029
0.040197
0.040280
0.046159
0.041506
0.040531
0.040046
0.042973
0.041487
0.041825
0.040393
0.042055
0.042014
0.040570
0.040145
0.040193
0.041061
0.060823
0.042315
0.041984
0.046420
0.045879
0.043348
0.048505
0.042179
0.042635
0.041692
0.043713
0.041554
0.042495
0.042740
0.041229
0.041360
0.042585
0.043873
0.041933
0.042214
0.048270
0.040679
0.041104
0.040414
0.048061
0.056891
0.052544
0.039371
0.038218
0.039720
0.040457
0.042919
0.039193
0.039004
0.038314
0.039678
0.038998
0.042580
0.038335
0.041807
0.040636
0.039143
0.039247
0.039730
0.047005
0.049512
0.048912
0.042690
0.042404
0.042110
0.042842
0.041961
0.041019
0.043677
0.042860
0.043577
0.042701
0.041959
0.046024
0.042188
0.042360
0.042546
0.041859
0.044608
0.040565
0.043283
0.047482
0.043284
0.042614
0.042814
0.041843
0.042426
0.042979
0.042571
0.041764
0.042539
0.042519
0.042161
0.041325
0.042235
0.045349
0.040529
0.041046
0.042468
0.041881
0.041904
0.048092
0.041907
0.040767
0.041130
0.041150
0.042345
0.044252
0.041384
0.040106
0.041057
0.048506
0.041546
0.040761
0.041713
0.041110
0.041975
0.041552
0.041095
0.041983
0.041673
0.047082
0.041593
0.041197
0.041198
0.041631
0.042618
0.040713
0.041231
0.042506
0.041630
0.040980
0.041397
0.040864
0.040053
0.041130
0.040900
0.041008
0.040690
0.041168
0.041324
0.047312
0.040941
0.041171
0.040868
0.042937
0.041988
0.042532
0.042627
0.043470
0.042956
0.041472
0.046320
0.045246
0.046118
0.041400
0.042574
0.042212
0.046272
0.042175
0.041803
0.047982
0.042054
0.042454
0.044399
0.042628
0.041449
0.042147
0.052028
0.039750
0.040641
0.040735
0.040726
0.040772
0.041411
0.042254
0.041633
0.040439
0.040222
0.042176
0.041431
0.047350
0.041257
0.045769
0.040735
0.041437
0.040810
0.041090
0.041007
0.041918
0.041533
0.041806
0.041169
0.041107
0.040481
0.041274
0.051662
0.041379
0.040542
0.042334
0.042708
0.046411
0.041263
0.041978
0.041435
0.041792
0.042475
0.041754
0.041514
0.042344
0.042264
0.040509
0.109203
0.082078
0.080464
0.041037
0.041689
0.040736
0.040886
0.042178
0.040900
0.046534
0.046286
0.040534
0.041167
0.042115
0.041085
0.042770
0.041054
0.040947
0.041074
0.041343
0.040664
0.040513
0.041320
0.041331
0.040909
0.040146
0.040095
0.041289
0.041846
0.053869
0.042090
0.042053
0.042795
0.042578
0.042994
0.044013
0.040734
0.042407
0.043151
0.042713
0.043901
0.040771
0.042315
0.042443
0.042367
0.042712
0.042082
0.042538
0.043597
0.047833
0.042428
0.043571
0.043674
0.042856
0.042740
0.042972
0.041963
0.042005
0.042873
0.042581
0.043040
0.042041
0.045288
0.043638
0.041904
0.042721
0.042601
0.042399
0.043329
0.048452
0.042560
0.043445
0.042475
0.042884
0.042927
0.042049
0.042656
0.042469
0.042609
0.043048
0.043045
0.043221
0.043567
0.042908
0.043566
0.042567
0.042647
0.042626
0.042737
0.048550
0.043000
0.042501
0.043201
0.042361
0.042523
0.042626
0.042438
0.043246
0.042753
0.041881
0.042892
0.041903
0.041904
0.041492
0.042409
0.042023
0.043277
0.042983
0.061066
0.046800
0.041469
0.048537
0.042513
0.042112
0.042984
0.043111
0.044315
0.044077
0.042975
0.042905
0.042113
0.043021
0.043447
0.044385
0.045188
0.043398
0.045572
0.044698
0.042349
0.047931
0.043274
0.042677
0.042675
0.042511
0.043397
0.042179
0.054561
0.043858
0.051403
0.042555
0.042656
0.043675
0.042270
0.042446
0.041898
0.042852
0.042382
0.042615
0.043175
0.049005
0.042902
0.042928
0.043032
0.043763
0.043666
0.043432
0.043005
0.043375
0.042797
0.043229
0.044132
0.042697
0.043722
0.041403
0.041402
0.042476
0.043070
0.042908
0.041735
0.050243
0.042988
0.043151
0.043382
0.042570
0.043598
0.043385
0.043185
0.042850
0.043377
0.042645
0.043157
0.042468
0.042824
0.044359
0.042857
0.042951
0.042849
0.042380
0.042563
0.048963
0.043771
0.042483
0.042586
0.042916
0.042571
0.042754
0.042810
0.043533
0.042105
0.043452
0.042101
0.042461
0.043010
0.043175
0.042905
0.041371
0.042415
0.041903
0.042763
0.045763
0.040544
0.042610
0.042827
0.041123
0.043090
0.043114
0.042130
0.041977
0.041933
0.042368
0.041802
0.040879
0.041116
0.040562
0.041789
0.041514
0.042072
0.041078
0.042010
0.047317
0.041945
0.041173
0.042014
0.040401
0.042536
0.041617
0.040793
0.042468
0.042748
0.041934
0.041626
0.042875
0.046229
0.043000
0.040745
0.042261
0.042227
0.042582
0.042134
0.048337
0.042118
0.045069
0.042810
0.043519
0.042275
0.042066
0.042330
0.041128
0.042097
0.042713
0.041896
0.042236
0.049183
0.042396
0.047107
0.041167
0.041981
0.041949
0.042583
0.048339
0.042443
0.041655
0.042645
0.042017
0.045118
0.042219
0.041774
0.041886
0.042679
0.043322
0.042032
0.041810
0.042027
0.042003
0.042586
0.045527
0.046849
0.041549
0.043006
0.048075
0.043633
0.042891
0.042146
0.042150
0.042514
0.045599
0.041447
0.045678
0.041714
0.042463
0.041527
0.044329
0.082585
0.090650
0.044117
0.043911
0.043234
0.044486
0.042871
0.049126
0.042682
0.043335
0.043215
0.042530
0.042464
0.042755
0.041863
0.042569
0.043083
0.043513
0.043328
0.042622
0.042473
0.042898
0.042382
0.042981
0.046671
0.042907
0.049434
0.048897
0.042745
0.044488
0.043116
0.068539
0.041862
0.047028
0.042375
0.042281
0.041834
0.043056
0.043863
0.042251
0.043990
0.043512
0.042967
0.043131
0.043001
0.043745
0.068567
0.046313
0.042962
0.042818
0.046345
0.041174
0.042531
0.040739
0.045775
0.040256
0.040695
0.045054
0.042096
0.041810
0.042061
0.041298
0.046271
0.041731
0.046215
0.044981
0.041501
0.047088
0.041420
0.040820
0.040540
0.040975
0.041924
0.043101
0.044101
0.040095
0.040370
0.039866
0.040238
0.040444
0.046979
0.040334
0.040691
0.055325
0.040747
0.041224
0.041544
0.045397
0.040766
0.040745
0.040862
0.044223
0.040596
0.040374
0.042491
0.039759
0.041402
0.040773
0.042617
0.041391
0.041433
0.041212
0.040751
0.042045
0.041697
0.041429
0.041265
0.046262
0.041995
0.041477
0.078500
0.042741
0.042222
0.042577
0.043057
0.047344
0.042287
0.042046
0.042375
0.041755
0.042058
0.042049
0.043226
0.042333
0.042488
0.042100
0.041453
0.047130
0.042313
0.041290
0.041421
0.040989
0.041272
0.041176
0.040257
0.040192
0.040928
0.041295
0.041801
0.041288
0.041006
0.040867
0.041103
0.041188
0.041091
0.040632
0.040394
0.046134
0.042982
0.041390
0.040313
0.039742
0.040945
0.040435
0.040956
0.040804
0.040722
0.040253
0.040395
0.040039
0.040237
0.040174
0.039890
0.040251
0.039910
0.039870
0.040271
0.045653
0.039820
0.040373
0.040280
0.040102
0.040518
0.040221
0.040736
0.040031
0.017788
0.016669
0.045688
0.017468
0.016698
0.048415
0.017674
0.068400
0.018055
0.065234
0.018301
0.068196
0.018121
0.016705
0.019398
0.017455
0.065501
0.018225
0.067720
0.017781
0.058729
0.017266
0.017579
0.051076
0.040792
0.043834
0.041048
0.067360
0.040160
0.040541
0.041118
0.047545
0.039670
0.043210
0.041413
0.040803
0.040652
0.042270
0.040950
0.043380
0.039844
0.043595
0.041776
0.043772
0.040606
0.039407
0.040855
0.042264
0.040331
0.039953
0.040132
0.045846
0.040840
0.043779
0.040984
0.041666
0.040784
0.041277
0.040768
0.041839
0.045356
0.047295
0.041999
0.041295
0.065810
0.041539
0.042216
0.042992
0.043397
0.042349
0.041201
0.047229
0.042193
0.041965
0.041487
0.041623
0.042188
0.041603
0.041977
0.042545
0.049244
0.047712
0.046695
0.041377
0.045965
0.041088
0.044926
0.041214
0.041970
0.041945
0.042502
0.047530
0.041417
0.041757
0.041020
0.042531
0.042721
0.045053
0.041965
0.042751
0.043006
0.040366
0.040002
0.040524
0.042140
0.043411
0.041027
0.042317
0.041831
0.041204
0.041285
0.049891
0.042631
0.041859
0.042204
0.044225
0.042994
0.052751
0.041270
0.064777
0.041168
0.041422
0.042812
0.041576
0.039762
0.041861
0.040142
0.041188
0.040945
0.040256
0.041732
0.046499
0.041018
0.041348
0.041018
0.045974
0.041027
0.040167
0.040633
0.040610
0.046028
0.050733
0.041566
0.041343
0.042676
0.045677
0.042510
0.042656
0.041954
0.045663
0.045313
0.047379
0.042096
0.042058
0.044737
0.041951
0.042746
0.042378
0.042360
0.041996
0.042548
0.041843
0.042339
0.042287
0.045619
0.041970
0.040479
0.046044
0.042789
0.042830
0.042426
0.047456
0.041898
0.041318
0.046305
0.043243
0.041790
0.041579
0.042122
0.042970
0.042633
0.042113
0.059446
0.041855
0.042719
0.045247
0.041756
0.043099
0.045997
0.082283
0.042745
0.048341
0.041836
0.041916
0.041627
0.041918
0.042323
0.043147
0.043786
0.041922
0.041672
0.042142
0.060285
0.042139
0.042053
0.043491
0.045480
0.042000
0.041713
0.042134
0.042598
0.047346
0.043370
0.049075
0.041532
0.042344
0.042789
0.042004
0.046321
0.081457
0.042845
0.040607
0.043832
0.040863
0.040825
0.042269
0.040558
0.044975
0.039813
0.044439
0.039760
0.049908
0.040114
0.039885
0.040311
0.047606
0.040350
0.041292
0.041125
0.040061
0.040249
0.044621
0.040007
0.044051
0.039751
0.043596
0.040583
0.043343
0.039454
0.040087
0.039670
0.045372
0.039774
0.040781
0.042710
0.042108
0.042639
0.041960
0.042086
0.041776
0.042906
0.044208
0.042506
0.041350
0.039852
0.040696
0.040363
0.039542
0.040079
0.040170
0.040102
0.045645
0.040559
0.040971
0.046376
0.042517
0.042291
0.042087
0.041325
0.039675
0.039865
0.040870
0.041346
0.041882
0.039526
0.040141
0.039872
0.039392
0.040024
0.039951
0.040307
0.044946
0.046982
0.040689
0.040143
0.040714
0.040701
0.041648
0.041405
0.039279
0.040852
0.043785
0.041024
0.040907
0.039752
0.040478
0.040453
0.040888
0.041184
0.040891
0.041433
0.046803
0.041174
0.042429
0.041553
0.041987
0.041443
0.046098
0.041110
0.041583
0.045434
0.041234
0.041110
0.040336
0.044098
0.041729
0.041686
0.042024
0.041654
0.041842
0.044760
0.047533
0.041847
0.041546
0.041318
0.040654
0.041305
0.041679
0.039784
0.040673
0.041462
0.041746
0.041893
0.040053
0.039426
0.039298
0.039497
0.050503
0.040443
0.040635
0.040661
0.047269
0.040904
0.040037
0.040619
0.043457
0.040341
0.040855
0.041201
0.041573
0.039244
0.039221
0.043939
0.039974
0.040499
0.040917
0.040761
0.040406
0.040939
0.043700
0.040658
0.046868
0.042379
0.041436
0.041628
0.041356
0.041514
0.045051
0.040361
0.041039
0.040921
0.040812
0.040992
0.040835
0.041082
0.047109
0.059144
0.043196
0.042308
0.045850
0.041557
0.051050
0.043393
0.043515
0.048998
0.075685
0.041879
0.045572
0.046649
0.043937
0.041890
0.044112
0.042216
0.054329
0.082192
0.043025
0.056202
0.081374
0.050508
0.044984
0.040543
0.049488
0.040085
0.055524
0.059542
0.086421
0.040691
0.048594
0.040295
0.040360
0.042016
0.043563
0.040957
0.044723
0.041455
0.041796
0.041339
0.044220
0.040003
0.041192
0.040897
0.046847
0.041481
0.042200
0.041824
0.042167
0.042366
0.041908
0.041971
0.041245
0.041755
0.042295
0.042247
0.041622
0.041971
0.042856
0.043919
0.040654
0.041163
0.041331
0.042746
0.047036
0.042319
0.041365
0.041837
0.042141
0.042017
0.041622
0.040828
0.041852
0.041884
0.041469
0.053612
0.042221
0.042119
0.042645
0.041674
0.042056
0.041044
0.041086
0.040986
