2.493067
0.040334
0.039945
0.072889
0.039676
0.039638
0.039733
0.052677
0.039183
0.039886
0.039384
0.040191
0.039057
0.038797
0.039085
0.039792
0.043270
0.037499
0.052736
0.039328
0.049438
0.037835
0.045233
0.038635
0.038012
0.039501
0.053504
0.038735
0.038902
0.039933
0.038569
0.039185
0.038736
0.039049
0.038597
0.039816
0.037823
0.053623
0.040041
0.047384
0.042943
0.041188
0.037910
0.046954
0.038086
0.048987
0.037897
0.038487
0.037924
0.037983
0.038593
0.038570
0.039491
0.038481
0.037650
0.039163
0.046599
0.038579
0.052348
0.038272
0.053883
0.038156
0.038825
0.038550
0.039324
0.039096
0.038705
0.038203
0.038167
0.038294
0.037689
0.040288
0.037554
0.050965
0.039181
0.039004
0.039119
0.053750
0.039917
0.039265
0.045323
0.039262
0.039404
0.040584
0.040339
0.039998
0.040098
0.039191
0.038928
0.038549
0.045186
0.037989
0.051192
0.038570
0.039469
0.039594
0.053451
0.039120
0.038904
0.038318
0.045655
0.039331
0.040049
0.039800
0.039622
0.039671
0.039088
0.041095
0.040361
0.044763
0.041350
0.046566
0.052506
0.040421
0.042942
0.044724
0.066988
0.040458
0.054924
0.048533
0.047912
0.042306
0.041325
0.041799
0.048353
0.042233
0.053215
0.042322
0.043611
0.041899
0.042275
0.042486
0.041997
0.041967
0.046264
0.039956
0.045971
0.039478
0.047889
0.044540
0.045635
0.039807
0.040950
0.039353
0.062094
0.071269
0.043109
0.044153
0.043066
0.043325
0.042811
0.054325
0.044111
0.043962
0.042949
0.043853
0.042654
0.045447
0.043575
0.045861
0.048888
0.042692
0.042396
0.041217
0.041971
0.046183
0.059995
0.042008
0.042564
0.041140
0.041586
0.041523
0.041645
0.042009
0.043518
0.043494
0.072137
0.043912
0.052235
0.042539
0.047551
0.042676
0.042853
0.043086
0.045334
0.043464
0.044639
0.042698
0.045912
0.043297
0.040778
0.041397
0.049520
0.041426
0.044266
0.042891
0.043746
0.041021
0.044807
0.041962
0.051626
0.042086
0.042912
0.042141
0.045877
0.041873
0.043114
0.043473
0.046143
0.041978
0.045356
0.042197
0.041067
0.041457
0.047896
0.041865
0.045243
0.042281
0.042500
0.041229
0.050312
0.040894
0.041190
0.040872
0.046926
0.040735
0.045040
0.041647
0.043405
0.040725
0.048448
0.042264
0.045241
0.040992
0.046914
0.041037
0.044435
0.051279
0.040160
0.040859
0.047439
0.041953
0.042680
0.041852
0.043139
0.040736
0.045139
0.042945
0.042601
0.040536
0.047133
0.040545
0.041241
0.041509
0.046783
0.052088
0.055698
0.045876
0.043231
0.042078
0.047554
0.041771
0.042657
0.043466
0.043885
0.042383
0.054065
0.041733
0.042988
0.042255
0.043589
0.042417
0.042748
0.041730
0.040722
0.041414
0.041665
0.040932
0.040699
0.042249
0.047690
0.040727
0.041811
0.040774
0.042995
0.042903
0.042323
0.042190
0.042384
0.042576
0.044887
0.042430
0.043676
0.042282
0.045150
0.042757
0.043370
0.042801
0.042689
0.042371
0.051855
0.042371
0.044177
0.042817
0.042508
0.042244
0.042739
0.043022
0.042710
0.043467
0.042741
0.041180
0.044014
0.043046
0.044752
0.041463
0.045131
0.040558
0.043716
0.041595
0.051719
0.041665
0.043016
0.043860
0.042075
0.041837
0.044112
0.042614
0.045115
0.041287
0.044394
0.040940
0.044332
0.042440
0.046777
0.041390
0.044867
0.041859
0.043681
0.042843
0.049233
0.042188
0.042536
0.042612
0.047951
0.041183
0.043580
0.043479
0.042270
0.042788
0.045154
0.042533
0.041789
0.041978
0.044451
0.042603
0.044998
0.043462
0.044679
0.042231
0.049786
0.042219
0.042345
0.042390
0.043378
0.042647
0.042235
0.043110
0.047151
0.042051
0.043318
0.042831
0.042142
0.042288
0.045225
0.041311
0.044173
0.043568
0.044059
0.041551
0.049846
0.042026
0.041607
0.042268
0.044591
0.041103
0.044555
0.042542
0.045084
0.041987
0.047159
0.043763
0.042810
0.043414
0.042460
0.043013
0.145600
0.043140
0.042106
0.042365
0.048675
0.042448
0.042401
0.042573
0.042156
0.042231
0.041811
0.042088
0.047715
0.043432
0.042858
0.043071
0.042885
0.042796
0.045453
0.041835
0.045049
0.041993
0.046448
0.042301
0.049841
0.050549
0.041798
0.042123
0.042216
0.042448
0.040437
0.042022
0.041758
0.041780
0.041787
0.044412
0.044406
0.041451
0.049874
0.041547
0.044768
0.042385
0.043760
0.043640
0.048356
0.041837
0.042660
0.042194
0.042084
0.041120
0.046089
0.041916
0.046304
0.041335
0.046946
0.042063
0.044661
0.040687
0.040931
0.041537
0.042007
0.041858
0.040915
0.042111
0.047633
0.040799
0.041135
0.040979
0.042214
0.041288
0.041911
0.040979
0.042068
0.041195
0.041045
0.041705
0.041578
0.041071
0.041340
0.041550
0.041770
0.041520
0.041636
0.041251
0.047105
0.042121
0.041785
0.044693
0.041544
0.045244
0.041716
0.041309
0.041340
0.043906
0.042349
0.041713
0.041913
0.041756
0.041384
0.041028
0.041765
0.041453
0.041105
0.041572
0.047423
0.041958
0.042208
0.042001
0.041671
0.041751
0.041577
0.041032
0.041266
0.041467
0.042367
0.041681
0.042220
0.041976
0.041816
0.041392
0.041308
0.041083
0.041829
0.044770
0.046906
0.041767
0.042403
0.041780
0.042232
0.042037
0.042737
0.043948
0.042221
0.042448
0.042155
0.042238
0.042483
0.042437
0.042259
0.042735
0.043199
0.043696
0.043151
0.042938
0.048602
0.042461
0.042596
0.042823
0.043396
0.042228
0.042681
0.042985
0.042655
0.043580
0.042828
0.042207
0.047609
0.041216
0.042530
0.041770
0.042133
0.041817
0.041362
0.041769
0.046427
0.042009
0.041804
0.041780
0.041873
0.041301
0.046847
0.041886
0.042037
0.042379
0.044460
0.041462
0.042921
0.043957
0.041405
0.040800
0.042214
0.041592
0.048317
0.041556
0.050245
0.041791
0.041852
0.042114
0.045267
0.041451
0.044966
0.041536
0.044682
0.040799
0.043128
0.040827
0.044746
0.040844
0.041439
0.041274
0.047291
0.041253
0.041620
0.041807
0.046877
0.042376
0.041626
0.042468
0.048100
0.041677
0.044512
0.041138
0.041662
0.041931
0.050141
0.042118
0.041964
0.041835
0.044785
0.041633
0.044380
0.041159
0.041562
0.041321
0.047084
0.041522
0.042023
0.042068
0.041311
0.041201
0.040864
0.040918
0.041519
0.041286
0.041253
0.040854
0.041888
0.040508
0.041457
0.041359
0.041729
0.045898
0.042410
0.042517
0.046893
0.042229
0.042361
0.045066
0.055763
0.042200
0.041072
0.041222
0.041358
0.041155
0.041713
0.041447
0.041958
0.041080
0.041602
0.041201
0.041498
0.040976
0.041613
0.041121
0.046899
0.041806
0.042232
0.041720
0.041332
0.041088
0.041621
0.040584
0.041524
0.046321
0.042912
0.049021
0.042124
0.041722
0.042583
0.042094
0.041198
0.044699
0.041505
0.045067
0.057768
0.041178
0.042190
0.041766
0.042236
0.041962
0.042205
0.041717
0.041709
0.041543
0.041575
0.041564
0.041890
0.041845
0.041068
0.041781
0.043428
0.042058
0.042195
0.041692
0.047460
0.041643
0.042299
0.042317
0.042700
0.042831
0.045557
0.059256
0.043101
0.040868
0.041408
0.040639
0.040626
0.040812
0.040720
0.040826
0.043200
0.041493
0.041884
0.041152
0.046750
0.040922
0.041817
0.041108
0.041249
0.041817
0.042299
0.041817
0.042580
0.044069
0.041717
0.043921
0.040193
0.045265
0.040644
0.045252
0.040770
0.047641
0.041359
0.043530
0.045883
0.040247
0.041393
0.040316
0.040730
0.040727
0.041229
0.041494
0.041676
0.042397
0.041561
0.041480
0.041637
0.041496
0.041409
0.041762
0.041459
0.041429
0.042388
0.041931
0.047047
0.042031
0.041666
0.041661
0.041478
0.041605
0.040925
0.041027
0.041277
0.041917
0.041718
0.041862
0.042046
0.041610
0.041675
0.041314
0.041439
0.041593
0.041469
0.041389
0.050464
0.041076
0.041523
0.041828
0.046179
0.040674
0.041668
0.042284
0.044082
0.041726
0.045081
0.040958
0.044235
0.041211
0.045056
0.041355
0.049973
0.041772
0.040541
0.042026
0.047682
0.040934
0.041326
0.041448
0.042767
0.042839
0.043463
0.042432
0.043064
0.041996
0.041909
0.041388
0.042955
0.041647
0.042674
0.042047
0.041851
0.041369
0.041346
0.042851
0.045553
0.040672
0.041001
0.041797
0.040815
0.041328
0.043325
0.040239
0.043612
0.041313
0.043397
0.041140
0.043190
0.041229
0.041046
0.041364
0.050800
0.042067
0.044348
0.044571
0.048157
0.040760
0.039495
0.040144
0.039852
0.041344
0.040221
0.040786
0.043345
0.040512
0.043254
0.042598
0.041095
0.042235
0.041711
0.044516
0.046021
0.044091
0.044018
0.044960
0.056759
0.050401
0.050237
0.050980
0.047559
0.045519
0.051620
0.049775
0.041975
0.042594
0.042860
0.041212
0.043290
0.043241
0.045655
0.046613
0.046916
0.044479
0.043663
0.044760
0.048024
0.043125
0.042006
0.042788
0.045541
0.041993
0.043419
0.043843
0.042674
0.042066
0.042362
0.044177
0.043514
0.045488
0.042836
0.044541
0.044133
0.045884
0.043627
0.042675
0.047163
0.062254
0.043847
0.046913
0.044672
0.047263
0.057011
0.048341
0.045001
0.041258
0.043868
0.041576
0.049488
0.043333
0.046221
0.043102
0.059714
0.043693
0.045787
0.044823
0.049661
0.043841
0.042554
0.043258
0.042129
0.041587
0.044578
0.044099
0.043109
0.046889
0.044124
0.043847
0.047284
0.044494
0.043762
0.055295
0.044772
0.044044
0.046681
0.041612
0.046763
0.045746
0.044433
0.044560
0.043667
0.044007
0.042212
0.042561
0.042646
0.042570
0.044393
0.043828
0.041867
0.044341
0.045496
0.044449
0.043800
0.047649
0.044410
0.042952
0.049160
0.043887
0.043641
0.042930
0.045270
0.042944
0.043176
0.044687
0.043611
0.045070
0.044878
0.044714
0.043084
0.043756
0.043153
0.044342
0.043752
0.042750
0.043887
0.043079
0.047130
0.043343
0.043559
0.042085
0.046037
0.041568
0.041608
0.042763
0.041838
0.040907
0.056311
0.040107
0.042634
0.042273
0.040705
0.041851
0.042867
0.041451
0.044368
0.041300
0.048316
0.041740
0.042069
0.043407
0.042138
0.043423
0.041076
0.043597
0.043260
0.051515
0.043136
0.043482
0.045412
0.041574
0.042061
0.042073
0.042875
0.047367
0.047551
0.047193
0.052351
0.044611
0.043228
0.043250
0.044211
0.043614
0.044613
0.044480
0.044541
0.044911
0.042883
0.044273
0.059255
0.043514
0.043082
0.043914
0.041674
0.042731
0.041893
0.043117
0.050883
0.044826
0.044804
0.042534
0.043308
0.042475
0.043221
0.041771
0.042821
0.043570
0.042859
0.042791
0.042934
0.043938
0.043203
0.043296
0.042523
0.044880
0.045229
0.043061
0.048741
0.043430
0.048239
0.058478
0.044578
0.046965
0.043907
0.042191
0.043613
0.042047
0.043960
0.041950
0.042989
0.049668
0.042919
0.043012
0.042263
0.043082
0.043545
0.042587
0.049315
0.048360
0.044065
0.041893
0.042002
0.042691
0.042378
0.042783
0.042694
0.042325
0.042801
0.042861
0.041762
0.041637
0.041579
0.041544
0.041737
0.041982
0.041982
0.045241
0.047143
0.042173
0.042827
0.042256
0.042384
0.041866
0.042284
0.042023
0.040523
0.044683
0.040647
0.044538
0.040800
0.041580
0.041085
0.040332
0.040639
0.041579
0.041654
0.042226
0.046633
0.042028
0.042176
0.041417
0.040980
0.041483
0.042731
0.042002
0.042603
0.043056
0.043034
0.043072
0.044159
0.042552
0.043487
0.042421
0.041319
0.042016
0.041807
0.042307
0.047352
0.042595
0.042303
0.041535
0.041806
0.042266
0.052052
0.045266
0.052898
0.043301
0.041264
0.040818
0.041694
0.042437
0.042089
0.041560
0.041150
0.042228
0.042284
0.042420
0.047694
0.041511
0.041883
0.042655
0.044456
0.042769
0.042166
0.042816
0.041851
0.042116
0.042286
0.041967
0.041981
0.042649
0.042317
0.052969
0.041144
0.042336
0.041685
0.042463
0.047545
0.042184
0.042797
0.041836
0.041731
0.042685
0.042408
0.041570
0.040816
0.041827
0.042217
0.042298
0.043246
0.041114
0.041188
0.040864
0.040519
0.042322
0.041681
0.040919
0.046613
0.041909
0.041667
0.041578
0.041903
0.041672
0.041523
0.040845
0.041498
0.041800
0.041737
0.041493
0.041566
0.041740
0.041435
0.041653
0.047557
0.041720
0.043408
0.042152
0.047854
0.041969
0.041556
0.040740
0.044478
0.041484
0.044659
0.041305
0.043522
0.041740
0.044063
0.041488
0.041756
0.041963
0.052029
0.041900
0.042090
0.042109
0.046250
0.042560
0.047492
0.043077
0.041919
0.041821
0.041486
0.041471
0.045270
0.041035
0.041599
0.041909
0.041457
0.041671
0.041306
0.041567
0.041614
0.041630
0.041069
0.040369
0.042084
0.042317
0.047113
0.041934
0.041987
0.041611
0.041828
0.042897
0.042271
0.041148
0.041253
0.041488
0.041929
0.042824
0.041871
0.041611
0.041439
0.041814
0.041736
0.043089
0.041886
0.042041
0.048540
0.042048
0.042391
0.042346
0.042951
0.042307
0.042742
0.041998
0.042468
0.042083
0.042912
0.045191
0.042007
0.041982
0.043446
0.041449
0.041750
0.041211
0.042330
0.045287
0.047629
0.041844
0.042174
0.042814
0.056486
0.041254
0.041214
0.040716
0.040729
0.040200
0.040735
0.044110
0.040509
0.045025
0.041355
0.043244
0.040685
0.049944
0.040541
0.043952
0.047137
0.041243
0.041982
0.040953
0.041010
0.045573
0.041198
0.044400
0.040706
0.044065
0.041370
0.042747
0.040802
0.041226
0.041670
0.041419
0.041653
0.041420
0.041677
0.041506
0.047371
0.041057
0.041248
0.040869
0.040742
0.041017
0.040957
0.040361
0.041009
0.042006
0.042415
0.041355
0.041651
0.041682
0.041203
0.041524
0.041341
0.041277
0.041062
0.041439
0.047228
0.042308
0.042029
0.041924
0.042014
0.041517
0.042136
0.042428
0.043077
0.041870
0.045491
0.043549
0.041593
0.041124
0.045375
0.041262
0.045030
0.041356
0.041656
0.041476
0.055691
0.041757
0.042010
0.041096
0.043965
0.041294
0.043581
0.042167
0.043111
0.041479
0.041729
0.041370
0.049757
0.041374
0.041646
0.041409
0.041648
0.041567
0.041950
0.042415
0.048019
0.042746
0.042314
0.044407
0.041326
0.040528
0.042114
0.041534
0.040894
0.041117
0.041327
0.041308
0.041487
0.041262
0.041352
0.041173
0.040787
0.041944
0.041954
0.041192
0.047294
0.042211
0.041718
0.041943
0.042364
0.042051
0.042660
0.042061
0.041746
0.041988
0.042475
0.042626
0.042528
0.041951
0.055209
0.041933
0.041231
0.041227
0.041301
0.041812
0.081533
0.041923
0.042144
0.042248
0.041389
0.041457
0.042237
0.042777
0.041822
0.042121
0.042366
0.043406
0.038930
0.039318
0.038456
0.038587
0.037628
0.039027
0.037676
0.039072
0.047764
0.037851
0.040866
0.059126
0.041850
0.041827
0.042070
0.042621
0.041754
0.042112
0.041754
0.043693
0.043155
0.043287
0.042461
0.042237
0.043417
0.043535
0.043517
0.044126
0.048084
0.042411
0.042700
0.043124
0.042502
0.041769
0.043536
0.042325
0.043191
0.042271
0.044132
0.042495
0.042926
0.042146
0.085424
0.043177
0.044393
0.043181
0.043320
0.042845
0.049981
0.043315
0.043101
0.043998
0.043346
0.044093
0.044699
0.043856
0.043078
0.063752
0.042510
0.043602
0.043354
0.043271
0.043490
0.043458
0.043506
0.043247
0.043007
0.047830
0.048569
0.042811
0.042996
0.042665
0.041769
0.043842
0.042548
0.042682
0.043052
0.042749
0.043688
0.042688
0.043930
0.042916
0.043777
0.050021
0.043197
0.053214
0.043234
0.043624
0.047777
0.043214
0.043945
0.042509
0.044034
0.042543
0.043365
0.045943
0.042095
0.042982
0.043246
0.043105
0.043191
0.044647
0.042917
0.043656
0.043428
0.043194
0.043245
0.042555
0.048646
0.048173
0.048134
0.044255
0.042897
0.042544
0.043055
0.043440
0.043605
0.043172
0.042956
0.042657
0.043192
0.042779
0.053734
0.042904
0.049242
0.044165
0.047502
0.043633
0.048973
0.043841
0.043270
0.043350
0.043272
0.043550
0.043722
0.051538
0.045076
0.044105
0.043529
0.043045
0.043171
0.052610
0.043171
0.043649
0.043480
0.052015
0.043975
0.049616
0.049678
0.043054
0.042838
0.043946
0.044512
0.044366
0.066131
0.043511
0.043344
0.043828
0.042903
0.043562
0.047720
0.055366
0.044346
0.043460
0.043640
0.043603
0.043999
0.043502
0.050846
0.043303
0.043319
0.043332
0.042770
0.042840
0.042978
0.043407
0.043296
0.044040
0.043696
0.042974
0.044769
0.065919
0.044235
0.053845
0.044544
0.044162
0.042647
0.047307
0.048465
0.043183
0.044426
0.043329
0.044225
0.043703
0.070564
0.043977
0.042957
0.042950
0.042676
0.043115
0.042673
0.042385
0.042912
0.042538
0.042923
0.043111
0.042669
0.042385
0.048673
0.042934
0.043354
0.042932
0.044851
0.043686
0.043095
0.043546
0.042952
0.043449
0.043183
0.043481
0.042996
0.043988
0.043991
0.043483
0.043730
0.043172
0.043555
0.043105
0.048893
0.043192
0.043999
0.042690
0.042526
0.042934
0.043147
0.042726
0.048802
0.043586
0.044217
0.074246
0.043638
0.043493
0.043710
0.043710
0.042984
0.048134
0.043321
0.044324
0.049193
0.043396
0.043787
0.043741
0.042890
0.043348
0.067017
0.043454
0.043674
0.042857
0.043141
0.043301
0.042784
0.042320
0.050809
0.043214
0.043263
0.043578
0.042582
0.043361
0.048912
0.043745
0.043147
0.042947
0.044439
0.043529
0.044950
0.043038
0.043156
0.042504
0.043600
0.042855
0.043740
0.043307
0.043657
0.049164
0.045465
0.044752
0.042210
0.043936
0.049430
0.043808
0.042706
0.042598
0.044051
0.045090
0.044750
0.044717
0.044964
0.043986
0.043772
0.043250
0.043831
0.042324
0.042793
0.042503
0.041657
0.043420
0.042806
0.042715
0.048908
0.043369
0.043505
0.044216
0.044862
0.042586
0.042174
0.042737
0.043908
0.043285
0.043380
0.041751
0.045638
0.043025
0.043376
0.043314
0.043040
0.043650
0.042634
0.043718
0.048708
0.042749
0.043087
0.042644
0.042975
0.042865
0.043712
0.043021
0.043804
0.042466
0.042310
0.043715
0.042817
0.047525
0.043247
0.043512
0.044143
0.042908
0.043552
0.043403
0.049206
0.044090
0.043388
0.042237
0.043139
0.043295
0.043731
0.044145
0.042897
0.043396
0.043539
0.043256
0.042672
0.043892
0.041918
0.042711
0.042905
0.043655
0.043142
0.043419
0.048031
0.043383
0.043462
0.042986
0.043717
0.042267
0.042727
0.043058
0.043416
0.043285
0.043197
0.042868
0.043423
0.041346
0.042430
0.043590
0.041510
0.044729
0.042803
0.048717
0.048051
0.043189
0.041837
0.043269
0.042225
0.042463
0.042284
0.044911
0.042771
0.042576
0.042677
0.042845
0.044804
0.044732
0.049768
0.044341
0.043312
0.042803
0.043432
0.042102
0.058663
0.040791
0.041562
0.041121
0.042261
0.055093
0.050950
0.050650
0.042728
0.042511
0.041747
0.042436
0.041966
0.041942
0.041251
0.042099
0.043705
0.043586
0.042306
0.043407
0.048170
0.042089
0.042398
0.043333
0.042647
0.042226
0.054556
0.043830
0.040663
0.041628
0.041624
0.041314
0.041133
0.041691
0.041706
0.041299
0.040602
0.045131
0.042318
0.042079
0.049919
0.042677
0.042781
0.043978
0.043581
0.042070
0.041260
0.041724
0.042426
0.042468
0.041218
0.041407
0.042068
0.042784
0.042294
0.041436
0.042400
0.043458
0.041178
0.041506
0.047067
0.042080
0.041708
0.041521
0.042723
0.042232
0.042492
0.042421
0.042365
0.041893
0.041554
0.041115
0.041119
0.041772
0.042611
0.041916
0.042027
0.041971
0.042839
0.056681
0.047043
0.041538
0.042923
0.042557
0.041756
0.041719
0.041610
0.041243
0.041932
0.042170
0.041537
0.042025
0.041252
0.041054
0.041002
0.041451
0.040108
0.040919
0.042925
0.040409
0.049483
0.040044
0.041857
0.042680
0.040997
0.042703
0.041331
0.041634
0.041240
0.042051
0.041893
0.042396
0.042670
0.042595
0.041709
0.042133
0.042674
0.041648
0.043036
0.042276
0.048085
0.042355
0.041841
0.042771
0.042431
0.042416
0.042699
0.043035
0.042206
0.043525
0.043745
0.043070
0.043438
0.043047
0.044579
0.043447
0.043744
0.042294
0.042373
0.043053
0.047986
0.042498
0.042536
0.041931
0.044299
0.043508
0.043544
0.042427
0.043173
0.043240
0.043774
0.043709
0.043524
0.042703
0.043416
0.042652
0.054659
0.043257
0.044261
0.042673
0.049981
0.043096
0.042730
0.043164
0.043412
0.043211
0.042830
0.042870
0.043052
0.042940
0.042176
0.043303
0.043889
0.044333
0.041665
0.042059
0.041899
0.040975
0.042533
0.042563
0.046682
0.041624
0.042102
0.041906
0.041946
0.041192
0.041054
0.041369
0.041447
0.043533
0.041516
0.041624
0.041504
0.041870
0.042185
0.041988
0.041428
0.041724
0.041445
0.042292
0.047077
0.041869
0.041692
0.041753
0.042102
0.042410
0.045089
0.041300
0.041795
0.040049
0.045922
0.041569
0.043116
0.041803
0.041553
0.042822
0.047909
0.041358
0.043683
0.041444
0.049441
0.041167
0.041282
0.042199
0.045734
0.042739
0.043003
0.042096
0.042440
0.041584
0.044099
0.041347
0.041760
0.041265
0.041785
0.042682
0.041913
0.042202
0.042314
0.041393
0.046064
0.041794
0.041142
0.040859
0.040754
0.042924
0.042745
0.042394
0.042028
0.042459
0.051189
0.042080
0.041502
0.042444
0.042253
0.041524
0.041032
0.041061
0.040713
0.040960
0.046526
0.041128
0.041509
0.041583
0.041154
0.041929
0.041550
0.042423
0.042873
0.043363
0.043030
0.042642
0.043143
0.042682
0.044596
0.043732
0.043566
0.042760
0.042645
0.043293
0.048885
0.043375
0.042157
0.049317
0.044079
0.042825
0.042269
0.042348
0.042222
0.042444
0.042526
0.042376
0.043297
0.042251
0.042178
0.042930
0.043329
0.042919
0.042026
0.042585
0.051815
0.043421
0.043405
0.048104
0.043838
0.043706
0.045846
0.050539
0.042757
0.042066
0.042665
0.047744
0.042499
0.041378
0.041610
0.042415
0.041531
0.042171
0.042426
0.041825
0.047637
0.042335
0.042355
0.042633
0.042269
0.041397
0.043143
0.043240
0.042995
0.041589
0.042130
0.042067
0.041961
0.042363
0.041663
0.042915
0.042316
0.065593
0.043585
0.041230
0.047688
0.042807
0.041438
0.041996
0.042380
0.042716
0.042371
0.042642
0.041279
0.041568
0.041469
0.041762
0.042188
0.041231
0.041724
0.042165
0.042683
0.041820
0.041629
0.042943
0.047862
0.041010
0.042470
0.042506
0.041655
0.065936
0.043223
0.041837
0.041623
0.045564
0.040975
0.044932
0.042265
0.042357
0.042259
0.045329
0.041995
0.042573
0.042624
0.045253
0.047769
0.041120
0.040921
0.045342
0.041867
0.041355
0.042551
0.043852
0.042274
0.046991
0.041796
0.047063
0.041958
0.042391
0.042121
0.041943
0.044783
0.041798
0.041916
0.051383
0.048187
0.042385
0.042776
0.042578
0.058695
0.042744
0.043882
0.042817
0.043201
0.042532
0.042833
0.042754
0.042977
0.042977
0.042987
0.042451
0.042929
0.042550
0.042390
0.042895
0.049479
0.043849
0.049065
0.043470
0.053036
0.042602
0.043972
0.044336
0.044399
0.085780
0.042627
0.045219
0.043759
0.046193
0.046424
0.044480
0.042549
0.041829
0.042805
0.043334
0.048046
0.041929
0.041411
0.041815
0.041401
0.041883
0.041524
0.045047
0.042155
0.046120
0.042770
0.043723
0.042650
0.042225
0.042778
0.045212
0.041629
0.048156
0.043845
0.042983
0.054418
0.043392
0.042937
0.043211
0.043737
0.042797
0.061686
0.043118
0.040507
0.043865
0.043444
0.043093
0.042758
0.042550
0.048110
0.043097
0.042873
0.043914
0.042702
0.043307
0.052340
0.042698
0.041428
0.041844
0.042078
0.042972
0.044173
0.043770
0.042619
0.042902
0.041329
0.041622
0.043627
0.043091
0.043549
0.043210
0.046400
0.042302
0.044021
0.043175
0.049688
0.042047
0.043383
0.042703
0.043241
0.085971
0.043127
0.042840
0.043821
0.046143
0.043133
0.042867
0.043385
0.043934
0.066939
0.043149
0.047665
0.042834
0.047424
0.042763
0.055638
0.043036
0.042779
0.043286
0.043473
0.042370
0.046102
0.043621
0.042646
0.042214
0.045953
0.042727
0.042791
0.042477
0.044005
0.041351
0.044997
0.041368
0.044353
0.041975
0.047090
0.042659
0.042301
0.041179
0.042073
0.041689
0.043576
0.043158
0.044477
0.041893
0.041873
0.041230
0.046103
0.041990
0.046567
0.041874
0.042218
0.041729
0.043892
0.042382
0.048449
0.044320
0.042613
0.042058
0.044422
0.041610
0.042526
0.042626
0.042436
0.042046
0.041979
0.042885
0.042528
0.041858
0.046104
0.042082
0.042701
0.041929
0.043149
0.043170
0.048029
0.041972
0.042705
0.041843
0.141931
0.042591
0.042636
0.042750
0.042283
0.042577
0.041717
0.041887
0.043648
0.041854
0.041975
0.042667
0.044683
0.041393
0.041775
0.042819
0.050580
0.041670
0.043103
0.044424
0.041778
0.042242
0.042143
0.042763
0.044173
0.042826
0.042182
0.042585
0.044123
0.042728
0.042479
0.042779
0.044740
0.042257
0.042500
0.043246
0.048082
0.042435
0.042718
0.042717
0.042504
0.041379
0.042427
0.042915
0.043285
0.042108
0.041989
0.042007
0.042059
0.042024
0.042480
0.042654
0.042548
0.042810
0.043087
0.042423
0.049155
0.043113
0.042523
0.042872
0.044301
0.042529
0.042902
0.043142
0.043490
0.041431
0.041900
0.077225
0.041559
0.040615
0.040604
0.042949
0.041148
0.041175
0.041549
0.041429
0.046010
0.042053
0.041773
0.041216
0.041813
0.041123
0.042378
0.041771
0.041277
0.041652
0.042190
0.042042
0.041716
0.040899
0.041691
0.041100
0.041316
0.042096
0.041936
0.041574
0.048463
0.042398
0.042574
0.041738
0.042097
0.042309
0.041811
0.040947
0.041811
0.042914
0.042991
0.042480
0.043643
0.042603
0.042301
0.041625
0.042499
0.047407
0.041536
0.044201
0.047598
0.041980
0.041501
0.041523
0.041229
0.043312
0.041146
0.044313
0.041833
0.041084
0.041272
0.041688
0.040654
0.041555
0.041600
0.041735
0.042112
0.041472
0.041313
0.041156
0.046406
0.041873
0.041207
0.041141
0.040135
0.041006
0.048223
0.040302
0.044395
0.040823
0.040540
0.041149
0.048854
0.040258
0.044036
0.040678
0.042441
0.042401
0.043978
0.041965
0.048929
0.041887
0.041392
0.041893
0.044521
0.042378
0.043635
0.041601
0.042773
0.045414
0.042810
0.042988
0.043915
0.042834
0.043564
0.042589
0.042960
0.042549
0.042944
0.043259
0.048620
0.043747
0.043013
0.042148
0.041949
0.042998
0.043415
0.043426
0.042636
0.043192
0.042505
0.042531
0.042791
0.043736
0.043034
0.043037
0.042974
0.042670
0.043911
0.043133
0.048592
0.044062
0.044137
0.042996
0.042846
0.043729
0.043921
0.043134
0.042602
0.043321
0.042599
0.043885
0.042750
0.042723
0.042900
0.043525
0.043918
0.043154
0.042993
0.042147
0.047515
0.042605
0.042997
0.041849
0.042683
0.043323
0.041995
0.044126
0.042214
0.042922
0.042702
0.050699
0.042394
0.042787
0.042921
0.042541
0.043538
0.042070
0.043594
0.042869
0.047751
0.043044
0.042955
0.042885
0.042966
0.043567
0.043400
0.042900
0.042652
0.042674
0.043180
0.042949
0.042364
0.043306
0.099409
0.043619
0.043281
0.041708
0.042364
0.042074
0.047334
0.043654
0.041785
0.077949
0.041229
0.041119
0.041102
0.042403
0.041510
0.041518
0.041158
0.041513
0.040544
0.040759
0.041245
0.041731
0.043162
0.041182
0.041016
0.041038
0.048449
0.040726
0.041964
0.042363
0.041858
0.042525
0.042483
0.041342
0.041643
0.042812
0.041635
0.043042
0.043564
0.062860
0.042204
0.043325
0.042879
0.042727
0.041825
0.043186
0.049017
0.042986
0.042539
0.042275
0.042155
0.041499
0.042583
0.042082
0.041965
0.048245
0.042234
0.042248
0.042249
0.042584
0.041753
0.042021
0.042886
0.041719
0.041301
0.049234
0.047950
0.041388
0.041183
0.046442
0.041132
0.044793
0.041555
0.040792
0.040796
0.043037
0.041030
0.040701
0.041418
0.040087
0.041767
0.041895
0.041432
0.040664
0.040506
0.041827
0.046727
0.040132
0.055672
0.047647
0.047285
0.048559
0.046052
0.046700
0.049240
0.045650
0.046242
0.047453
0.047636
0.047379
0.049318
0.047444
0.047038
0.046575
0.048371
0.047284
0.052349
0.047236
0.045939
0.046896
0.048774
0.048611
0.046957
0.046270
0.047048
0.046071
0.047533
0.046379
0.045976
0.050317
0.047071
0.047591
0.048790
0.048124
0.048134
0.048831
0.055960
0.048918
0.050370
0.042830
0.042845
0.042647
0.042858
0.042249
0.041842
0.042769
0.041962
0.045810
0.042518
0.042286
0.042037
0.042807
0.042064
0.041400
0.042643
0.043153
0.059613
0.042349
0.042104
0.042174
0.042494
0.042444
0.041595
0.041688
0.045274
0.042378
0.042200
0.041986
0.042165
0.043591
0.041279
0.043067
0.042095
0.042656
0.043128
0.042407
0.047654
0.042521
0.042383
0.042348
0.041810
0.042492
0.042147
0.041638
0.041203
0.041848
0.042467
0.044384
0.042068
0.042396
0.041367
0.042209
0.041996
0.041374
0.041383
0.043457
0.046415
0.042235
0.041576
0.042029
0.042718
0.044065
0.041592
0.045918
0.042322
0.043032
0.041312
0.046328
0.041784
0.043773
0.041354
0.045779
0.041084
0.045830
0.041101
0.046164
0.046511
0.040651
0.041246
0.046348
0.040522
0.048954
0.041148
0.044527
0.042327
0.041287
0.042709
0.046236
0.042668
0.041656
0.041372
0.045543
0.042113
0.046773
0.042550
0.041147
0.046814
0.041610
0.042341
0.045076
0.042720
0.044246
0.042359
0.044427
0.040709
0.043900
0.042373
0.043121
0.042603
0.043836
0.041241
0.045106
0.042032
0.046066
0.041995
0.041822
0.047253
0.042650
0.041655
0.043235
0.040598
0.048054
0.042382
0.041370
0.041841
0.045363
0.042235
0.044525
0.043689
0.044048
0.042616
0.042366
0.042606
0.043379
0.043381
0.042248
0.051657
0.041454
0.042419
0.043245
0.042766
0.046763
0.047808
0.042578
0.055517
0.042071
0.042385
0.042655
0.051704
0.045975
0.045954
0.044422
0.044803
0.045064
0.045198
0.045219
0.050876
0.044697
0.047523
0.071363
0.050047
0.057717
0.042740
0.043483
0.044222
0.044518
0.043629
0.046090
0.047812
0.043061
0.054156
0.057804
0.041203
0.043158
0.042222
0.043742
0.048449
0.045153
0.043255
0.051355
0.045690
0.059247
0.047979
0.042513
0.044652
0.042088
0.044593
0.043693
0.047830
0.044350
0.044943
0.046747
0.042508
0.044258
0.044192
0.045704
0.049168
0.045587
0.044182
0.045185
0.045898
0.045275
0.043958
0.042678
0.042485
0.044142
0.043900
0.043222
0.049700
0.046100
0.043035
0.043149
0.043113
0.055612
0.043775
0.041967
0.047534
0.041876
0.041502
0.041470
0.042494
0.045211
0.045618
0.041736
0.042938
0.041873
0.041281
0.041940
0.042005
0.041741
0.047891
0.059890
0.041582
0.041647
0.042588
0.043255
0.050619
0.044411
0.048887
0.055518
0.043983
0.043651
0.045634
0.044384
0.065026
0.042722
0.045810
0.044739
0.044505
0.045185
0.046451
0.089373
0.043246
0.043380
0.043660
0.043002
0.048983
0.042616
0.043689
0.043001
0.044140
0.044377
0.044665
0.044171
0.044990
0.042867
0.059552
0.043823
0.051843
0.045756
0.042412
0.042736
0.043472
0.042359
0.042680
0.042756
0.049643
0.042800
0.042541
0.041654
0.042124
0.053733
0.043490
0.043839
0.042674
0.042852
0.042763
0.067758
0.042195
0.042479
0.042325
0.043335
0.043829
0.056768
0.060444
0.044385
0.049746
0.043370
0.044090
0.045439
0.045935
0.044239
0.044101
0.045945
0.043582
0.045194
0.044055
0.047105
0.043131
0.046535
0.047318
0.071416
0.044723
0.043339
0.047185
0.048882
0.066988
0.043861
0.069502
0.079664
0.043936
0.048138
0.078994
0.042279
0.044480
0.043596
0.042340
0.091195
0.044854
0.043757
0.047496
0.046010
0.048749
0.043612
0.044888
0.044346
0.049782
0.043798
0.044377
0.045124
0.044580
0.044464
0.055500
0.043032
0.047063
0.043617
0.042819
0.044830
0.044011
0.071308
0.044116
0.046414
0.045092
0.043698
0.042732
0.043626
0.049246
0.043176
0.041957
0.043194
0.042601
0.043144
0.041956
0.041820
0.042466
0.043524
0.044005
0.045457
0.042390
0.042682
0.042940
0.042832
0.044067
0.042540
0.042925
0.042631
0.049114
0.042328
0.042144
0.042171
0.041788
0.042482
0.044743
0.042075
0.042206
0.042490
0.043783
0.042861
0.044320
0.044077
0.042320
0.047008
0.045066
0.043120
0.042402
0.042596
0.062944
0.042809
0.041333
0.043857
0.043118
0.042564
0.042473
0.042480
0.042356
0.041190
0.045438
0.040939
0.044284
0.042196
0.048898
0.042623
0.043641
0.042064
0.043595
0.043326
0.048967
0.043828
0.043853
0.086437
0.048619
0.042529
0.042509
0.044418
0.044379
0.044009
0.042667
0.044824
0.075901
0.044688
0.044539
0.044084
0.046329
0.045079
0.044746
0.083205
0.062660
0.049493
0.062289
0.045438
0.043241
0.043383
0.042218
0.045848
0.042041
0.041692
0.041863
0.042947
0.043872
0.043957
0.042855
0.048038
0.042255
0.044719
0.046826
0.048110
0.052878
0.043721
0.042831
0.043191
0.044509
0.046383
0.042984
0.047903
0.051914
0.041719
0.040337
0.041185
0.043096
0.044271
0.042034
0.043280
0.041175
0.041601
0.041410
0.042431
0.048189
0.043130
0.087379
0.044627
0.044267
0.044663
0.044998
0.043215
0.045615
0.044209
0.043045
0.058019
0.044357
0.043697
0.042109
0.048733
0.043018
0.044587
0.046844
0.041861
0.047844
0.042642
0.044291
0.041186
0.043951
0.043031
0.047416
0.044373
0.044068
0.038297
0.038672
0.046154
0.041247
0.048015
0.040195
0.042794
0.038545
0.038805
0.040520
0.054210
0.043982
0.042934
0.039057
0.047376
0.038040
0.038852
0.038889
0.038101
0.038364
0.038499
0.039497
0.043451
0.045932
0.042080
0.040992
0.041700
0.043143
0.042593
0.043160
0.041514
0.048607
0.042665
0.041417
0.041540
0.041638
0.040499
0.041704
0.047293
0.043480
0.045459
0.043181
0.042883
0.042673
0.042284
0.043111
0.042595
0.042572
0.052040
0.042830
0.047496
0.047074
0.043538
0.043607
0.045796
0.045210
0.042693
0.043450
0.044600
0.043558
0.042830
0.042210
0.041943
0.040019
0.041328
0.041291
0.045920
0.043253
0.056417
0.045713
0.042476
0.047804
0.043149
0.043749
0.044225
0.044526
0.044594
0.044502
0.044272
0.056081
0.044682
0.054864
0.043332
0.043378
0.097916
0.044737
0.043957
0.044653
0.043863
0.043689
0.045327
0.055429
0.043695
0.068163
0.043628
0.045927
0.047626
0.044053
0.041212
0.041707
0.041492
0.041664
0.040995
0.048905
0.072273
0.045042
0.044145
0.042486
0.043708
0.042801
0.043743
0.049211
0.043261
0.043493
0.044247
0.043077
0.044561
0.061342
0.043356
0.043416
0.042544
0.044320
0.043172
0.044166
0.046947
0.047913
0.043186
0.043509
0.043738
0.044012
0.042246
0.048078
0.041583
0.042633
0.041833
0.042088
0.042595
0.041577
0.041727
0.041451
0.042537
0.041934
0.043309
0.043200
0.042781
0.042269
0.042398
0.043263
0.043219
0.043631
0.043073
0.048100
0.042404
0.043123
0.043249
0.042364
0.043210
0.042086
0.043420
0.053089
0.042457
0.043404
0.042883
0.042771
0.042841
0.044051
0.042073
0.045309
0.043280
0.042161
0.042741
0.049513
0.042918
0.042494
0.042959
0.043754
0.043200
0.043285
0.043281
0.042313
0.045782
0.043786
0.075632
0.043264
0.043318
0.043699
0.042657
0.043420
0.043072
0.043456
0.042458
0.047749
0.042607
0.042103
0.045093
0.042634
0.042395
0.042532
0.043153
0.042821
0.043162
0.043135
0.042868
0.043155
0.043366
0.042468
0.042865
0.046976
0.053872
0.050421
0.043315
0.048096
0.042685
0.062123
0.043551
0.042639
0.043030
0.044276
0.042582
0.042726
0.044279
0.043304
0.041977
0.042274
0.043107
0.042032
0.041610
0.043012
0.042459
0.041578
0.040637
0.046723
0.041977
0.071625
0.043130
0.044053
0.049773
0.043942
0.063000
0.045025
0.042401
0.042882
0.043214
0.042530
0.047432
0.043024
0.043320
0.043288
0.043724
0.044360
0.042620
0.049632
0.044430
0.043489
0.042818
0.042936
0.042370
0.042711
0.042997
0.042943
0.044299
0.043396
0.044440
0.051571
0.044319
0.044103
0.043375
0.043435
0.042066
0.042792
0.042410
0.048621
0.043031
0.041970
0.044955
0.040853
0.042122
0.042371
0.042118
0.042942
0.043020
0.042736
0.042983
0.042337
0.042745
0.074228
0.042741
0.042903
0.043146
0.043249
0.042523
0.048003
0.042919
0.043493
0.043780
0.042543
0.042466
0.042646
0.042823
0.043061
0.042574
0.042447
0.042266
0.042824
0.043213
0.042386
0.042696
0.043171
0.042847
0.043037
0.043197
0.047910
0.042390
0.043106
0.043116
0.043158
0.042802
0.046155
0.062726
0.041679
0.041954
0.041444
0.042125
0.041756
0.050826
0.042887
0.043048
0.043829
0.042317
0.042643
0.043369
0.049236
0.043578
0.042532
0.042485
0.043005
0.042936
0.042723
0.043194
0.042404
0.042754
0.042814
0.044923
0.042992
0.041788
0.043576
0.043237
0.042975
0.042442
0.043767
0.042986
0.049072
0.043886
0.042367
0.043491
0.050565
0.046524
0.043190
0.043707
0.041916
0.041651
0.044855
0.044909
0.042629
0.042529
0.045966
0.043035
0.041514
0.041861
0.043602
0.043793
0.047871
0.044432
0.044060
0.043026
0.046263
0.041299
0.042769
0.043517
0.043948
0.042280
0.041194
0.044358
0.044781
0.042747
0.047641
0.043658
0.045158
0.043786
0.044179
0.044949
0.050209
0.044048
0.045316
0.047352
0.045711
0.043951
0.044572
0.044545
0.044355
0.044950
0.044561
0.044771
0.044604
0.049942
0.044039
0.044253
0.044623
0.043836
0.044935
0.044772
0.051706
0.045276
0.047379
0.043577
0.043264
0.042725
0.042537
0.042221
0.041705
0.042917
0.042050
0.043803
0.045509
0.041318
0.043144
0.043933
0.042004
0.041876
0.042057
0.041871
0.048691
0.042267
0.045579
0.042435
0.042769
0.042877
0.042081
0.042686
0.042791
0.042041
0.042427
0.042810
0.045946
0.043378
0.042396
0.042613
0.042277
0.046445
0.042605
0.042364
0.048778
0.041683
0.047544
0.041709
0.041796
0.042010
0.042401
0.043416
0.042684
0.043175
0.042153
0.041901
0.048472
0.046731
0.043166
0.045082
0.044913
0.044197
0.040869
0.044308
0.047494
0.043934
0.041859
0.040578
0.043780
0.042875
0.043900
0.043739
0.048186
0.090600
0.059903
0.043436
0.047788
0.043086
0.043212
0.040936
0.040940
0.042079
0.040924
0.041245
0.048663
0.045066
0.041152
0.040955
0.041412
0.042042
0.040592
0.041078
0.040375
0.039925
0.041030
0.040821
0.044518
0.040490
0.045495
0.042992
0.048308
0.041508
0.040886
0.040093
0.050209
0.040547
0.040721
0.078004
0.040933
0.040378
0.041158
0.040601
0.040807
0.039901
0.040486
0.040563
0.040472
0.041038
0.041548
0.041599
0.041695
0.040937
0.042529
0.040415
0.046362
0.040502
0.040384
0.040469
0.040544
0.041088
0.040547
0.040614
0.040587
0.040514
0.043985
0.043379
0.042501
0.041117
0.044705
0.039461
0.043996
0.040384
0.044037
0.040221
0.048358
0.039866
0.040771
0.040541
0.044091
0.040252
0.044417
0.040960
0.045048
0.040146
0.040510
0.040786
0.040731
0.041662
0.041134
0.040493
0.040313
0.041357
0.040497
0.040526
0.046350
0.040964
0.039637
0.041097
0.040517
0.040368
0.040445
0.040965
0.040565
0.040412
0.042161
0.041530
0.041282
0.041061
0.041717
0.040861
0.041304
0.040830
0.041194
0.041429
0.046408
0.040864
0.040787
0.041920
0.041337
0.042129
0.040897
0.041678
0.042034
0.041159
0.041332
0.044837
0.040915
0.041470
0.041532
0.052403
0.041977
0.043273
0.042473
0.042481
0.047997
0.042353
0.042884
0.042222
0.042679
0.041946
0.042747
0.042317
0.042844
0.042365
0.042976
0.042226
0.041905
0.042884
0.042645
0.043169
0.042471
0.042207
0.042372
0.042358
0.047641
0.042050
0.043391
0.042212
0.042579
0.043882
0.041649
0.042267
0.043047
0.042151
0.043418
0.043550
0.041968
0.042346
0.042315
0.042218
0.043363
0.043088
0.043538
0.042318
0.048018
0.042325
0.041638
0.042246
0.042557
0.044414
0.041911
0.042476
0.042265
0.047187
0.057897
0.041641
0.041851
0.043869
0.042418
0.041625
0.041828
0.041846
0.044692
0.040985
0.050339
0.042305
0.042519
0.041903
0.041959
0.042419
0.042001
0.043621
0.041359
0.042554
0.042337
0.041390
0.041169
0.042194
0.042286
0.041775
0.040813
0.042146
0.044834
0.042200
0.050562
0.041743
0.042211
0.041781
0.043857
0.042398
0.042018
0.042100
0.042853
0.041909
0.042436
0.041989
0.041474
0.042154
0.042135
0.042145
0.043111
0.041883
0.042587
0.042413
0.048104
0.041806
0.042499
0.042340
0.042710
0.041837
0.042655
0.042148
0.041633
0.042141
0.041996
0.041695
0.041888
0.042358
0.041406
0.043651
0.042429
0.042457
0.045779
0.042280
0.047644
0.042907
0.043268
0.043016
0.042854
0.041705
0.040894
0.041731
0.042443
0.041645
0.041161
0.041974
0.042080
0.042227
0.041923
0.042546
0.044472
0.041686
0.041116
0.042749
0.051335
0.042182
0.042590
0.043095
0.042729
0.042958
0.042970
0.042328
0.043139
0.043308
0.042689
0.043898
0.043405
0.043587
0.042906
0.044171
0.043711
0.043617
0.044376
0.043693
0.048735
0.042323
0.045109
0.043706
0.043271
0.043257
0.043386
0.042832
0.044218
0.042642
0.042963
0.043387
0.043415
0.043525
0.043199
0.046351
0.055967
0.042387
0.041366
0.039937
0.047299
0.042014
0.041201
0.042826
0.042597
0.043427
0.042023
0.043348
0.043869
0.041924
0.074047
0.042764
0.043253
0.043549
0.040592
0.041474
0.041803
0.042282
0.040683
0.041363
0.048109
0.042919
0.042284
0.040228
0.042023
0.042062
0.042516
0.042216
0.041459
0.042430
0.043029
0.041761
0.041902
0.041254
0.041961
0.041927
0.042717
0.041757
0.041439
0.042490
0.048344
0.042287
0.041803
0.041783
0.042040
0.042313
0.042428
0.042155
0.042038
0.041396
0.042502
0.042956
0.042122
0.041929
0.041496
0.042165
0.042855
0.042397
0.042561
0.042049
0.046890
0.041925
0.042490
0.042299
0.042433
0.041353
0.041028
0.042341
0.042009
0.044604
0.041576
0.040906
0.042047
0.042504
0.042076
0.042415
0.041649
0.042105
0.042533
0.042251
0.048323
0.042673
0.042327
0.043936
0.074769
0.042184
0.042215
0.041741
0.042062
0.042686
0.042594
0.042105
0.041990
0.040913
0.042266
0.042694
0.042480
0.042344
0.041880
0.043907
0.068636
0.044502
0.045913
0.077137
0.049769
0.047067
0.063372
0.044458
0.045570
0.044803
0.054624
0.043654
0.043360
0.043917
0.043481
0.043818
0.044312
0.085001
0.042317
0.045621
0.065185
0.042609
0.042539
0.041928
0.042400
0.042256
0.042412
0.045304
0.047857
0.042838
0.049348
0.043348
0.043258
0.042507
0.042390
0.042364
0.042784
0.043057
0.046919
0.043058
0.050344
0.042794
0.045058
0.073653
0.043476
0.042691
0.043114
0.044006
0.042491
0.043552
0.044034
0.042809
0.042834
0.041417
0.042359
0.043714
0.042032
0.043257
0.042803
0.043559
0.046937
0.043495
0.043213
0.043193
0.042743
0.043868
0.041371
0.043133
0.042988
0.042938
0.042948
0.045959
0.042571
0.042869
0.041732
0.044897
0.042177
0.045406
0.042436
0.042825
0.048079
0.044241
0.041109
0.043254
0.042106
0.042500
0.043000
0.043614
0.042823
0.042670
0.043170
0.042592
0.042933
0.042712
0.042909
0.041498
0.042940
0.045522
0.041740
0.042831
0.048368
0.042641
0.043479
0.042268
0.042313
0.042942
0.042521
0.042059
0.042140
0.043372
0.041516
0.047332
0.043144
0.043337
0.094161
0.044420
0.043351
0.043007
0.043014
0.043447
0.048790
0.042418
0.043252
0.067299
0.041965
0.041873
0.041029
0.041649
0.040865
0.040787
0.040991
0.040658
0.042423
0.042812
0.040406
0.040966
0.041951
0.041402
0.041727
0.042825
0.046623
0.040594
0.042982
0.042087
0.041590
0.042723
0.043256
0.041997
0.042249
0.041227
0.042255
0.041860
0.042363
0.042828
0.041666
0.042100
0.043797
0.042047
0.043796
0.041900
0.047197
0.043696
0.043640
0.041214
0.041453
0.041862
0.043827
0.042483
0.042128
0.042899
0.042648
0.046695
0.052172
0.066560
0.038707
0.038753
0.037451
0.038457
0.038130
0.037997
0.043723
0.038038
0.038362
0.068808
0.038231
0.038072
0.038516
0.038996
0.038347
0.038661
0.042366
0.038036
0.051344
0.039815
0.046005
0.038970
0.048749
0.039319
0.046947
0.041214
0.047174
0.043386
0.041258
0.041097
0.046909
0.041409
0.043218
0.041383
0.043386
0.041633
0.045721
0.042512
0.044626
0.043378
0.042526
0.043418
0.042507
0.042355
0.041384
0.040933
0.054642
0.041150
0.042079
0.042966
0.044468
0.049598
0.042836
0.041398
0.042002
0.042026
0.041658
0.042621
0.045289
0.041558
0.041388
0.041189
0.042107
0.041999
0.042332
0.042770
0.047319
0.041060
0.046760
0.041436
0.041832
0.041900
0.041070
0.041092
0.041955
0.041961
0.040725
0.040651
0.050847
0.040860
0.041772
0.042609
0.044523
0.041631
0.044247
0.041142
0.050472
0.040597
0.047459
0.041426
0.041111
0.041487
0.042991
0.040896
0.042840
0.041122
0.045008
0.041123
0.048860
0.040632
0.041175
0.040637
0.044405
0.041605
0.043805
0.041633
0.053991
0.041063
0.046670
0.041599
0.042102
0.041551
0.042808
0.041774
0.040043
0.042752
0.041572
0.041629
0.046327
0.041462
0.041117
0.040726
0.048437
0.088680
0.043994
0.042720
0.048250
0.046088
0.041206
0.041625
0.042277
0.042080
0.042069
0.042434
0.041411
0.041616
0.041525
0.045147
0.042212
0.042801
0.040772
0.044559
0.041257
0.043918
0.041577
0.044560
0.046962
0.041436
0.041271
0.047329
0.078245
0.043841
0.047333
0.042387
0.041969
0.042408
0.043998
0.041458
0.041169
0.042975
0.044390
0.044782
0.047380
0.042481
0.044435
0.042865
0.049804
0.041916
0.042691
0.043384
0.041984
0.041340
0.048002
0.050063
0.043704
0.042729
0.042921
0.042769
0.042662
0.062579
0.045134
0.044060
0.044048
0.042833
0.043823
0.048798
0.048197
0.042820
0.043998
0.042491
0.042233
0.049271
0.042016
0.042576
0.042685
0.043079
0.043107
0.042785
0.043039
0.043527
0.042277
0.042891
0.052823
0.041955
0.042099
0.043447
0.046706
0.041455
0.042118
0.041899
0.042333
0.042351
0.042001
0.042026
0.041660
0.041413
0.044029
0.043472
0.066230
0.042154
0.041718
0.042609
0.042630
0.043207
0.041893
0.041698
0.047695
0.043042
0.045723
0.042811
0.042983
0.042511
0.046787
0.042324
0.042912
0.043591
0.042922
0.042361
0.043201
0.042805
0.042269
0.043433
0.051496
0.041996
0.041734
0.042200
0.048457
0.042793
0.042365
0.042746
0.047064
0.041996
0.045104
0.040807
0.044280
0.041740
0.043675
0.041846
0.042431
0.041511
0.041456
0.040633
0.041081
0.041378
0.041652
0.041693
0.047272
0.042110
0.041143
0.041765
0.042215
0.040439
0.041415
0.117289
0.043433
0.042353
0.042460
0.045495
0.042444
0.042357
0.042729
0.045421
0.040708
0.045434
0.042394
0.041939
0.047240
0.042372
0.042326
0.041340
0.041425
0.045772
0.040830
0.046290
0.041285
0.043982
0.041684
0.044650
0.042027
0.045726
0.041907
0.044818
0.040178
0.045438
0.040514
0.045275
0.047597
0.041201
0.040299
0.052206
0.041331
0.044115
0.073829
0.042713
0.041886
0.042580
0.048194
0.042633
0.042325
0.041737
0.042177
0.042601
0.041335
0.041682
0.053144
0.040859
0.052949
0.040656
0.041397
0.040693
0.040957
0.040702
0.041000
0.042410
0.042141
0.040325
0.042480
0.040357
0.041218
0.049060
0.060793
0.042931
0.046039
0.040961
0.041517
0.041075
0.048024
0.041771
0.041203
0.042119
0.040963
0.042059
0.049263
0.040877
0.041096
0.040587
0.041379
0.040949
0.041287
0.041229
0.040969
0.042214
0.041360
0.041590
0.040765
0.040831
0.046682
0.043328
0.040430
0.040531
0.041645
0.045275
0.041384
0.042979
0.041634
0.041946
0.041579
0.050064
0.042092
0.041106
0.041586
0.041242
0.042611
0.041808
0.042862
0.042617
0.047922
0.041727
0.042018
0.041084
0.044715
0.042038
0.041494
0.041760
0.041485
0.041122
0.041680
0.056990
0.042107
0.040998
0.056225
0.042885
0.043164
0.046116
0.042543
0.042636
0.048817
0.044926
0.044498
0.042066
0.043180
0.041831
0.042448
0.048429
0.042493
0.043281
0.069783
0.045743
0.053725
0.043048
0.042416
0.042301
0.042108
0.042405
0.041737
0.042009
0.056164
0.042367
0.054636
0.042039
0.047360
0.096910
0.085067
0.069961
0.042740
0.052384
0.043192
0.042242
0.043331
0.042397
0.047996
0.044162
0.044930
0.044749
0.043075
0.044457
0.049659
0.044427
0.043149
0.044214
0.079484
0.043263
0.045230
0.042663
0.042581
0.042802
0.042221
0.044297
0.042136
0.042563
0.042162
0.043700
0.042964
0.042727
0.043109
0.042731
0.048422
0.043083
0.047894
0.043265
0.043032
0.042069
0.042837
0.043395
0.043120
0.042328
0.042917
0.043144
0.047239
0.042721
0.042738
0.042193
0.043418
0.042526
0.042406
0.042933
0.048684
0.043016
0.042784
0.042504
0.042464
0.042401
0.042631
0.042385
0.042884
0.043165
0.053955
0.041764
0.042218
0.043519
0.042741
0.042451
0.043316
0.042979
0.046458
0.043050
0.048418
0.042480
0.043208
0.041796
0.048998
0.041876
0.042767
0.041126
0.048239
0.042963
0.043492
0.042153
0.042439
0.042236
0.042618
0.042509
0.049063
0.042442
0.042077
0.042231
0.049628
0.043612
0.044002
0.043501
0.042728
0.042592
0.045415
0.042928
0.043220
0.042097
0.046087
0.042815
0.042920
0.043533
0.042916
0.042790
0.044464
0.042588
0.042425
0.043223
0.049955
0.042799
0.043253
0.042649
0.042642
0.043825
0.045193
0.042864
0.044178
0.042815
0.044649
0.043660
0.043639
0.043284
0.042886
0.042677
0.043239
0.043912
0.042704
0.041799
0.048522
0.042159
0.042999
0.042862
0.042653
0.053569
0.043859
0.041329
0.042514
0.047529
0.043164
0.068772
0.042028
0.045518
0.041641
0.045092
0.041893
0.047704
0.042342
0.042211
0.047963
0.041453
0.041620
0.042669
0.042459
0.044981
0.042687
0.042766
0.042301
0.045339
0.042240
0.047819
0.042044
0.042482
0.041583
0.048972
0.041531
0.041778
0.041161
0.044806
0.046975
0.040405
0.041756
0.045416
0.041122
0.044864
0.041115
0.042800
0.041395
0.044679
0.041457
0.041437
0.041417
0.040670
0.041639
0.042109
0.041902
0.041422
0.041571
0.041773
0.047094
0.042705
0.040804
0.041698
0.041811
0.041301
0.041730
0.041876
0.040963
0.041512
0.041262
0.041442
0.041241
0.041878
0.041643
0.041811
0.041822
0.041399
0.040980
0.041168
0.051456
0.041736
0.042033
0.041553
0.044241
0.042167
0.043798
0.041152
0.041649
0.041128
0.041271
0.041276
0.041750
0.041394
0.041601
0.041405
0.041457
0.041412
0.041550
0.041706
0.047390
0.042031
0.042080
0.042022
0.041872
0.041740
0.041861
0.041720
0.041831
0.041349
0.041219
0.041338
0.041443
0.041404
0.041465
0.044275
0.041048
0.043413
0.040911
0.046062
0.046624
0.043211
0.041788
0.044247
0.042320
0.042843
0.041501
0.044954
0.042137
0.044338
0.041722
0.042083
0.040878
0.040664
0.041356
0.042218
0.043143
0.051712
0.041700
0.049052
0.048724
0.043637
0.043654
0.043306
0.044891
0.044629
0.043701
0.042894
0.043573
0.044772
0.044375
0.045314
0.051583
0.043723
0.043969
0.044894
0.055525
0.044000
0.046149
0.045117
0.049868
0.043530
0.044665
0.044481
0.043789
0.043313
0.044368
0.043202
0.043758
0.043814
0.046251
0.043355
0.043410
0.043819
0.043963
0.043753
0.044284
0.044096
0.044023
0.044027
0.049829
0.043249
0.044889
0.044185
0.043117
0.043448
0.043828
0.056159
0.044078
0.043935
0.043359
0.043868
0.044406
0.043879
0.046411
0.042758
0.042657
0.046916
0.046389
0.043578
0.050276
0.045898
0.043797
0.044556
0.044426
0.043962
0.043513
0.043973
0.043849
0.046926
0.044434
0.043290
0.042359
0.044199
0.044839
0.044283
0.043188
0.043923
0.044106
0.044019
0.050020
0.045568
0.044738
0.044069
0.045130
0.042795
0.043077
0.043308
0.044349
0.042367
0.044614
0.045877
0.043729
0.043390
0.044226
0.043996
0.044115
0.044276
0.044673
0.043658
0.049305
0.043289
0.043679
0.044305
0.043845
0.043757
0.044272
0.045012
0.044187
0.043803
0.043688
0.042917
0.043741
0.044774
0.044655
0.044407
0.045096
0.064258
0.044369
0.044789
0.049728
0.045120
0.083179
0.041651
0.043676
0.041606
0.049960
0.043052
0.051185
0.078081
0.043333
0.043419
0.043349
0.043345
0.041878
0.049447
0.041228
0.041768
0.041293
0.042492
0.047889
0.043518
0.056286
0.042104
0.041072
0.041882
0.042432
0.041875
0.042190
0.041551
0.041572
0.042169
0.042047
0.041405
0.041618
0.041762
0.067913
0.042325
0.050428
0.042172
0.047767
0.042991
0.042087
0.042253
0.048983
0.042700
0.041894
0.042265
0.046007
0.043376
0.041705
0.041785
0.041809
0.042405
0.043637
0.042035
0.042471
0.042212
0.040694
0.041823
0.051739
0.043962
0.043001
0.043269
0.042680
0.043579
0.041358
0.043834
0.042268
0.045594
0.042732
0.041648
0.045715
0.042667
0.041636
0.045987
0.044184
0.043427
0.044196
0.046277
0.049652
0.044255
0.042529
0.044306
0.044301
0.073675
0.040844
0.044633
0.042066
0.045730
0.041942
0.042210
0.042135
0.041480
0.042504
0.041369
0.041914
0.042208
0.041528
0.046777
0.046504
0.044525
0.041681
0.042174
0.042519
0.041777
0.041223
0.042203
0.042020
0.043110
0.042353
0.041813
0.041400
0.042368
0.041922
0.041747
0.041524
0.041352
0.042467
0.048198
0.050563
0.044904
0.043803
0.043813
0.103137
0.069446
0.042205
0.042995
0.043050
0.042961
0.042892
0.042451
0.042541
0.042614
0.041518
0.041943
0.041695
0.041978
0.042297
0.042277
0.046611
0.042225
0.042210
0.045756
0.042310
0.041902
0.042759
0.042596
0.043002
0.059221
0.043161
0.042406
0.042183
0.044373
0.042099
0.046265
0.042484
0.042588
0.042309
0.045857
0.046936
0.042672
0.042421
0.042533
0.041828
0.042524
0.041857
0.042980
0.042058
0.042156
0.042337
0.042492
0.041860
0.046739
0.042412
0.042332
0.043188
0.044540
0.042240
0.042341
0.047521
0.042401
0.041551
0.041425
0.041373
0.041332
0.043986
0.043215
0.041893
0.041648
0.041653
0.042040
0.042445
0.047160
0.041368
0.041703
0.043611
0.045527
0.041271
0.041569
0.047092
0.042145
0.042082
0.045092
0.041700
0.045065
0.041873
0.045048
0.042038
0.041271
0.041572
0.045338
0.041327
0.044946
0.041442
0.046276
0.041416
0.044555
0.041655
0.041495
0.047127
0.043937
0.041661
0.043578
0.041579
0.042283
0.041720
0.050254
0.042495
0.042305
0.041409
0.041814
0.041097
0.042259
0.041789
0.042361
0.042712
0.043168
0.042320
0.041716
0.047485
0.042079
0.048454
0.041857
0.041811
0.042187
0.042872
0.042054
0.041952
0.051028
0.041218
0.042038
0.041360
0.041578
0.042079
0.041826
0.042009
0.041589
0.044098
0.041487
0.047691
0.042503
0.042013
0.042945
0.041912
0.042067
0.042492
0.041615
0.041668
0.042047
0.041692
0.043983
0.041783
0.041306
0.042905
0.057251
0.041302
0.041436
0.042455
0.041614
0.047366
0.041582
0.042238
0.042001
0.041464
0.041543
0.041604
0.041341
0.041427
0.041095
0.041591
0.041092
0.041151
0.041409
0.041352
0.041215
0.041229
0.041286
0.041163
0.060168
0.046619
0.042429
0.041255
0.041195
0.041542
0.067806
0.041433
0.041720
0.044804
0.044691
0.040974
0.042618
0.041341
0.043830
0.041590
0.043954
0.040646
0.040976
0.041052
0.041160
0.046779
0.041480
0.042178
0.041975
0.041456
0.041028
0.041159
0.041472
0.040951
0.041543
0.041099
0.055268
0.044290
0.042562
0.043137
0.043557
0.042928
0.047973
0.041382
0.047549
0.047108
0.042897
0.043327
0.046022
0.042787
0.046171
0.068512
0.043504
0.043908
0.046736
0.044947
0.043903
0.045916
0.043797
0.042913
0.042045
0.044727
0.041961
0.041625
0.043123
0.047710
0.043489
0.044369
0.041666
0.043785
0.061450
0.043417
0.042952
0.040979
0.041780
0.043609
0.039618
0.042460
0.042171
0.041867
0.040630
0.041108
0.043681
0.042444
0.044799
0.048015
0.043617
0.042998
0.044609
0.045121
0.042779
0.041240
0.040998
0.041251
0.042562
0.042871
0.042311
0.043988
0.041732
0.042909
0.042282
0.043042
0.042367
0.042659
0.041860
0.047282
0.065936
0.042179
0.040772
0.042006
0.043195
0.042147
0.045036
0.042237
0.045241
0.075454
0.044885
0.050011
0.043088
0.047998
0.044637
0.042863
0.041628
0.045866
0.043126
0.046977
0.041403
0.041081
0.041780
0.041633
0.042325
0.041993
0.045171
0.061271
0.066998
0.041833
0.042915
0.041582
0.041541
0.040622
0.040446
0.041009
0.044089
0.040214
0.042272
0.048982
0.045816
0.051005
0.042274
0.040817
0.040485
0.039898
0.039885
0.042361
0.042059
0.041592
0.041845
0.041233
0.044357
0.043034
0.043406
0.042061
0.042025
0.042827
0.041921
0.046955
0.042004
0.043543
0.042703
0.043564
0.041919
0.040797
0.050153
0.066065
0.051321
0.058668
0.048613
0.045874
0.044163
0.044471
0.044845
0.045683
0.058426
0.043946
0.041512
0.062373
0.050526
0.045105
0.042989
0.043620
0.045305
0.044313
0.045685
0.043392
0.042336
0.044633
0.044390
0.044687
0.044244
0.044281
0.042653
0.045208
0.044289
0.043191
0.052128
0.051349
0.048383
0.042470
0.044501
0.044920
0.041429
0.043486
0.041843
0.043410
0.040674
0.042772
0.047939
0.041770
0.042110
0.043339
0.041498
0.042202
0.042678
0.041445
0.042833
0.046163
0.041855
0.043046
0.045957
0.041885
0.042462
0.042160
0.041641
0.041879
0.042633
0.042970
0.044520
0.044971
0.043441
0.075700
0.043284
0.053131
0.045583
0.043048
0.043842
0.049400
0.042002
0.042048
0.042981
0.043242
0.042904
0.042670
0.053473
0.045085
0.069695
0.041937
0.043344
0.042671
0.042744
0.043339
0.043484
0.043274
0.041932
0.042162
0.042356
0.047697
0.042705
0.075220
0.041599
0.041713
0.041371
0.043034
0.041180
0.041489
0.041149
0.041306
0.042116
0.043408
0.041770
0.044715
0.055132
0.043374
0.043637
0.044364
0.043690
0.048828
0.043824
0.043677
0.041715
0.043243
0.066542
0.042890
0.043103
0.041900
0.044253
0.041209
0.044182
0.042827
0.041981
0.047139
0.041442
0.041171
0.041505
0.041829
0.041427
0.047581
0.041707
0.041914
0.042222
0.041612
0.040524
0.041622
0.041671
0.042038
0.041155
0.044452
0.041019
0.040637
0.040623
0.040671
0.040445
0.039484
0.040239
0.040742
0.040682
0.046870
0.041234
0.041173
0.041140
0.043395
0.041500
0.041511
0.040811
0.041353
0.041383
0.041312
0.041165
0.041469
0.041268
0.040959
0.041069
0.041351
0.041253
0.041335
0.041041
0.046568
0.041581
0.044520
0.042039
0.041943
0.042534
0.042045
0.043230
0.041812
0.042825
0.042393
0.042627
0.042336
0.042282
0.042244
0.066757
0.042238
0.041811
0.042702
0.042291
0.047794
0.041951
0.042906
0.042810
0.041805
0.042721
0.042142
0.042540
0.042209
0.042322
0.042996
0.043074
0.042501
0.042874
0.042689
0.042209
0.042337
0.043041
0.042638
0.042597
0.049946
0.042191
0.043324
0.042756
0.042386
0.042699
0.078317
0.040751
0.040347
0.041156
0.039965
0.040810
0.043443
0.040295
0.040708
0.040599
0.040372
0.040443
0.040680
0.044933
0.049849
0.040737
0.041220
0.041232
0.041282
0.045092
0.040728
0.041019
0.040716
0.040757
0.040294
0.041504
0.041084
0.042426
0.042777
0.042800
0.042730
0.042294
0.042940
0.042124
0.048796
0.042840
0.042274
0.041673
0.070453
0.042059
0.042573
0.042604
0.042682
0.042039
0.044691
0.042355
0.041788
0.042077
0.042463
0.041326
0.046127
0.048075
0.043137
0.042789
0.054477
0.055821
0.041890
0.042217
0.041421
0.043015
0.041594
0.041715
0.042743
0.056606
0.041573
0.041195
0.041237
0.041445
0.041084
0.041091
0.041830
0.040161
0.044003
0.039542
0.045932
0.040905
0.041135
0.040583
0.040803
0.040525
0.041636
0.041819
0.041979
0.041288
0.040821
0.040952
0.041441
0.040826
0.041062
0.051954
0.041431
0.041008
0.040595
0.040851
0.046639
0.040087
0.040568
0.040230
0.041205
0.040400
0.041496
0.040550
0.040420
0.040347
0.043297
0.041526
0.041282
0.040501
0.041203
0.040802
0.041415
0.040774
0.040792
0.040759
0.046470
0.042237
0.041137
0.041323
0.041338
0.040631
0.040932
0.040711
0.043229
0.041159
0.042790
0.040643
0.045297
0.041512
0.045758
0.041926
0.041808
0.041517
0.044708
0.041795
0.047087
0.040962
0.045757
0.040581
0.042249
0.053056
0.041910
0.041142
0.041839
0.041178
0.041969
0.041530
0.045774
0.070437
0.041896
0.041098
0.041157
0.041319
0.040810
0.041297
0.049676
0.041894
0.041777
0.041790
0.041405
0.041562
0.042085
0.041726
0.042357
0.040551
0.060445
0.055449
0.043038
0.042430
0.042485
0.042341
0.044026
0.043364
0.043031
0.042752
0.048454
0.043244
0.042984
0.042736
0.042849
0.042867
0.043233
0.041968
0.042971
0.043303
0.042766
0.042985
0.042597
0.042935
0.042946
0.042693
0.044533
0.043435
0.043200
0.042152
0.048892
0.041590
0.042761
0.042327
0.043407
0.045154
0.061204
0.042916
0.042985
0.042346
0.042895
0.042249
0.042510
0.043416
0.043316
0.042125
0.042554
0.043134
0.042611
0.042353
0.048519
0.042704
0.042310
0.042204
0.042931
0.042960
0.044223
0.042317
0.041765
0.041970
0.042439
0.042160
0.045894
0.041985
0.044093
0.041862
0.041878
0.041745
0.042645
0.042684
0.051598
0.048353
0.043025
0.042729
0.044424
0.062686
0.043885
0.042255
0.042806
0.051884
0.043581
0.046694
0.043724
0.044331
0.042976
0.043373
0.043390
0.047243
0.054123
0.042412
0.063996
0.044228
0.042018
0.042261
0.041969
0.046753
0.042305
0.042317
0.042974
0.042850
0.045747
0.041801
0.041882
0.044738
0.041661
0.043310
0.046396
0.042023
0.043017
0.041098
0.047895
0.041979
0.041921
0.043276
0.042303
0.042288
0.042934
0.042802
0.042356
0.042268
0.043395
0.043402
0.043003
0.098676
0.043445
0.044027
0.043288
0.043649
0.044131
0.043064
0.049709
0.043253
0.043941
0.042946
0.044399
0.044037
0.044070
0.042823
0.043532
0.044055
0.042917
0.043080
0.042984
0.042967
0.043118
0.045302
0.042757
0.043771
0.042746
0.043542
0.048589
0.045360
0.043710
0.043039
0.043426
0.043500
0.043577
0.043506
0.043270
0.043226
0.043134
0.043178
0.043528
0.043306
0.044360
0.043053
0.043620
0.042981
0.043076
0.043023
0.048873
0.042867
0.043051
0.043535
0.043169
0.043082
0.043469
0.043346
0.043421
0.043552
0.042992
0.043714
0.043438
0.043633
0.044294
0.041246
0.042144
0.042111
0.041605
0.041366
0.048148
0.041854
0.041918
0.041928
0.042078
0.042007
0.041814
0.041991
0.042510
0.042699
0.041767
0.042455
0.041313
0.042253
0.043021
0.042736
0.042100
0.042140
0.041660
0.042291
0.047981
0.042499
0.041747
0.042053
0.041771
0.042093
0.042181
0.041723
0.042285
0.042529
0.042334
0.043445
0.042312
0.043812
0.042397
0.044992
0.042767
0.042360
0.041858
0.042540
0.047508
0.042845
0.041700
0.042183
0.042763
0.042251
0.043351
0.042320
0.042388
0.042789
0.041700
0.041947
0.042650
0.041983
0.041842
0.042977
0.042221
0.042081
0.047070
0.066882
0.046508
0.039481
0.040456
0.040921
0.041093
0.040831
0.040829
0.041068
0.041070
0.041821
0.041305
0.042615
0.042741
0.043124
0.043034
0.042582
0.042616
0.043014
0.042255
0.042593
0.047175
0.042231
0.042317
0.042878
0.049334
0.042547
0.042648
0.041841
0.042506
0.042569
0.042169
0.042527
0.042445
0.042469
0.042649
0.042022
0.045436
0.040548
0.041238
0.042037
0.046679
0.041237
0.040989
0.040873
0.040822
0.040505
0.041030
0.041517
0.041810
0.041387
0.041099
0.041350
0.041373
0.041580
0.042371
0.041170
0.044192
0.041931
0.043639
0.040836
0.046903
0.040798
0.040762
0.041318
0.041207
0.041297
0.041225
0.041606
0.041420
0.041148
0.041091
0.041669
0.040782
0.041051
0.041257
0.041405
0.040761
0.040714
0.041731
0.041461
0.047214
0.040832
0.041671
0.041249
0.042066
0.041519
0.041579
0.041044
0.040938
0.041040
0.042143
0.041911
0.041538
0.041378
0.041966
0.041887
0.040632
0.041341
0.041508
0.041671
0.046705
0.041437
0.041160
0.040945
0.041156
0.041317
0.041250
0.044648
0.040463
0.045844
0.039890
0.041121
0.041637
0.041163
0.040749
0.041033
0.041866
0.041520
0.041204
0.041538
0.047417
0.041143
0.041199
0.042120
0.040918
0.041645
0.041053
0.041631
0.040396
0.040841
0.040894
0.040175
0.040979
0.041199
0.041102
0.041152
0.041208
0.041262
0.041357
0.040683
0.050708
0.041543
0.041162
0.041005
0.040809
0.041012
0.044036
0.039744
0.044755
0.041482
0.044530
0.041726
0.041775
0.041614
0.041495
0.040045
0.040935
0.042240
0.041317
0.041620
0.046659
0.041516
0.041402
0.040892
0.041065
0.041708
0.041933
0.041466
0.041244
0.041826
0.042226
0.042933
0.042877
0.045165
0.042239
0.042313
0.041615
0.042031
0.043296
0.043257
0.047716
0.042111
0.042203
0.040341
0.041049
0.039692
0.044301
0.040190
0.040710
0.040520
0.040128
0.040340
0.040488
0.043449
0.061470
0.046440
0.042265
0.040580
0.040383
0.040462
0.046391
0.040356
0.040374
0.041202
0.040269
0.040295
0.041452
0.040045
0.040285
0.041214
0.040565
0.044444
0.039803
0.041834
0.039485
0.040544
0.040257
0.042520
0.041676
0.041608
0.046757
0.041273
0.042387
0.041684
0.041250
0.042097
0.041449
0.041112
0.040453
0.040648
0.044178
0.057298
0.040058
0.041555
0.041231
0.040789
0.040859
0.049458
0.041285
0.041231
0.046749
0.041695
0.041930
0.042630
0.045598
0.042278
0.042216
0.040483
0.042211
0.041726
0.041990
0.041801
0.042447
0.041864
0.041367
0.042067
0.041168
0.041971
0.041644
0.042503
0.047992
0.042794
0.041752
0.041860
0.047737
0.065829
0.041712
0.040873
0.041629
0.041688
0.042126
0.042677
0.042279
0.040463
0.041313
0.041861
0.040955
0.041646
0.042841
0.041936
0.047076
0.047185
0.042044
0.042805
0.042855
0.041918
0.042090
0.046437
0.041455
0.041826
0.041349
0.041960
0.042418
0.042181
0.041765
0.080369
0.184038
0.042386
0.042503
0.041397
0.047979
0.041899
0.041852
0.041540
0.060199
0.073837
0.068481
0.042891
0.058835
0.042941
0.042340
0.041407
0.043535
0.042104
0.061358
0.181052
0.043195
0.046805
0.069413
0.043887
0.047894
0.042849
0.042607
0.043115
0.043763
0.043906
0.043984
0.042904
0.044393
0.041573
0.044614
0.041812
0.045345
0.042247
0.042854
0.042076
0.045669
0.042300
0.041829
0.041099
0.050419
0.042388
0.042375
0.042220
0.042774
0.041720
0.041815
0.042258
0.045461
0.041852
0.042143
0.041878
0.047296
0.042598
0.042295
0.042300
0.041616
0.041628
0.041013
0.040704
0.049994
0.042349
0.041442
0.040873
0.042235
0.040894
0.043928
0.040369
0.041421
0.041268
0.040271
0.041400
0.040625
0.041171
0.040391
0.040931
0.041603
0.041158
0.042360
0.042351
0.047431
0.041710
0.042841
0.042509
0.041372
0.041830
0.041606
0.043206
0.041204
0.042496
0.042188
0.043567
0.042929
0.042614
0.042655
0.042233
0.041760
0.043035
0.042027
0.041709
0.046879
0.041356
0.041437
0.041852
0.040767
0.040883
0.040985
0.040727
0.040932
0.041771
0.041468
0.041972
0.041646
0.042823
0.043066
0.041765
0.042212
0.042862
0.041782
0.043164
0.048392
0.041398
0.049918
0.042538
0.041572
0.130909
0.042314
0.042495
0.041704
0.042224
0.041565
0.044967
0.041016
0.040313
0.040707
0.040458
0.041561
0.042122
0.040879
0.043186
0.047711
0.039771
0.042385
0.042983
0.043030
0.041845
0.042197
0.042617
0.041107
0.041808
0.041554
0.040976
0.041230
0.041291
0.041002
0.041315
0.041775
0.041265
0.039860
0.040012
0.045528
0.040082
0.040491
0.040155
0.040452
0.039952
0.039782
0.040406
0.045732
0.039836
0.039903
0.040237
0.040190
0.039895
0.039992
0.040018
0.040073
0.040265
0.039727
0.040152
0.045604
0.040234
0.039952
0.040420
0.040384
0.040621
0.040974
0.040056
0.040134
0.041637
0.039715
0.040592
0.040478
0.040693
0.041260
0.040983
0.040714
0.040321
0.040295
0.040207
0.046171
0.039890
0.040258
0.040669
0.041009
0.040599
0.040687
0.040047
0.039838
0.040323
0.040385
0.040572
0.043919
0.041090
0.043348
0.041082
0.041012
0.040739
0.040455
0.041064
0.050511
0.040371
0.039878
0.040179
0.040563
0.040583
0.040608
0.040891
0.039661
0.040677
0.040778
0.040536
0.040582
0.040539
0.040460
0.040660
0.040508
0.040836
0.039664
0.042703
0.045110
0.039743
0.040378
0.040250
0.041633
0.040394
0.040118
0.044920
0.039810
0.044794
0.040204
0.040376
0.040641
0.040613
0.043907
0.042457
0.042980
0.042578
0.043225
0.043962
0.048911
0.042885
0.042621
0.042459
0.042647
0.042742
0.042635
0.043623
0.042910
0.042513
0.043113
0.042808
0.052866
0.042363
0.043141
0.043039
0.043301
0.042308
0.042782
0.043294
0.049309
0.042493
0.042583
0.045283
0.043106
0.043399
0.043057
0.042974
0.043275
0.042330
0.043713
0.042116
0.043347
0.042756
0.043355
0.042727
0.043649
0.042333
0.044041
0.043478
0.048967
0.043063
0.044189
0.044184
0.042849
0.044450
0.044170
0.043651
0.042960
0.043580
0.043314
0.043272
0.042503
0.042763
0.046347
0.042687
0.043303
0.042658
0.043497
0.043430
0.049317
0.043026
0.046971
0.044632
0.043093
0.044700
0.044278
0.044813
0.044675
0.043980
0.044383
0.044442
0.043923
0.043493
0.044090
0.044068
0.043472
0.043239
0.044148
0.044368
0.050173
0.043354
0.044394
0.043710
0.044475
0.042739
0.044352
0.044018
0.043457
0.043451
0.043610
0.043394
0.077495
0.043266
0.043203
0.043512
0.042930
0.042860
0.043213
0.043440
0.049378
0.043160
0.043325
0.043597
0.043262
0.045873
0.043009
0.043794
0.042814
0.044064
0.043808
0.043221
0.042579
0.042613
0.048501
0.079356
0.043418
0.043235
0.044518
0.044761
0.073434
0.043828
0.044334
0.043925
0.043936
0.042773
0.043853
0.044298
0.044387
0.044384
0.043820
0.042021
0.042910
0.042709
0.042124
0.043110
0.043648
0.043927
0.042568
0.084449
0.049767
0.043993
0.043666
0.044540
0.078500
0.044467
0.043967
0.044626
0.045228
0.043555
0.044662
0.085886
0.044258
0.044728
0.044915
0.046177
0.043463
0.047351
0.063772
0.046138
0.055045
0.042559
0.043278
0.043585
0.042247
0.042146
0.042795
0.051790
0.043087
0.048369
0.039572
0.044105
0.043112
0.044270
0.043098
0.061934
0.043576
0.043216
0.043065
0.043286
0.044662
0.044013
0.040498
0.042118
0.042237
0.042717
0.042215
0.043145
0.042616
0.047749
0.042416
0.042830
0.042438
0.042809
0.042517
0.043426
0.040356
0.040423
0.040802
0.043072
0.044775
0.043445
0.041927
0.041054
0.041695
0.041353
0.043285
0.040741
0.040135
0.040753
0.038731
0.038884
0.040146
0.041314
0.039042
0.039021
0.040972
0.038577
0.043152
0.040867
0.045587
0.040851
0.041763
0.039275
0.043062
0.041499
0.045015
0.040128
0.045112
0.040352
0.044658
0.040310
0.045466
0.040332
0.040425
0.040912
0.041245
0.040407
0.040545
0.040478
0.045982
0.041006
0.040238
0.040422
0.040654
0.040865
0.040565
0.040489
0.041138
0.040329
0.039853
0.040363
0.041072
0.041091
0.039552
0.040552
0.041611
0.040982
0.040062
0.044175
0.046113
0.040265
0.040969
0.044080
0.040677
0.048080
0.098165
0.047419
0.047936
0.048872
0.047645
0.046674
0.047106
0.047169
0.047793
0.046560
0.046905
0.048638
0.047277
0.047379
0.054727
0.047805
0.046419
0.038851
0.038645
0.038181
0.037694
0.038154
0.037708
0.038159
0.037474
0.047461
0.057777
0.041799
0.039759
0.038677
0.039339
0.039222
0.040091
0.040260
0.046719
0.042342
0.041884
0.042070
0.041804
0.041875
0.042052
0.041550
0.043282
0.042625
0.042191
0.041065
0.040764
0.041505
0.041534
0.041596
0.041770
0.041150
0.041611
0.041722
0.046962
0.041303
0.041222
0.041345
0.040813
0.042471
0.040968
0.044839
0.041027
0.043765
0.040878
0.044111
0.041043
0.041239
0.041158
0.040776
0.041442
0.041315
0.042109
0.041172
0.046274
0.041634
0.041815
0.042075
0.041071
0.041633
0.042186
0.041141
0.041275
0.041206
0.041047
0.041181
0.041405
0.041189
0.041315
0.040656
0.041268
0.040991
0.041367
0.041862
0.047819
0.041242
0.041378
0.041550
0.041742
0.044584
0.042463
0.042392
0.042822
0.042289
0.045329
0.042182
0.046803
0.042130
0.041272
0.041906
0.045188
0.041962
0.044864
0.041508
0.049494
0.041768
0.042406
0.043218
0.043637
0.041184
0.049600
0.041578
0.041981
0.047255
0.041760
0.042319
0.047330
0.042108
0.042073
0.042109
0.041729
0.041434
0.045402
0.043170
0.049734
0.041889
0.042414
0.041829
0.041969
0.044286
0.041504
0.042389
0.044864
0.042998
0.044869
0.042030
0.041802
0.041644
0.045538
0.042307
0.044858
0.042144
0.041740
0.042997
0.049473
0.082937
0.042859
0.042875
0.041242
0.043711
0.040800
0.044647
0.043606
0.042380
0.041425
0.043713
0.041474
0.043920
0.040572
0.042449
0.041916
0.043278
0.041544
0.041811
0.050244
0.042563
0.041915
0.043159
0.040966
0.044701
0.041369
0.043858
0.041761
0.043609
0.041713
0.041464
0.042172
0.041683
0.041690
0.040827
0.041953
0.042197
0.044882
0.041843
0.047454
0.042264
0.042365
0.044512
0.042173
0.042034
0.041965
0.042321
0.042104
0.043506
0.041847
0.041305
0.041535
0.041051
0.041173
0.042732
0.043989
0.052391
0.042649
0.043568
0.047892
0.044711
0.043600
0.042706
0.055570
0.046281
0.051503
0.042630
0.041813
0.041212
0.041934
0.042160
0.042810
0.042989
0.064357
0.042367
0.042468
0.085670
0.041898
0.042915
0.048386
0.041945
0.044590
0.042021
0.043246
0.042266
0.042277
0.045980
0.042360
0.043005
0.041990
0.042027
0.042396
0.042425
0.041964
0.041581
0.042330
0.044378
0.042320
0.041821
0.047845
0.041762
0.043216
0.042214
0.041720
0.042246
0.041671
0.043524
0.042052
0.041582
0.041525
0.045402
0.042017
0.042469
0.046147
0.041639
0.042019
0.044273
0.041476
0.041461
0.046790
0.041798
0.041852
0.041938
0.041862
0.053694
0.042239
0.040896
0.041278
0.042636
0.041903
0.042618
0.041677
0.046038
0.042370
0.042396
0.067295
0.042225
0.042048
0.042722
0.048182
0.042342
0.042166
0.042531
0.060049
0.042139
0.042861
0.042284
0.044219
0.042361
0.043205
0.042527
0.142851
0.042970
0.041603
0.042888
0.041748
0.042090
0.042766
0.041859
0.048904
0.076842
0.042048
0.042680
0.042783
0.042061
0.042075
0.043205
0.043304
0.041331
0.041916
0.041640
0.042771
0.041628
0.041584
0.041978
0.040962
0.041699
0.041749
0.041263
0.048645
0.041528
0.042741
0.042103
0.043825
0.042631
0.042718
0.042808
0.042824
0.042509
0.045280
0.043890
0.041602
0.042422
0.046677
0.045454
0.041543
0.042440
0.041891
0.041942
0.048040
0.042741
0.042754
0.042884
0.043250
0.042619
0.042531
0.044025
0.043484
0.043623
0.043661
0.043738
0.076208
0.043193
0.048662
0.043920
0.042313
0.041698
0.045640
0.043235
0.049394
0.042550
0.046271
0.080840
0.043524
0.043390
0.042678
0.043724
0.042236
0.042916
0.042234
0.043072
0.043066
0.042987
0.043027
0.043445
0.042443
0.044840
0.043110
0.042258
0.047380
0.041459
0.042021
0.042487
0.041937
0.042453
0.041922
0.041641
0.042251
0.041750
0.041416
0.042103
0.041910
0.041494
0.042480
0.042924
0.040910
0.041420
0.041489
0.043866
0.047666
0.041219
0.042556
0.041787
0.041947
0.041931
0.041986
0.041111
0.042313
0.043286
0.041645
0.044324
0.041598
0.046961
0.043136
0.047738
0.044717
0.045050
0.043663
0.043979
0.050348
0.043570
0.044550
0.043698
0.043137
0.043950
0.043900
0.044297
0.044724
0.044276
0.044032
0.044298
0.044855
0.044640
0.044660
0.044065
0.044233
0.044595
0.043231
0.044554
0.049061
0.042848
0.043494
0.043559
0.043930
0.044783
0.044593
0.044903
0.044820
0.046368
0.044666
0.043901
0.044392
0.045408
0.044760
0.045835
0.046189
0.050262
0.045530
0.044710
0.050626
0.044477
0.044794
0.043774
0.044237
0.045229
0.043188
0.043660
0.044611
0.043837
0.044366
0.044931
0.045017
0.046132
0.044009
0.046379
0.043591
0.044042
0.044360
0.044953
0.049172
0.044775
0.044267
0.064344
0.045731
0.045196
0.044634
0.045935
0.043318
0.044683
0.044753
0.043876
0.043546
0.044663
0.044535
0.044285
0.044239
0.043732
0.044281
0.044216
0.049752
0.043523
0.044971
0.044148
0.044379
0.043776
0.043751
0.043930
0.044936
0.043870
0.043061
0.044452
0.044189
0.042590
0.040956
0.042379
0.056214
0.045069
0.045363
0.042978
0.051975
0.043310
0.044568
0.044672
0.044876
0.068311
0.043918
0.045961
0.045215
0.046302
0.044878
0.044581
0.044888
0.042279
0.042197
0.042892
0.040772
0.053435
0.053899
0.041340
0.047099
0.043662
0.044150
0.045723
0.042506
0.044257
0.043122
0.044410
0.043611
0.043812
0.042030
0.045108
0.045283
0.040891
0.041824
0.042176
0.041154
0.041653
0.042151
0.042996
0.053293
0.072856
0.042819
0.044538
0.042408
0.045033
0.045599
0.044921
0.044840
0.044583
0.044102
0.045512
0.044918
0.043939
0.044006
0.043947
0.044513
0.045032
0.067771
0.043544
0.055120
0.044436
0.045615
0.043993
0.044366
0.054003
0.044553
0.053007
0.044482
0.048381
0.047846
0.043201
0.043089
0.044747
0.044045
0.042820
0.045324
0.042653
0.045058
0.044759
0.084352
0.043448
0.044465
0.043138
0.042735
0.043124
0.043404
0.044207
0.043924
0.044420
0.046285
0.068244
0.044212
0.041757
0.042178
0.043049
0.041723
0.042148
0.041503
0.042742
0.048428
0.042262
0.041577
0.042331
0.042193
0.042062
0.041742
0.041858
0.042111
0.043260
0.042456
0.043136
0.042886
0.042984
0.043040
0.043280
0.043866
0.043139
0.044120
0.043273
0.048764
0.043587
0.043555
0.044040
0.042946
0.042638
0.042585
0.042584
0.042603
0.044298
0.043248
0.042475
0.042238
0.041523
0.041342
0.041278
0.047299
0.042122
0.043056
0.041820
0.049710
0.044018
0.044234
0.043418
0.044397
0.041939
0.042662
0.042875
0.042645
0.041587
0.043025
0.042533
0.042864
0.042825
0.042693
0.042842
0.042480
0.042984
0.042771
0.042876
0.047718
0.041947
0.041480
0.040583
0.051658
0.041392
0.040350
0.042705
0.042227
0.045856
0.042932
0.040441
0.040612
0.040629
0.040295
0.042624
0.042486
0.041009
0.041408
0.041538
0.047215
0.043615
0.074161
0.041814
0.040735
0.041389
0.057875
0.041085
0.042260
0.043478
0.041595
0.055633
0.038815
0.039181
0.042214
0.038588
0.045345
0.037498
0.040414
0.038702
0.045989
0.040045
0.040128
0.038767
0.062226
0.040008
0.040618
0.041839
0.040165
0.039881
0.039389
0.039052
0.038229
0.040300
0.039479
0.038288
0.041697
0.038267
0.038766
0.045633
0.047395
0.045623
0.043917
0.044661
0.043793
0.046411
0.053423
0.044732
0.044281
0.043132
0.045688
0.046851
0.042987
0.043353
0.042074
0.049157
0.047229
0.041613
0.143550
0.045685
0.147167
0.047102
0.043668
0.044465
0.045502
0.045737
0.049995
0.051448
0.113877
0.089260
0.073349
0.043004
0.044791
0.048797
0.049679
0.057453
0.043347
0.044781
0.046058
0.043162
0.047257
0.043313
0.043267
0.044503
0.043045
0.043688
0.043105
0.050044
0.045197
0.048132
0.043262
0.042691
0.043525
0.046788
0.054599
0.048598
0.052339
0.044298
0.045994
0.049332
0.052724
0.047596
0.044986
0.045364
0.044988
0.043980
0.045371
0.056878
0.044588
0.049582
0.044308
0.045708
0.071543
0.047335
0.057302
0.045027
0.043917
0.048393
0.043247
0.041566
0.048291
0.043067
0.042671
0.044122
0.043234
0.044018
0.044603
0.042613
0.053761
0.051466
0.044554
0.046376
0.042481
0.045348
0.049966
0.046696
0.068874
0.043252
0.041730
0.050618
0.051143
0.043205
0.045759
0.041699
0.045114
0.040944
0.040435
0.041070
0.041200
0.042540
0.041727
0.042060
0.043173
0.044607
0.044159
0.041806
0.042381
0.046519
0.043594
0.044438
0.050730
0.047291
0.047281
0.049707
0.046617
0.044300
0.063364
0.041879
0.045564
0.044125
0.043984
0.043885
0.043195
0.047423
0.043245
0.055530
0.047404
0.077079
0.044704
0.044779
0.049673
0.046446
0.060237
0.046418
0.044923
0.046581
0.045496
0.054647
0.044785
0.072500
0.044254
0.046578
0.042203
0.042451
0.042090
0.041947
0.043929
0.043632
0.047544
0.052347
0.088072
0.045804
0.042524
0.081797
0.043376
0.043474
0.042789
0.042294
0.043287
0.053602
0.070804
0.053236
0.048692
0.080640
0.042500
0.044138
0.044238
0.047121
0.045596
0.043749
0.049517
0.054229
0.064259
0.048615
0.044218
0.044990
0.043510
0.043563
0.044336
0.044063
0.044867
0.057646
0.043230
0.041331
0.042712
0.041925
0.042671
0.043249
0.043189
0.052209
0.048221
0.048046
0.047953
0.045569
0.070834
0.043435
0.044571
0.044576
0.043231
0.052695
0.053846
0.072146
0.044592
0.052469
0.054800
0.053255
0.050429
0.095627
0.046909
0.047455
0.087498
0.045334
0.048424
0.071676
0.045326
0.054843
0.050658
0.044650
0.063608
0.058311
0.044561
0.060011
0.044822
0.046505
0.040793
0.052406
0.052071
0.049984
0.054781
0.054982
0.052787
0.045043
0.047412
0.063561
0.041537
0.044663
0.045116
0.044373
0.045555
0.043672
0.047302
0.044536
0.044692
0.044671
0.085362
0.043451
0.044606
0.044082
0.046193
0.062562
0.051907
0.053631
0.047885
0.045558
0.062112
0.044671
0.061982
0.049305
0.048426
0.067724
0.049949
0.045862
0.044247
0.045247
0.053324
0.047138
0.066405
0.046628
0.047899
0.063820
0.048425
0.051242
0.048082
0.047171
0.042966
0.043082
0.043084
0.042905
0.042523
0.043026
0.042929
0.043171
0.055787
0.043539
0.049375
0.043976
0.055773
0.042433
0.042645
0.042933
0.048393
0.043813
0.043707
0.041698
0.042577
0.042303
0.048181
0.042695
0.042861
0.041717
0.042078
0.042304
0.042930
0.041904
0.043034
0.041697
0.042012
0.041967
0.043864
0.042304
0.047104
0.042733
0.043966
0.042226
0.041790
0.042736
0.042058
0.042201
0.042172
0.041173
0.041674
0.041992
0.045460
0.042381
0.042214
0.041653
0.043157
0.043392
0.042326
0.042516
0.048731
0.042912
0.044525
0.042318
0.043063
0.043030
0.043126
0.076324
0.042815
0.042238
0.041950
0.042436
0.042750
0.042267
0.042442
0.042147
0.042565
0.043335
0.042531
0.043100
0.048541
0.043051
0.042401
0.042432
0.042041
0.042977
0.071879
0.042752
0.043564
0.041014
0.041214
0.040733
0.042874
0.042273
0.073596
0.045105
0.043355
0.040665
0.040924
0.041130
0.048435
0.043207
0.042910
0.042031
0.043509
0.040531
0.041049
0.040352
0.046860
0.040887
0.043038
0.042942
0.050598
0.041139
0.041247
0.041762
0.041894
0.041245
0.041220
0.041388
0.046851
0.040295
0.041733
0.042238
0.041894
0.041418
0.043560
0.039474
0.040208
0.040750
0.041820
0.040406
0.042817
0.041206
0.040639
0.040825
0.041447
0.044991
0.040485
0.042658
0.046898
0.040984
0.040798
0.042357
0.041049
0.040346
0.040941
0.042286
0.041412
0.040664
0.040259
0.039420
0.040701
0.040901
0.040112
0.041972
0.041418
0.040891
0.041530
0.041260
0.045875
0.041517
0.040434
0.041137
0.040857
0.041151
0.042818
0.040359
0.040499
0.040790
0.040959
0.041385
0.049519
0.041376
0.041016
0.041361
0.040947
0.041646
0.040965
0.040851
0.046635
0.040076
0.041953
0.040715
0.040590
0.040291
0.041185
0.040504
0.041061
0.040358
0.045978
0.041727
0.040557
0.040158
0.040247
0.039964
0.043093
0.040448
0.040332
0.042004
0.049196
0.040488
0.040798
0.039602
0.044131
0.045086
0.042922
0.045835
0.042223
0.042836
0.045809
0.042448
0.042768
0.040450
0.040158
0.043804
0.040339
0.044566
0.042754
0.042546
0.047993
0.044111
0.042614
0.042183
0.041409
0.042224
0.041642
0.039642
0.042227
0.041360
0.041109
0.040706
0.039531
0.040022
0.039468
0.040161
0.041044
0.039426
0.040889
0.040492
0.046091
0.040040
0.040043
0.042627
0.039501
0.039155
0.046544
0.039649
0.043038
0.042749
0.041730
0.041147
0.043571
0.041460
0.038695
0.040082
0.040606
0.042417
0.052727
0.039863
0.045716
0.042209
0.039559
0.040270
0.039807
0.039371
0.040334
0.048431
0.069492
0.041824
0.041812
0.043040
0.043456
0.043962
0.043225
0.042217
0.042615
0.042707
0.041333
0.041479
0.047112
0.042799
0.043212
0.042653
0.042933
0.042020
0.042288
0.042190
0.042566
0.042104
0.042299
0.042967
0.042243
0.041127
0.042909
0.043130
0.042380
0.042370
0.042751
0.042264
0.062103
0.041201
0.041841
0.042520
0.042485
0.042238
0.042516
0.041813
0.041549
0.041979
0.041977
0.043074
0.041585
0.042507
0.041989
0.041878
0.042481
0.042523
0.041725
0.042210
0.047262
0.040773
0.074396
0.040694
0.039586
0.040858
0.039647
0.040352
0.040471
0.040148
0.040185
0.041210
0.039903
0.040068
0.040640
0.040546
0.039798
0.040004
0.040191
0.042898
0.046203
0.039601
0.039237
0.040260
0.040800
0.044349
0.039293
0.040395
0.039464
0.041436
0.040299
0.040298
0.040010
0.040863
0.040447
0.040171
0.040586
0.044279
0.042984
0.043883
0.050042
0.042706
0.042459
0.042915
0.043781
0.043850
0.043298
0.042654
0.043691
0.042860
0.042577
0.043059
0.044156
0.042758
0.043076
0.043527
0.043291
0.054342
0.043085
0.042698
0.050102
0.044859
0.043214
0.043854
0.042820
0.042374
0.043832
0.057377
0.043798
0.043562
0.042771
0.040408
0.040351
0.042771
0.041817
0.042958
0.042343
0.041926
0.041967
0.043355
0.047194
0.042828
0.042715
0.043100
0.044700
0.042158
0.042470
0.042193
0.042532
0.041904
0.041332
0.042061
0.042867
0.041296
0.041344
0.042074
0.042564
0.041884
0.041428
0.042256
0.047761
0.042270
0.043079
0.042076
0.041569
0.041492
0.041325
0.041462
0.042059
0.042518
0.042507
0.040950
0.044361
0.065922
0.041842
0.041891
0.041156
0.040756
0.042024
0.041771
0.047071
0.042504
0.041838
0.041459
0.041895
0.041142
0.041861
0.041054
0.042313
0.041810
0.042017
0.041676
0.042756
0.042344
0.042058
0.041766
0.041803
0.040817
0.042022
0.041094
0.047515
0.044575
0.043137
0.043356
0.042875
0.043906
0.043399
0.044066
0.042382
0.043712
0.043285
0.043517
0.044113
0.042763
0.044438
0.053596
0.043334
0.043180
0.042794
0.042607
0.048616
0.043025
0.043408
0.042815
0.043768
0.044669
0.043174
0.043655
0.043495
0.042642
0.044001
0.044610
0.044050
0.043990
0.042657
0.044142
0.042110
0.043084
0.042213
0.043422
0.048200
0.042967
0.042604
0.055558
0.042377
0.041930
0.042107
0.041494
0.042225
0.041892
0.042818
0.041996
0.042475
0.045510
0.042013
0.041850
0.042535
0.045822
0.041853
0.042958
0.047399
0.042173
0.042227
0.042065
0.042737
0.042247
0.041789
0.042557
0.042413
0.041590
0.100734
0.044034
0.042513
0.044732
0.044722
0.053163
0.043222
0.043674
0.043811
0.048766
0.050743
0.042823
0.043303
0.043339
0.043730
0.044186
0.043788
0.043631
0.044732
0.048682
0.042836
0.044816
0.043020
0.043663
0.043819
0.042742
0.043892
0.043791
0.042190
0.043147
0.047673
0.043466
0.043457
0.042390
0.049827
0.042784
0.044273
0.043365
0.043048
0.043463
0.043797
0.044642
0.051501
0.043389
0.043789
0.045305
0.044218
0.044985
0.045112
0.043648
0.050323
0.054214
0.044336
0.044412
0.044620
0.044073
0.043295
0.044828
0.044822
0.044708
0.043788
0.044855
0.043783
0.043301
0.044734
0.044294
0.044365
0.043365
0.055647
0.043960
0.050129
0.045243
0.048640
0.043595
0.049437
0.044165
0.043685
0.046464
0.043520
0.042834
0.043473
0.043170
0.045379
0.067098
0.043242
0.042790
0.043635
0.044885
0.043650
0.043861
0.048777
0.043803
0.045894
0.045327
0.044929
0.044339
0.042563
0.042866
0.043173
0.043532
0.043322
0.044010
0.044272
0.043503
0.078215
0.044102
0.043195
0.044959
0.042427
0.087416
0.053025
0.043883
0.044147
0.044134
0.050256
0.043673
0.043749
0.057944
0.043694
0.044791
0.050874
0.048343
0.048139
0.062631
0.047434
0.049570
0.045231
0.043845
0.043871
0.044283
0.090443
0.043042
0.044693
0.074971
0.044796
0.043480
0.045051
0.047764
0.043853
0.044011
0.043628
0.044230
0.067985
0.044232
0.051643
0.043189
0.044420
0.043239
0.043329
0.043200
0.050467
0.047315
0.043725
0.043329
0.043115
0.044138
0.044472
0.070095
0.043940
0.044317
0.057803
0.044960
0.044234
0.045899
0.049543
0.044482
0.044753
0.044021
0.044115
0.044101
0.049410
0.044347
0.044320
0.069202
0.044083
0.044293
0.044756
0.049901
0.044817
0.044627
0.043464
0.045590
0.044065
0.043880
0.044617
0.043399
0.043140
0.042236
0.043266
0.044541
0.047266
0.042745
0.042599
0.041900
0.041654
0.043461
0.041747
0.042487
0.042115
0.043017
0.042140
0.041095
0.041321
0.045435
0.074748
0.042817
0.042143
0.042907
0.045432
0.043433
0.048407
0.044040
0.043230
0.040857
0.043427
0.042598
0.043562
0.042660
0.044804
0.042622
0.043056
0.042517
0.043877
0.042097
0.044940
0.042613
0.044073
0.043343
0.042752
0.042850
0.049590
0.043808
0.042573
0.042931
0.043879
0.042814
0.043341
0.041882
0.056425
0.053565
0.041789
0.045417
0.043223
0.043810
0.043452
0.043064
0.043594
0.043738
0.043159
0.043626
0.049404
0.043017
0.043510
0.046428
0.053798
0.044420
0.045031
0.045235
0.045305
0.043298
0.045074
0.046695
0.043022
0.043990
0.044562
0.044234
0.044482
0.052138
0.044991
0.044576
0.049859
0.043778
0.044265
0.044121
0.045345
0.043833
0.043999
0.044209
0.044546
0.043785
0.044879
0.043588
0.044115
0.044682
0.044264
0.044388
0.043835
0.043728
0.043607
0.042880
0.063092
0.043224
0.043190
0.043232
0.043432
0.042636
0.042925
0.043294
0.043456
0.043235
0.044254
0.043185
0.043781
0.044199
0.042351
0.042893
0.043285
0.043159
0.043151
0.042687
0.047244
0.042626
0.042194
0.042657
0.043000
0.042979
0.041892
0.042647
0.042463
0.042387
0.043303
0.042931
0.042294
0.042318
0.042885
0.049684
0.042701
0.056730
0.042871
0.042487
0.048035
0.042136
0.042233
0.042850
0.042581
0.042424
0.042753
0.043895
0.043814
0.043725
0.043967
0.043017
0.045320
0.041659
0.043088
0.041429
0.042023
0.040900
0.040412
0.040516
0.045966
0.039680
0.040342
0.040140
0.040200
0.042455
0.040164
0.039304
0.040065
0.040381
0.043365
0.040123
0.040658
0.041008
0.042573
0.042266
0.042428
0.042319
0.042417
0.060547
0.052145
0.040620
0.041147
0.041450
0.042095
0.041707
0.041886
0.041627
0.041486
0.044233
0.042090
0.041181
0.041598
0.040811
0.041365
0.041455
0.041697
0.041856
0.041825
0.041294
0.051694
0.041320
0.058453
0.060942
0.040904
0.041607
0.041522
0.044737
0.041423
0.042897
0.040731
0.044880
0.041117
0.044704
0.040829
0.043620
0.040685
0.041528
0.040920
0.041982
0.047620
0.046596
0.042288
0.045301
0.043339
0.043582
0.043252
0.047328
0.042290
0.043544
0.043607
0.043358
0.043531
0.043227
0.043236
0.044129
0.043195
0.043216
0.043829
0.041132
0.049334
0.043622
0.060944
0.042253
0.041837
0.041982
0.041524
0.041405
0.042013
0.041973
0.042322
0.041615
0.042027
0.042847
0.042529
0.041104
0.041046
0.041039
0.043586
0.040918
0.046147
0.040244
0.040888
0.040695
0.041451
0.041272
0.042850
0.043478
0.042534
0.043944
0.042486
0.043532
0.043009
0.042827
0.045605
0.043910
0.042216
0.042544
0.042031
0.042213
0.048408
0.042796
0.044353
0.043126
0.043436
0.042946
0.042729
0.042671
0.042360
0.042820
0.043497
0.042911
0.042515
0.047883
0.042996
0.044367
0.044463
0.060695
0.042648
0.042513
0.048840
0.045465
0.072049
0.043347
0.044587
0.044411
0.043559
0.042695
0.046437
0.043246
0.040687
0.043499
0.040754
0.043248
0.047514
0.040910
0.048010
0.044214
0.044463
0.044331
0.049672
0.043767
0.043591
0.044153
0.043302
0.043012
0.136804
0.046061
0.044897
0.072874
0.044647
0.049935
0.044245
0.044687
0.043912
0.045925
0.043661
0.044305
0.044459
0.045389
0.050090
0.045193
0.086315
0.042634
0.041590
0.045552
0.041305
0.042959
0.042179
0.042331
0.045771
0.054118
0.043712
0.043566
0.048477
0.080154
0.042160
0.042634
0.042382
0.044133
0.050096
0.045255
0.042582
0.044134
0.044533
0.043486
0.043730
0.043724
0.043123
0.041505
0.041384
0.044849
0.041786
0.043635
0.043260
0.044217
0.044313
0.042930
0.044856
0.043633
0.048683
0.043550
0.043883
0.043416
0.043890
0.043008
0.048709
0.045233
0.044651
0.043102
0.043496
0.044124
0.042720
0.044253
0.043283
0.044616
0.044610
0.042827
0.043933
0.044519
0.048222
0.043974
0.042598
0.044848
0.044817
0.043815
0.045037
0.044759
0.043643
0.043439
0.044049
0.040972
0.042167
0.045340
0.043762
0.043052
0.043615
0.042366
0.044482
0.041039
0.048746
0.041128
0.041683
0.041913
0.041550
0.041920
0.043698
0.044375
0.043660
0.044404
0.041674
0.044394
0.044256
0.043265
0.043960
0.041882
0.042037
0.040104
0.042224
0.041046
0.046409
0.042926
0.039998
0.042252
0.041291
0.042409
0.042974
0.042654
0.041697
0.044240
0.041893
0.041934
0.041893
0.040707
0.043048
0.041978
0.041899
0.040599
0.041432
0.047405
0.046666
0.042022
0.044309
0.051815
0.066447
0.041955
0.041409
0.044783
0.044751
0.043604
0.043028
0.043663
0.051260
0.044091
0.048443
0.052173
0.044830
0.044324
0.044213
0.043682
0.050900
0.044099
0.041249
0.044600
0.043819
0.063784
0.043193
0.042344
0.044119
0.042680
0.046935
0.046801
0.043257
0.042509
0.042349
0.044320
0.042369
0.042946
0.041764
0.040978
0.046405
0.040291
0.041057
0.040453
0.042987
0.054967
0.040977
0.043452
0.040776
0.040754
0.040834
0.043572
0.042789
0.040101
0.043026
0.040538
0.043164
0.042912
0.041121
0.042860
0.047871
0.040609
0.043442
0.046618
0.043017
0.041224
0.043252
0.042360
0.043330
0.042321
0.042603
0.042217
0.044265
0.042658
0.042818
0.042396
0.042774
0.042562
0.043624
0.043288
0.049011
0.041070
0.044424
0.042291
0.043195
0.042553
0.043018
0.042076
0.042892
0.043283
0.042503
0.041126
0.042830
0.040015
0.042303
0.042541
0.041793
0.040488
0.044452
0.041042
0.048063
0.040105
0.040797
0.042055
0.045850
0.042364
0.045766
0.041817
0.042211
0.041770
0.044921
0.042276
0.043763
0.043126
0.043125
0.042909
0.042958
0.043628
0.042362
0.043715
0.047912
0.042880
0.043283
0.042195
0.043507
0.042611
0.042827
0.043337
0.054677
0.047196
0.045789
0.057623
0.043141
0.045252
0.043157
0.044634
0.044738
0.063251
0.040266
0.060842
0.048501
0.043754
0.049959
0.044284
0.066191
0.043862
0.044081
0.043631
0.044589
0.044400
0.049239
0.043644
0.046331
0.071774
0.044652
0.047832
0.043557
0.043508
0.043794
0.048619
0.049390
0.044970
0.060066
0.044532
0.047137
0.042444
0.043380
0.044673
0.040731
0.043099
0.043304
0.042373
0.043216
0.042745
0.043296
0.042469
0.043217
0.044122
0.051443
0.042932
0.049493
0.042722
0.043491
0.044230
0.044007
0.042341
0.043265
0.043290
0.042764
0.046129
0.042830
0.043185
0.045104
0.042130
0.043095
0.044154
0.042361
0.068567
0.043876
0.043259
0.049531
0.043106
0.042171
0.043096
0.042292
0.042055
0.043008
0.043028
0.042417
0.042218
0.042438
0.041760
0.041546
0.041253
0.042815
0.041139
0.041119
0.041475
0.040529
0.041290
0.046633
0.041348
0.042296
0.041255
0.040419
0.041130
0.041341
0.041366
0.041163
0.041699
0.041980
0.041716
0.040696
0.041197
0.040917
0.041386
0.041013
0.040871
0.040838
0.041043
0.049493
0.041064
0.041854
0.041557
0.046971
0.074401
0.042591
0.042557
0.042125
0.054156
0.042296
0.044526
0.041389
0.045933
0.041481
0.044505
0.043882
0.042773
0.043134
0.047727
0.047956
0.043429
0.050955
0.042460
0.047008
0.042540
0.062951
0.042876
0.042310
0.044226
0.042991
0.042506
0.042706
0.041954
0.042416
0.042889
0.042399
0.042334
0.051099
0.043624
0.054729
0.042738
0.044422
0.065587
0.044837
0.064793
0.044672
0.042971
0.042949
0.044936
0.078497
0.045412
0.049122
0.043079
0.044636
0.042379
0.046772
0.041924
0.043529
0.042048
0.048145
0.044094
0.045856
0.085606
0.044151
0.042262
0.041440
0.043574
0.041404
0.045474
0.042233
0.044504
0.041389
0.042269
0.042379
0.045739
0.041738
0.043337
0.041701
0.047028
0.048191
0.042109
0.042620
0.042181
0.042114
0.043089
0.042971
0.044418
0.042656
0.041859
0.042387
0.042548
0.041955
0.046097
0.042235
0.043591
0.042347
0.042621
0.072065
0.042788
0.045431
0.040529
0.040796
0.042355
0.042536
0.042476
0.042461
0.041946
0.042329
0.042028
0.042557
0.046981
0.050174
0.044192
0.053975
0.043646
0.045546
0.044887
0.044754
0.044560
0.049242
0.068092
0.044002
0.044921
0.045776
0.044654
0.045169
0.044063
0.044488
0.044070
0.043751
0.046038
0.045411
0.043568
0.044240
0.044910
0.079180
0.046159
0.044461
0.044140
0.050430
0.078706
0.047407
0.043303
0.045035
0.043957
0.044745
0.045534
0.072626
0.047176
0.044206
0.044798
0.046322
0.044507
0.044956
0.044892
0.044489
0.071959
0.045108
0.044051
0.052512
0.044282
0.095615
0.046561
0.044938
0.059796
0.045511
0.046030
0.046299
0.053323
0.045349
0.045990
0.045251
0.043689
0.043626
0.046230
0.050819
0.047226
0.067906
0.045361
0.049385
0.043752
0.043725
0.043318
0.043950
0.045038
0.052755
0.069846
0.043887
0.043464
0.043819
0.044169
0.043970
0.043820
0.043849
0.042986
0.043499
0.045504
0.073534
0.043676
0.051103
0.045059
0.045056
0.044645
0.042689
0.040906
0.043903
0.041119
0.041136
0.041497
0.043770
0.041590
0.044719
0.044324
0.046239
0.044566
0.041805
0.044987
0.044588
0.063471
0.050005
0.049275
0.043535
0.044348
0.042099
0.043775
0.043705
0.044014
0.041564
0.041378
0.041411
0.042594
0.042331
0.041492
0.041523
0.041172
0.041661
0.042455
0.041567
0.068623
0.048985
0.041003
0.041327
0.043710
0.043879
0.041704
0.044022
0.043602
0.040955
0.041425
0.042854
0.041426
0.042091
0.047498
0.043695
0.041610
0.041189
0.040870
0.041057
0.044549
0.046471
0.043364
0.041458
0.043302
0.041499
0.045072
0.042165
0.042466
0.041192
0.041921
0.041643
0.042190
0.042193
0.041682
0.041464
0.041662
0.041981
0.041470
0.042052
0.041703
0.047362
0.041904
0.042015
0.043735
0.044506
0.041860
0.041397
0.041981
0.041766
0.041578
0.044205
0.041270
0.042848
0.042599
0.042063
0.041865
0.043163
0.041811
0.041651
0.041621
0.047026
0.043216
0.042543
0.041509
0.042518
0.041969
0.041900
0.041331
0.041496
0.041431
0.044292
0.075088
0.044869
0.042211
0.041429
0.041770
0.045096
0.041270
0.044240
0.043371
0.049355
0.044457
0.044492
0.044086
0.043320
0.045257
0.071976
0.043863
0.043735
0.045054
0.047442
0.042094
0.042235
0.041632
0.044432
0.043473
0.041711
0.040301
0.041120
0.040963
0.046850
0.040738
0.042767
0.043253
0.042560
0.041787
0.040860
0.042440
0.042440
0.040951
0.043487
0.042694
0.041144
0.042843
0.046122
0.043735
0.042476
0.044069
0.044116
0.044276
0.050000
0.043802
0.043548
0.042668
0.044687
0.044428
0.044394
0.044191
0.043796
0.043788
0.044527
0.045115
0.044058
0.043240
0.043803
0.043713
0.043812
0.043450
0.044636
0.049580
0.046967
0.044295
0.043571
0.043688
0.043942
0.051085
0.043776
0.044437
0.044609
0.044240
0.042615
0.041978
0.042054
0.042020
0.043580
0.044624
0.044351
0.042895
0.044348
