485	274	449	212
474	269	468	231
468	270	481	225
479	273	470	223
480	274	480	225
489	279	474	226
504	282	437	218
505	290	434	224
503	281	430	229
512	278	413	246
511	274	429	240
511	274	445	225
523	273	425	240
522	269	430	236
526	275	419	236
528	269	456	230
528	267	448	233
529	263	450	227
532	264	429	240
530	271	428	242
527	265	427	246
517	276	441	237
522	273	424	243
520	269	410	253
516	273	398	264
484	280	420	242
481	279	413	259
488	268	405	272
482	273	407	263
476	262	414	273
477	260	417	267
474	254	417	265
478	259	416	268
474	250	425	286
472	251	436	280
485	252	422	278
490	259	430	268
486	256	431	266
494	256	447	263
494	263	447	262
506	258	458	268
519	263	438	264
526	266	451	259
537	264	415	273
535	265	406	287
534	261	423	283
545	265	421	284
543	269	440	295
553	284	433	275
570	264	415	233
565	282	427	253
569	281	427	286
577	291	417	250
577	297	441	238
584	299	418	204
581	317	425	140
582	318	420	141
580	329	421	134
586	330	420	136
586	332	412	131
587	335	413	128
587	337	416	133
593	341	413	125
591	341	409	127
593	334	412	125
601	322	400	124
605	316	401	124
609	308	417	129
621	306	412	127
631	306	418	126
640	303	416	131
648	300	419	133
664	302	406	125
682	301	396	137
696	307	400	125
702	302	408	139
706	302	414	134
722	300	402	132
719	309	410	130
721	303	412	130
727	302	412	131
730	300	417	133
734	305	411	131
737	298	415	134
739	297	421	136
747	293	406	141
749	291	412	140
760	299	406	137
757	292	406	136
765	288	411	137
765	292	419	133
771	288	416	140
777	286	406	146
775	283	407	155
772	293	396	146
765	297	407	140
760	292	403	144
753	293	404	149
741	287	398	154
738	293	400	151
725	292	401	155
706	289	418	157
691	293	434	161
686	295	425	151
673	288	429	161
655	294	438	152
648	291	417	159
635	291	434	158
627	285	422	166
619	297	401	159
607	297	400	151
596	296	396	154
589	294	417	158
590	289	399	160
589	289	400	157
589	286	395	161
576	286	405	156
582	294	414	155
581	290	398	156
582	289	406	153
581	281	412	166
586	287	409	163
579	288	422	166
590	282	405	166
594	285	405	165
598	279	400	166
603	280	401	171
609	281	397	168
611	281	395	169
618	278	391	167
626	276	382	171
621	276	390	169
628	273	384	173
623	275	395	176
628	266	391	177
627	267	388	174
637	260	379	182
637	262	383	182
639	266	386	177
646	262	378	175
642	258	376	181
644	261	379	185
645	256	391	180
647	256	378	189
648	258	389	187
648	254	378	188
646	255	384	186
644	258	384	188
644	252	386	200
651	250	377	193
640	254	377	198
639	250	383	201
635	259	377	192
633	259	382	195
629	263	380	198
618	256	379	208
622	259	370	203
622	264	368	207
627	262	358	200
619	266	358	203
618	269	370	197
610	271	364	202
616	274	368	199
608	279	364	205
624	284	348	204
621	289	348	210
620	289	347	211
631	299	334	209
631	308	329	211
633	312	324	215
636	310	323	212
631	314	329	207
642	327	315	206
641	328	331	209
642	324	330	208
647	327	320	209
653	326	308	216
656	327	307	217
659	328	309	211
660	331	311	212
663	331	305	210
660	341	312	213
669	334	306	207
669	341	301	208
670	340	306	207
671	340	304	206
673	331	304	202
681	325	297	203
672	316	296	204
664	313	299	206
657	310	300	210
659	304	282	212
653	304	277	209
635	303	291	210
629	308	295	210
624	301	300	208
625	303	281	221
623	295	279	223
617	293	279	212
607	292	288	215
601	286	282	215
595	277	282	224
585	273	283	219
581	263	284	224
579	257	273	239
581	250	272	234
574	249	267	238
577	243	258	240
569	241	254	239
568	233	248	246
569	223	239	252
564	211	238	270
539	208	260	267
520	205	275	265
513	197	277	281
528	194	264	285
535	184	245	288
540	179	241	298
531	179	248	297
524	170	251	299
542	172	243	308
527	172	247	289
522	171	259	308
524	167	250	300
522	162	250	317
506	161	262	307
515	159	250	307
529	176	234	293
523	172	233	313
522	187	229	314
526	192	217	320
520	198	215	319
532	203	204	312
528	199	202	314
530	207	200	311
531	201	198	305
530	210	200	320
535	209	190	318
531	196	199	332
529	204	199	324
534	208	202	321
533	210	202	344
536	199	198	333
540	210	197	340
538	205	193	335
544	211	196	335
538	209	232	328
540	206	233	338
539	204	238	329
536	196	244	341
539	190	239	337
543	191	216	331
544	182	209	331
548	167	197	319
562	167	181	311
565	167	180	304
569	167	174	293
568	153	176	300
569	162	176	285
570	149	178	301
573	143	173	309
573	144	171	308
572	135	173	322
575	140	166	307
566	127	180	330
571	133	173	323
572	127	173	321
571	114	170	345
564	124	177	337
563	135	179	318
564	136	176	316
564	128	178	332
559	122	181	344
557	132	182	334
558	132	184	325
554	140	181	311
556	126	182	342
555	141	179	330
554	148	185	316
550	144	188	340
556	146	180	352
556	163	180	330
553	162	186	340
552	159	189	344
554	157	188	352
554	158	189	350
560	167	183	348
556	164	192	352
553	161	192	348
557	162	190	354
557	163	192	353
554	159	195	352
552	160	187	353
554	163	186	357
556	164	181	354
547	175	192	339
552	171	187	344
553	176	184	338
550	182	186	338
549	182	184	341
551	186	188	340
553	182	178	322
550	194	179	324
547	187	181	341
545	197	184	317
552	185	179	334
548	187	183	344
544	176	183	345
541	179	186	351
543	180	183	337
545	182	181	340
544	177	184	340
539	165	187	339
536	167	191	345
537	183	178	317
537	179	184	329
538	169	185	336
534	175	186	332
543	172	170	343
539	171	181	342
540	177	179	323
537	170	185	331
541	174	177	327
538	176	186	331
543	173	173	332
545	180	175	307
544	176	175	320
546	177	175	328
541	173	186	324
544	171	178	333
548	177	179	332
548	177	176	317
546	175	180	333
544	176	182	315
547	187	177	301
551	175	179	324
552	173	171	337
548	185	176	318
549	184	175	325
548	177	181	331
543	172	182	329
541	177	183	317
544	169	179	329
542	165	182	334
539	169	182	319
544	171	177	306
541	161	178	313
545	158	173	304
543	152	175	307
544	145	178	318
540	141	181	321
537	139	183	308
538	147	184	308
541	141	176	306
537	144	177	306
539	139	177	316
534	138	180	321
542	138	174	309
534	135	180	308
537	137	179	300
541	136	171	310
536	133	172	306
541	130	175	309
547	132	165	318
539	139	175	315
535	139	183	315
541	133	175	322
547	132	171	320
539	140	186	318
541	137	183	300
541	143	187	307
547	132	177	323
541	141	185	314
541	139	187	314
538	140	197	320
546	137	187	318
544	146	185	306
539	142	190	304
551	144	181	306
548	149	186	314
541	144	195	311
548	142	186	309
546	149	190	281
543	147	189	309
540	150	197	305
538	149	197	304
540	148	200	304
535	154	213	302
537	157	201	297
538	154	210	301
532	163	212	297
534	160	215	284
542	162	210	301
538	166	204	274
541	165	206	284
538	169	208	281
537	175	224	268
535	170	248	292
527	175	238	299
531	168	226	303
538	180	222	276
533	186	210	233
533	189	214	241
531	192	217	263
533	189	212	268
524	191	222	258
527	193	213	274
527	200	219	257
519	207	229	262
518	205	231	266
519	207	229	263
514	211	233	263
510	216	243	254
500	226	257	250
496	226	274	247
495	232	271	245
498	235	272	242
485	239	291	241
489	240	289	244
480	244	305	238
484	239	305	243
490	245	302	237
488	248	312	236
484	250	306	223
495	248	295	230
493	241	301	229
493	247	308	226
493	244	314	225
494	243	328	226
497	235	315	231
497	237	322	220
497	234	311	223
499	242	325	217
494	236	333	223
497	231	324	220
486	228	334	217
496	230	318	224
488	229	320	221
494	224	315	260
488	224	320	244
488	226	314	221
478	228	319	212
479	227	319	211
470	229	322	215
474	225	315	216
471	226	320	213
483	226	320	205
489	220	321	206
498	214	310	216
502	217	312	202
497	219	321	210
490	215	339	211
498	216	326	216
502	218	326	208
505	212	333	213
510	218	317	198
508	215	317	208
515	213	313	208
519	215	296	210
512	211	302	209
516	212	303	208
520	207	292	210
527	207	287	210
522	209	290	201
516	214	303	203
515	206	300	203
511	207	313	203
512	207	310	200
519	212	304	198
513	211	321	203
512	211	318	198
513	210	316	209
517	211	316	202
511	211	323	207
511	216	329	208
507	214	328	206
512	218	323	207
510	220	327	201
520	221	313	210
517	217	324	222
515	217	333	215
510	222	342	202
510	221	344	208
514	225	346	215
512	223	352	212
526	217	339	214
518	219	359	216
520	209	357	221
517	215	369	216
524	217	363	201
528	213	363	225
526	212	356	216
517	220	372	212
522	215	366	210
524	217	367	222
527	212	360	219
518	216	370	215
514	219	374	212
519	213	369	225
527	208	360	244
538	208	352	240
531	209	362	233
532	206	364	241
533	199	362	257
529	205	369	232
534	204	366	235
536	199	360	245
539	201	362	242
543	196	361	263
535	194	376	259
527	197	390	239
540	203	370	231
536	194	384	236
533	195	391	244
537	192	388	258
536	208	385	248
527	199	393	254
526	202	390	251
535	204	372	248
523	200	397	257
528	195	387	261
518	202	401	248
519	207	391	258
517	211	383	245
512	207	390	256
514	209	375	246
503	203	381	258
500	197	385	275
503	193	380	267
503	195	387	273
505	199	374	276
497	210	381	252
497	202	376	267
501	206	376	260
500	214	381	260
506	202	370	258
500	209	379	261
501	209	393	262
497	208	388	255
505	207	388	263
504	213	387	249
518	210	376	253
518	220	397	243
528	211	392	260
519	217	404	250
521	216	412	247
515	218	433	247
507	228	434	234
513	225	463	235
517	223	442	236
516	232	420	218
530	235	419	224
527	233	456	218
532	227	448	225
530	231	436	220
538	233	438	225
539	227	423	223
547	235	447	214
544	240	439	210
543	239	438	213
550	241	407	210
538	242	434	209
536	250	430	208
555	240	408	202
566	245	394	208
559	247	400	205
560	245	402	212
561	249	423	206
586	252	387	206
585	243	384	214
588	253	410	209
582	244	412	217
601	254	394	211
584	254	431	211
608	245	399	214
617	250	397	220
626	249	391	221
626	248	353	213
631	251	363	215
633	253	357	211
633	259	304	207
635	251	305	221
633	257	310	224
642	255	282	223
638	254	290	225
635	253	281	219
636	263	273	218
633	255	285	220
638	258	266	223
637	258	253	222
639	267	223	214
643	265	208	220
642	269	201	211
642	263	201	221
640	266	203	217
639	267	189	218
637	270	181	218
636	259	173	222
635	264	166	224
631	264	175	224
628	270	168	217
633	273	161	218
629	267	164	221
631	266	159	217
626	259	161	225
628	268	157	224
628	268	150	223
624	265	148	227
623	272	141	218
618	266	149	221
614	268	145	221
612	266	144	225
602	263	148	221
594	265	152	220
590	267	154	223
592	260	153	225
585	262	154	223
576	266	169	224
575	256	168	224
569	261	176	223
565	263	185	222
563	256	184	224
563	262	182	223
564	259	182	221
564	266	180	210
564	262	187	228
563	264	190	222
565	264	182	216
568	262	177	222
562	256	185	223
565	267	189	217
561	263	198	225
564	268	194	212
570	266	189	225
572	260	184	222
569	258	197	232
575	259	184	229
578	260	186	227
574	263	192	224
582	264	188	229
581	261	176	224
577	257	181	234
577	261	176	226
579	258	165	231
579	260	170	230
579	254	169	231
584	266	160	223
580	260	167	225
582	261	165	226
583	258	163	227
576	254	166	227
576	257	171	228
575	250	183	231
581	255	205	220
581	253	197	227
579	250	182	233
582	248	176	239
576	247	187	235
580	253	172	226
584	250	161	236
583	244	169	238
580	242	165	239
576	252	163	233
580	245	164	240
577	254	158	232
577	247	168	237
576	253	164	235
576	248	171	233
574	253	173	232
574	255	181	234
573	256	174	239
572	258	179	237
572	258	168	242
570	273	180	227
572	270	167	237
572	264	172	242
570	270	171	236
572	274	161	233
571	272	170	235
570	265	165	239
568	276	165	234
569	278	152	233
569	275	151	235
570	274	139	237
571	276	142	240
565	279	148	235
566	280	152	236
565	276	148	242
563	277	148	241
564	276	145	238
562	277	153	240
561	279	147	238
559	276	158	242
557	281	161	239
559	281	153	237
559	283	154	237
558	278	159	247
557	283	153	240
558	288	153	235
561	286	143	238
556	285	150	242
556	286	147	240
555	291	145	238
557	289	135	238
557	291	145	235
554	293	149	233
553	290	153	234
555	282	145	243
560	284	139	242
555	283	158	237
556	292	160	230
555	289	160	232
554	287	158	238
558	286	154	237
557	281	148	242
559	279	154	239
556	284	162	234
560	287	150	236
560	287	143	236
555	284	157	240
559	287	161	235
558	290	152	231
560	289	159	233
558	292	151	231
559	290	156	232
557	296	150	226
555	291	157	232
557	289	189	232
555	294	195	238
553	293	184	228
552	294	172	235
551	291	168	237
551	293	161	237
553	294	160	235
556	286	155	240
551	292	165	239
553	291	167	241
556	296	156	239
553	299	170	231
553	298	170	230
552	291	167	237
552	296	182	234
553	307	171	230
557	295	167	237
557	302	165	233
557	300	171	232
554	305	173	234
554	299	165	234
555	302	169	232
552	298	172	233
550	301	173	232
551	299	172	235
551	294	170	237
550	293	170	240
548	295	162	232
547	296	170	234
548	294	161	228
547	280	154	239
548	283	155	231
544	279	166	231
544	277	166	234
544	278	160	230
543	278	159	230
543	273	150	237
542	276	153	228
543	275	144	231
540	272	145	233
539	272	145	231
538	269	141	234
538	268	151	234
539	271	143	233
537	275	141	229
537	267	137	234
537	270	143	237
536	269	142	236
542	275	136	227
534	268	149	236
536	270	143	237
535	276	149	226
536	276	145	229
538	270	141	233
540	276	132	231
537	275	146	230
538	274	144	226
540	274	146	235
538	275	150	230
538	277	147	229
541	281	149	221
545	277	142	227
542	276	147	229
541	279	152	227
540	277	163	227
543	279	158	227
542	284	175	223
542	286	209	217
540	278	224	223
540	291	236	210
534	287	193	212
540	285	228	220
531	281	234	222
534	289	228	213
530	284	233	217
525	287	239	214
523	292	195	206
520	287	197	216
521	292	199	208
513	294	210	207
514	284	201	213
512	283	202	216
512	287	207	221
510	286	212	217
509	280	219	226
509	278	220	214
511	282	213	214
510	274	223	216
511	275	223	210
509	272	229	215
512	273	231	215
502	270	240	214
497	268	247	216
490	269	261	211
503	260	250	221
501	260	247	223
495	258	256	229
503	259	259	226
502	254	262	226
507	256	257	217
503	255	262	229
490	255	290	223
493	250	288	223
508	252	288	225
496	249	301	226
520	253	274	221
522	244	281	233
520	249	294	225
521	250	291	228
527	244	292	238
533	248	292	228
527	248	296	239
538	249	285	229
544	248	275	236
558	253	263	231
554	255	265	237
527	251	293	228
523	255	309	228
528	244	304	235
521	260	314	220
515	256	328	228
523	259	317	219
525	252	315	231
531	256	322	218
527	261	321	224
535	259	320	222
535	255	318	230
543	258	319	232
536	262	326	234
531	264	339	227
538	269	336	232
536	267	333	221
535	269	341	229
536	276	343	221
527	276	357	228
536	273	343	227
536	275	344	227
540	271	350	232
540	274	341	225
546	279	344	224
546	274	347	229
544	280	360	222
556	275	342	216
552	275	344	228
562	279	355	226
564	278	348	220
557	284	355	220
578	275	334	228
591	277	325	236
584	282	345	224
577	280	356	221
593	277	339	230
589	283	351	225
592	276	347	231
601	283	342	240
620	281	320	235
626	281	312	230
617	280	328	243
618	279	329	242
612	285	331	241
622	279	327	237
616	283	338	233
624	276	339	236
609	282	353	233
599	285	361	223
588	283	379	241
600	278	364	238
595	285	371	236
602	289	361	231
592	278	385	242
604	277	375	232
613	283	365	240
622	286	366	231
621	277	359	235
627	268	350	243
625	270	342	240
637	271	328	239
641	259	322	248
649	254	302	247
655	255	303	244
650	261	310	252
657	250	302	244
662	258	299	244
667	257	290	245
665	259	289	237
662	259	291	247
670	253	280	246
660	259	280	245
679	257	253	246
681	255	259	247
685	257	241	242
691	255	228	247
697	248	216	248
704	252	200	247
709	249	191	224
721	244	169	241
719	247	161	251
722	242	153	252
731	237	144	257
733	244	146	253
736	244	140	249
745	240	131	248
753	244	124	238
767	249	104	211
762	252	122	237
764	250	124	237
773	255	122	233
784	252	111	237
787	236	129	253
796	234	130	255
794	229	134	260
796	224	131	263
796	218	130	270
756	225	160	253
765	217	186	250
715	229	185	247
853	209	145	231
572	248	181	219
547	253	211	221
543	252	238	219
534	249	245	225
531	249	260	224
532	246	262	226
536	242	261	221
529	245	281	230
524	240	296	218
540	242	277	229
548	244	277	224
555	244	269	226
559	247	272	224
553	242	289	220
556	244	302	233
574	241	292	237
566	247	316	213
575	243	310	231
574	246	320	218
586	238	312	225
594	234	308	236
598	242	314	221
606	236	309	230
639	231	277	231
624	237	306	235
630	237	305	231
626	240	319	227
630	237	318	231
629	235	324	231
632	246	322	232
637	234	323	236
638	245	322	236
640	245	304	242
641	245	315	223
628	247	337	237
620	252	343	235
607	244	363	237
585	251	359	235
586	254	346	224
585	250	329	244
581	254	302	230
557	246	323	238
539	258	328	241
531	247	305	232
530	254	315	245
529	242	324	234
537	242	281	245
530	246	294	232
528	247	293	240
524	249	294	241
519	246	300	234
537	242	280	241
536	246	281	239
542	248	279	233
538	252	285	244
551	251	269	244
536	261	282	235
526	253	294	240
547	255	270	247
549	259	260	243
547	259	269	238
546	258	269	246
551	261	258	232
562	259	245	240
556	255	250	243
560	258	237	246
553	259	237	241
565	259	226	249
554	266	227	232
545	262	231	233
544	262	232	238
549	258	228	238
542	260	227	230
544	258	224	236
542	258	219	233
544	262	227	243
545	253	216	244
531	260	233	246
544	257	219	235
527	262	234	240
525	267	237	242
530	262	226	240
518	265	242	241
516	264	234	239
523	263	220	232
513	264	229	238
510	257	228	251
508	261	228	248
504	255	235	252
501	254	233	262
499	247	232	264
489	252	241	257
490	255	243	251
485	255	245	252
491	257	238	251
484	258	254	244
