568	6	144	177
568	12	152	176
571	11	148	189
565	12	165	192
572	17	148	163
583	18	140	164
574	15	153	184
574	26	153	183
578	27	150	182
583	28	147	181
582	24	156	182
578	27	160	179
576	24	169	191
571	26	180	195
571	27	191	204
568	22	201	218
572	27	197	212
570	31	198	222
575	29	202	221
565	35	206	216
563	38	210	213
564	40	208	211
558	41	214	212
568	40	196	216
566	46	198	214
554	49	219	209
556	54	218	209
551	60	226	212
545	68	229	198
545	66	240	203
548	63	237	213
547	68	243	202
542	73	250	191
551	73	239	196
556	74	240	204
559	77	239	193
546	87	256	188
552	83	249	204
556	92	247	188
531	108	276	168
548	107	260	173
538	115	268	153
549	114	270	159
534	117	278	153
536	117	281	154
549	118	262	158
546	115	269	159
539	113	278	155
546	113	274	164
545	115	270	156
542	114	280	159
543	116	278	156
536	111	292	158
523	115	311	154
523	116	314	165
533	112	297	174
532	112	301	182
538	118	291	155
526	119	311	166
544	111	295	169
538	116	300	162
544	105	298	206
546	103	301	215
551	99	293	210
547	102	291	211
554	97	293	211
553	93	297	213
557	94	290	215
553	93	294	219
555	87	296	218
545	89	305	222
565	88	288	209
556	94	298	204
565	93	290	220
556	84	303	211
550	88	305	218
544	90	317	223
558	84	306	224
549	87	309	220
570	85	299	201
553	84	310	216
548	83	317	223
548	85	316	219
529	68	340	244
525	79	345	218
538	83	327	220
544	87	322	207
529	85	342	214
548	90	327	210
530	89	339	220
523	86	344	213
548	97	320	211
540	91	335	217
545	93	336	238
542	101	333	213
542	100	333	219
546	99	326	223
402	10	344	203
544	103	329	217
403	10	345	208
462	51	368	258
425	27	398	288
403	4	463	319
399	12	404	307
408	5	383	316
400	2	427	327
391	5	467	326
396	17	453	318
403	13	451	335
406	21	429	333
395	19	455	333
396	26	446	326
394	29	455	332
392	38	450	331
396	23	411	333
411	57	359	309
414	53	333	313
427	56	311	309
424	57	331	313
417	49	337	328
419	51	376	325
421	52	351	325
416	38	378	340
419	62	331	315
428	57	332	316
421	50	368	339
404	38	407	358
415	46	383	341
429	42	389	349
425	46	359	343
425	34	390	360
416	37	393	354
424	45	362	346
428	41	353	351
423	33	355	358
438	34	354	364
428	39	340	349
428	37	366	356
425	29	337	355
426	32	339	352
425	29	348	355
432	29	370	362
434	33	340	351
432	20	385	370
434	27	355	352
437	21	334	352
443	23	320	354
438	23	318	346
437	21	326	344
448	22	318	334
444	14	332	348
437	11	326	341
449	12	315	327
447	16	322	332
444	10	310	327
449	14	291	315
456	10	292	314
456	13	294	322
453	10	288	311
454	14	286	303
459	22	265	296
457	8	294	322
459	2	275	322
466	0	271	329
474	10	266	322
462	1	272	333
465	-1	304	352
462	0	295	354
467	12	292	328
467	16	302	323
467	16	286	323
469	22	288	313
468	15	310	338
459	17	308	337
458	20	301	324
471	23	298	325
462	27	294	322
460	21	303	332
468	20	298	336
469	27	307	334
462	26	321	343
458	29	315	341
463	61	302	301
457	53	301	313
465	75	299	292
473	104	287	268
484	115	283	249
476	105	293	261
467	103	306	266
478	107	299	269
486	112	287	248
491	117	287	239
495	121	285	234
501	114	281	227
489	111	307	265
490	99	295	260
502	108	290	253
499	94	288	254
503	89	284	253
498	89	298	241
489	87	304	252
500	76	297	242
511	75	293	228
525	71	287	244
526	66	284	240
534	64	280	231
540	64	276	246
542	59	275	260
536	55	282	243
547	46	269	237
557	45	261	241
562	36	254	246
562	38	258	247
555	25	266	228
570	20	258	239
557	8	274	229
567	-2	265	235
573	-9	257	219
565	-5	271	222
570	-8	271	222
574	-7	276	207
586	-5	277	221
580	-8	304	241
592	9	320	198
596	3	371	188
566	8	413	175
550	5	437	187
549	-6	426	204
518	3	470	185
555	5	418	195
543	4	425	183
519	2	456	192
473	-1	500	202
530	0	435	204
539	0	430	200
524	3	432	194
559	12	400	192
552	0	402	204
558	13	390	203
558	7	387	198
519	19	435	192
566	4	386	219
532	16	376	180
578	12	357	199
583	21	345	171
559	8	286	169
583	11	259	167
596	19	253	162
600	29	246	152
606	24	244	164
604	31	247	162
610	30	244	165
619	25	243	178
620	30	257	176
622	19	254	187
617	18	275	194
612	9	283	204
611	9	294	212
612	4	296	222
606	12	329	227
609	8	339	239
606	7	349	241
607	9	354	248
588	7	317	237
583	7	262	228
583	2	244	238
584	-3	252	250
576	-1	251	253
553	0	278	223
552	7	281	245
549	7	286	257
564	4	271	286
565	6	260	284
548	-5	286	315
562	3	275	312
577	-2	245	312
602	5	221	318
600	85	255	267
591	114	256	228
585	121	264	227
592	135	244	213
600	146	201	188
605	161	189	165
601	156	194	179
602	159	201	180
597	158	200	183
598	177	197	170
597	178	204	183
596	179	194	189
593	173	206	207
591	175	226	203
593	171	213	210
593	178	210	219
587	168	220	236
591	163	196	242
587	152	217	261
589	146	201	273
578	76	187	257
588	92	173	235
592	97	139	210
715	257	168	201
686	281	202	175
681	274	219	182
675	273	239	177
665	263	279	184
645	266	312	181
636	261	302	178
627	277	270	164
621	273	264	165
626	273	266	174
618	280	259	155
609	279	279	156
619	273	269	154
620	252	272	176
628	254	256	175
618	259	269	159
609	260	273	161
615	252	267	167
600	253	282	167
592	248	285	166
592	248	288	173
587	244	291	171
590	239	284	175
583	240	286	172
574	237	296	171
567	234	297	168
564	237	305	170
550	235	321	166
556	227	316	171
547	223	330	167
547	218	332	170
544	221	335	156
553	207	328	170
541	222	345	149
549	206	332	163
542	200	346	166
546	211	340	158
554	201	337	166
549	209	351	166
553	185	357	192
553	200	362	181
561	207	378	181
547	209	403	188
532	226	399	188
529	240	361	171
568	245	367	180
540	252	369	193
547	267	368	182
551	266	373	198
546	275	369	201
533	284	387	192
524	291	413	200
524	288	423	209
535	301	399	203
558	302	396	209
557	309	391	211
600	309	354	204
626	320	334	191
644	328	315	199
671	335	287	201
659	361	272	190
673	362	253	197
700	352	207	207
719	352	185	211
710	371	180	208
717	381	170	208
710	383	181	215
718	391	170	206
719	400	173	204
740	435	148	178
730	426	157	198
733	434	154	199
713	425	175	213
724	449	165	195
708	448	178	196
706	457	183	201
701	461	191	196
703	460	190	208
709	457	185	221
714	461	179	221
714	460	176	222
727	474	164	212
737	473	155	217
746	473	144	218
743	477	149	221
746	484	147	217
742	478	157	223
751	483	145	220
744	481	156	224
750	491	152	214
749	495	155	209
752	509	153	195
750	504	161	200
749	502	167	198
755	511	155	189
757	512	166	187
754	505	168	194
761	511	158	195
767	510	152	185
767	516	155	186
771	515	157	184
765	518	165	192
770	513	161	186
768	520	164	188
764	522	171	184
751	522	189	183
772	523	169	186
767	515	175	198
763	514	185	199
772	503	171	208
773	522	175	195
760	516	188	200
782	493	159	218
783	491	161	226
776	490	173	230
778	502	181	215
800	505	149	215
791	493	161	228
800	494	160	227
804	490	158	233
807	495	158	231
810	503	156	224
809	497	160	229
811	505	162	218
817	525	156	198
819	545	160	176
823	547	161	170
826	550	159	170
828	554	162	166
826	555	167	163
829	555	167	162
832	562	165	157
828	556	178	165
836	561	172	156
839	558	167	162
845	555	171	165
852	554	168	166
849	556	172	160
856	554	172	165
851	555	184	159
853	554	181	165
864	557	172	157
871	557	171	161
879	561	172	153
882	564	170	151
887	567	171	146
883	567	176	146
883	566	184	151
893	570	182	145
901	574	176	136
905	571	184	147
902	575	199	141
906	573	211	145
918	573	206	146
923	580	202	141
924	585	210	133
930	589	217	131
933	595	223	128
937	598	213	122
946	601	214	125
953	608	200	116
958	612	195	109
957	617	227	106
966	623	210	101
967	624	219	99
975	627	202	96
980	629	185	95
985	621	185	104
987	599	196	121
997	644	179	87
997	646	170	80
1006	648	158	76
1016	655	170	71
1018	659	171	66
1029	665	165	64
1035	669	170	60
1037	671	171	57
1046	671	173	60
1054	677	171	47
1068	682	170	42
1084	684	161	39
1096	685	163	40
1093	688	167	36
1109	684	162	40
1120	686	157	39
1126	687	152	42
1140	682	140	50
1147	683	133	44
1146	685	131	39
1150	678	127	40
1144	673	127	53
1144	667	133	52
1148	660	124	62
1151	649	124	75
1149	648	133	76
1140	641	135	78
1141	636	138	80
1136	632	144	83
1148	630	131	83
1158	627	113	89
1165	625	103	91
1171	625	103	94
1185	629	93	86
1182	633	95	83
1195	636	85	79
1187	643	93	71
1199	642	82	73
1203	649	82	69
1211	656	84	62
1203	659	77	61
1215	674	79	60
1228	673	77	48
1227	673	70	43
1230	684	58	43
1243	690	62	36
1243	690	62	36
1243	690	62	36
1243	690	62	36
1243	690	62	36
1243	690	62	36
1243	690	62	36
1243	690	62	36
1243	690	62	36
1243	690	62	36
1243	690	62	36
1243	690	62	36
1243	690	62	36
1243	690	62	36
1243	690	62	36
1243	690	62	36
1243	690	62	36
1243	690	62	36
1243	690	62	36
1243	690	62	36
1243	690	62	36
1243	690	62	36
1243	690	62	36
1243	690	62	36
1243	690	62	36
1243	690	62	36
1243	690	62	36
1243	690	62	36
1243	690	62	36
1243	690	62	36
1243	690	62	36
1243	690	62	36
1243	690	62	36
1243	690	62	36
1243	690	62	36
1243	690	62	36
1243	690	62	36
1243	690	62	36
1243	690	62	36
1243	690	62	36
1243	690	62	36
1243	690	62	36
1243	690	62	36
1243	690	62	36
1243	690	62	36
1243	690	62	36
1243	690	62	36
1243	690	62	36
1243	690	62	36
1243	690	62	36
1243	690	62	36
1243	690	62	36
1243	690	62	36
1243	690	62	36
1243	690	62	36
1243	690	62	36
1243	690	62	36
1243	690	62	36
1243	690	62	36
1243	690	62	36
1243	690	62	36
1243	690	62	36
1243	690	62	36
1243	690	62	36
1243	690	62	36
1243	690	62	36
1243	690	62	36
1243	690	62	36
1243	690	62	36
1243	690	62	36
1243	690	62	36
1243	690	62	36
1243	690	62	36
1243	690	62	36
1243	690	62	36
1243	690	62	36
1243	690	62	36
1243	690	62	36
1243	690	62	36
1243	690	62	36
1243	690	62	36
1243	690	62	36
1243	690	62	36
1243	690	62	36
1243	690	62	36
1243	690	62	36
1243	690	62	36
1243	690	62	36
1243	690	62	36
1243	690	62	36
1243	690	62	36
1243	690	62	36
1243	690	62	36
1243	690	62	36
1243	690	62	36
1243	690	62	36
1243	690	62	36
1243	690	62	36
1243	690	62	36
1243	690	62	36
1243	690	62	36
1243	690	62	36
1243	690	62	36
1243	690	62	36
1243	690	62	36
1243	690	62	36
1243	690	62	36
1243	690	62	36
1243	690	62	36
1243	690	62	36
1243	690	62	36
1243	690	62	36
1243	690	62	36
1243	690	62	36
1243	690	62	36
1243	690	62	36
1243	690	62	36
1243	690	62	36
1243	690	62	36
1243	690	62	36
1243	690	62	36
1243	690	62	36
1243	690	62	36
1243	690	62	36
1243	690	62	36
1243	690	62	36
1243	690	62	36
1243	690	62	36
1243	690	62	36
1243	690	62	36
1243	690	62	36
1243	690	62	36
1243	690	62	36
1243	690	62	36
1243	690	62	36
1243	690	62	36
1243	690	62	36
1243	690	62	36
1243	690	62	36
1243	690	62	36
1243	690	62	36
1243	690	62	36
1243	690	62	36
1243	690	62	36
1243	690	62	36
1243	690	62	36
1243	690	62	36
1243	690	62	36
1243	690	62	36
1243	690	62	36
1243	690	62	36
1243	690	62	36
1243	690	62	36
1243	690	62	36
1243	690	62	36
1243	690	62	36
1243	690	62	36
1243	690	62	36
1243	690	62	36
1243	690	62	36
1243	690	62	36
1243	690	62	36
1243	690	62	36
1243	690	62	36
1243	690	62	36
1243	690	62	36
1243	690	62	36
1243	690	62	36
1243	690	62	36
1243	690	62	36
1243	690	62	36
1243	690	62	36
1243	690	62	36
1243	690	62	36
1243	690	62	36
1243	690	62	36
1243	690	62	36
1243	690	62	36
1243	690	62	36
1243	690	62	36
1243	690	62	36
1243	690	62	36
1243	690	62	36
1243	690	62	36
1243	690	62	36
1243	690	62	36
1243	690	62	36
1243	690	62	36
1243	690	62	36
1243	690	62	36
1243	690	62	36
1243	690	62	36
1243	690	62	36
1243	690	62	36
1243	690	62	36
1243	690	62	36
1243	690	62	36
1243	690	62	36
1243	690	62	36
1243	690	62	36
1243	690	62	36
1243	690	62	36
1243	690	62	36
1243	690	62	36
1243	690	62	36
1243	690	62	36
1243	690	62	36
1243	690	62	36
1243	690	62	36
1243	690	62	36
1243	690	62	36
1243	690	62	36
1243	690	62	36
1243	690	62	36
1243	690	62	36
1243	690	62	36
1243	690	62	36
1243	690	62	36
1243	690	62	36
1243	690	62	36
1243	690	62	36
1243	690	62	36
1243	690	62	36
1243	690	62	36
1243	690	62	36
1243	690	62	36
1243	690	62	36
1243	690	62	36
1243	690	62	36
1243	690	62	36
1243	690	62	36
1243	690	62	36
1243	690	62	36
1243	690	62	36
1243	690	62	36
1243	690	62	36
1243	690	62	36
1243	690	62	36
1243	690	62	36
1243	690	62	36
1243	690	62	36
1243	690	62	36
1243	690	62	36
1243	690	62	36
1243	690	62	36
1243	690	62	36
1243	690	62	36
1243	690	62	36
1243	690	62	36
1243	690	62	36
1243	690	62	36
1243	690	62	36
1243	690	62	36
1243	690	62	36
1243	690	62	36
1243	690	62	36
1243	690	62	36
1243	690	62	36
1243	690	62	36
1243	690	62	36
1243	690	62	36
1243	690	62	36
1243	690	62	36
1243	690	62	36
1243	690	62	36
1243	690	62	36
1243	690	62	36
1243	690	62	36
1243	690	62	36
1243	690	62	36
1243	690	62	36
1243	690	62	36
1243	690	62	36
1243	690	62	36
1243	690	62	36
1243	690	62	36
1243	690	62	36
1243	690	62	36
1243	690	62	36
1243	690	62	36
1243	690	62	36
1243	690	62	36
1243	690	62	36
1243	690	62	36
1243	690	62	36
1243	690	62	36
1243	690	62	36
1243	690	62	36
1243	690	62	36
1243	690	62	36
1243	690	62	36
1243	690	62	36
1243	690	62	36
1243	690	62	36
1243	690	62	36
1243	690	62	36
1243	690	62	36
1243	690	62	36
1243	690	62	36
1243	690	62	36
1243	690	62	36
1243	690	62	36
1243	690	62	36
1243	690	62	36
1243	690	62	36
1243	690	62	36
1243	690	62	36
1243	690	62	36
1243	690	62	36
1243	690	62	36
1243	690	62	36
1243	690	62	36
1243	690	62	36
1243	690	62	36
1243	690	62	36
1243	690	62	36
1243	690	62	36
1243	690	62	36
1243	690	62	36
1243	690	62	36
1243	690	62	36
1243	690	62	36
1243	690	62	36
1243	690	62	36
1243	690	62	36
1243	690	62	36
1243	690	62	36
1243	690	62	36
1243	690	62	36
1243	690	62	36
1243	690	62	36
1243	690	62	36
1243	690	62	36
1243	690	62	36
1243	690	62	36
1243	690	62	36
1243	690	62	36
1243	690	62	36
1243	690	62	36
1243	690	62	36
1243	690	62	36
1243	690	62	36
1243	690	62	36
1243	690	62	36
1243	690	62	36
1243	690	62	36
1243	690	62	36
1243	690	62	36
1243	690	62	36
1243	690	62	36
1243	690	62	36
1243	690	62	36
1243	690	62	36
1243	690	62	36
1243	690	62	36
1243	690	62	36
1243	690	62	36
1243	690	62	36
1243	690	62	36
1243	690	62	36
1243	690	62	36
1243	690	62	36
1243	690	62	36
1243	690	62	36
1243	690	62	36
1243	690	62	36
1243	690	62	36
1243	690	62	36
1243	690	62	36
1243	690	62	36
1243	690	62	36
1243	690	62	36
1243	690	62	36
1243	690	62	36
1243	690	62	36
1243	690	62	36
1243	690	62	36
1243	690	62	36
1243	690	62	36
1243	690	62	36
1243	690	62	36
1243	690	62	36
1243	690	62	36
1243	690	62	36
1243	690	62	36
1243	690	62	36
1243	690	62	36
1243	690	62	36
1243	690	62	36
1243	690	62	36
1243	690	62	36
1243	690	62	36
1243	690	62	36
1243	690	62	36
1243	690	62	36
1243	690	62	36
1243	690	62	36
1243	690	62	36
1243	690	62	36
1243	690	62	36
1243	690	62	36
1243	690	62	36
1243	690	62	36
1243	690	62	36
1243	690	62	36
1243	690	62	36
1243	690	62	36
1243	690	62	36
1243	690	62	36
1243	690	62	36
1243	690	62	36
1243	690	62	36
1243	690	62	36
1243	690	62	36
1243	690	62	36
1243	690	62	36
1243	690	62	36
1243	690	62	36
1243	690	62	36
1243	690	62	36
1243	690	62	36
1243	690	62	36
1243	690	62	36
1243	690	62	36
1243	690	62	36
1243	690	62	36
1243	690	62	36
1243	690	62	36
1243	690	62	36
1243	690	62	36
1243	690	62	36
1243	690	62	36
1243	690	62	36
1243	690	62	36
1243	690	62	36
1243	690	62	36
1243	690	62	36
1243	690	62	36
1243	690	62	36
1243	690	62	36
1243	690	62	36
1243	690	62	36
1243	690	62	36
1243	690	62	36
1243	690	62	36
1243	690	62	36
1243	690	62	36
1243	690	62	36
1243	690	62	36
1243	690	62	36
1243	690	62	36
1243	690	62	36
1243	690	62	36
1243	690	62	36
1243	690	62	36
1243	690	62	36
1243	690	62	36
1243	690	62	36
1243	690	62	36
1243	690	62	36
1243	690	62	36
1243	690	62	36
1243	690	62	36
1243	690	62	36
1243	690	62	36
1243	690	62	36
1243	690	62	36
1243	690	62	36
1243	690	62	36
1243	690	62	36
1243	690	62	36
1243	690	62	36
1243	690	62	36
1243	690	62	36
1243	690	62	36
1243	690	62	36
1243	690	62	36
1243	690	62	36
1243	690	62	36
1243	690	62	36
1243	690	62	36
1243	690	62	36
1243	690	62	36
1243	690	62	36
1243	690	62	36
1243	690	62	36
1243	690	62	36
1243	690	62	36
1243	690	62	36
1243	690	62	36
1243	690	62	36
1243	690	62	36
1243	690	62	36
1243	690	62	36
1243	690	62	36
1243	690	62	36
1243	690	62	36
1243	690	62	36
1243	690	62	36
1243	690	62	36
1243	690	62	36
1243	690	62	36
1243	690	62	36
1243	690	62	36
1243	690	62	36
1243	690	62	36
1243	690	62	36
1243	690	62	36
1243	690	62	36
1243	690	62	36
1243	690	62	36
1243	690	62	36
1243	690	62	36
1243	690	62	36
1243	690	62	36
1243	690	62	36
1243	690	62	36
1243	690	62	36
1243	690	62	36
1243	690	62	36
1243	690	62	36
1243	690	62	36
1243	690	62	36
1243	690	62	36
1243	690	62	36
1243	690	62	36
1243	690	62	36
1243	690	62	36
1243	690	62	36
1243	690	62	36
1243	690	62	36
1243	690	62	36
1243	690	62	36
1243	690	62	36
1243	690	62	36
1243	690	62	36
1243	690	62	36
1243	690	62	36
1243	690	62	36
1243	690	62	36
1243	690	62	36
1243	690	62	36
1243	690	62	36
1243	690	62	36
1243	690	62	36
1243	690	62	36
1243	690	62	36
1243	690	62	36
1243	690	62	36
1243	690	62	36
1243	690	62	36
1243	690	62	36
1243	690	62	36
1243	690	62	36
1243	690	62	36
1243	690	62	36
1243	690	62	36
1243	690	62	36
1243	690	62	36
1243	690	62	36
1243	690	62	36
1243	690	62	36
1243	690	62	36
1243	690	62	36
1243	690	62	36
1243	690	62	36
1243	690	62	36
1243	690	62	36
1243	690	62	36
1243	690	62	36
1243	690	62	36
1243	690	62	36
1243	690	62	36
1243	690	62	36
1243	690	62	36
1243	690	62	36
1243	690	62	36
1243	690	62	36
1243	690	62	36
1243	690	62	36
1243	690	62	36
1243	690	62	36
1243	690	62	36
1243	690	62	36
1243	690	62	36
1243	690	62	36
1243	690	62	36
1243	690	62	36
1243	690	62	36
1243	690	62	36
1243	690	62	36
1243	690	62	36
1243	690	62	36
1243	690	62	36
1243	690	62	36
1243	690	62	36
1243	690	62	36
1243	690	62	36
1243	690	62	36
1243	690	62	36
1243	690	62	36
1243	690	62	36
1243	690	62	36
1243	690	62	36
1243	690	62	36
1243	690	62	36
1243	690	62	36
1243	690	62	36
1243	690	62	36
1243	690	62	36
1243	690	62	36
1243	690	62	36
1243	690	62	36
1243	690	62	36
1243	690	62	36
1243	690	62	36
1243	690	62	36
1243	690	62	36
1243	690	62	36
1243	690	62	36
1243	690	62	36
1243	690	62	36
1243	690	62	36
1243	690	62	36
1243	690	62	36
1243	690	62	36
1243	690	62	36
1243	690	62	36
1243	690	62	36
1243	690	62	36
1243	690	62	36
1243	690	62	36
1243	690	62	36
1243	690	62	36
1243	690	62	36
1243	690	62	36
1243	690	62	36
1243	690	62	36
1243	690	62	36
1243	690	62	36
1243	690	62	36
1243	690	62	36
1243	690	62	36
1243	690	62	36
1243	690	62	36
1243	690	62	36
1243	690	62	36
1243	690	62	36
1243	690	62	36
1243	690	62	36
1243	690	62	36
1243	690	62	36
1243	690	62	36
1243	690	62	36
1243	690	62	36
1243	690	62	36
1243	690	62	36
1243	690	62	36
1243	690	62	36
1243	690	62	36
1243	690	62	36
1243	690	62	36
1244	689	60	46
1244	689	60	46
1244	689	60	46
1244	689	60	46
1244	689	60	46
1244	689	60	46
1244	689	60	46
1244	689	60	46
1244	689	60	46
1244	689	60	46
1244	689	60	46
1244	689	60	46
1244	689	60	46
1244	689	60	46
1244	689	60	46
1244	689	60	46
1244	689	60	46
1244	689	60	46
1244	689	60	46
1244	689	60	46
1244	689	60	46
1244	689	60	46
1244	689	60	46
1244	689	60	46
1244	689	60	46
1214	680	57	39
1213	684	61	31
1213	684	61	31
1213	684	61	31
1213	684	61	31
1213	684	61	31
1213	684	61	31
1213	684	61	31
1213	684	61	31
1213	684	61	31
1213	684	61	31
1213	684	61	31
1213	684	61	31
1213	684	61	31
1213	684	61	31
1213	684	61	31
1213	684	61	31
1213	684	61	31
1213	684	61	31
1213	684	61	31
1213	684	61	31
1213	684	61	31
1213	684	61	31
1213	684	61	31
1213	684	61	31
1213	684	61	31
1213	684	61	31
1213	684	61	31
1213	684	61	31
1213	684	61	31
1213	684	61	31
1213	684	61	31
1213	684	61	31
1213	684	61	31
1213	684	61	31
1213	684	61	31
1213	684	61	31
1213	684	61	31
1213	684	61	31
1213	684	61	31
1213	684	61	31
1213	684	61	31
1213	684	61	31
1213	684	61	31
1213	684	61	31
1213	684	61	31
1213	684	61	31
1213	684	61	31
1213	684	61	31
1213	684	61	31
1213	684	61	31
1213	684	61	31
1213	684	61	31
1213	684	61	31
1213	684	61	31
1213	684	61	31
1213	684	61	31
1213	684	61	31
1213	684	61	31
1213	684	61	31
1213	684	61	31
1213	684	61	31
1213	684	61	31
1213	684	61	31
1213	684	61	31
1213	684	61	31
1213	684	61	31
1213	684	61	31
1213	684	61	31
1213	684	61	31
1213	684	61	31
1213	684	61	31
1213	684	61	31
1213	684	61	31
1213	684	61	31
1213	684	61	31
1213	684	61	31
1213	684	61	31
1213	684	61	31
1213	684	61	31
1213	684	61	31
1213	684	61	31
1213	684	61	31
1213	684	61	31
1213	684	61	31
1213	684	61	31
1213	684	61	31
1213	684	61	31
1213	684	61	31
1213	684	61	31
1213	684	61	31
1213	684	61	31
1213	684	61	31
1213	684	61	31
1213	684	61	31
1213	684	61	31
1213	684	61	31
1213	684	61	31
1213	684	61	31
1213	684	61	31
1213	684	61	31
1213	684	61	31
1213	684	61	31
1213	684	61	31
1213	684	61	31
1213	684	61	31
1213	684	61	31
1213	684	61	31
1213	684	61	31
1213	684	61	31
1213	684	61	31
1213	684	61	31
1213	684	61	31
1213	684	61	31
1213	684	61	31
1213	684	61	31
1213	684	61	31
1213	684	61	31
1213	684	61	31
1213	684	61	31
1213	684	61	31
1213	684	61	31
1213	684	61	31
1213	684	61	31
1213	684	61	31
1213	684	61	31
1213	684	61	31
1213	684	61	31
1213	684	61	31
1213	684	61	31
1213	684	61	31
1213	684	61	31
1213	684	61	31
1213	684	61	31
1213	684	61	31
1213	684	61	31
1213	684	61	31
1213	684	61	31
1213	684	61	31
1213	684	61	31
1213	684	61	31
1213	684	61	31
1213	684	61	31
1213	684	61	31
1213	684	61	31
1213	684	61	31
1213	684	61	31
1213	684	61	31
1213	684	61	31
1213	684	61	31
1213	684	61	31
1213	684	61	31
1213	684	61	31
1213	684	61	31
1213	684	61	31
1213	684	61	31
1213	684	61	31
1213	684	61	31
1213	684	61	31
1213	684	61	31
1213	684	61	31
1213	684	61	31
1213	684	61	31
1213	684	61	31
1213	684	61	31
1213	684	61	31
1213	684	61	31
1213	684	61	31
1213	684	61	31
1213	684	61	31
1213	684	61	31
1213	684	61	31
1213	684	61	31
1213	684	61	31
1213	684	61	31
1213	684	61	31
1213	684	61	31
1213	684	61	31
1213	684	61	31
1213	684	61	31
1213	684	61	31
1213	684	61	31
1213	684	61	31
1213	684	61	31
1213	684	61	31
1213	684	61	31
1213	684	61	31
1213	684	61	31
1213	684	61	31
1213	684	61	31
1213	684	61	31
1213	684	61	31
1213	684	61	31
1213	684	61	31
1213	684	61	31
1213	684	61	31
1213	684	61	31
1213	684	61	31
1213	684	61	31
1213	684	61	31
1213	684	61	31
1213	684	61	31
1213	684	61	31
1213	684	61	31
1213	684	61	31
1213	684	61	31
1213	684	61	31
1213	684	61	31
1213	684	61	31
1213	684	61	31
1213	684	61	31
1213	684	61	31
1213	684	61	31
1213	684	61	31
1213	684	61	31
1213	684	61	31
1213	684	61	31
1213	684	61	31
1213	684	61	31
1213	684	61	31
1213	684	61	31
1213	684	61	31
1213	684	61	31
1213	684	61	31
1213	684	61	31
1213	684	61	31
1213	684	61	31
1213	684	61	31
1213	684	61	31
1213	684	61	31
1213	684	61	31
1213	684	61	31
1213	684	61	31
1213	684	61	31
1213	684	61	31
1213	684	61	31
1213	684	61	31
1213	684	61	31
1213	684	61	31
1213	684	61	31
1213	684	61	31
1213	684	61	31
1213	684	61	31
1213	684	61	31
1213	684	61	31
1213	684	61	31
1213	684	61	31
1213	684	61	31
1213	684	61	31
1213	684	61	31
1213	684	61	31
1213	684	61	31
1213	684	61	31
1213	684	61	31
1213	684	61	31
1213	684	61	31
1213	684	61	31
1213	684	61	31
1213	684	61	31
1213	684	61	31
1213	684	61	31
1213	684	61	31
1213	684	61	31
1213	684	61	31
1213	684	61	31
1213	684	61	31
1213	684	61	31
1213	684	61	31
1213	684	61	31
1213	684	61	31
1213	684	61	31
1213	684	61	31
1213	684	61	31
1213	684	61	31
1213	684	61	31
1213	684	61	31
1213	684	61	31
1213	684	61	31
1213	684	61	31
1213	684	61	31
1213	684	61	31
1213	684	61	31
1213	684	61	31
1213	684	61	31
1213	684	61	31
1213	684	61	31
1213	684	61	31
1213	684	61	31
1213	684	61	31
1213	684	61	31
1213	684	61	31
1213	684	61	31
1213	684	61	31
1213	684	61	31
1213	684	61	31
1213	684	61	31
