2.491341
0.041614
0.042776
0.080300
0.041721
0.042326
0.044441
0.044270
0.044195
0.045058
0.043863
0.044549
0.043632
0.042843
0.044698
0.116863
0.043739
0.046363
0.042710
0.077420
0.088862
0.074412
0.043917
0.041929
0.043019
0.052311
0.042402
0.042655
0.042791
0.042610
0.043434
0.057906
0.085751
0.081939
0.044404
0.044786
0.047354
0.045395
0.043388
0.055049
0.081214
0.045434
0.043308
0.089654
0.099130
0.084160
0.052475
0.045596
0.044834
0.044053
0.044047
0.045505
0.044763
0.045182
0.044204
0.043717
0.053056
0.052551
0.048282
0.044169
0.050220
0.043230
0.052072
0.065414
0.043476
0.042989
0.043902
0.046059
0.043316
0.043368
0.043702
0.042925
0.043739
0.047427
0.063166
0.044163
0.049961
0.042445
0.042268
0.043108
0.048435
0.042456
0.044711
0.043822
0.043244
0.043856
0.044636
0.043249
0.044422
0.045792
0.045329
0.041707
0.042645
0.041972
0.042780
0.042161
0.043564
0.041547
0.042291
0.042239
0.047596
0.047652
0.042350
0.042406
0.043083
0.040928
0.042029
0.042020
0.043288
0.053671
0.043627
0.041614
0.043077
0.041612
0.044953
0.055081
0.044185
0.052379
0.045079
0.044618
0.049618
0.042892
0.043573
0.042775
0.043626
0.043063
0.044294
0.042214
0.042167
0.041971
0.041359
0.041680
0.041161
0.045824
0.041856
0.046112
0.042566
0.040792
0.041241
0.044226
0.050425
0.043233
0.042382
0.043058
0.044477
0.043870
0.041138
0.040409
0.041541
0.040414
0.040975
0.045773
0.040814
0.040851
0.042527
0.048926
0.040485
0.040880
0.041578
0.041094
0.046605
0.041107
0.040959
0.040583
0.041111
0.040658
0.051407
0.051780
0.042243
0.042986
0.042378
0.145478
0.044267
0.044255
0.069972
0.043446
0.044257
0.046048
0.054298
0.043714
0.054330
0.043247
0.043666
0.081439
0.044052
0.043690
0.043640
0.045679
0.043510
0.043074
0.044828
0.042821
0.042729
0.042591
0.042083
0.043715
0.043118
0.043901
0.042765
0.043924
0.048695
0.043070
0.042974
0.043125
0.043247
0.044426
0.083400
0.043818
0.043865
0.043645
0.042879
0.043635
0.043669
0.050456
0.043093
0.053262
0.042591
0.045222
0.044056
0.043609
0.048614
0.043441
0.043164
0.051497
0.043134
0.043220
0.043144
0.043411
0.043919
0.043072
0.043631
0.043378
0.043513
0.043158
0.044024
0.046477
0.043124
0.045335
0.041934
0.042996
0.049409
0.043158
0.043545
0.043136
0.042811
0.047991
0.065896
0.043157
0.054900
0.043255
0.043350
0.043659
0.043020
0.042861
0.047006
0.043620
0.043323
0.042710
0.042879
0.043532
0.049431
0.044801
0.043377
0.043638
0.044226
0.043422
0.043035
0.042807
0.043578
0.042558
0.042279
0.078556
0.044240
0.041979
0.042192
0.048562
0.044636
0.041804
0.042778
0.042521
0.048262
0.044229
0.042728
0.042687
0.042092
0.042525
0.042740
0.046328
0.043787
0.044112
0.072391
0.043823
0.043831
0.046397
0.040041
0.040472
0.040863
0.041224
0.054252
0.039990
0.046781
0.043808
0.042566
0.042622
0.042806
0.042758
0.043065
0.043293
0.044869
0.043103
0.054846
0.047567
0.044361
0.043564
0.049502
0.043324
0.049051
0.043454
0.042453
0.042447
0.049164
0.041051
0.043604
0.043266
0.045269
0.044201
0.043733
0.044731
0.043956
0.043253
0.044845
0.043504
0.044613
0.076917
0.045079
0.055376
0.043313
0.043794
0.043627
0.048569
0.048619
0.043630
0.064467
0.043335
0.046964
0.044139
0.042708
0.043379
0.043650
0.043398
0.042609
0.043662
0.042563
0.043380
0.042335
0.042359
0.044913
0.062886
0.043072
0.041966
0.050653
0.041766
0.042121
0.042098
0.043126
0.090333
0.043100
0.040486
0.041330
0.046148
0.041239
0.043293
0.097214
0.041264
0.039350
0.041721
0.038306
0.040756
0.049239
0.045761
0.043453
0.038938
0.038357
0.110690
0.104153
0.104653
0.140893
0.102449
0.176469
0.107112
0.088831
0.041577
0.041223
0.041574
0.044854
0.041265
0.048237
0.039371
0.047706
0.040340
0.057888
0.040251
0.040849
0.043436
0.043340
0.045227
0.043713
0.040053
0.040905
0.041357
0.052032
0.040510
0.040574
0.041270
0.042549
0.041332
0.041214
0.041539
0.041297
0.042075
0.047537
0.043825
0.044781
0.116552
0.094898
0.099318
0.181351
0.054750
0.042093
0.041611
0.051455
0.076265
0.041208
0.048347
0.088660
0.041719
0.041969
0.041806
0.043605
0.041367
0.155803
0.102456
0.106492
0.171185
0.100086
0.180290
0.100691
0.097614
0.178342
0.103265
0.112818
0.175084
0.091427
0.099041
0.179860
0.099371
0.098910
0.180463
0.108139
0.094284
0.183923
0.099399
0.178831
0.112486
0.103014
0.166218
0.073060
0.040683
0.040024
0.042512
0.041215
0.040673
0.041480
0.129526
0.112990
0.073529
0.044715
0.041272
0.041938
0.043297
0.046643
0.041786
0.041599
0.043152
0.040700
0.042439
0.040967
0.044260
0.041220
0.041398
0.041502
0.042127
0.043178
0.040040
0.042450
0.039975
0.041687
0.042061
0.041575
0.041322
0.046515
0.040995
0.042030
0.042564
0.042286
0.041619
0.041762
0.041196
0.041211
0.040932
0.042409
0.041350
0.041681
0.041584
0.041074
0.041106
0.043064
0.042275
0.042251
0.041600
0.050249
0.041534
0.041984
0.041443
0.043354
0.041599
0.041664
0.041919
0.040752
0.041531
0.042087
0.042403
0.040515
0.040353
0.041410
0.041288
0.041608
0.042035
0.042007
0.041847
0.046978
0.042247
0.042527
0.042398
0.041409
0.043789
0.040838
0.041004
0.041654
0.042114
0.041537
0.041937
0.041532
0.041043
0.041540
0.041764
0.041758
0.041712
0.040953
0.044772
0.045364
0.041876
0.041070
0.041617
0.041230
0.040559
0.041184
0.040987
0.042681
0.042931
0.042137
0.042517
0.041257
0.041772
0.042380
0.041727
0.041277
0.041746
0.041137
0.041673
0.046816
0.042363
0.041692
0.041280
0.042176
0.040576
0.041119
0.040863
0.041392
0.042390
0.042799
0.041200
0.042148
0.042399
0.045313
0.040010
0.046488
0.040549
0.042033
0.040694
0.046292
0.041719
0.043218
0.041448
0.040829
0.040960
0.054941
0.040127
0.041285
0.040950
0.041265
0.042200
0.041135
0.041326
0.041071
0.041080
0.041994
0.042079
0.043656
0.041957
0.049292
0.042625
0.042407
0.042098
0.041859
0.041346
0.042062
0.041763
0.041115
0.043058
0.041422
0.042163
0.041896
0.040789
0.042886
0.041312
0.042976
0.143150
0.101325
0.099327
0.184587
0.096512
0.097571
0.100547
0.180379
0.089750
0.047462
0.041199
0.045366
0.040964
0.045370
0.040498
0.053387
0.047960
0.045253
0.043449
0.043046
0.040993
0.042098
0.050386
0.084638
0.041824
0.041665
0.042991
0.041197
0.041698
0.042209
0.041573
0.041555
0.042207
0.043253
0.040960
0.041398
0.042595
0.041425
0.041973
0.040999
0.041728
0.040010
0.046779
0.047112
0.041927
0.041065
0.044075
0.040501
0.041103
0.039412
0.040456
0.040874
0.042208
0.040387
0.040945
0.043879
0.040019
0.040295
0.041016
0.041359
0.040507
0.039490
0.043143
0.045941
0.040193
0.039825
0.042017
0.040348
0.040966
0.041292
0.041694
0.042082
0.042044
0.042926
0.042178
0.041417
0.044784
0.041310
0.041452
0.042607
0.041546
0.042158
0.042544
0.050868
0.041458
0.042061
0.041827
0.040918
0.042255
0.042534
0.041906
0.042317
0.042607
0.042115
0.043272
0.042082
0.042571
0.043365
0.057193
0.043330
0.041565
0.042133
0.042638
0.047477
0.042851
0.042068
0.061133
0.051024
0.044606
0.043488
0.042001
0.042385
0.042084
0.042562
0.044268
0.041825
0.047253
0.042377
0.043398
0.042320
0.042524
0.042590
0.045512
0.047344
0.044169
0.042842
0.042242
0.043867
0.042939
0.042585
0.043384
0.042498
0.043075
0.102300
0.083728
0.090007
0.048775
0.136585
0.090089
0.097940
0.105399
0.182228
0.042103
0.052564
0.105352
0.171976
0.045408
0.043095
0.045107
0.046244
0.045475
0.043308
0.062111
0.048338
0.048691
0.042352
0.061503
0.043966
0.120089
0.044576
0.044262
0.048842
0.044530
0.052193
0.048042
0.043118
0.043847
0.055134
0.043367
0.044929
0.041770
0.042745
0.041945
0.042829
0.043452
0.042084
0.051250
0.045555
0.040892
0.046372
0.041069
0.042231
0.041329
0.048326
0.043083
0.043350
0.043776
0.042787
0.047132
0.042555
0.042713
0.046137
0.040911
0.040540
0.046266
0.044545
0.072918
0.042781
0.077667
0.078171
0.083561
0.043105
0.044088
0.051763
0.044243
0.045013
0.140326
0.083519
0.043617
0.044766
0.042967
0.151069
0.048984
0.125187
0.045532
0.058878
0.071330
0.042236
0.042776
0.041606
0.051317
0.086191
0.042411
0.052614
0.080928
0.041513
0.042892
0.040905
0.043471
0.040609
0.046199
0.041169
0.041365
0.041817
0.057044
0.051943
0.135302
0.104375
0.091949
0.187355
0.091730
0.083906
0.042109
0.047889
0.045264
0.044544
0.042145
0.048253
0.071636
0.045145
0.043707
0.042161
0.042832
0.043890
0.045626
0.043174
0.045897
0.042578
0.046972
0.044612
0.044038
0.043091
0.046768
0.065481
0.043810
0.041626
0.038893
0.039394
0.040367
0.041312
0.041893
0.040503
0.041545
0.044141
0.043745
0.046239
0.042080
0.041992
0.042589
0.043255
0.042350
0.041937
0.055896
0.051517
0.043490
0.042724
0.046039
0.041185
0.043925
0.042862
0.043596
0.042965
0.044723
0.050258
0.041744
0.045239
0.042694
0.043344
0.109447
0.140250
0.113080
0.083487
0.178192
0.099260
0.046005
0.045749
0.087427
0.083322
0.095771
0.055047
0.044472
0.042155
0.041712
0.046808
0.041623
0.046842
0.045226
0.079778
0.088874
0.048355
0.044216
0.097243
0.167712
0.102617
0.042175
0.049734
0.067445
0.043200
0.047883
0.043446
0.043769
0.052679
0.042804
0.047362
0.052614
0.044352
0.042982
0.043134
0.043542
0.042104
0.041091
0.045979
0.041822
0.047549
0.042411
0.042529
0.043450
0.042018
0.047390
0.041745
0.042951
0.041275
0.042264
0.041478
0.041908
0.041313
0.041457
0.041914
0.041620
0.041991
0.044191
0.041220
0.042272
0.047398
0.042396
0.040973
0.041328
0.042431
0.042460
0.044328
0.042001
0.041156
0.042159
0.041435
0.040891
0.042232
0.043000
0.042967
0.048499
0.048507
0.041116
0.041624
0.041759
0.046923
0.041417
0.041961
0.040974
0.041527
0.042719
0.041118
0.041627
0.041218
0.041425
0.040767
0.041121
0.040932
0.041552
0.041956
0.041263
0.040257
0.041268
0.041680
0.041676
0.047488
0.041118
0.041704
0.040913
0.040882
0.044652
0.040627
0.041750
0.040371
0.041396
0.041979
0.041167
0.041732
0.041504
0.041492
0.041716
0.040090
0.041437
0.041409
0.041091
0.047763
0.040151
0.039813
0.040516
0.040442
0.042265
0.040562
0.041006
0.040663
0.040809
0.042972
0.040426
0.043196
0.040864
0.045514
0.041672
0.040126
0.040160
0.040894
0.040936
0.045080
0.041666
0.041611
0.042408
0.041416
0.042280
0.041527
0.042111
0.044222
0.041479
0.041106
0.040234
0.041566
0.042222
0.039345
0.041159
0.040953
0.041322
0.040987
0.040723
0.046933
0.040981
0.041400
0.041070
0.041290
0.043333
0.039989
0.040817
0.041769
0.040912
0.042264
0.040203
0.041337
0.040885
0.040662
0.041768
0.040879
0.041517
0.041583
0.041259
0.047549
0.041779
0.042088
0.042144
0.041306
0.042252
0.041318
0.041681
0.042358
0.057290
0.042742
0.041393
0.041698
0.041145
0.041360
0.041354
0.042015
0.043066
0.041371
0.041856
0.048535
0.041075
0.040912
0.041565
0.041080
0.041228
0.041552
0.040616
0.041746
0.067857
0.041690
0.042225
0.041639
0.041404
0.041468
0.042401
0.041651
0.042164
0.042640
0.044153
0.047361
0.042697
0.041898
0.042374
0.042122
0.042653
0.042566
0.043325
0.041996
0.042012
0.044451
0.040641
0.040913
0.041348
0.042577
0.042253
0.041895
0.075673
0.041292
0.041959
0.047136
0.041934
0.042004
0.041394
0.041306
0.041333
0.041478
0.041385
0.041398
0.040861
0.040643
0.041652
0.041212
0.040825
0.041822
0.041028
0.041565
0.041170
0.040747
0.043103
0.046292
0.041809
0.041689
0.041528
0.041533
0.041876
0.041772
0.041960
0.043707
0.041131
0.041397
0.041525
0.041143
0.042339
0.048846
0.041069
0.041060
0.041097
0.043905
0.041277
0.050431
0.041187
0.041652
0.040991
0.040792
0.044471
0.044442
0.040881
0.044139
0.041143
0.046540
0.041358
0.045262
0.042322
0.045660
0.041404
0.042979
0.042078
0.045675
0.042312
0.049893
0.042284
0.041783
0.041825
0.042508
0.042068
0.043849
0.042779
0.045520
0.041616
0.041985
0.041730
0.042001
0.044783
0.040739
0.041233
0.046477
0.099712
0.042401
0.018288
0.017554
0.067036
0.019162
0.069988
0.018946
0.064986
0.019248
0.068879
0.018924
0.064080
0.018543
0.016745
0.049953
0.018615
0.069024
0.017988
0.065520
0.017293
0.017034
0.048264
0.017942
0.071418
0.019243
0.059492
0.043327
0.041779
0.053644
0.040510
0.041879
0.069361
0.045451
0.044337
0.043938
0.043972
0.048349
0.045132
0.047215
0.018833
0.020057
0.070921
0.049226
0.049181
0.049059
0.048278
0.051255
0.043685
0.047518
0.045961
0.044083
0.043318
0.044574
0.048981
0.044592
0.042865
0.043017
0.043169
0.042929
0.043171
0.043515
0.043813
0.048406
0.043333
0.043331
0.043536
0.044600
0.042942
0.044641
0.048211
0.044079
0.044324
0.047724
0.055227
0.044294
0.044425
0.045894
0.044430
0.042063
0.041920
0.042041
0.041259
0.051536
0.044268
0.046145
0.044418
0.044551
0.044033
0.047187
0.045054
0.077820
0.047145
0.043411
0.042772
0.046286
0.043648
0.046835
0.047888
0.043672
0.042985
0.042737
0.043459
0.048574
0.076786
0.044241
0.042774
0.043074
0.042515
0.043412
0.042225
0.042931
0.047308
0.042961
0.042899
0.042508
0.043682
0.042840
0.042866
0.043148
0.044027
0.043159
0.041842
0.049304
0.043527
0.046983
0.043496
0.043803
0.042929
0.042914
0.043735
0.042744
0.042617
0.042979
0.042814
0.043214
0.042884
0.042746
0.043178
0.043169
0.043158
0.042850
0.042527
0.048140
0.044160
0.043793
0.043283
0.043172
0.044550
0.042999
0.044062
0.043081
0.054269
0.047912
0.045013
0.055067
0.044126
0.044247
0.042604
0.043427
0.044245
0.045490
0.044690
0.048823
0.043357
0.043555
0.044821
0.043648
0.045258
0.044874
0.068717
0.044439
0.042865
0.043833
0.044591
0.043410
0.044200
0.043161
0.044542
0.044044
0.049851
0.044637
0.044170
0.048821
0.044002
0.043818
0.044592
0.044084
0.044642
0.043439
0.044569
0.044470
0.044636
0.043842
0.043183
0.043311
0.043599
0.043630
0.043575
0.042450
0.044027
0.042576
0.046722
0.048718
0.041978
0.042421
0.043869
0.041944
0.042662
0.041812
0.043340
0.042894
0.043243
0.043514
0.043505
0.044281
0.043857
0.043487
0.043375
0.043727
0.042613
0.044140
0.044139
0.049936
0.043695
0.043017
0.043669
0.044021
0.044493
0.043035
0.042775
0.042579
0.042872
0.043109
0.043105
0.043234
0.042549
0.043050
0.042579
0.043103
0.043128
0.042796
0.041672
0.048237
0.042809
0.041442
0.041653
0.042414
0.042585
0.041834
0.041621
0.017614
0.033872
0.016483
0.016497
0.061507
0.016957
0.016498
0.048643
0.017324
0.070336
0.017065
0.057911
0.017787
0.019240
0.054649
0.017369
0.066899
0.017409
0.017044
0.048850
0.017875
0.069515
0.017636
0.017978
0.049205
0.018021
0.058926
0.018621
0.016929
0.056504
0.018109
0.094957
0.047868
0.041707
0.042041
0.041988
0.042231
0.041732
0.043271
0.042597
0.042734
0.043146
0.041954
0.042018
0.042129
0.042776
0.040937
0.046442
0.040870
0.041175
0.041265
0.047506
0.046925
0.041659
0.042049
0.043972
0.041411
0.041864
0.041488
0.042071
0.041083
0.041192
0.047485
0.041842
0.043665
0.041225
0.041793
0.045118
0.043214
0.042120
0.042551
0.043361
0.051022
0.040458
0.041821
0.042521
0.041530
0.049079
0.049220
0.043084
0.041577
0.042356
0.040904
0.041969
0.041262
0.041040
0.042269
0.042648
0.042356
0.041333
0.050255
0.042997
0.047641
0.042082
0.042088
0.042398
0.041886
0.042427
0.041874
0.041588
0.042066
0.043169
0.041376
0.040721
0.043637
0.042235
0.041258
0.044236
0.040308
0.043760
0.043015
0.044567
0.046162
0.040811
0.040469
0.045100
0.043272
0.040493
0.040970
0.045565
0.040050
0.040962
0.041070
0.039721
0.041020
0.040731
0.041211
0.041251
0.040752
0.039984
0.041002
0.040783
0.017623
0.039646
0.024071
0.015729
0.016076
0.058614
0.016232
0.066612
0.016231
0.066784
0.016332
0.015418
0.040632
0.016306
0.015698
0.061342
0.016217
0.055903
0.017076
0.016013
0.089342
0.040459
0.017359
0.039503
0.041343
0.017871
0.063626
0.016506
0.016353
0.051011
0.017513
0.083889
0.044600
