181.0,240.0,309,478
201.21620178222656,233.82569885253906,315.5643,475.17734
205.1494140625,238.22998046875,318.15833,467.5531
204.90333557128906,235.32516479492188,318.33542,470.84308
206.13804626464844,236.66453552246094,315.06107,472.49026
217.48651123046875,241.46116638183594,321.71045,464.44766
231.31222534179688,267.17852783203125,332.27533,440.12305
232.7241668701172,282.77740478515625,341.3671,428.1344
234.67176818847656,282.7842254638672,344.7302,427.40604
235.35830688476562,295.7251281738281,357.38666,410.4831
235.1604766845703,299.97015380859375,365.85385,410.90686
230.8500518798828,310.4447021484375,372.95236,396.26892
231.0758819580078,310.6625213623047,370.96225,397.34317
226.2176055908203,317.45619201660156,373.26157,391.17685
224.06410217285156,315.175537109375,374.68613,396.19434
190.24908447265625,313.6970520019531,377.6422,394.82025
173.54176330566406,303.68617248535156,386.785,408.85995
158.5401153564453,305.6006774902344,397.05063,403.9671
148.05650329589844,307.2785339355469,400.23367,400.59308
147.24107360839844,307.08514404296875,402.89847,401.54224
128.40673828125,309.37030029296875,413.71277,399.69043
102.31834411621094,308.2094421386719,436.93216,401.60846
93.16778564453125,311.1470489501953,449.29797,393.82602
90.28709411621094,324.30853271484375,451.19815,380.9182
85.59384155273438,324.61195373535156,454.5777,383.73337
84.80458068847656,325.02610778808594,455.92258,380.75357
84.90748596191406,329.9445495605469,459.87204,376.1009
83.35530090332031,331.14808654785156,463.4277,377.3796
81.91238403320312,327.8258972167969,468.93304,380.5456
82.34523010253906,318.5872497558594,470.087,388.2226
82.13955688476562,320.5813293457031,471.00677,385.5229
79.69679260253906,310.52642822265625,467.9161,396.30542
70.3690185546875,304.59645080566406,456.25,399.2253
59.8077392578125,301.8619689941406,455.18042,400.36115
29.751251220703125,306.6808624267578,450.48932,404.5018
14.29461669921875,317.0173034667969,451.42786,390.67023
4.1129913330078125,321.57830810546875,443.9388,386.64026
3.294921875,325.9154968261719,445.51917,382.09784
0.8526153564453125,340.73631286621094,432.2324,366.99185
-1.0752410888671875,341.5892639160156,416.98788,368.20538
-0.4953765869140625,344.0291290283203,401.2355,366.55844
2.79669189453125,335.2774353027344,385.35278,371.60455
0.744903564453125,327.2330322265625,366.9361,385.31042
4.515045166015625,324.8892059326172,365.22784,384.07742
0.3709716796875,324.91357421875,355.6792,389.67493
0.8608551025390625,320.7075500488281,350.13095,388.76483
6.569000244140625,316.64271545410156,350.73566,395.11703
19.79547119140625,310.065185546875,359.23157,398.55457
24.663070678710938,304.23988342285156,354.3123,406.37814
25.384552001953125,304.8758544921875,354.55865,405.0608
34.32752990722656,298.51792907714844,351.31845,412.2216
40.53965759277344,293.54701232910156,348.96536,414.21506
49.281951904296875,291.0226287841797,347.3675,420.43484
71.3184814453125,281.02781677246094,341.49878,427.58926
79.32749938964844,277.53277587890625,340.2925,435.20435
89.65054321289062,271.9181213378906,340.04327,437.30365
89.49031066894531,273.9756622314453,341.81357,437.1229
88.874755859375,275.02635192871094,342.57446,433.56314
97.16539001464844,271.4852294921875,341.21683,440.38892
123.52076721191406,272.58750915527344,335.44638,434.26614
122.67948913574219,270.9979553222656,339.23013,437.18182
126.6876220703125,273.0238494873047,341.9076,435.87576
133.88665771484375,277.1265869140625,361.55945,433.464
143.73130798339844,284.4218444824219,390.85867,427.5302
150.27609252929688,294.82115173339844,419.2298,417.84695
157.06365966796875,305.8201599121094,454.81165,400.6563
160.69309997558594,309.4060974121094,454.60233,394.31586
189.0618133544922,332.37083435058594,504.0275,371.99673
199.85430908203125,334.71665954589844,545.5593,373.84476
199.19692993164062,343.2232360839844,577.4362,362.9135
208.10842895507812,347.51881408691406,604.20245,358.64633
221.82504272460938,349.3940124511719,613.8641,358.94305
200.18988037109375,376.8679962158203,688.88684,329.11398
211.31781005859375,375.57725524902344,688.0382,332.7554
188.90216064453125,374.96376037597656,709.14575,328.9609
241.622802734375,441.86854553222656,707.17786,261.103
206.23428344726562,442.6207580566406,737.367,262.53094
100.71572875976562,456.0727005004883,910.9218,247.34166
111.69033813476562,452.72747802734375,940.8361,251.47595
120.71481323242188,459.35591888427734,922.8394,239.28767
195.72933959960938,449.8544158935547,892.5279,260.78018
163.43353271484375,447.69703674316406,929.7528,261.80807
151.13876342773438,445.309814453125,931.14166,255.74707
209.23715209960938,449.7689666748047,929.2244,256.506
127.2196044921875,469.8464126586914,1131.0796,231.82329
150.7769775390625,480.4044952392578,1095.4749,215.29745
501.07635498046875,473.28162384033203,699.92615,229.38109
491.7812194824219,473.1960220336914,710.4141,231.9539
492.4883728027344,476.5679702758789,724.19525,230.49052
546.0772705078125,471.7166976928711,647.78796,235.92769
534.302734375,459.49483489990234,644.5906,245.96138
531.2161254882812,436.07411193847656,630.62195,268.94785
529.4202575683594,439.0854949951172,627.5555,263.14346
530.3482360839844,438.0591735839844,678.54816,269.63885
540.8968200683594,431.7483825683594,652.63495,266.93048
549.7030639648438,430.82568359375,647.83716,275.86
564.5486450195312,424.154541015625,630.1664,277.78406
566.8813171386719,424.38568115234375,631.4893,277.24377
603.7652587890625,419.70518493652344,578.1395,282.56668
645.1444396972656,413.7911071777344,526.648,292.3205
651.5952453613281,412.4898223876953,520.85345,295.7108
664.2494812011719,413.4631652832031,509.0335,293.82977
671.8183288574219,414.32359313964844,497.59076,295.8306
669.7468414306641,411.8324279785156,500.51584,297.711
667.6536865234375,412.831298828125,501.9718,297.46167
721.4225158691406,404.1995391845703,449.59247,304.16208
748.7244873046875,398.62445068359375,419.46143,307.70593
790.7074737548828,397.72669982910156,376.9034,312.3575
800.8845977783203,393.14222717285156,364.44565,320.17587
841.1970825195312,401.595947265625,317.65637,309.71362
854.7030181884766,384.6964416503906,301.45053,329.02533
850.1249694824219,384.9267578125,304.90228,327.9757
896.1583557128906,363.42713928222656,274.31586,348.46127
895.6642456054688,371.3986358642578,285.07495,339.67355
897.2060699462891,371.6532745361328,284.2972,338.19565
889.5727844238281,373.7520751953125,292.91132,338.01733
885.2320861816406,371.9671173095703,297.88934,338.2684
869.1877288818359,364.52899169921875,326.288,344.52527
873.5057678222656,365.7665100097656,318.57367,343.404
874.3531951904297,366.8628845214844,319.8881,340.12555
862.3838348388672,367.00555419921875,334.30716,343.75293
863.5457153320312,367.7538299560547,332.0056,340.25845
865.9405822753906,370.07810974121094,334.08917,339.68753
867.8284912109375,376.03277587890625,336.97815,330.66833
866.64208984375,377.31658935546875,340.46472,331.063
878.3125762939453,377.2271423339844,327.73532,333.64215
877.2813568115234,374.7057342529297,329.47134,334.18887
877.7483367919922,385.68951416015625,327.3217,323.8109
878.5485076904297,387.6101837158203,331.31802,322.0981
878.9036560058594,389.5315399169922,327.62775,321.36234
889.7491607666016,378.898681640625,329.33432,333.07422
890.9992065429688,378.81202697753906,323.14026,332.10764
889.8893127441406,383.1067810058594,323.88824,325.79437
887.8173522949219,383.29246520996094,322.75848,325.3068
885.5252075195312,369.38941955566406,320.4297,339.70016
886.3194580078125,377.62217712402344,316.4431,330.78848
891.9055938720703,373.0113830566406,307.4564,336.79694
897.9216766357422,356.9537658691406,301.77518,355.40826
900.9222106933594,357.0975646972656,300.02325,351.5429
902.3226470947266,347.56683349609375,300.44284,365.49243
901.4473114013672,337.5547180175781,302.50565,373.99115
902.8558807373047,333.90216064453125,306.56705,375.32495
902.5813293457031,334.58563232421875,308.5711,374.1494
902.0697021484375,323.2131042480469,311.14,387.14935
905.0968017578125,321.6810302734375,308.1682,388.07605
899.33203125,320.44097900390625,320.45544,392.15198
907.7227325439453,317.2562255859375,321.29623,395.37354
900.5005950927734,317.9556427001953,343.34024,395.259
890.8604125976562,318.19505310058594,372.49707,393.18497
896.0317535400391,330.24302673339844,369.0289,381.0004
885.5995330810547,329.3339080810547,380.17276,384.25064
905.8283843994141,340.7338562011719,358.21262,368.56244
884.876708984375,337.0652618408203,379.24243,372.99448
899.9142913818359,334.0314025878906,366.19168,375.38898
885.3793640136719,338.67210388183594,381.22223,371.97623
876.2162170410156,339.6437530517578,396.1419,369.3453
866.4105377197266,343.5635528564453,328.75827,368.86594
885.4937133789062,342.25274658203125,382.92456,364.4922
876.0000915527344,339.2470703125,283.24823,374.52588
861.8307800292969,335.64356994628906,291.05402,381.03635
874.5462951660156,336.2535095214844,278.3083,380.31293
855.3658294677734,339.91273498535156,293.3339,377.71274
865.8882446289062,340.8353271484375,298.00732,376.13904
879.2108306884766,339.89390563964844,274.5388,376.20743
854.6649627685547,346.46044921875,298.45084,371.1101
863.9407348632812,347.82701110839844,306.50818,369.09366
866.5655975341797,341.1788024902344,286.57156,377.85504
869.7238311767578,351.0724639892578,316.07565,365.50815
869.3144378662109,350.8325500488281,295.09183,362.32416
863.5373992919922,357.95777893066406,307.66873,356.76474
868.8740234375,367.4940490722656,297.87354,345.44415
876.6476287841797,373.4622802734375,335.84415,340.7345
891.3287048339844,362.4278869628906,389.72955,350.82892
873.0596466064453,360.1522216796875,336.44443,349.3412
893.7668762207031,359.94166564941406,372.48187,356.6743
882.0425109863281,348.131103515625,382.89935,362.45007
890.8348388671875,350.4254150390625,355.35303,360.6643
883.8201751708984,341.37701416015625,320.05667,372.4088
884.2713623046875,335.9163055419922,269.19482,380.05106
859.1338195800781,334.10337829589844,302.2846,379.06046
872.9645233154297,341.6288146972656,282.47733,375.575
865.492431640625,342.30531311035156,283.64307,375.08945
878.8838500976562,340.91766357421875,298.11902,376.86707
862.0391387939453,370.3182373046875,374.61716,335.95276
833.4480743408203,361.03688049316406,365.3591,354.8353
827.65625,362.31248474121094,324.66418,341.1791
805.4779205322266,363.1438751220703,306.51535,298.66916
790.9810791015625,361.9513244628906,334.69604,344.5539
785.6102600097656,360.14772033691406,387.61212,349.76242
791.4691467285156,364.30987548828125,485.24933,341.53113
783.0589447021484,367.99110412597656,480.35513,339.6362
781.8291625976562,371.61463928222656,498.64807,339.4708
779.4160308837891,379.29026794433594,493.90964,324.46756
787.5382080078125,388.1729431152344,491.9724,317.0202
783.0578765869141,389.8684539794922,491.60458,318.99136
794.6290893554688,398.8773498535156,481.2704,305.72443
807.0122833251953,399.35687255859375,471.04416,308.2671
813.5841674804688,393.1419372558594,464.75012,317.17877
813.2509307861328,393.3092041015625,462.28146,316.42285
806.2561798095703,384.28794860839844,472.79123,324.61734
794.2219848632812,380.95709228515625,485.9226,326.02563
764.4192810058594,374.3414306640625,512.5411,323.79102
750.025634765625,372.1622314453125,531.79663,330.71814
730.0095520019531,373.0126190185547,548.6248,325.29092
719.6633605957031,371.87608337402344,558.1773,328.2875
706.2201232910156,368.40394592285156,571.6337,320.3325
709.71142578125,368.77655029296875,561.99,314.55554
707.5020751953125,368.2015380859375,565.00916,304.66492
697.0345764160156,367.0969543457031,580.4461,295.9555
667.554931640625,361.3533020019531,581.7009,304.30646
667.8149108886719,362.84169006347656,610.8321,283.3033
671.0722045898438,362.8708801269531,604.8496,286.7719
667.2896728515625,363.86058044433594,587.4894,302.0215
664.5859069824219,364.2459716796875,600.0971,295.5199
658.3353424072266,371.41212463378906,462.30246,299.75656
658.5954895019531,373.3058776855469,441.38263,328.54205
653.7386016845703,377.50279235839844,443.91562,323.18973
652.5067596435547,375.95884704589844,448.87064,326.1763
641.0687255859375,377.50732421875,456.39087,321.4679
632.3622283935547,376.1168212890625,464.70767,319.83862
617.1986236572266,367.6549835205078,475.3005,334.8835
603.4034729003906,368.78309631347656,495.40826,336.75156
591.0460662841797,365.6996307373047,498.14713,339.3517
573.5062866210938,364.0712585449219,541.8727,340.27252
580.9343566894531,363.5607147216797,524.9179,343.69974
567.89306640625,363.85606384277344,693.29517,342.47598
555.4274291992188,366.0298614501953,699.5039,342.76877
556.5381469726562,365.18365478515625,571.6516,344.76978
538.7475280761719,363.63385009765625,703.7994,348.23132
530.8000793457031,359.88902282714844,684.44525,343.9883
531.7083740234375,356.4183044433594,696.876,354.91705
510.6645202636719,369.77093505859375,588.15375,339.96423
504.60125732421875,378.9178161621094,659.01794,334.67255
493.11016845703125,373.54107666015625,609.40894,337.9546
493.60394287109375,376.4682159423828,606.9612,332.4509
495.3285217285156,365.3148651123047,592.82294,342.6077
500.2649841308594,361.48663330078125,565.92584,348.49866
483.5188293457031,360.90318298339844,558.4172,350.7825
493.30731201171875,359.08473205566406,528.59546,352.59933
477.83160400390625,355.5795135498047,539.3584,355.29898
476.9736328125,355.78131103515625,542.09644,356.23706
486.67120361328125,355.90708923339844,528.91614,356.1436
480.1227722167969,359.05084228515625,524.92377,350.79785
475.2392883300781,361.75477600097656,544.8078,345.29172
460.149658203125,365.22230529785156,538.7344,344.05502
444.53729248046875,371.1009063720703,530.6747,337.39963
394.7665710449219,393.4629821777344,695.11346,318.41132
422.1781921386719,387.1049499511719,559.41364,318.0589
391.1373291015625,397.4981231689453,693.0233,315.53195
388.3307800292969,403.49232482910156,688.21515,301.3718
374.98468017578125,403.4595642089844,715.0729,303.4583
354.24176025390625,402.8892059326172,728.9619,301.95084
329.2640686035156,406.3192596435547,734.3038,298.9152
337.2360534667969,406.5836181640625,732.5903,293.17676
320.6990661621094,408.82904052734375,742.68317,295.0078
309.1507263183594,410.3838348388672,730.0512,287.14774
290.8176574707031,415.18829345703125,758.3024,286.90906
286.50225830078125,415.0998840332031,760.077,284.6928
273.100341796875,410.70298767089844,770.5559,288.78275
251.7197265625,431.1787109375,792.5283,266.62915
250.9056396484375,429.2518615722656,789.20776,270.77777
250.7059326171875,429.11328125,787.0537,271.5752
243.95516967773438,433.19140625,792.9681,267.17773
245.64437866210938,432.86004638671875,785.41315,269.8495
251.13470458984375,433.4335174560547,781.7777,267.18375
289.8411865234375,425.5113525390625,740.88477,277.15918
323.0240783691406,423.6217498779297,704.75385,276.8594
330.5057067871094,422.1709289550781,701.46027,280.9566
344.25164794921875,423.87013244628906,689.7567,282.0361
355.86700439453125,429.7236328125,678.96497,275.14624
356.4364318847656,431.4269714355469,678.8477,274.7895
374.971435546875,433.1367645263672,658.46094,265.91373
411.774658203125,433.85386657714844,624.33813,272.65665
411.26129150390625,436.0554504394531,624.192,269.3299
436.9183654785156,431.59783935546875,597.7392,275.46704
447.4272766113281,431.4265594482422,590.9423,274.29434
454.57470703125,429.7006072998047,582.1687,279.88748
452.5914611816406,431.4022674560547,585.7537,275.60635
465.2548828125,428.5206756591797,571.9728,280.1398
490.7286071777344,418.9780731201172,558.5699,292.20193
500.1963195800781,416.7780456542969,544.8376,291.48297
496.4094543457031,411.21514892578125,554.7642,299.4496
471.6242980957031,382.30238342285156,574.67316,329.62155
452.0462951660156,372.97645568847656,591.7109,342.39853
457.5791320800781,383.7061462402344,579.81854,325.26874
457.2807312011719,371.63084411621094,578.4725,342.54898
499.948974609375,346.1446990966797,533.69934,366.7665
534.5184478759766,367.6525573730469,496.94406,342.94257
534.6496124267578,349.9097900390625,497.39047,364.41248
513.6135864257812,368.25550842285156,507.9397,343.15793
513.2306213378906,371.91978454589844,502.76007,339.39603
505.3275146484375,372.87010192871094,504.92273,335.26077
526.0770568847656,375.065185546875,483.96625,330.6543
611.6749572753906,373.08551025390625,393.70575,334.59216
609.0267181396484,372.2586212158203,398.12845,340.7999
608.8677368164062,371.7123565673828,398.9037,343.05246
621.8760223388672,372.3501281738281,376.00296,341.69342
629.8377838134766,365.2531280517578,365.8087,348.71994
638.4655456542969,350.5998077392578,359.73932,359.02817
638.8469696044922,339.33441162109375,358.39102,370.01636
642.5625915527344,339.73829650878906,354.53204,370.11435
641.6580505371094,346.3382263183594,354.08307,367.05377
633.2782287597656,348.2620086669922,364.95355,364.20462
630.6209259033203,373.19744873046875,402.39145,337.75208
632.9616088867188,409.5992126464844,396.73682,302.25165
628.0135650634766,392.67250061035156,413.27414,319.10434
629.4154052734375,358.3278350830078,416.98645,350.95493
635.0098571777344,380.5008544921875,404.80353,331.7356
631.3535003662109,363.0787811279297,319.66714,349.35806
629.2216949462891,347.455078125,326.47897,364.55432
634.3850402832031,343.9523620605469,344.0739,365.98883
643.4501190185547,339.0377960205078,350.93802,372.7899
648.3617706298828,341.09315490722656,348.37314,370.2784
650.3256683349609,335.3026123046875,349.83328,378.26147
650.6889038085938,331.40924072265625,350.36255,381.80652
654.0057830810547,337.3791809082031,353.99332,375.83356
653.4798583984375,357.64051818847656,362.4729,349.17953
634.5431213378906,361.6864013671875,413.43707,348.19214
635.1736755371094,356.097900390625,414.0888,353.66406
608.6793823242188,361.0860137939453,457.26782,347.73935
585.8036346435547,381.6430358886719,492.87283,327.52313
572.5086975097656,384.199951171875,521.6882,317.72803
552.7716369628906,385.94871520996094,565.35114,315.50015
527.0677490234375,393.3835144042969,626.59924,310.7624
511.6985778808594,391.53309631347656,658.6722,310.69296
514.2962951660156,393.95111083984375,654.1507,309.21436
514.1162719726562,391.1359558105469,658.1727,313.32574
474.3669738769531,397.07948303222656,724.2338,314.181
447.4037780761719,400.1552734375,799.27594,311.19104
406.18768310546875,397.6471405029297,608.7521,302.76517
404.8788757324219,393.5343475341797,618.4639,313.47305
379.4852294921875,393.0088806152344,624.1488,314.1927
370.9810791015625,398.65110778808594,637.9784,307.8959
351.179931640625,402.8480682373047,670.35657,308.67508
340.0303955078125,407.6485900878906,679.6931,300.4599
318.45599365234375,408.16058349609375,710.24426,297.03455
287.1925354003906,413.5799255371094,675.6125,292.9593
297.96875,416.19105529785156,675.0486,287.70163
280.07000732421875,422.4733123779297,942.6837,277.6265
285.1871032714844,429.36903381347656,911.95953,278.5201
283.37646484375,430.61517333984375,849.13696,275.16772
264.0880432128906,418.03074645996094,899.58295,287.50674
246.28466796875,435.37709045410156,886.7295,266.1312
239.27508544921875,431.69049072265625,895.7899,273.313
223.50125122070312,439.417724609375,890.1574,267.80432
215.48666381835938,449.7779312133789,906.232,254.07487
205.59939575195312,451.13031005859375,905.4135,254.50928
193.34463500976562,454.45594787597656,908.30804,252.45981
193.35800170898438,447.6310729980469,833.00494,257.7929
183.91815185546875,439.30906677246094,894.6046,265.5602
170.9493408203125,448.5138854980469,898.8584,261.39252
173.59500122070312,453.07801818847656,886.2341,253.2767
172.89834594726562,441.0072021484375,885.2695,263.50842
170.89175415039062,446.80322265625,884.83246,263.6505
176.66729736328125,444.1280822753906,881.1395,260.94464
175.02261352539062,447.0979309082031,880.0173,260.77618
166.07586669921875,436.54432678222656,893.26965,266.84433
179.00210571289062,442.651611328125,876.41034,266.73645
161.9112548828125,437.3794860839844,896.75415,263.78583
155.77706909179688,441.17054748535156,901.8416,266.0267
159.64089965820312,442.6836853027344,893.4484,259.5666
120.56655883789062,444.7630615234375,866.9816,264.5973
115.86224365234375,439.37860107421875,783.4447,261.80518
105.70733642578125,430.87901306152344,780.74304,274.75455
106.57244873046875,429.4020538330078,778.62317,276.30417
106.73760986328125,429.33441162109375,778.60657,276.59326
75.44000244140625,433.3223114013672,874.7262,269.32938
80.66238403320312,445.55718994140625,858.1623,256.9214
52.710693359375,408.29747009277344,639.6544,300.12344
50.8428955078125,371.35902404785156,643.9686,337.23837
33.213134765625,387.31475830078125,866.61633,320.8922
26.923736572265625,381.96380615234375,651.58575,322.4972
19.42205810546875,324.5093536376953,650.13,380.80368
18.294921875,334.662841796875,625.60876,372.61975
21.661346435546875,332.8768005371094,569.68634,373.97272
22.22943115234375,326.99232482910156,624.5204,380.67746
19.66748046875,312.34765625,625.9315,395.60327
26.861541748046875,353.2285919189453,609.3095,351.4515
16.859161376953125,316.06610107421875,613.04425,395.04248
27.521697998046875,346.0173645019531,615.9224,361.1136
17.06121826171875,314.3815460205078,624.40674,395.94284
28.322906494140625,353.85511779785156,600.2137,353.8795
18.94091796875,317.1010437011719,624.1583,392.09955
35.306793212890625,337.2705535888672,615.8309,369.82962
26.969085693359375,338.11094665527344,627.30646,373.16495
25.251007080078125,324.5536193847656,624.2872,384.4217
29.519012451171875,334.79005432128906,629.53986,373.68076
23.346954345703125,310.17774963378906,599.837,395.31577
41.697021484375,312.3836975097656,558.8467,392.3614
39.043365478515625,310.81475830078125,622.9434,397.4054
32.87109375,318.9348449707031,629.7261,387.93524
34.324554443359375,320.7279815673828,625.894,385.32028
40.390655517578125,318.6328582763672,617.1862,387.5729
34.844451904296875,308.72772216796875,611.616,402.1848
42.615692138671875,312.1380615234375,611.9516,397.82764
29.254974365234375,306.8479919433594,631.3411,402.951
40.321929931640625,309.7014465332031,622.34784,396.24603
40.830841064453125,320.067626953125,553.10114,388.64526
44.52264404296875,314.43321228027344,623.2982,395.30557
30.850433349609375,329.105224609375,591.96515,376.36365
28.438156127929688,387.3554382324219,494.74783,319.35455
23.51202392578125,387.6989288330078,529.5735,319.54123
23.2808837890625,406.62156677246094,516.59155,301.55276
20.974365234375,415.33758544921875,499.5116,295.13525
18.541259765625,461.14163970947266,515.7274,246.7238
31.49322509765625,462.1340560913086,497.2881,247.32661
23.420440673828125,467.2315139770508,696.9709,242.79283
19.093048095703125,466.0693893432617,744.26764,239.32863
26.619720458984375,462.5826110839844,731.7277,246.03754
24.78033447265625,461.1121826171875,735.6846,247.35498
31.413055419921875,456.6388626098633,708.79803,250.59605
30.636810302734375,459.64807891845703,712.5347,249.25633
34.4940185546875,460.53958892822266,710.36707,241.77446
16.266815185546875,480.89684295654297,519.8029,224.42982
12.83740234375,493.5551300048828,469.7622,217.306
14.05401611328125,494.4644012451172,468.2556,214.86758
8.606307983398438,504.13819122314453,444.20828,206.2501
8.095138549804688,503.0204086303711,448.106,207.2469
0.8309783935546875,501.3355407714844,463.74527,210.92035
32.004364013671875,454.4503479003906,451.4593,262.41083
20.47857666015625,434.5965881347656,464.77258,278.83856
20.55419921875,419.6901397705078,467.12585,295.15012
21.05780029296875,419.6448059082031,467.13867,294.89264
19.450851440429688,406.2196502685547,475.89297,308.92776
21.55181884765625,410.4836120605469,471.17456,303.03668
23.996688842773438,377.5897979736328,488.8611,336.27267
34.11592102050781,348.5329132080078,498.51877,362.67807
38.69813537597656,339.65045166015625,502.83945,370.6223
40.07598876953125,340.7462158203125,510.51672,375.17456
44.31880187988281,342.4963836669922,505.72018,371.1818
45.9073486328125,341.3346862792969,516.3264,369.8692
42.01806640625,344.7143859863281,531.04675,365.74457
44.557159423828125,346.4453125,529.3566,365.9718
37.777618408203125,364.06126403808594,552.27167,344.38504
39.02032470703125,368.39219665527344,563.37964,339.40848
36.871856689453125,393.1033477783203,565.92096,319.3464
45.332763671875,395.1567077636719,564.0287,314.95233
53.35858154296875,403.02960205078125,549.1992,311.97668
53.297027587890625,408.0312042236328,554.89386,305.035
58.179473876953125,419.7406463623047,556.03253,294.94424
57.167572021484375,425.6007537841797,558.6834,287.73428
64.96502685546875,403.0056915283203,575.9487,310.44626
69.460205078125,399.7727355957031,587.48474,310.23273
65.5010986328125,392.6392364501953,616.50415,320.89963
81.07476806640625,397.30157470703125,611.8135,314.3141
80.1617431640625,401.85157775878906,620.0575,309.4603
113.19284057617188,400.2110595703125,639.0866,313.96558
119.0517578125,405.34397888183594,661.8186,304.39053
122.47732543945312,393.3296661376953,650.9047,320.7103
150.07208251953125,390.67967224121094,696.7677,317.43362
141.55279541015625,380.1788330078125,707.3484,331.06982
162.53268432617188,384.13543701171875,712.0544,329.71765
237.21978759765625,375.6263885498047,688.3655,329.2924
248.25482177734375,376.40281677246094,697.5488,331.23465
233.78521728515625,383.653564453125,738.49,320.4319
235.65155029296875,384.89739990234375,741.3428,319.7953
245.82049560546875,387.76939392089844,725.45337,316.40506
249.75259399414062,390.3683776855469,721.4012,319.23615
275.88140869140625,385.3194122314453,701.1228,314.17953
452.35552978515625,373.30287170410156,527.1155,333.5942
462.94403076171875,368.0351104736328,511.41504,339.91135
479.5438690185547,365.2227783203125,495.46805,341.84827
479.35040283203125,364.1211395263672,495.00293,342.01895
623.329345703125,347.5651550292969,345.51807,361.15424
618.6785736083984,365.6465301513672,350.2626,349.4788
572.9506988525391,322.84295654296875,399.04184,387.13928
512.1761474609375,291.9196014404297,458.51074,418.17642
561.4091796875,267.07611083984375,412.21338,442.58484
618.1326599121094,261.9478759765625,349.46075,452.17712
619.4147186279297,254.43923950195312,349.9772,458.61676
700.6090240478516,248.74290466308594,304.59262,458.42154
697.8403167724609,249.97828674316406,311.03812,462.10214
699.5106353759766,248.79991149902344,309.03683,462.2443
696.7192077636719,244.55979919433594,321.60883,465.7366
698.7596282958984,251.8325958251953,334.33182,456.55563
696.1803283691406,253.906982421875,338.8438,456.58655
673.1186218261719,281.18450927734375,365.97382,427.39136
677.3396301269531,278.46307373046875,359.2801,428.37976
641.6686401367188,325.65663146972656,393.5885,380.92343
625.7127990722656,328.37095642089844,406.51422,381.77078
603.2560424804688,350.5688934326172,427.5133,361.3859
601.0842742919922,339.1949157714844,433.80057,371.67316
578.7500610351562,356.2428436279297,455.98596,353.09464
551.6133728027344,373.6461944580078,483.22626,335.07162
511.7373962402344,380.64935302734375,530.0943,322.078
485.3764343261719,380.9787292480469,562.4078,326.22943
460.6628723144531,383.5201873779297,587.6015,319.71085
434.41534423828125,392.2531280517578,622.14404,315.3033
416.1487121582031,394.5798645019531,646.6165,310.79352
418.7644348144531,393.5435791015625,642.2967,316.9994
384.9543762207031,386.1348419189453,684.482,321.96933
361.9846496582031,376.84446716308594,721.02313,329.46646
338.8330078125,369.6454315185547,768.4404,339.14188
351.734619140625,380.24957275390625,744.8635,325.28223
325.2196044921875,374.2649688720703,791.6206,329.63742
316.9687805175781,370.1104278564453,634.11444,336.81784
319.61297607421875,371.2423095703125,609.67456,339.7234
342.5516662597656,386.8519287109375,614.5621,320.97815
354.1761779785156,403.05946350097656,801.2994,310.3337
359.8831787109375,402.9361114501953,791.5702,305.1268
373.99920654296875,403.6634063720703,769.5491,298.86093
383.0915832519531,400.85044860839844,643.1608,304.4529
390.6817932128906,405.1184387207031,761.5379,307.37958
422.9700622558594,396.888916015625,717.08417,305.77075
423.9005126953125,394.92652893066406,716.92126,308.66476
424.5212707519531,394.0262908935547,716.1547,310.3146
486.0434265136719,411.4912414550781,648.2452,293.56
485.6662292480469,405.71070861816406,650.9711,300.9283
513.70947265625,408.33277893066406,608.958,297.52463
510.4839782714844,408.017333984375,620.5551,300.92188
512.0899353027344,417.3455352783203,565.5113,294.43576
520.1789703369141,422.5050811767578,511.39108,283.8431
527.4683227539062,425.7849884033203,497.05322,284.1993
527.6976165771484,424.89610290527344,498.6425,285.31058
540.6487884521484,426.7202606201172,491.97012,284.18558
541.5861206054688,426.58396911621094,490.64624,282.5524
555.1744384765625,426.50547790527344,484.6825,281.01956
564.7018585205078,421.11534118652344,471.66428,287.2726
567.4664764404297,422.98358154296875,462.61197,282.08606
567.8329315185547,422.4295349121094,458.80972,284.6695
564.9371032714844,421.25531005859375,457.03888,286.81787
557.2475433349609,423.1255798339844,461.0231,285.66754
559.40673828125,426.3457946777344,467.65442,285.1905
560.7814636230469,426.22674560546875,470.2973,284.68896
551.5479125976562,425.8734436035156,477.9657,286.37958
526.3261260986328,434.19248962402344,508.1274,276.89774
498.6808776855469,432.31459045410156,543.0118,275.67355
473.5284118652344,436.7263488769531,578.9029,272.55
442.8916320800781,439.8941955566406,612.32855,265.86542
442.82696533203125,441.06138610839844,613.0099,269.897
395.4346618652344,451.0892791748047,674.0444,259.74966
373.85845947265625,449.5318603515625,701.95447,258.31543
376.489990234375,447.80201721191406,698.79785,262.45834
365.77618408203125,447.97276306152344,724.1301,258.96597
389.5215759277344,446.82464599609375,697.7153,261.91016
379.8970031738281,447.1243133544922,715.8487,258.65848
309.002197265625,460.2987976074219,944.9551,242.1513
277.81787109375,464.56739044189453,679.9977,236.16026
217.27548217773438,464.45259857177734,955.1971,237.56648
246.95291137695312,462.81226348876953,658.8298,237.86766
202.63446044921875,466.26222229003906,777.90356,238.16147
205.68695068359375,462.8286361694336,691.02136,237.82259
132.35354614257812,464.6638488769531,742.33344,236.97272
102.20880126953125,467.81229400634766,763.676,234.30998
82.6243896484375,475.05810546875,757.38135,227.90784
53.679412841796875,479.63436126708984,1000.4217,224.2165
56.817779541015625,475.54442596435547,799.8837,230.84364
17.900390625,485.5450744628906,991.313,216.27753
18.146240234375,486.43077850341797,876.8279,220.89699
1.349700927734375,503.7551956176758,903.4449,202.40758
-1.18682861328125,503.0467758178711,906.6261,201.58662
0.603271484375,507.72586822509766,783.603,193.97868
0.85986328125,501.2683334350586,671.9595,203.45186
-2.67877197265625,498.1676483154297,664.5934,205.7449
-0.654876708984375,503.1867218017578,781.0412,200.42807
8.78515625,516.006721496582,728.24194,186.13268
-5.2318115234375,501.67840576171875,689.8876,210.80261
-2.4686126708984375,461.00350189208984,466.60275,249.40205
1.7595367431640625,444.2189483642578,455.7762,268.22336
0.751007080078125,400.86277770996094,530.2601,306.6912
2.3399200439453125,400.13201904296875,436.4575,305.3141
-1.1262359619140625,445.6673278808594,444.88113,265.29205
1.7364959716796875,432.92071533203125,443.6027,276.7229
1.6189117431640625,422.8470916748047,428.7192,289.44522
1.0570068359375,437.2591857910156,433.37854,272.87714
3.4317626953125,386.4359130859375,419.20837,321.95764
-1.7975311279296875,346.0876770019531,409.09628,366.48175
6.831268310546875,335.2304229736328,362.32513,374.69846
4.732513427734375,317.61729431152344,308.8808,390.97806
2.797698974609375,316.43682861328125,298.7503,399.97314
3.4348297119140625,322.3376007080078,297.69736,393.45932
3.3487091064453125,318.4888000488281,293.59714,395.37616
0.9170684814453125,319.2068786621094,296.1555,397.05865
6.005340576171875,318.29554748535156,291.57806,398.56467
0.2783660888671875,310.5931091308594,282.19608,406.72955
4.222747802734375,304.1139678955078,279.2453,411.2856
0.596160888671875,303.56744384765625,283.33893,412.88867
3.6177520751953125,305.3831329345703,282.34286,412.55258
-2.2027740478515625,340.8769226074219,275.93875,374.61615
-2.2108154296875,361.0513458251953,270.9126,357.23557
-0.3004913330078125,353.6634063720703,266.46463,363.72958
3.6791610717773438,388.71331787109375,235.4095,325.3722
7.16815185546875,396.5747833251953,262.6947,319.0826
7.3659820556640625,398.7295227050781,265.7606,315.33014
3.9103240966796875,396.7857208251953,305.2018,317.39108
4.4235687255859375,418.1402587890625,339.5812,297.88464
4.5247802734375,404.98728942871094,379.98376,311.4739
3.846282958984375,411.54229736328125,461.8642,302.59705
8.317825317382812,462.3948440551758,491.41135,247.08507
1.71875,447.2449188232422,534.65137,265.6138
3.2177734375,442.40875244140625,560.78735,272.1084
0.220184326171875,441.0061950683594,563.63336,272.51483
3.298004150390625,437.50379943847656,586.45624,273.52902
3.002593994140625,411.12986755371094,616.487,299.61978
-2.498382568359375,411.5648956298828,618.5988,295.973
0.158660888671875,407.8590545654297,624.07086,303.85086
2.3143310546875,423.3550720214844,636.3943,284.59808
-4.75250244140625,431.31080627441406,670.3679,285.17368
-0.801849365234375,437.327880859375,694.1755,275.94714
-3.165985107421875,430.1468963623047,691.9925,278.7244
7.89556884765625,435.5700225830078,753.5718,270.8237
11.908843994140625,420.2861022949219,768.97955,288.49225
10.518035888671875,439.41571044921875,757.8554,266.89417
11.283050537109375,421.75047302246094,781.66986,285.62222
18.58953857421875,440.14837646484375,775.5503,266.43262
27.423919677734375,443.0112762451172,769.851,258.86356
41.407501220703125,444.2589111328125,780.3123,261.02136
60.7010498046875,443.71897888183594,834.5338,260.1918
67.98348999023438,443.3102111816406,841.2692,261.1944
78.55886840820312,453.10743713378906,848.41364,252.5643
59.530731201171875,458.3078918457031,915.393,251.84137
98.71441650390625,460.68189239501953,871.29565,249.72765
41.946868896484375,457.85990142822266,889.4909,248.75688
50.47747802734375,461.4465789794922,892.43555,245.73318
51.669097900390625,456.0339660644531,878.9627,247.1734
87.25997924804688,447.0608367919922,849.12274,253.95193
111.491943359375,440.64476013183594,838.3888,265.57242
146.81253051757812,435.53167724609375,808.7303,271.76196
148.0970458984375,436.0475616455078,804.4586,273.71652
180.23123168945312,431.1638641357422,781.99225,277.3621
419.94696044921875,420.23292541503906,544.20605,285.63388
322.09222412109375,419.03472900390625,658.2755,289.78967
312.7075500488281,414.8598175048828,670.54486,293.06747
342.3516845703125,410.6512908935547,651.7621,296.03873
382.4503173828125,410.266357421875,628.65784,298.46082
412.9682922363281,407.33998107910156,614.0893,296.95944
470.2030334472656,408.1510467529297,555.6872,297.80936
492.2128601074219,408.8288269042969,527.8802,302.2287
515.2280578613281,400.20457458496094,506.1657,311.45267
510.32379150390625,395.89198303222656,509.7926,316.10788
572.8786010742188,377.4253692626953,455.33325,336.25668
662.4579925537109,347.01866149902344,374.3633,361.10086
700.2965240478516,313.7049255371094,341.7557,398.89398
695.0137786865234,316.1368865966797,344.86575,397.6404
694.5809020996094,320.15150451660156,344.75812,390.70505
744.0977020263672,304.89442443847656,298.62955,406.84738
767.7585296630859,280.70458984375,276.15237,430.17432
761.3948974609375,293.14501953125,283.65344,418.49463
780.8881988525391,272.3098602294922,264.06723,438.3101
812.6099014282227,261.28282165527344,242.2708,447.46146
814.3500900268555,252.90576171875,246.09023,456.75342
817.0681228637695,245.75607299804688,247.5183,463.5838
816.6069183349609,239.55938720703125,252.48294,468.86035
817.299690246582,239.61526489257812,252.76524,467.4643
817.089729309082,237.17604064941406,253.52025,470.3065
823.2843475341797,233.1075897216797,252.4429,475.58475
821.3288421630859,230.38861083984375,253.20963,477.66858
818.6085205078125,226.42367553710938,252.64465,481.86945
820.8059539794922,226.75387573242188,250.34744,480.36188
819.3072738647461,226.24664306640625,252.07979,483.83472
816.7770843505859,216.39588928222656,259.52982,492.00424
816.9201965332031,214.65321350097656,262.50604,491.96848
818.1637878417969,216.8524169921875,262.38336,489.3313
815.2404479980469,218.1835479736328,262.95502,487.8707
815.1616516113281,218.81471252441406,262.98956,487.3702
815.6116333007812,219.96253967285156,261.83765,486.53867
815.5540161132812,215.86788940429688,263.21692,490.39252
817.9000701904297,217.44107055664062,260.60892,488.00543
819.2664184570312,221.0398406982422,258.58496,488.8622
817.1839141845703,224.8030242919922,258.8304,485.17545
819.4642944335938,221.4949951171875,257.6494,488.86267
819.7811889648438,261.3757781982422,258.96033,447.35855
822.8371734619141,212.64622497558594,258.28476,497.23172
825.4908447265625,204.05548095703125,257.04993,503.88232
828.3458480834961,197.33480834960938,246.60701,514.36835
831.9893188476562,210.1195526123047,240.14185,500.61734
830.7723388671875,211.23223876953125,242.96765,498.46008
833.8656921386719,213.53257751464844,239.34467,496.98746
836.9892578125,206.21035766601562,236.65259,504.37567
837.8824081420898,210.82957458496094,230.55513,497.40982
836.8955307006836,215.83990478515625,231.29121,494.26978
836.7650375366211,208.40394592285156,230.67805,504.51413
835.2308120727539,221.020751953125,230.5988,488.65686
834.9268341064453,206.28878784179688,231.29404,506.24615
834.7417144775391,221.883056640625,230.97836,489.52795
835.4961166381836,214.1805419921875,230.94673,495.09985
835.3634948730469,211.93106079101562,231.80743,499.28668
830.5131301879883,219.72854614257812,230.84447,487.43134
826.7647171020508,221.17591857910156,230.30724,489.9763
824.4613800048828,230.66860961914062,227.57602,478.23053
824.9436264038086,229.30589294433594,227.01106,482.76797
818.4932174682617,227.9958038330078,230.18544,482.2147
818.020881652832,217.75051879882812,227.20885,491.0938
813.5948486328125,225.832763671875,229.77649,485.15247
811.8277587890625,245.09368896484375,228.22522,464.05457
808.266242980957,232.3351287841797,231.5985,477.44547
808.4652557373047,245.09530639648438,230.05789,463.77972
806.6659317016602,232.9542999267578,231.54143,476.92697
803.5092163085938,229.14002990722656,232.0055,480.48642
802.5866546630859,230.8803253173828,230.86026,477.54904
794.9701919555664,223.6197967529297,232.25395,486.95047
794.7482528686523,225.71249389648438,229.87349,483.0423
795.5624465942383,225.115966796875,227.96495,486.50244
792.9176712036133,227.0541229248047,231.51353,481.27078
794.0841903686523,227.0801239013672,229.93416,481.72635
789.2154006958008,224.77536010742188,234.63414,486.82233
787.8177108764648,226.5858612060547,236.15718,483.429
786.7506561279297,231.52825927734375,241.39224,479.22253
787.9347763061523,231.23464965820312,239.92354,476.11774
784.1304626464844,235.20309448242188,259.81122,475.1927
784.3889007568359,234.13426208496094,260.45523,472.75003
782.7941436767578,232.3649139404297,263.92087,475.53152
785.0696105957031,232.7309112548828,262.23834,472.57285
778.6500396728516,229.687255859375,267.43942,477.0105
775.8919830322266,228.8851776123047,269.4985,475.38358
778.0492248535156,229.0509796142578,266.67963,479.78683
776.1062927246094,234.28907775878906,264.69843,472.0831
776.8551025390625,229.0680694580078,262.4718,479.07236
775.1981048583984,229.37216186523438,264.4927,479.10834
771.0477600097656,230.9609832763672,262.8261,475.621
767.5712585449219,223.86949157714844,264.40082,484.9318
768.9727783203125,225.40455627441406,264.47656,484.13657
766.7140350341797,225.81573486328125,264.12247,480.1593
761.42138671875,228.20936584472656,264.0935,479.1993
765.5225677490234,223.59548950195312,260.064,484.92963
754.1876983642578,222.8402099609375,261.3353,484.32422
758.8997344970703,220.12591552734375,259.6655,487.7992
756.9424591064453,224.65423583984375,259.46835,483.43225
761.8982696533203,222.06610107421875,258.61923,486.0901
758.5334320068359,224.36512756347656,259.3478,483.22995
760.0813293457031,221.20993041992188,260.31683,486.6646
758.7359466552734,225.84152221679688,260.15482,482.75934
758.2564239501953,221.0120391845703,258.0709,487.6683
757.7447662353516,219.3391876220703,259.52963,489.13754
757.0242462158203,219.81520080566406,259.88364,488.67746
756.8696136474609,219.14442443847656,261.3992,489.17258
756.5791778564453,220.31271362304688,259.95932,488.34235
757.6627655029297,217.8629150390625,260.91617,491.01697
756.9296875,220.11585998535156,260.71118,488.99228
758.6800537109375,218.7034149169922,260.3568,490.54166
761.9215850830078,218.881103515625,260.81247,489.97595
758.9649200439453,225.4707794189453,259.83957,482.9116
758.6246643066406,223.28536987304688,261.6624,485.52423
759.0555877685547,221.60072326660156,259.673,487.3243
758.3054504394531,221.5686798095703,259.73566,486.6932
753.6394805908203,277.8837432861328,251.3486,431.316
752.5223236083984,237.01588439941406,263.28568,472.8093
753.0625457763672,222.98199462890625,265.52054,486.62134
753.6070861816406,244.12338256835938,265.06573,463.67926
753.7144012451172,212.40243530273438,268.4451,498.54742
751.9330139160156,244.00318908691406,270.31158,461.9482
749.5145721435547,240.94012451171875,269.91983,468.85205
752.6568145751953,246.5191192626953,267.4471,464.11337
749.5425262451172,242.26844787597656,269.84842,464.592
749.1519012451172,245.84068298339844,270.75528,463.9174
749.3417816162109,236.04067993164062,271.0269,471.67523
747.3987579345703,259.4408721923828,272.16013,449.1633
742.7062530517578,238.92254638671875,274.6606,470.38428
745.7468719482422,247.0150909423828,268.2106,459.18088
741.7941741943359,232.0618896484375,271.09903,476.37
743.3596496582031,242.48875427246094,267.00787,466.20816
741.2726745605469,229.0141143798828,268.9615,480.29172
734.7705383300781,239.9239501953125,271.6507,467.56458
737.2511444091797,233.85455322265625,267.6154,476.10437
724.5568084716797,234.59628295898438,271.72977,473.65314
730.2212982177734,240.05384826660156,264.8831,469.24838
725.1823272705078,219.866455078125,267.04526,488.55505
726.7059783935547,246.4033203125,266.9329,459.95398
720.6464538574219,223.58660888671875,267.50592,484.9148
720.6636276245117,248.6437225341797,245.88905,458.55533
714.8396453857422,228.2954864501953,244.35733,478.56064
718.6559448242188,265.17335510253906,236.44531,445.46713
722.770637512207,271.8721618652344,232.04893,437.52826
724.4474411010742,332.9248352050781,232.07985,375.60944
719.2909774780273,329.95875549316406,238.64827,379.35007
721.4785614013672,320.9943084716797,237.14798,391.20596
724.7332458496094,305.2183532714844,238.72711,405.97516
723.7966232299805,307.9640350341797,240.18178,402.5613
728.3488464355469,310.9068145751953,244.357,399.32248
719.7227325439453,313.22979736328125,256.92514,398.93713
727.6190490722656,332.1156005859375,259.88202,380.99414
727.0033416748047,319.11688232421875,260.42752,391.95862
731.8532257080078,295.95384216308594,258.62924,413.85538
733.00146484375,319.3480224609375,258.96082,391.30664
736.4097595214844,266.5950012207031,263.48456,444.5345
741.1345520019531,269.15330505371094,268.08295,442.83023
714.8283081054688,269.92913818359375,298.77173,441.13098
713.8074493408203,275.3626708984375,301.0908,437.63867
686.1758575439453,279.48692321777344,336.1655,433.68143
665.9558715820312,311.16943359375,363.9319,395.5918
665.7824401855469,306.69606018066406,362.4937,403.44785
642.9381866455078,340.7193145751953,398.06625,365.52377
642.4293365478516,361.47328186035156,403.14487,347.68503
629.6798400878906,380.3970031738281,419.6236,329.81268
632.4872283935547,384.1686553955078,418.1862,324.70554
618.4589538574219,382.08033752441406,432.52704,326.1196
568.30419921875,347.6900939941406,491.53015,362.84686
562.0045928955078,361.1430358886719,487.92978,346.42853
565.2893981933594,356.03582763671875,485.02106,351.96838
543.2659759521484,368.57810974121094,502.39493,340.25247
551.1858520507812,369.4490661621094,490.07935,337.44733
517.7093505859375,375.42726135253906,526.5238,328.49448
468.74420166015625,378.9181671142578,582.5974,328.11325
463.8200378417969,386.72998046875,593.5435,322.61035
455.25640869140625,391.2410583496094,612.54944,316.31927
435.1266174316406,403.39642333984375,642.648,307.56995
388.16778564453125,407.7510681152344,707.7479,298.61163
396.3580627441406,408.9376983642578,696.7852,296.96213
350.1258850097656,414.89060974121094,763.4538,290.31485
311.80059814453125,418.14552307128906,830.10974,286.00693
231.36813354492188,432.5145263671875,759.5546,266.10168
190.7249755859375,435.4922180175781,929.5792,265.8144
162.5872802734375,443.3155212402344,980.193,256.60358
139.01943969726562,445.3242950439453,942.8785,260.1439
124.58279418945312,441.7947540283203,983.5435,261.10434
97.28289794921875,443.50074768066406,969.6621,257.041
96.97747802734375,440.78797912597656,966.45264,263.08688
23.7198486328125,440.4646911621094,948.26575,261.87726
-3.267822265625,462.76395416259766,865.204,238.43669
3.7054443359375,459.7288284301758,881.09314,240.31627
0.842071533203125,459.2383499145508,887.81476,240.67223
-2.056396484375,458.94734954833984,862.0509,243.83333
7.22216796875,447.2244644165039,626.453,248.99785
5.316162109375,446.19000244140625,867.3777,262.14746
3.6517333984375,438.60462951660156,660.91565,259.89072
-2.7886962890625,441.265380859375,813.74854,262.2079
10.221893310546875,430.8431701660156,780.35236,275.49274
0.464691162109375,416.647216796875,614.6701,285.6886
-0.0262451171875,379.37364196777344,600.9934,328.18997
4.849578857421875,380.2469787597656,563.3034,323.32306
5.782012939453125,393.1551208496094,545.22284,316.77887
7.849884033203125,352.9288787841797,479.4406,357.91983
-1.5054931640625,379.2466125488281,491.22363,329.93915
-0.275848388671875,318.60511779785156,444.95148,393.64023
2.7545623779296875,339.38148498535156,390.52493,369.1666
10.650115966796875,317.50799560546875,380.03424,396.8213
6.2975006103515625,331.6462097167969,343.95944,386.4892
5.6041412353515625,291.9492950439453,338.93723,423.50815
3.2715301513671875,344.0917205810547,338.3312,366.6288
2.1277313232421875,348.7884979248047,197.15433,364.07913
1.358367919921875,330.77447509765625,187.55573,383.818
3.1759796142578125,359.6200866699219,242.09055,350.54034
2.7026290893554688,364.54689025878906,238.65517,348.1888
4.544532775878906,367.9247131347656,198.34843,343.84357
4.192314147949219,373.3080139160156,199.33437,338.7033
2.8149490356445312,372.40089416503906,201.49095,337.64572
1.5735702514648438,365.7413787841797,204.95808,346.73636
2.8719024658203125,357.5161437988281,209.95187,352.6092
4.469398498535156,367.5617980957031,228.05522,343.76202
9.41058349609375,370.3755645751953,230.23865,342.5947
8.646568298339844,368.9948425292969,230.15694,343.35504
10.279449462890625,369.0616912841797,225.99261,342.1221
13.926506042480469,368.2183380126953,233.17873,344.8336
17.64068603515625,356.4231262207031,224.12244,355.48468
42.61271667480469,344.93975830078125,218.00357,361.9093
45.50830078125,350.9269561767578,212.63147,346.61923
54.622833251953125,348.8370056152344,208.54022,336.6895
70.24532318115234,343.90650939941406,190.10567,325.69003
89.86856842041016,343.4391784667969,197.12651,318.65564
90.06138610839844,345.4421081542969,198.13516,315.792
89.46215057373047,345.65606689453125,196.1122,315.70416
116.70284271240234,322.4071960449219,196.42232,323.2528
122.10945892333984,331.6055603027344,177.27974,318.8258
124.23974609375,346.4764862060547,192.01154,301.31906
124.3902359008789,344.4592742919922,176.76457,309.64218
135.44454956054688,364.5868835449219,164.93939,271.95123
132.96949005126953,362.6772918701172,169.53227,285.2982
145.7567138671875,360.94752502441406,188.38287,255.26968
150.010009765625,362.26151275634766,204.36292,251.26628
152.4167022705078,362.93025970458984,180.49594,248.43861
153.11893463134766,362.3153991699219,172.68413,252.04956
154.26544189453125,364.76295471191406,185.92926,245.21652
153.41905212402344,363.1542510986328,194.69962,246.70102
148.96697235107422,384.0767517089844,161.30708,221.65991
147.58804321289062,382.3876724243164,158.13055,226.05388
148.52621459960938,396.3865966796875,174.9704,213.01709
145.31146240234375,411.28179931640625,157.67175,203.07275
143.95557403564453,422.09100341796875,169.8015,189.62909
136.7705307006836,429.3529815673828,159.9759,186.43399
128.20563507080078,431.8466796875,170.84868,180.95935
123.53006744384766,442.90941619873047,168.9669,171.72969
124.32970428466797,452.8089065551758,168.0046,168.82384
121.75164794921875,454.2930374145508,171.94885,171.6129
124.25123596191406,450.49105072021484,165.63785,174.485
120.29609680175781,457.18878173828125,163.49069,170.59668
116.73470306396484,453.1559753417969,162.28462,175.68335
106.63813781738281,452.2610397338867,168.05374,176.29274
99.3342514038086,453.3854751586914,167.45723,175.43999
98.13986206054688,452.8420715332031,158.74738,177.36328
104.33100128173828,450.8202896118164,167.60692,177.66063
95.65393829345703,443.84410858154297,168.53728,180.50612
93.3994140625,444.2626724243164,160.15234,182.25896
83.19078063964844,439.688232421875,153.1268,184.2901
82.55846405029297,438.86226654052734,162.78712,183.51973
84.32283020019531,436.7942199707031,155.34024,185.21503
85.0296630859375,438.56646728515625,164.76178,185.83112
86.11579132080078,443.78125762939453,162.63329,183.04216
87.6327133178711,442.3145294189453,166.6869,183.92203
88.55061340332031,444.8180236816406,162.77628,182.7862
98.46438598632812,447.47874450683594,168.21594,181.23361
95.1599349975586,449.0392532348633,163.95552,183.02776
95.9638900756836,445.23277282714844,162.53981,184.5372
99.06966400146484,441.15380096435547,166.91853,184.01033
100.39017486572266,437.16088104248047,160.60631,186.36159
100.63679504394531,441.38356018066406,159.6271,184.4354
99.78810119628906,440.1982955932617,168.5679,183.81886
99.74771881103516,443.63871002197266,168.75542,183.14854
105.09272766113281,449.6912384033203,172.65665,176.7651
109.34486389160156,475.21202087402344,160.36264,157.90848
106.23983764648438,477.85365295410156,146.86853,155.82028
110.99971008300781,489.69141387939453,147.34482,137.99309
112.29068756103516,488.7125015258789,149.06187,138.23088
138.22767639160156,496.10936737060547,130.5452,112.1122
149.97906494140625,498.3935012817383,119.33481,103.14598
149.5141944885254,503.8433723449707,127.79421,96.77056
155.30207061767578,507.70497131347656,146.39278,89.74542
168.7718734741211,507.44014739990234,161.26384,83.92732
186.2611541748047,500.0072021484375,150.16406,86.39407
184.95409393310547,506.55393981933594,147.07481,83.43591
185.12250518798828,498.7948341369629,142.15053,88.73431
213.5307388305664,504.9754524230957,130.39162,102.37768
270.7900695800781,411.5303268432617,82.52194,164.61241
266.6369743347168,382.54015350341797,82.239235,173.22029
264.0677185058594,370.0025634765625,82.87094,178.20935
266.2033920288086,367.38134765625,87.33983,177.2638
268.8568878173828,385.5679016113281,83.77307,169.93225
267.02558517456055,369.92039489746094,81.8852,177.07596
263.5123634338379,374.93907928466797,83.82012,169.98103
258.0615425109863,377.09464263916016,83.312614,158.32906
261.6723747253418,375.51863861083984,81.995766,165.59633
260.9891128540039,393.3840026855469,85.539536,171.20203
259.1721839904785,386.62703704833984,85.16155,174.74586
255.62506484985352,386.44140625,89.58251,173.69629
259.8919868469238,378.80615997314453,87.19265,175.88033
257.09899520874023,375.7477493286133,85.06074,177.58595
256.0867004394531,387.80350494384766,89.97937,173.21223
256.2939910888672,382.11256408691406,84.85989,152.97397
254.95416641235352,375.4519500732422,84.64764,165.23291
257.6222496032715,370.92916107177734,82.79673,158.54839
257.96284103393555,356.91419982910156,81.99915,179.30276
259.763427734375,358.25293731689453,84.224884,181.79332
256.7938003540039,383.5513610839844,87.61537,178.01245
261.0060005187988,385.8822326660156,84.78716,169.31122
263.3435478210449,377.23104095458984,87.61237,180.32271
266.5377388000488,466.44690704345703,111.353325,178.18633
253.15745544433594,387.7451171875,93.812805,200.4591
258.23490142822266,411.64408111572266,95.59383,200.49388
268.77750396728516,497.59364318847656,133.53847,170.02103
261.28221893310547,493.46063232421875,123.63011,177.92328
262.19449615478516,507.27344512939453,126.65761,171.46544
274.1398239135742,540.0024185180664,136.93364,160.33708
256.06737518310547,507.7095413208008,125.305954,172.58604
256.4810791015625,511.23780059814453,133.01364,174.40208
246.25848007202148,466.2323760986328,116.40385,180.5513
230.80512237548828,396.7570571899414,96.64845,201.20332
235.62667083740234,397.91734313964844,88.96361,183.02954
226.88470840454102,358.50118255615234,88.42367,164.37645
227.49399948120117,318.4564666748047,83.79801,179.15652
222.25543212890625,315.13917541503906,85.348816,189.14224
223.99382781982422,347.6099319458008,91.20711,167.79662
226.32576370239258,345.5619430541992,83.18026,172.4507
224.30515670776367,341.92305755615234,85.226234,169.98082
226.59678268432617,348.5250244140625,81.56547,160.3417
222.06482696533203,357.0080337524414,84.29387,154.002
217.52533721923828,329.9511032104492,85.73198,165.88652
218.95844268798828,344.0652770996094,85.78737,158.98434
219.7364158630371,341.9004821777344,81.91779,164.43521
217.7725372314453,307.1730651855469,83.2702,186.93347
218.70113372802734,334.9082717895508,82.21367,167.2918
217.4453887939453,326.42352294921875,80.4133,184.60965
212.45721054077148,357.0748291015625,81.51368,159.96109
213.23358917236328,342.9085388183594,80.321884,179.0289
210.8311424255371,370.4061050415039,84.65772,153.66457
204.79205322265625,345.96033477783203,84.2215,152.04951
206.61772918701172,330.80640411376953,81.69389,162.93358
202.16108322143555,351.9630813598633,82.39219,154.71104
201.83050537109375,341.56005859375,82.60901,164.48184
203.4906005859375,336.83744049072266,80.5361,170.11833
200.35657501220703,362.3654327392578,92.46898,149.59207
194.34505462646484,327.2616653442383,84.9384,149.89735
186.75521087646484,403.0499572753906,96.06773,197.29092
186.13610458374023,409.64022064208984,98.76023,189.13066
180.66318893432617,409.1077117919922,100.85035,173.3758
184.6898193359375,406.0762023925781,99.546234,182.66763
187.34680557250977,404.5857467651367,97.1462,184.70787
190.30523300170898,403.4332733154297,91.80192,182.40283
190.15407180786133,392.83699798583984,91.45568,182.96709
192.58711624145508,394.4485549926758,98.22039,193.93117
189.64556884765625,394.1682357788086,96.73624,173.40178
190.58127212524414,389.95694732666016,107.69332,188.0674
188.70116806030273,390.8885269165039,96.93107,161.55757
192.27761459350586,385.32139587402344,101.5496,186.93616
195.4005889892578,382.99058532714844,92.13367,176.47925
197.70721054077148,385.44889068603516,96.21482,187.86385
196.91859817504883,383.0136489868164,94.612114,178.4817
202.48529815673828,375.4893264770508,100.26112,157.99025
199.9834098815918,370.5740051269531,102.26893,179.00241
205.13755416870117,371.69883728027344,96.64649,183.04926
208.70401763916016,381.6698532104492,97.41756,185.30022
207.36396408081055,380.2135925292969,98.8379,175.83066
211.9636993408203,362.6577682495117,95.4483,185.88109
208.9027976989746,380.23992919921875,98.02653,178.65994
211.3545036315918,374.91212463378906,97.46247,177.581
220.14210510253906,410.75230407714844,98.566895,157.18219
216.552734375,375.1959762573242,103.71005,185.54005
217.21023178100586,375.17537689208984,93.623634,184.31306
218.260009765625,364.5252380371094,86.20175,177.22949
214.1218147277832,365.8950653076172,92.17486,165.9714
213.31845474243164,353.9659957885742,91.472435,177.43431
216.45041275024414,365.27075958251953,85.19723,180.30836
219.73339462280273,357.1905822753906,89.46317,173.78448
219.5562515258789,354.25440979003906,90.184586,162.61612
220.90489196777344,338.3784866333008,86.449524,179.82466
218.82990646362305,313.6697082519531,85.68342,183.82031
226.14960479736328,340.0127944946289,89.732254,172.7343
237.62074279785156,327.2909393310547,91.22485,172.8959
242.15421676635742,301.01776123046875,91.32429,188.66382
246.58543395996094,325.0395812988281,92.54443,169.53308
244.28142929077148,324.42713165283203,93.1063,177.6533
248.1667137145996,286.01983642578125,89.14292,191.46353
255.53956985473633,302.5727844238281,89.98553,184.46329
256.4099349975586,279.04856872558594,89.95671,188.05005
260.5572395324707,309.6547317504883,90.94323,175.41805
266.8452339172363,314.1032257080078,93.3496,189.53351
268.54576110839844,327.9291305541992,87.36206,166.50157
258.6014213562012,334.55921173095703,90.39527,167.3481
259.1570816040039,327.71153259277344,89.48213,177.57907
257.57307052612305,329.53502655029297,87.70521,164.91463
258.7234573364258,335.4702682495117,89.75609,168.54622
262.25099182128906,320.5845947265625,83.780914,159.20837
261.32791900634766,331.30489349365234,83.95204,155.47813
255.17247772216797,321.9463806152344,89.41478,158.97977
251.19771194458008,320.04803466796875,89.23946,168.63885
255.56787109375,311.0820617675781,85.22455,178.27963
257.34542083740234,306.0591735839844,85.79939,183.14114
250.96703338623047,325.50267791748047,94.02327,172.66399
251.89169692993164,379.4801330566406,105.36193,164.59824
138.37529754638672,549.3135299682617,203.20949,168.87755
107.89332580566406,497.3013610839844,276.35428,215.69492
106.17721557617188,504.2777862548828,525.02136,207.95764
84.6944580078125,474.8613815307617,576.39935,234.08635
72.63406372070312,448.39100646972656,514.5032,257.55444
74.7847900390625,456.8650894165039,571.248,253.76375
74.83111572265625,448.82198333740234,513.8708,255.60777
71.33941650390625,444.3791198730469,512.1645,265.80624
66.42120361328125,437.56468200683594,503.14972,274.11945
58.331085205078125,476.3717575073242,477.1725,229.83586
53.25074768066406,499.8533477783203,394.77518,210.35193
44.44761657714844,525.0853118896484,286.01523,186.8841
44.37389373779297,550.7087554931641,244.68465,160.557
43.83984375,551.5207290649414,244.24963,161.56972
50.21717071533203,563.3320465087891,251.71227,150.27979
52.44093322753906,568.3228988647461,215.63455,142.98613
39.27947998046875,564.0012283325195,215.29639,148.21645
22.26598358154297,568.0155487060547,209.38991,143.92645
9.370124816894531,569.3974761962891,219.67833,142.87488
2.9171524047851562,562.3198776245117,217.96379,149.84868
2.8179473876953125,591.5307769775391,184.37479,122.17468
4.434608459472656,612.0127220153809,133.42406,102.84788
3.5608139038085938,624.6620788574219,123.03587,95.76239
1.8016242980957031,626.3058052062988,120.42785,95.580864
2.396221160888672,624.0359954833984,122.42692,94.57669
3.8830490112304688,632.717960357666,115.58867,85.283714
2.8878173828125,635.8445320129395,102.73831,82.17983
2.6630859375,637.1578674316406,102.96521,80.39191
2.4124794006347656,629.8890075683594,99.88311,88.238525
1.9070053100585938,623.331672668457,110.70326,93.03386
0.12578964233398438,621.5604248046875,111.00736,95.16678
0.2559165954589844,620.7072906494141,111.83561,95.74017
0.3332633972167969,614.62890625,109.36353,101.151276
0.909881591796875,609.5668106079102,107.08969,107.37096
1.507965087890625,612.121898651123,105.914795,107.03092
0.395599365234375,611.7309799194336,106.10562,107.35033
1.8392448425292969,617.8940238952637,104.75272,99.34672
0.5193443298339844,621.9971504211426,102.54972,96.64056
1.0835533142089844,623.056697845459,106.3213,95.19935
1.2739181518554688,623.2829895019531,114.14009,95.3403
1.8780174255371094,622.9764099121094,113.273445,95.63455
0.02877044677734375,629.5408744812012,130.88268,88.33845
0.3643951416015625,629.286190032959,130.263,86.94572
0.49820709228515625,629.7449378967285,130.17561,86.45333
-0.3253326416015625,599.4290809631348,138.76868,116.69009
1.1158370971679688,579.1883010864258,142.53008,137.90309
0.9308319091796875,579.8478317260742,144.60284,136.83696
2.3344650268554688,555.6395874023438,159.86705,162.24966
2.0669784545898438,536.9317092895508,162.20927,179.85347
0.57513427734375,536.836311340332,166.63992,180.02663
0.8076248168945312,531.5035400390625,180.78261,186.12186
0.7265167236328125,525.2224426269531,178.17487,191.75845
0.8426513671875,523.9585418701172,178.77121,191.84784
1.7135543823242188,487.69200897216797,187.9998,229.77751
2.3824386596679688,476.3892288208008,190.93584,240.25899
1.3212203979492188,465.0588912963867,187.63817,252.20988
1.011566162109375,464.6993942260742,181.15347,252.04393
3.306640625,468.73058319091797,170.7543,248.52873
4.189483642578125,468.4632263183594,170.47366,249.44577
4.3974456787109375,464.4960403442383,160.34662,253.28932
3.0685958862304688,473.10687255859375,127.048325,240.03201
3.157978057861328,485.3338394165039,94.116875,227.6551
1.9953422546386719,497.1550979614258,95.535835,218.38148
3.1688766479492188,493.9230422973633,92.87822,221.86818
2.904796600341797,494.4208526611328,93.10279,220.15302
1.7987518310546875,507.11315155029297,94.2113,208.55394
2.8458328247070312,564.5436859130859,88.01564,151.40106
2.897113800048828,570.4420623779297,94.5866,145.67923
2.652446746826172,568.9730758666992,93.91245,147.15862
2.1832351684570312,568.0564193725586,94.12993,147.48228
1.6464996337890625,581.556755065918,107.338684,134.75389
1.8008384704589844,596.0435600280762,116.30225,120.49564
1.799407958984375,593.9137420654297,115.306244,122.6257
1.85284423828125,603.8690986633301,158.75662,108.80978
6.784065246582031,595.2715301513672,154.40834,120.076324
2.2820205688476562,595.623046875,158.19533,118.9657
2.5967330932617188,599.5365943908691,158.43584,114.67132
3.395660400390625,617.4097633361816,192.42795,96.569084
2.73828125,613.2242317199707,187.66934,97.971825
4.525016784667969,615.0141220092773,188.81114,95.89235
3.9550552368164062,625.1902503967285,210.78792,86.634575
8.111587524414062,614.6149978637695,243.50012,97.048996
80.9665298461914,610.8348960876465,206.65962,101.79627
123.21704864501953,621.378345489502,242.76015,92.729454
120.2046890258789,612.9347152709961,243.79066,100.68025
121.27780151367188,612.2655754089355,243.6412,101.13468
176.4847640991211,628.0401000976562,241.56773,86.3255
251.1788101196289,641.2992973327637,207.1747,80.11021
247.66043090820312,652.9123935699463,214.50229,59.23936
258.9162902832031,654.8002433776855,201.63406,59.30375
313.62281036376953,639.2770195007324,200.80574,74.799385
224.88223266601562,672.5427589416504,260.66162,40.009544
235.49026489257812,657.5614891052246,279.01343,56.090126
174.9075927734375,651.8405323028564,328.02936,60.569576
180.3383026123047,640.5894927978516,367.73788,74.10535
179.8307342529297,627.6225280761719,403.75595,89.42752
180.1477508544922,547.4416809082031,457.9017,168.18192
176.42959594726562,541.224723815918,453.9817,169.96275
188.19656372070312,521.7376937866211,470.74902,187.46062
188.59730529785156,522.5328979492188,481.12735,192.27548
183.48358154296875,506.27754974365234,509.57635,204.1082
184.3904266357422,507.4142303466797,498.97568,202.04541
165.820556640625,496.58516693115234,543.16754,217.60954
169.93304443359375,488.54248046875,546.1574,223.19894
168.87350463867188,468.86624908447266,556.379,240.81764
167.30853271484375,468.6626281738281,554.4733,241.91202
161.322021484375,468.6097946166992,556.9445,241.4995
159.33132934570312,462.41751861572266,559.6969,247.60768
153.20187377929688,460.3819808959961,559.9646,248.66606
149.91668701171875,448.0363464355469,561.5721,266.33853
140.78335571289062,421.9808044433594,565.96423,292.21536
124.74444580078125,417.23680114746094,578.4819,295.4823
129.244140625,412.30755615234375,572.28253,299.0095
128.67910766601562,407.2604675292969,571.81335,300.90897
123.09780883789062,409.0463562011719,576.3104,303.00162
123.57089233398438,404.302734375,573.7384,304.15732
120.40414428710938,406.95310974121094,577.87854,304.03174
120.78076171875,404.5198669433594,576.743,305.4915
120.247314453125,399.1234893798828,577.10333,312.1745
141.53244018554688,397.66346740722656,569.6229,313.3388
156.85745239257812,398.1378936767578,576.5072,312.07892
155.64984130859375,411.88743591308594,587.0428,299.0769
178.86553955078125,410.8902282714844,585.65753,301.62088
210.2220458984375,448.37303161621094,593.09686,264.19128
222.5361328125,442.2479705810547,602.91327,269.16357
231.73480224609375,439.2528381347656,628.23883,268.77322
231.75564575195312,437.61582946777344,655.93054,271.1969
235.56851196289062,436.62449645996094,648.5824,268.5282
237.65960693359375,439.9219970703125,703.8294,267.08762
252.0921630859375,435.9955596923828,689.9472,269.22296
360.2280578613281,432.95094299316406,656.2855,265.6452
360.349609375,435.12144470214844,651.3381,272.52563
350.76556396484375,425.4192657470703,654.6468,280.98798
369.1976318359375,421.48089599609375,636.38226,279.72702
344.6126708984375,412.61277770996094,670.5131,288.34668
382.3166809082031,402.26312255859375,643.0403,300.07114
526.5571594238281,381.81654357910156,511.3557,324.28717
564.9318084716797,373.0610809326172,474.3071,334.77673
643.5451049804688,360.10877990722656,393.65204,350.38446
549.4970855712891,368.6288757324219,492.31912,341.96658
546.6973724365234,341.6990966796875,492.8326,368.90024
542.5682983398438,342.54273986816406,494.30206,363.06488
609.2428588867188,308.07191467285156,420.37347,398.8736
641.398681640625,286.05812072753906,393.07208,423.48077
643.6117553710938,283.1829833984375,383.55267,431.5179
668.0662231445312,267.69537353515625,363.44806,447.61545
693.84130859375,247.0277557373047,339.3647,462.90735
716.4049987792969,239.8635711669922,321.33484,471.31958
726.6430969238281,237.0758819580078,315.80908,472.03583
753.8507995605469,235.31292724609375,310.90686,471.04
795.4438171386719,236.75338745117188,272.60278,471.3898
796.8510284423828,238.9236602783203,264.14664,467.72296
797.1039123535156,240.0974578857422,266.07776,463.10986
824.3604965209961,231.92626953125,247.00368,475.31015
820.3429946899414,231.55416870117188,253.3784,475.37186
798.5526885986328,250.015869140625,268.39908,457.66696
804.2605285644531,249.2837677001953,264.27417,462.86407
792.2698516845703,252.40762329101562,271.173,456.44205
782.7261352539062,254.20541381835938,281.85577,453.8157
782.0911560058594,256.0995635986328,282.72485,454.52386
771.1593627929688,256.85923767089844,292.0251,452.8424
728.2870330810547,253.83221435546875,330.99643,457.52487
723.4309539794922,255.0543975830078,332.0648,456.59454
722.6070709228516,254.51126098632812,331.7299,457.98782
715.3985137939453,260.2310333251953,336.75516,444.69257
707.7197875976562,259.42176818847656,339.32782,447.8609
706.0618438720703,254.0787353515625,342.57596,455.2485
705.93212890625,255.46429443359375,345.16437,451.83713
706.0268096923828,255.52040100097656,350.69522,449.95612
703.48583984375,251.3032989501953,359.76215,457.5014
697.4299468994141,250.95826721191406,369.03226,459.2531
695.3796234130859,249.28289794921875,376.32272,457.71835
686.5660552978516,248.3334197998047,398.3937,457.08044
678.4886169433594,246.3528594970703,418.6006,455.22772
683.4838562011719,249.13731384277344,410.0636,455.0625
682.7255401611328,242.40142822265625,434.8948,462.00302
677.2710723876953,238.78964233398438,452.62405,467.20352
671.4417724609375,234.87750244140625,473.05206,475.0085
658.7123107910156,230.78172302246094,505.9519,478.97632
628.3411560058594,223.7821807861328,554.723,485.08942
625.1549377441406,225.33030700683594,557.2898,482.6433
591.5065307617188,271.37831115722656,497.66632,424.22723
601.0374145507812,204.00064086914062,432.91693,501.03006
583.8293762207031,206.995361328125,499.29065,501.28732
585.4959716796875,271.12025451660156,651.5827,440.3388
593.3177947998047,208.3804168701172,468.57236,492.00427
590.7071533203125,171.4558563232422,425.06183,531.19214
599.6068725585938,172.72633361816406,411.94794,528.97186
595.3907775878906,173.33946228027344,412.9547,534.14856
597.0778503417969,160.6643829345703,410.11157,547.8398
598.7126617431641,151.9308624267578,402.89798,551.9406
592.8254852294922,144.6979522705078,418.95224,561.8326
592.9788970947266,136.25511169433594,416.96036,568.22327
596.6843566894531,133.6995086669922,399.1798,575.1085
592.6071929931641,129.15663146972656,396.78128,572.2603
599.9557800292969,121.78343200683594,383.84265,582.3535
601.3510284423828,119.39018249511719,371.12222,587.2488
600.6662445068359,107.46125793457031,375.82236,596.8775
601.8002319335938,112.54872131347656,358.6469,587.36945
604.3298950195312,94.10285949707031,353.9544,608.95734
603.5916748046875,103.45469665527344,356.30292,599.6842
571.3272552490234,89.52723693847656,381.43808,614.1928
574.18603515625,94.50553894042969,365.5036,611.6398
566.4293518066406,74.54316711425781,477.67334,631.3061
562.6065063476562,72.89558410644531,362.03876,626.54755
573.8091888427734,74.62736511230469,429.75717,625.5757
561.1348724365234,81.98149108886719,508.7618,622.4585
564.1777648925781,69.65974426269531,359.07886,632.8901
561.9055023193359,47.33821105957031,361.5781,656.54974
551.691162109375,45.60899353027344,375.82196,653.73645
562.4958343505859,60.64997863769531,363.38083,638.8896
549.545654296875,36.25495910644531,369.87848,664.8272
563.1056518554688,54.95286560058594,361.40497,644.4004
545.8622436523438,34.85118103027344,378.98248,667.198
562.8718566894531,57.08943176269531,360.87585,645.1048
544.0318603515625,49.11634826660156,412.33295,655.4466
541.4573059082031,36.33711242675781,377.30066,663.695
545.4050445556641,25.016464233398438,372.96548,673.56506
537.5474548339844,31.541580200195312,383.35913,667.76385
538.5077972412109,46.51301574707031,383.45358,653.0522
531.3808135986328,38.20085144042969,391.9009,662.5852
517.0780639648438,50.68357849121094,406.72223,651.724
542.2497253417969,68.80723571777344,378.2212,635.63025
538.6131134033203,81.36936950683594,382.01932,622.3318
530.8377838134766,73.01414489746094,390.57303,630.4418
542.0648651123047,86.00483703613281,377.9785,619.778
552.7597961425781,53.36494445800781,369.94006,652.0529
560.8077239990234,74.00654602050781,348.75925,631.1816
549.7391967773438,45.19960021972656,365.40424,654.82135
561.2330474853516,69.49073791503906,351.09317,632.8919
551.3235168457031,40.70423889160156,358.7627,659.2767
567.0708923339844,71.18659973144531,346.9674,628.65936
556.8567810058594,42.91441345214844,354.52002,656.9762
575.2112579345703,70.99781799316406,342.39285,628.14496
577.1370849609375,59.11500549316406,335.09332,642.68646
577.3725280761719,62.81401062011719,339.42175,639.0112
581.6159057617188,52.50697326660156,328.5036,648.2015
584.1840362548828,49.33119201660156,334.93912,647.0605
589.5896453857422,74.77552795410156,335.98386,622.21967
596.9491729736328,58.00367736816406,322.92178,647.2708
597.0121154785156,51.54820251464844,323.42664,650.0713
592.8689270019531,43.03697204589844,326.03857,653.69763
587.0311737060547,38.66569519042969,334.05832,659.4397
577.0944671630859,14.626144409179688,343.13205,683.0011
558.0723266601562,21.728317260742188,377.16376,672.9957
529.3596649169922,63.86408996582031,405.6013,631.96564
537.0952911376953,58.23908996582031,384.27408,636.4952
532.1618347167969,57.55046081542969,387.3994,635.4116
538.2241058349609,58.72319030761719,382.4387,635.50793
533.53076171875,55.32203674316406,394.9073,639.5079
526.1490173339844,71.06278991699219,393.47546,623.96484
541.5732879638672,72.35600280761719,379.79977,617.0298
542.181396484375,64.92039489746094,400.19696,626.52026
532.8742523193359,64.45771789550781,388.79208,629.86725
551.4598236083984,57.51225280761719,373.98276,631.40076
555.8348999023438,53.03785705566406,375.00995,636.2718
560.8334197998047,47.24394226074219,366.66086,640.1293
553.6736297607422,41.58897399902344,375.70395,647.72363
556.1569213867188,40.50129699707031,368.76752,643.02094
572.3327331542969,19.128372192382812,351.4088,669.16986
571.3412322998047,18.655838012695312,384.8315,669.9213
548.5684051513672,14.094161987304688,379.02072,677.9282
560.5806427001953,14.930465698242188,405.40762,671.1875
535.6291656494141,14.303695678710938,390.74197,675.3661
554.2929840087891,14.129653930664062,374.7986,670.4129
537.5047912597656,11.004959106445312,415.98242,671.98334
558.8442077636719,13.963790893554688,353.953,668.1399
536.2654876708984,5.3833465576171875,432.18466,677.10645
557.5206756591797,2.9733428955078125,380.87546,676.91693
552.0655670166016,-0.8417510986328125,361.85135,679.3782
568.2119903564453,-4.0324859619140625,368.7692,683.52673
568.8219909667969,-10.515914916992188,347.8534,684.643
571.7035369873047,-2.0431671142578125,348.23605,684.45166
577.8143157958984,-1.6068878173828125,349.3143,671.45264
588.0919342041016,-4.6202239990234375,328.9595,675.288
587.010986328125,-5.8457794189453125,330.14056,682.2208
593.4739532470703,-5.2187652587890625,338.54373,670.47815
609.4870147705078,-4.2526092529296875,314.09464,668.46185
624.0735931396484,-0.1074371337890625,318.43784,669.7008
598.4253845214844,4.6206207275390625,341.6754,666.22516
632.3101959228516,10.286636352539062,316.33133,660.9002
589.6621246337891,6.7800750732421875,353.35904,663.2717
697.0144958496094,22.868698120117188,258.84814,641.3933
628.9136199951172,46.10710144042969,340.05746,611.604
663.6103668212891,86.63090515136719,305.07327,568.0442
667.9588623046875,100.29206848144531,287.45734,550.1263
630.0155181884766,123.90324401855469,314.95926,521.2693
636.612548828125,123.68373107910156,301.7331,521.87775
604.6141815185547,153.6995086669922,321.90817,487.55212
547.5399169921875,209.98553466796875,350.31464,456.20932
495.3616027832031,244.21682739257812,350.86804,398.3699
453.34706115722656,242.0886688232422,374.14627,388.4464
464.15869140625,245.33335876464844,379.82452,382.9994
452.0362091064453,244.39683532714844,383.94095,384.30762
405.0391387939453,225.41815185546875,395.8351,391.23154
399.9798583984375,225.43309020996094,425.17828,389.38367
365.6815185546875,221.18409729003906,491.27472,388.95245
334.33087158203125,157.92144775390625,499.27045,392.76083
342.48406982421875,149.7113800048828,548.831,386.46527
342.7605895996094,153.5319366455078,504.04443,383.81268
320.8448181152344,124.4058837890625,555.9835,491.6251
322.6314392089844,124.54977416992188,551.0773,485.3654
300.4635009765625,118.48367309570312,586.06866,503.82986
303.6427917480469,119.19932556152344,580.787,500.91394
232.15594482421875,148.12081909179688,694.7863,466.40005
244.67807006835938,153.70616149902344,665.5199,457.80115
231.56692504882812,165.68572998046875,610.27246,441.51852
234.83123779296875,165.09170532226562,677.238,453.91995
224.37689208984375,167.92530822753906,691.23114,446.4803
248.40228271484375,161.18582153320312,825.0312,454.6995
279.9477233886719,178.49832153320312,820.7811,469.5757
276.344970703125,187.8192901611328,834.70026,463.67426
276.76361083984375,178.22946166992188,841.95966,471.35147
302.0066223144531,185.56480407714844,658.1533,464.62268
318.2958679199219,145.5857391357422,620.7035,533.5217
347.5713195800781,162.45384216308594,571.85596,527.067
374.25555419921875,167.59986877441406,568.4899,538.30865
387.1864929199219,169.8707733154297,563.931,543.36523
386.04132080078125,180.4803009033203,566.5119,530.0744
383.731201171875,174.8482208251953,566.57526,535.7658
286.552734375,158.0099334716797,573.57306,542.2041
383.74327087402344,165.7355194091797,470.1639,518.9016
360.92283630371094,174.98597717285156,462.02902,503.3083
359.2429962158203,176.2990264892578,466.07425,506.94623
357.55613708496094,187.7344207763672,478.5145,496.02893
356.2831115722656,188.94383239746094,484.3152,496.92932
355.6072540283203,189.4526824951172,482.3356,497.8838
362.58311462402344,191.64984130859375,445.9382,477.05002
361.1210479736328,197.32888793945312,408.24002,482.90103
361.6343994140625,209.64804077148438,568.77423,481.32718
359.8490295410156,201.81369018554688,571.07007,486.804
365.1850280761719,201.25772094726562,572.49915,490.16885
375.2770080566406,200.2572479248047,574.0156,491.6046
384.21636962890625,189.7389373779297,577.3591,491.22375
378.1529235839844,196.44216918945312,576.46985,477.80508
380.43975830078125,190.63650512695312,571.8515,481.1503
442.1700439453125,191.3520050048828,515.0892,426.95148
444.5858917236328,197.46214294433594,499.88382,417.34717
461.0121154785156,204.40330505371094,503.06982,407.3545
456.2651672363281,199.24147033691406,509.739,416.71295
464.3841857910156,202.67506408691406,509.75134,405.88544
465.3616943359375,206.80441284179688,519.4289,394.37283
456.0504913330078,203.14425659179688,499.91763,413.7227
467.20343017578125,209.0089569091797,477.45685,408.4474
469.3814392089844,217.24339294433594,459.02527,400.4967
472.0794677734375,221.32357788085938,449.49078,396.50858
475.4857177734375,214.97061157226562,442.04108,409.47086
480.712158203125,215.7032928466797,432.9178,407.83093
487.1640930175781,256.5226745605469,427.8274,367.84488
488.90296936035156,290.8649597167969,423.0988,327.8362
508.0472106933594,276.36732482910156,374.3313,290.7796
515.2013702392578,213.21595764160156,340.81448,355.51056
518.3105697631836,257.54151916503906,228.54665,307.4405
522.1922149658203,255.06576538085938,261.69778,310.45328
531.8383026123047,254.97622680664062,315.80222,310.20767
533.9135437011719,224.4065704345703,294.44055,352.0512
533.2209777832031,237.61541748046875,299.44812,341.51218
526.3348388671875,269.4510498046875,270.5816,311.8984
519.9364624023438,219.610595703125,278.003,363.61838
522.9972534179688,244.9163818359375,267.88007,331.33212
516.5099792480469,221.42242431640625,270.64612,342.49875
502.8563232421875,219.17613220214844,249.13959,319.2976
498.5849609375,223.666015625,212.78107,314.51608
498.63055419921875,232.30369567871094,217.5998,296.92065
499.48204040527344,230.35438537597656,194.40579,296.86298
491.4447708129883,234.53562927246094,216.64574,299.2323
486.1546173095703,230.65676879882812,185.81009,297.98257
486.817626953125,229.19839477539062,171.05255,303.4351
461.2207794189453,216.3117218017578,167.76083,304.4477
483.13330841064453,215.14527893066406,142.37724,298.9453
484.5682601928711,213.62078857421875,133.3658,294.3854
484.55904388427734,221.0073699951172,129.45369,279.29767
486.388671875,220.76206970214844,113.09271,283.65863
486.0327453613281,227.1549072265625,97.913635,279.42245
477.9322509765625,219.38473510742188,100.257385,286.8746
476.71274185180664,220.23300170898438,106.4602,282.92734
477.75272369384766,220.2471466064453,107.31914,281.58508
477.5171546936035,220.28880310058594,111.510796,268.735
472.47032928466797,219.54653930664062,113.46315,265.231
464.5817565917969,227.17938232421875,122.32361,259.06046
459.7994918823242,259.0743713378906,136.50362,227.93826
442.2605285644531,230.06875610351562,161.97607,264.71634
441.44175720214844,256.9187698364258,165.00742,241.86708
438.91776275634766,261.06297302246094,168.22588,227.61066
438.3427963256836,259.8311004638672,168.60518,228.71057
442.70921325683594,246.74571990966797,159.71487,227.90257
443.5701904296875,257.71773529052734,159.64478,214.98125
426.5834426879883,244.9315185546875,129.94261,241.2562
431.41912841796875,254.46233367919922,108.59338,247.36058
433.5886001586914,258.46800994873047,95.49669,253.6187
431.22054290771484,252.8888702392578,97.99275,258.78076
434.0093460083008,262.73289489746094,100.8488,254.93097
445.28503036499023,261.5396957397461,106.42243,251.89598
460.1994819641113,249.97205352783203,117.1141,241.03084
460.04180908203125,271.6827087402344,112.08264,222.0867
479.2425994873047,278.1588439941406,114.6243,211.27023
477.36022186279297,265.8511657714844,118.764175,226.47226
482.10729598999023,255.9352798461914,126.36707,235.16475
491.44947814941406,250.5942611694336,152.25607,238.55937
500.6646499633789,258.7339172363281,140.73656,232.60922
500.7601776123047,253.1955795288086,143.71054,236.0634
521.7404327392578,260.3923568725586,148.8992,189.55504
536.1360244750977,257.60919189453125,104.85979,179.22183
543.0684089660645,259.98401641845703,117.015465,187.39021
540.6816558837891,289.6891098022461,110.11594,164.74883
528.1978225708008,308.8220977783203,111.324814,137.79541
476.42086029052734,256.92276763916016,114.383286,150.9504
483.4343910217285,182.05569458007812,98.03683,201.15637
488.41766357421875,91.47879028320312,91.94925,288.45474
486.2948570251465,95.27247619628906,88.48325,281.73785
487.7173042297363,102.44561767578125,86.85967,272.86496
485.7953453063965,51.81385803222656,92.446754,322.73633
472.5166702270508,126.15959167480469,94.330215,302.99072
471.03540420532227,112.06549072265625,97.5433,319.5745
471.2389793395996,161.655029296875,107.73936,272.02054
462.28758239746094,247.64700317382812,106.42212,301.27512
460.447208404541,244.6781005859375,106.2983,305.554
460.9324493408203,257.9332580566406,104.32886,319.3414
478.4977111816406,290.71099853515625,106.26773,346.68234
463.9392738342285,361.2031555175781,122.879845,347.55643
461.23436737060547,404.2852325439453,128.3875,307.70038
465.88116455078125,404.6492919921875,140.86288,304.33444
499.5202102661133,404.9340057373047,111.62703,307.31116
503.9238929748535,166.70542907714844,126.81393,492.27704
508.9904022216797,134.96824645996094,128.5072,551.7093
500.84954833984375,287.2330017089844,176.629,421.42892
503.13926696777344,324.7777862548828,167.12708,387.0995
494.69278717041016,324.5073547363281,178.60036,386.34518
508.8575210571289,325.03155517578125,165.57558,385.68167
489.2882843017578,381.28509521484375,170.18524,328.40872
446.3858947753906,461.75535583496094,210.38052,247.04413
421.2765121459961,558.5339279174805,224.12651,152.87267
503.2533187866211,555.267333984375,139.4215,156.5878
498.5629119873047,578.5619964599609,149.76764,135.07898
486.06253814697266,620.2394142150879,147.88033,92.81484
485.53563690185547,620.9475593566895,148.8839,93.318565
498.82820892333984,646.7682342529297,140.4243,67.06799
525.2907981872559,687.688868522644,111.65211,30.034922
576.848388671875,614.6403846740723,71.920715,78.156364
583.4434700012207,587.9243125915527,81.43337,85.08616
585.1415786743164,563.5512771606445,93.68556,93.3893
594.4370918273926,532.8274116516113,83.60442,117.96731
587.12646484375,512.600025177002,105.079315,115.50109
582.1349868774414,473.7005310058594,122.21275,112.453156
568.3182983398438,438.6636199951172,138.72711,118.02182
453.64648056030273,289.77196502685547,67.624214,78.462296
456.760066986084,298.5250663757324,70.06461,77.57819
486.7406311035156,300.35396575927734,72.40369,81.00508
494.8192081451416,311.43604278564453,63.496838,85.689865
504.19405364990234,324.7014961242676,50.185257,88.509514
505.2678737640381,324.7528076171875,44.43926,88.00873
526.4334392547607,350.94835662841797,45.60825,94.57823
542.466438293457,364.9740219116211,48.252823,96.637924
559.2717781066895,391.64674377441406,53.52053,103.96863
566.9983596801758,407.2542533874512,53.27687,114.75132
565.0188312530518,406.78074645996094,58.585842,113.043335
576.5735263824463,434.29182052612305,63.54481,111.07725
615.4927043914795,461.8349075317383,58.281864,116.91258
661.1681365966797,504.7785415649414,70.588165,115.86366
693.0486717224121,525.4656143188477,74.54075,128.92827
716.8206901550293,455.1628112792969,78.64954,197.89429
749.9229545593262,463.79251861572266,86.29487,253.29137
750.5545806884766,466.5636672973633,82.06665,241.25725
789.548755645752,474.7223587036133,93.8706,241.3239
866.5750198364258,468.5259323120117,118.942825,253.75252
894.3601608276367,473.29451751708984,218.9193,245.49178
912.5897827148438,495.5227737426758,145.49393,217.19334
910.62158203125,496.10836029052734,146.79977,216.54366
929.6937789916992,527.1349258422852,150.90831,186.69585
940.8819961547852,558.8062973022461,128.25117,160.41103
961.7660903930664,571.393928527832,96.50539,144.87834
967.039119720459,572.8731918334961,87.61442,143.32518
1011.4522151947021,633.4033050537109,56.61495,86.197266
1032.437479019165,684.0453300476074,47.273113,33.328987
1031.7228145599365,656.358570098877,50.052387,43.78308
1031.1471099853516,631.122407913208,54.781387,51.82439
1026.264991760254,614.2299385070801,66.94173,57.62613
1013.268928527832,589.4389190673828,75.42876,68.93095
1011.9213371276855,559.3507347106934,80.67725,84.18054
997.396484375,514.9298248291016,95.44031,96.261635
994.7729148864746,471.31845474243164,107.56776,108.65097
995.7470741271973,425.8195037841797,118.38763,118.98014
990.7984008789062,405.19658279418945,134.39871,129.45334
964.9480667114258,376.23422622680664,148.07484,143.16531
935.2235488891602,372.96631240844727,162.15132,148.54178
903.2036819458008,395.9927406311035,173.82704,168.17612
647.0286331176758,445.1548042297363,190.34132,283.87366
715.1272735595703,456.3198890686035,230.4867,261.9581
787.5832214355469,480.53840255737305,264.58957,251.7137
872.0297241210938,462.5941963195801,321.06058,255.05853
857.9925079345703,443.15930557250977,311.505,268.36777
1062.7936935424805,417.0220832824707,207.15996,308.30127
1119.9403686523438,306.8809242248535,149.38919,394.27188
889.7057647705078,253.5144386291504,342.07355,398.78464
487.1775207519531,70.01362991333008,317.4783,288.35706
460.49474334716797,83.7393913269043,226.63097,232.08705
446.72745513916016,124.21566390991211,161.74599,167.03703
427.1971664428711,95.43969345092773,129.31682,155.08788
427.9217300415039,94.8934211730957,125.29854,154.84119
419.9078712463379,79.85205459594727,113.26144,157.23727
418.473201751709,79.04901504516602,112.689186,157.81613
411.7387466430664,64.44616317749023,128.07588,163.19713
426.73621368408203,56.775211334228516,119.47804,161.5032
422.8446502685547,55.213382720947266,125.304504,163.02115
412.1684379577637,45.07536697387695,126.07374,160.80145
404.40593338012695,35.97163009643555,125.03106,163.16817
407.0604476928711,35.116939544677734,134.62383,167.84398
408.80572509765625,30.19351577758789,143.18271,172.96207
409.5217742919922,29.955509185791016,140.50287,173.20908
405.8310241699219,20.341869354248047,138.88315,181.26064
406.9977569580078,21.601177215576172,144.9812,172.70485
401.86316680908203,18.78769302368164,148.4468,165.74454
394.6110610961914,11.27999496459961,154.00002,162.28984
393.67488861083984,11.201602935791016,158.15862,163.55356
394.1587371826172,10.565074920654297,157.14178,163.0561
397.15733337402344,7.562686920166016,154.45312,170.41507
396.9590606689453,7.450008392333984,153.67834,168.60985
395.9261779785156,71.12652969360352,139.02298,168.86368
392.26005935668945,81.44915390014648,118.93078,160.09453
397.93405532836914,105.81338882446289,108.609886,167.97147
395.0762367248535,125.79898452758789,103.98269,165.27145
393.656681060791,123.26031112670898,106.00521,168.63316
386.53796005249023,166.23114395141602,96.60435,168.81259
378.5328254699707,178.65368270874023,98.603264,158.89885
381.7765808105469,206.6731300354004,95.5986,156.74393
385.6281623840332,228.72727584838867,94.24636,160.86824
402.2623062133789,273.05907821655273,92.663864,158.10521
391.4117889404297,291.60683822631836,101.630066,151.76158
420.5278205871582,291.20334243774414,92.48559,153.57489
419.3223648071289,290.72949600219727,93.51033,153.5918
418.7715835571289,290.1114158630371,93.6519,153.43245
436.9555320739746,296.63769912719727,75.83869,157.91669
449.9030227661133,278.1841850280762,68.188614,166.53789
450.1950225830078,277.3143730163574,66.59506,168.28676
475.96809005737305,248.3185691833496,68.98136,151.92073
478.63388442993164,234.44121932983398,65.775444,150.17274
478.7208251953125,235.02385330200195,66.21759,150.23337
478.08128356933594,235.42721939086914,67.168915,149.6828
466.88427734375,225.6949348449707,76.524506,152.77335
451.9566421508789,214.27453231811523,86.986984,155.60158
447.664608001709,198.63580703735352,97.649025,157.34103
425.0207748413086,200.45278549194336,99.81459,146.32686
414.61816024780273,200.70586776733398,96.404945,147.3191
411.28198623657227,207.04437637329102,86.404015,149.466
392.68566513061523,211.09719467163086,80.657295,151.65694
391.76968002319336,211.20598983764648,80.41505,152.50148
386.3922462463379,221.0163230895996,75.495476,141.3102
385.619384765625,219.55739974975586,73.34256,139.981
377.6710090637207,253.61231231689453,79.63247,121.95791
380.535945892334,261.7196846008301,84.22376,143.056
391.97882080078125,253.75976943969727,89.37302,143.68134
389.701847076416,247.47188186645508,102.202934,139.34433
392.32030487060547,249.08967971801758,98.425,138.38705
399.0144691467285,247.3241844177246,102.8196,130.37386
426.8708076477051,220.46368789672852,93.31255,139.13275
429.78893661499023,201.41402053833008,87.57618,142.6843
431.82120513916016,184.4182472229004,84.10805,144.8172
431.6661262512207,184.03073501586914,84.474266,144.93951
436.54008865356445,171.5272331237793,81.18438,145.63869
440.940486907959,160.87731552124023,81.72437,140.3195
445.4871139526367,153.6692008972168,83.95235,136.9717
443.49205780029297,143.20270156860352,89.47649,145.59946
437.35202407836914,143.06089401245117,100.614006,146.88756
438.83483505249023,146.80849075317383,106.900215,149.26791
447.7536735534668,152.38737869262695,114.75486,147.58218
446.88840103149414,153.8185920715332,114.04278,145.62778
451.6808547973633,162.18568801879883,107.37718,144.88962
459.65515518188477,184.74399185180664,116.08935,139.2486
458.5891876220703,184.64797592163086,115.1358,139.37819
