753.0,472.0,136,86
755.8710250854492,462.0762367248535,134.74797,95.32757
758.1383514404297,467.0163879394531,139.38196,92.11694
760.1977844238281,466.1604194641113,130.03058,96.6596
765.7272720336914,468.4481773376465,132.97002,92.94038
757.119987487793,537.0070114135742,72.73775,148.01936
767.1202793121338,557.8413162231445,59.86735,150.95491
766.914737701416,574.6655883789062,68.39263,144.82999
786.924243927002,552.9120559692383,65.08456,160.44676
789.6335754394531,556.0728530883789,69.07318,150.68776
797.7972183227539,556.9314346313477,70.30644,155.5059
808.3322830200195,556.9643936157227,71.385086,162.10341
821.3288993835449,565.2963485717773,70.51765,152.78288
834.5429039001465,571.4497756958008,69.39817,149.23949
850.3923873901367,567.6359939575195,64.89067,163.73543
851.1431312561035,574.5710601806641,71.22143,151.73972
861.8608322143555,489.465633392334,140.50105,105.51646
870.990608215332,498.8980178833008,136.98277,108.66084
876.3838348388672,504.81968688964844,136.2681,94.97888
879.3578262329102,499.5949401855469,144.04308,114.69748
885.0021896362305,505.51185607910156,143.87398,96.532196
889.2449798583984,506.7389488220215,143.8406,98.48966
897.3849563598633,507.14591217041016,150.75859,96.77739
900.7026977539062,509.00011444091797,149.70468,108.03044
896.7383499145508,507.26602935791016,159.1429,110.117325
901.9076995849609,510.35293197631836,155.61816,95.90183
901.7168884277344,510.08045196533203,157.638,102.96925
897.6792221069336,508.89173126220703,161.53944,113.83748
895.4719848632812,511.8968315124512,165.51642,102.26923
892.0815658569336,513.7815895080566,165.97011,107.46908
888.0068435668945,515.9179344177246,165.34093,108.7299
887.1225128173828,517.6317405700684,162.8735,102.63633
877.0360107421875,521.2038841247559,167.73065,111.06547
873.1380386352539,520.3094253540039,168.64317,118.61543
865.2658538818359,502.79492950439453,203.44919,136.73073
843.326301574707,524.8881759643555,184.53465,129.3521
828.8212280273438,524.2584075927734,174.15393,135.61603
846.5084762573242,523.9380493164062,186.68166,109.1113
838.5606231689453,527.4797592163086,175.8093,121.95775
840.1182174682617,520.8513374328613,173.3116,110.182365
832.4897384643555,524.8620376586914,175.21504,117.70906
836.6564025878906,521.245361328125,169.02393,108.93088
835.9694595336914,520.1196670532227,167.74065,109.24483
837.4176559448242,516.8377571105957,174.85335,110.5324
834.0018463134766,514.4320907592773,179.13437,114.611496
830.8562240600586,516.3143615722656,168.11122,111.03024
832.5399017333984,514.8011131286621,163.2211,112.02891
824.8317489624023,513.1535606384277,170.48714,117.923744
827.4921035766602,509.27773666381836,167.04533,105.965065
830.5440521240234,507.93004608154297,160.70578,107.51573
829.8023910522461,506.64151763916016,158.77327,103.852554
826.1598129272461,505.11816024780273,169.0135,108.68845
827.8885803222656,508.39428329467773,160.21149,105.13352
827.5517120361328,505.8923759460449,168.45407,110.479866
828.9634170532227,502.82708740234375,166.32976,107.98599
835.5071716308594,498.1103210449219,163.76721,106.84201
831.9761276245117,495.5239562988281,170.17989,112.89633
840.6754455566406,493.8565368652344,161.26843,99.21744
905.2465362548828,472.25454330444336,167.64066,95.014595
842.7491836547852,498.14833068847656,164.5118,100.91049
842.4620132446289,496.9891242980957,164.25105,102.58181
840.6886978149414,495.7307243347168,169.18507,100.45072
844.2630157470703,498.83340072631836,165.5528,89.07264
849.8377456665039,495.0394706726074,156.2661,87.56992
843.6166229248047,491.1881561279297,162.63617,100.289246
847.6759262084961,490.35266876220703,154.77165,89.01155
844.5153274536133,484.6436233520508,159.01616,100.33876
838.2970123291016,490.36058807373047,155.94995,88.83629
840.9784393310547,485.3475532531738,153.78857,106.23144
844.2167663574219,485.83221435546875,148.11386,90.54913
835.8428192138672,485.45187759399414,152.47217,95.687614
831.2259140014648,484.6202583312988,153.08308,86.11901
830.4745101928711,487.7431221008301,150.08675,92.75094
821.5662536621094,483.58970642089844,151.26059,86.53516
816.203483581543,488.26304626464844,148.80333,88.12537
810.41064453125,484.8526954650879,145.06555,93.236565
804.8465347290039,485.2928581237793,145.60353,91.11646
797.1000213623047,484.2897644042969,148.95026,88.58966
792.8678436279297,487.8588409423828,149.48819,94.11749
776.302848815918,491.00249099731445,162.59117,103.86321
770.9534606933594,493.5753746032715,164.043,111.677284
765.8158340454102,503.58677673339844,158.85536,105.34198
756.1928024291992,513.5132484436035,168.48106,99.25851
754.2116928100586,515.5954208374023,165.66698,113.80748
756.3680419921875,524.8580284118652,145.04489,100.51652
754.5858459472656,525.2773590087891,140.60486,104.52603
748.0434875488281,526.9828186035156,150.07928,111.81091
744.7865142822266,528.8078422546387,155.39127,112.98856
747.4792404174805,533.2710227966309,153.43697,107.1103
744.466682434082,536.5227813720703,156.55779,103.34744
743.3801651000977,534.6024589538574,153.73271,107.33146
741.4674530029297,532.5052108764648,154.33188,109.49025
742.1697692871094,531.6710052490234,154.36322,110.91434
741.1422653198242,531.0896034240723,147.4239,110.82348
737.661735534668,530.6482048034668,153.25368,109.102394
737.4761810302734,533.0558624267578,154.5192,109.26413
732.8045501708984,535.838321685791,156.7764,110.42437
728.4310989379883,558.4770736694336,142.92381,92.22768
729.510383605957,561.8637771606445,141.18349,90.83003
727.0250396728516,567.3632545471191,144.72449,85.74166
725.4988479614258,570.1710968017578,136.40923,84.25842
725.1982803344727,570.9575538635254,138.10722,89.2297
724.6669158935547,574.5547752380371,134.66733,87.469795
721.953254699707,573.7713584899902,137.0399,96.13166
719.0457611083984,571.4650077819824,148.77173,107.77302
716.0968246459961,581.4536018371582,146.16884,107.99261
715.9161071777344,573.4185638427734,151.44635,147.23523
714.9675827026367,557.7618865966797,162.34901,160.02313
709.7667846679688,564.9174575805664,169.09973,140.55305
712.5212478637695,561.490119934082,164.50664,155.82076
700.8620529174805,570.3494415283203,169.45876,136.729
698.8033676147461,582.452392578125,153.99739,138.28177
695.5746917724609,581.6789779663086,165.29141,135.71165
691.4968948364258,584.5416030883789,163.02348,133.54488
685.8622436523438,593.3641014099121,153.69781,126.0471
680.937126159668,585.5930252075195,163.29988,133.5002
677.0265197753906,575.7668991088867,168.89899,143.17741
665.6575241088867,599.803409576416,170.12941,117.78805
661.7172317504883,604.487663269043,165.03319,116.682724
657.7604370117188,604.4534759521484,166.92566,114.70569
653.7691497802734,590.7542343139648,177.70389,129.01384
648.8491668701172,589.9452743530273,180.0281,128.44719
644.2771072387695,583.4792709350586,187.9981,135.42577
638.7247924804688,581.2282791137695,191.49121,138.21541
634.0900421142578,595.1764259338379,180.07059,123.97085
631.3615264892578,597.0630874633789,186.95316,122.189896
633.365966796875,602.3993301391602,170.80133,117.74129
633.0404510498047,609.2440910339355,163.39859,109.79133
636.1498870849609,613.696475982666,167.12558,104.81155
640.5256271362305,623.7263450622559,169.76686,96.565956
643.3501205444336,630.4203338623047,158.30354,88.068665
647.4285125732422,634.4616508483887,157.57056,83.79511
644.3375091552734,632.8756446838379,165.63382,85.71252
639.5318374633789,632.0398979187012,166.98848,86.87476
636.9668426513672,640.3671798706055,160.43982,80.09294
633.5995178222656,641.0945472717285,176.12473,76.84524
635.8103103637695,644.8518676757812,160.43227,74.24286
635.1476211547852,637.7012023925781,168.32195,82.04794
637.2070541381836,631.1221656799316,163.22041,78.88427
642.5626068115234,622.0853729248047,166.93625,95.56778
645.3962936401367,610.3001594543457,162.69417,105.448204
645.8684844970703,610.707088470459,162.06607,71.13325
648.7006225585938,604.0491523742676,181.88803,86.071556
651.8830642700195,580.9612007141113,213.28621,81.92593
649.3660354614258,576.0155334472656,230.47646,80.18616
647.3889694213867,573.7792205810547,222.33311,75.31912
654.3208312988281,540.7282447814941,233.25656,96.988884
657.8794708251953,548.7850723266602,220.97241,87.06578
654.0804290771484,558.9272308349609,218.23712,72.83115
653.1262741088867,544.9658088684082,220.22441,82.69027
648.9941024780273,543.8777389526367,214.52275,87.84712
644.8194351196289,545.8029289245605,197.98482,79.61326
637.9154281616211,538.0375137329102,178.71452,74.80156
638.7949295043945,529.4916305541992,195.21217,70.99721
636.0444259643555,522.9536209106445,173.02846,71.00322
633.7792510986328,518.9117431640625,211.96054,70.42175
629.5313339233398,513.4384765625,226.22554,74.108154
624.8693084716797,512.6525344848633,235.4111,78.568405
624.2222290039062,515.6352958679199,193.74731,72.979774
628.5087509155273,511.63065338134766,207.37294,69.81474
629.6404495239258,506.53550720214844,199.91228,71.24161
627.6814804077148,505.8292045593262,180.93208,65.92918
632.6188278198242,503.1277675628662,155.30653,62.491932
633.308708190918,499.7831726074219,157.57411,64.48816
633.8834457397461,498.26125144958496,174.60887,63.99721
636.3002319335938,497.77720642089844,162.76746,65.839386
640.5617065429688,499.3388442993164,164.70041,66.607254
642.7270889282227,497.656063079834,171.0685,66.94804
646.7755355834961,495.2546691894531,169.31398,64.229004
652.6577453613281,489.8937530517578,185.04459,65.23642
652.9931716918945,480.05035400390625,183.13771,66.75958
656.7488174438477,471.4027786254883,202.32521,65.6927
664.0636596679688,456.10009384155273,205.47348,68.51215
674.2077102661133,440.4685401916504,195.20729,68.90197
677.9324111938477,426.24413681030273,198.3271,71.35624
689.9246139526367,411.0934524536133,185.08739,70.76701
698.7959747314453,394.5572624206543,184.32605,71.46928
706.2264022827148,371.7525215148926,196.34886,76.55782
709.9264984130859,349.0891342163086,229.97302,84.71251
723.0307235717773,336.76560974121094,228.1928,75.324036
730.7317733764648,323.050048828125,220.89848,81.30356
737.0808792114258,313.0764808654785,226.21785,82.2532
736.7513885498047,305.4333267211914,230.99133,82.86
738.1329727172852,303.9936218261719,232.62611,85.75577
742.7219009399414,296.53268814086914,253.08278,86.13479
742.5839385986328,295.62260818481445,247.48077,85.04339
750.9538650512695,292.1429672241211,240.0508,83.29668
750.6017150878906,279.96288681030273,265.2056,85.985085
753.3968963623047,276.8541679382324,253.95306,92.93537
752.8572235107422,268.8973045349121,266.5293,101.54044
754.5507125854492,268.40341567993164,252.06248,102.62026
751.1380310058594,267.20082092285156,252.55069,93.73645
746.0411834716797,263.3877143859863,264.53534,99.839165
745.4617004394531,265.2608757019043,242.07047,96.09632
743.2105941772461,267.39653396606445,251.06328,92.23034
737.9875640869141,264.7365303039551,241.70215,99.68865
741.9063262939453,260.5146675109863,248.84338,101.35754
737.3468704223633,263.1902389526367,246.55379,111.7628
742.2882690429688,253.27392959594727,261.2924,114.38589
737.9716796875,258.12657928466797,244.13925,105.012375
744.396240234375,251.57702255249023,275.0414,110.87168
744.0988464355469,248.21663665771484,281.61075,119.18718
747.5057678222656,246.43327713012695,274.29276,119.62371
745.1925048828125,241.01836395263672,294.76303,124.510544
743.0930480957031,244.31867218017578,247.79904,125.431656
749.2803649902344,236.9896354675293,286.48044,122.28596
746.7129364013672,241.06620025634766,244.71826,121.5497
747.5911102294922,234.0522804260254,284.49243,116.25576
747.7996215820312,221.09008026123047,309.6158,128.54088
738.0476837158203,224.87916564941406,273.03113,132.67853
738.4258728027344,220.75516891479492,275.80453,123.77039
722.9347991943359,224.64651107788086,278.70587,127.845436
720.2796020507812,221.8964614868164,282.074,135.43538
707.8786163330078,225.52247619628906,307.49597,134.56909
690.1004028320312,227.9601821899414,260.525,153.47102
692.4711303710938,221.9046859741211,270.8898,141.16435
688.9065856933594,225.88595581054688,230.26999,157.86539
695.0647811889648,227.97633361816406,223.53313,137.99213
695.5847015380859,220.02976989746094,231.55536,145.18134
675.6065368652344,216.2710189819336,244.83646,151.64622
669.8729782104492,216.86865234375,244.10118,159.00644
676.8521347045898,214.60594940185547,240.76866,154.24052
675.1021575927734,214.70442962646484,233.2409,151.17412
684.1797027587891,215.38746643066406,220.71338,147.89386
688.2018661499023,218.0374984741211,215.51842,139.97673
687.5817108154297,221.51881408691406,211.60455,146.2785
682.8099212646484,230.18753814697266,190.61584,157.47511
675.0169372558594,241.47010040283203,192.41794,152.05147
675.3831787109375,251.25814819335938,190.92917,172.621
673.6623077392578,256.60888671875,199.40924,171.6531
663.5592575073242,264.5965805053711,207.54344,178.69963
663.0697250366211,272.6065139770508,200.2567,174.14363
651.0013122558594,278.74691009521484,208.75076,175.14629
646.8916625976562,282.0429458618164,212.05069,164.51302
643.5661392211914,293.2070999145508,205.60713,164.13356
642.2738800048828,293.55338287353516,213.96082,168.25648
635.8658218383789,303.9781723022461,209.77364,170.26653
633.1474533081055,309.6293640136719,204.77,160.25815
627.2423400878906,315.91822052001953,202.01083,162.52211
618.9594573974609,322.89298248291016,204.58716,166.55928
611.6654586791992,333.1484146118164,199.0266,157.82039
607.7275695800781,335.9170455932617,195.85641,159.66087
606.4418869018555,332.5003967285156,200.10582,156.22372
614.2834091186523,329.17833709716797,195.86406,156.82109
612.3935089111328,331.05999755859375,195.47803,158.47794
611.9825820922852,333.59300994873047,193.19466,157.88066
609.1590881347656,337.94054412841797,191.65628,164.96666
603.8769760131836,340.2720031738281,192.12584,168.40726
598.8193283081055,341.7193832397461,192.8037,174.35088
590.6592483520508,345.9081802368164,196.1739,175.52986
588.1103210449219,356.66615295410156,187.5596,171.52875
586.592170715332,363.1645812988281,188.46986,173.47348
589.8652114868164,364.32720947265625,182.02296,178.24606
586.6734085083008,366.15528106689453,186.08937,177.25032
582.3069000244141,371.1996078491211,188.72473,180.29698
580.4942016601562,385.7251739501953,185.66342,170.6623
582.5974807739258,393.22705078125,177.98457,168.78653
585.2117919921875,401.8698272705078,172.06699,163.65894
586.8221054077148,393.6435089111328,178.46935,174.35864
590.0855560302734,403.5747604370117,168.85199,166.56505
595.2736282348633,394.3663024902344,178.86745,176.10428
604.4901428222656,398.8881301879883,172.9274,170.93752
610.3040008544922,395.99158477783203,180.78094,176.47322
607.7485427856445,395.8429412841797,188.34804,177.80286
611.8572387695312,398.74230194091797,179.43192,172.84142
613.2061538696289,398.33158111572266,185.81721,173.50917
615.9366912841797,395.19654083251953,190.52246,174.74269
617.1476593017578,395.41703033447266,192.18842,172.67384
616.9076843261719,399.26432037353516,183.60837,170.97243
616.9434432983398,394.95684814453125,196.14427,176.27963
613.8657684326172,398.9828338623047,187.95459,175.27686
611.6485443115234,394.9092712402344,200.09747,178.6641
609.9432678222656,396.25933837890625,200.39603,182.2136
607.1437301635742,400.1396713256836,198.184,178.61418
613.3018798828125,404.2907485961914,190.90823,176.99977
616.9724273681641,403.64031982421875,198.82007,177.53732
618.9352874755859,404.2124710083008,194.8888,173.0146
621.9338912963867,402.39064025878906,193.33098,175.8374
624.6311645507812,399.7724380493164,196.43362,173.81776
629.4635391235352,400.19114685058594,190.67738,166.71716
630.1877288818359,398.10240936279297,192.21893,171.70122
633.0288848876953,395.87007904052734,193.37445,170.65794
630.6973190307617,395.1581344604492,192.06401,167.90215
635.1379241943359,392.1814422607422,190.63116,172.29199
634.8050765991211,392.91893005371094,192.29942,170.87146
639.3444290161133,390.37327575683594,188.72566,172.12292
642.8816146850586,386.23899841308594,189.63396,170.01703
645.6075897216797,382.85858154296875,189.79669,165.43008
642.7403869628906,380.33158111572266,187.92282,164.92
648.5733184814453,373.0783920288086,182.42499,173.76762
648.8375091552734,374.9339141845703,185.46783,168.99536
647.1619491577148,372.64772033691406,187.88249,168.0575
646.2816848754883,369.91163635253906,188.12086,172.75696
647.5607147216797,368.69178771972656,188.15735,172.7279
645.8587493896484,367.15440368652344,190.45355,171.13641
644.6040649414062,365.66212463378906,192.25363,171.08142
644.3578948974609,364.5584411621094,191.31042,169.62967
644.7901077270508,363.2135238647461,190.05586,167.56047
646.1464004516602,360.96920013427734,192.76894,168.98766
643.9606170654297,358.4748764038086,190.94946,175.16692
645.6578903198242,363.6154098510742,189.39348,165.52513
644.2121810913086,362.1666793823242,191.55644,163.76335
648.4650802612305,359.8350601196289,187.68565,170.08022
649.0912475585938,358.26171112060547,188.7142,172.15782
651.8914260864258,355.42989349365234,187.68391,167.87651
653.4936981201172,353.57865142822266,190.10919,168.77907
654.0752182006836,357.45996856689453,190.64653,165.61238
654.8918762207031,357.4618453979492,192.09518,164.43932
656.0623397827148,356.15797424316406,186.059,163.78845
655.6858749389648,353.55381774902344,187.34343,172.72107
657.2787704467773,352.1604919433594,187.01787,162.14359
659.804084777832,346.67977142333984,186.97096,164.41167
664.1886596679688,340.2215805053711,187.30527,161.1616
663.3902435302734,334.42584228515625,192.58649,169.75424
667.6491851806641,333.1344451904297,186.25159,162.28949
667.6246185302734,333.8433380126953,186.42114,167.07056
668.1189193725586,327.90235137939453,186.14244,164.28218
665.3364791870117,332.7233428955078,189.71336,165.54352
665.2646942138672,329.8473815917969,192.06189,167.24985
663.0341415405273,332.6715316772461,192.75475,166.12651
658.7721252441406,334.2117691040039,197.62564,162.7632
656.5239334106445,335.84305572509766,192.29762,158.84975
655.3538284301758,332.46704864501953,190.94075,163.55525
653.0742874145508,335.8544235229492,186.75856,164.55186
652.5422592163086,335.67433166503906,185.95006,163.87933
647.6289978027344,335.4944839477539,191.24295,166.31294
644.2538299560547,338.7098083496094,191.4173,164.95016
642.1282577514648,339.42015838623047,191.40782,166.73308
640.2094955444336,338.89503479003906,191.71904,166.16284
635.7963256835938,343.28675079345703,190.76718,166.90053
629.0668563842773,339.9433288574219,194.12804,166.34952
626.8512268066406,344.40026092529297,195.55759,168.03136
624.9345932006836,349.8484573364258,195.42198,165.87813
620.5224456787109,349.3807830810547,195.70111,170.51355
618.9445266723633,354.60779571533203,193.037,168.87361
613.2654876708984,358.61732482910156,193.956,169.32928
613.9801940917969,361.7369613647461,191.83072,172.44627
611.2714996337891,364.17005920410156,195.8471,165.47687
608.1418380737305,364.1027145385742,198.43102,171.08391
612.7164001464844,365.8786315917969,193.94681,162.94644
613.8614120483398,366.04161834716797,189.11943,168.58647
613.3692092895508,370.37864685058594,188.64027,169.98938
614.6188049316406,372.47840881347656,190.0256,168.59491
617.8084945678711,374.87303924560547,185.26244,162.8814
621.6540451049805,373.3607177734375,184.80333,167.7739
623.4903869628906,373.60205841064453,184.56686,160.54158
623.4902648925781,368.03050994873047,185.42734,158.42485
626.2632751464844,364.27557373046875,184.46292,161.33115
627.7742462158203,364.8373031616211,185.88312,160.72063
630.1905212402344,359.4067077636719,186.40634,161.57578
629.5594253540039,358.99886322021484,191.93068,163.36363
633.5178833007812,354.4820861816406,185.43149,159.09396
636.708625793457,351.81761932373047,186.37062,160.99675
639.2966918945312,345.56968688964844,189.2385,156.92615
645.1647109985352,338.87355041503906,186.53609,155.8805
650.4292221069336,330.2265396118164,190.39616,160.6769
653.679084777832,324.98917388916016,189.13368,157.21193
658.2926406860352,320.24314880371094,190.77394,163.72675
661.2649002075195,315.9030456542969,189.61037,157.62833
665.120002746582,307.15716552734375,193.6891,158.08145
670.4085388183594,305.09693145751953,187.90848,161.28548
672.17041015625,300.11583709716797,197.00455,156.68364
677.314453125,293.78516387939453,193.1464,162.54268
678.1964492797852,291.73152923583984,193.85573,158.43864
678.4686965942383,288.0983352661133,196.52278,165.16151
678.0073318481445,286.8859405517578,198.28047,160.70392
676.0530395507812,287.03067779541016,198.31442,165.5619
676.3176879882812,287.2582015991211,203.49875,164.80498
675.5043258666992,286.21714782714844,201.58696,163.06049
674.3550109863281,286.2555465698242,200.2836,164.00499
677.6626663208008,285.79322052001953,195.29549,164.0013
677.3916320800781,285.07713317871094,195.42294,162.43756
676.2183380126953,283.3094711303711,198.20807,164.74553
677.411750793457,281.24573516845703,196.66255,166.78505
676.1802673339844,282.13631439208984,199.7333,166.07567
674.7876586914062,281.24395751953125,199.18552,165.14688
674.1558609008789,281.7011947631836,205.34578,166.42229
672.5716171264648,280.7348098754883,210.4887,167.1249
672.3136978149414,282.8457565307617,202.01588,163.97612
671.3736724853516,283.3710403442383,207.92328,166.87935
669.1912994384766,284.5210418701172,206.90503,166.14594
667.2983932495117,283.99639892578125,207.968,166.38223
666.3548583984375,283.74488067626953,211.0809,163.77638
663.3074645996094,286.190673828125,206.33762,169.68863
661.6995697021484,285.4623336791992,205.30237,161.3618
661.6999435424805,284.7197952270508,218.48076,171.44319
661.304931640625,286.47742462158203,214.5076,165.33192
661.5142593383789,287.858642578125,216.83583,160.2955
664.4276809692383,286.2384262084961,215.52773,168.91838
668.6671600341797,289.43980407714844,210.02423,158.87988
668.3724517822266,291.20503997802734,220.61877,170.61015
672.1522064208984,293.13616943359375,217.60919,164.707
676.1732177734375,295.4849548339844,205.96793,164.18729
676.5836944580078,296.65042877197266,205.92035,167.09084
678.9726333618164,297.6249694824219,202.99861,169.55338
677.988151550293,300.0971221923828,208.59837,171.74158
677.6595840454102,301.46153259277344,210.02858,166.26868
675.6649475097656,301.5227813720703,206.50522,168.92279
671.3259887695312,302.5192337036133,213.61667,168.58833
670.0105819702148,301.20687103271484,211.58122,168.92021
668.114143371582,300.69445037841797,212.34084,173.55583
666.8898239135742,301.69923400878906,208.46605,168.12408
663.9990158081055,301.6167755126953,208.783,173.34088
659.7622833251953,302.4239730834961,211.52832,167.50279
656.9116058349609,301.2943878173828,207.58563,169.14423
656.9823989868164,301.87139892578125,207.2021,170.18289
653.5995483398438,300.68836212158203,213.62558,167.78792
654.1186447143555,301.7922134399414,212.94182,165.0594
653.8843612670898,303.66510009765625,213.26292,168.60965
653.167366027832,305.76121520996094,215.71925,165.2005
652.0049896240234,304.1747741699219,221.05328,167.58383
656.325080871582,304.6046371459961,213.10963,162.65886
655.8813552856445,301.0515365600586,214.49202,166.59123
658.6172561645508,300.8195114135742,211.3271,168.47905
656.470588684082,300.2986068725586,211.71712,171.23228
658.7097625732422,301.09607696533203,212.86682,173.55592
656.79443359375,303.07276153564453,212.32932,168.3816
657.2800140380859,300.6616744995117,214.03741,176.00719
660.4028015136719,304.6519775390625,212.80801,168.78995
658.1492004394531,306.1616668701172,213.95901,166.7793
660.6222229003906,301.67112731933594,214.92386,170.60815
662.4577865600586,301.6642761230469,213.73631,169.47018
667.1079025268555,301.31639099121094,211.74113,171.24542
667.0827484130859,301.30699920654297,213.65472,160.9705
669.4413528442383,299.18096923828125,210.80775,164.28409
670.1858367919922,298.88050842285156,211.92029,168.42993
671.2256927490234,296.314453125,215.37964,169.25858
672.6705856323242,297.3385925292969,215.05449,167.45334
674.1875534057617,297.0070495605469,214.29222,166.97293
674.7745361328125,295.1718444824219,211.84183,166.60568
674.0579528808594,294.1781234741211,214.85709,165.80125
671.9191055297852,291.65965270996094,214.53737,164.67505
674.9083633422852,286.7279357910156,214.73006,163.31882
673.6882858276367,288.2202911376953,217.85661,165.88818
673.4070510864258,287.99256896972656,215.87251,163.57208
674.3902587890625,285.18563079833984,212.47147,166.81493
674.584098815918,284.89170837402344,211.8148,164.80194
676.7078857421875,286.3349609375,210.83359,161.62057
674.6672744750977,284.5304946899414,207.27315,165.17976
675.1664886474609,283.64514923095703,209.35132,164.42458
677.4507675170898,286.2005386352539,212.6364,161.52895
677.9190216064453,283.33229064941406,216.1181,161.94977
679.8734893798828,282.03710174560547,222.84161,164.6812
679.6330718994141,284.63401794433594,210.46149,165.1424
676.7015228271484,287.31517028808594,221.33722,161.7334
678.6624603271484,288.07762145996094,204.72339,163.21686
677.6271133422852,294.355712890625,214.44063,160.8782
675.4344940185547,295.54261779785156,198.04791,163.86414
674.8271026611328,299.0099411010742,204.8916,163.63268
670.5555419921875,302.31526947021484,221.13419,163.51659
669.6923217773438,302.7882614135742,199.98386,170.53178
663.3230133056641,302.87548828125,205.14984,168.78073
656.8867034912109,304.9743957519531,220.02509,167.051
654.2093505859375,301.82081604003906,208.33499,173.86261
647.1055145263672,306.41345977783203,207.22186,168.19618
640.1126098632812,307.76612854003906,219.57004,167.55109
635.086540222168,305.6727752685547,215.87016,173.32202
627.0423278808594,311.22386932373047,207.51096,176.29466
619.6807556152344,320.99666595458984,208.17484,165.29765
609.7251358032227,323.9944305419922,224.20302,169.61237
606.4195938110352,326.74500274658203,207.51326,172.46248
601.307731628418,330.3587875366211,207.56609,169.87877
598.0672912597656,332.3750457763672,200.28384,169.3974
595.7125778198242,333.99998474121094,200.6873,174.87561
592.2284164428711,337.9662322998047,198.04735,176.95007
585.9498062133789,345.8153610229492,204.66127,179.63835
580.82373046875,353.9051055908203,225.37875,177.74237
574.4099349975586,363.45421600341797,223.9152,175.57921
567.8565444946289,373.5904006958008,222.5331,172.01088
562.2706604003906,382.47354888916016,205.50198,170.92226
554.4473190307617,386.14466857910156,240.46306,174.0445
551.5302047729492,388.61173248291016,224.56706,181.22633
548.3726654052734,393.3689193725586,204.38184,177.24742
541.7395629882812,396.19024658203125,212.55661,176.81119
535.4816589355469,395.3722610473633,239.8417,180.92256
530.7766723632812,399.61810302734375,223.45847,181.77573
524.4929885864258,399.6893844604492,210.21278,183.72343
516.8799285888672,399.43653869628906,222.3703,181.086
512.1924514770508,403.7396545410156,202.50923,176.97885
505.3217315673828,393.47570037841797,209.75037,188.87596
501.1797561645508,403.4719009399414,200.23476,178.54988
491.872802734375,397.71553802490234,202.90005,188.85966
480.8463668823242,405.8237533569336,200.12206,181.00145
462.9385986328125,407.3135452270508,208.07925,187.52669
442.53372955322266,410.4700927734375,216.57893,190.71152
424.5170440673828,415.2083053588867,217.74939,189.2783
414.0958938598633,412.3124542236328,211.714,194.72803
400.2221374511719,405.7593536376953,223.40329,202.74219
386.3753890991211,411.67982482910156,216.37291,196.27917
375.63677978515625,413.8779525756836,223.99454,195.63109
370.18871307373047,414.28235626220703,219.79564,191.61244
364.0467300415039,418.30499267578125,219.24934,192.02048
357.0452880859375,419.04734802246094,223.29904,191.97345
352.3284683227539,418.0514450073242,232.8503,199.66179
351.40704345703125,424.2923583984375,230.08359,202.10776
356.28565216064453,426.74293518066406,236.22853,210.02765
363.80311584472656,428.3007583618164,245.0199,208.85371
368.8544464111328,437.05493927001953,243.96259,197.4189
376.1843566894531,437.34610748291016,250.1268,200.13527
384.14327239990234,445.42589569091797,238.17046,191.455
390.898193359375,446.8456497192383,229.64786,193.2895
397.2930221557617,443.18482971191406,224.86052,200.55225
404.0774917602539,445.1702651977539,227.26167,197.03584
415.9243698120117,437.1453170776367,226.05608,196.04857
426.27903747558594,429.74047088623047,220.9364,191.31566
442.76502990722656,417.78485107421875,210.67877,184.3494
458.6499252319336,397.6207275390625,216.87267,183.92636
487.9130554199219,369.2463684082031,212.63858,186.18124
507.6700973510742,350.5108871459961,211.00847,187.01634
528.3903198242188,317.91759490966797,218.2305,190.76909
549.4703521728516,302.9125518798828,226.85919,182.22394
563.2242050170898,283.2256774902344,226.48393,197.58298
573.0586090087891,277.5579147338867,223.59045,196.33568
585.2588119506836,277.38147735595703,215.70116,188.04909
596.5951156616211,273.1243209838867,218.48668,178.63237
607.9212112426758,269.343017578125,218.65059,176.56717
614.3270874023438,263.6470260620117,220.34824,177.58269
623.9300231933594,260.3336181640625,217.20145,177.31735
630.8063888549805,262.24951934814453,213.88084,173.68202
634.8503570556641,261.75370025634766,221.69885,172.46254
636.8998718261719,257.32254791259766,221.81644,188.64223
642.6667785644531,261.8298645019531,215.77505,183.6719
643.7479629516602,266.9034957885742,216.06123,183.77214
644.2541656494141,271.00440979003906,214.63855,180.00873
644.0956497192383,266.9615249633789,213.4582,178.56062
643.8350982666016,262.7694320678711,217.61353,181.80547
640.7399597167969,263.4273910522461,218.73337,183.5717
634.4024124145508,266.87162017822266,218.0984,179.11171
627.6025772094727,269.5608596801758,216.86555,183.64424
621.3967590332031,272.2506790161133,215.07468,183.37532
617.3420181274414,281.4932632446289,220.88264,173.32234
611.7377853393555,279.29781341552734,223.15092,181.12999
605.4267272949219,271.50528717041016,223.65408,188.97829
600.7810516357422,278.8956069946289,220.19342,180.42006
602.4261016845703,282.92699432373047,219.80829,174.41978
603.7227554321289,280.62340545654297,229.11433,178.89952
597.6357574462891,279.10965728759766,226.96149,186.25185
592.1083297729492,285.06270599365234,227.36852,185.19572
588.6646041870117,285.7731628417969,225.47112,186.62057
586.94189453125,289.2651596069336,222.07138,184.22148
587.275032043457,291.2179183959961,223.05,183.97325
583.7151870727539,293.49349212646484,223.07716,182.80254
586.2074584960938,294.6605911254883,223.64291,182.83736
593.8317642211914,291.4441223144531,221.5074,184.46829
599.413459777832,292.62249755859375,221.72145,192.29776
603.9005889892578,293.6502380371094,225.60901,191.21188
606.4504928588867,297.4072570800781,221.99614,187.35373
610.588996887207,298.68495178222656,215.0652,185.60303
610.6431274414062,299.45446014404297,219.22433,189.9254
620.1278686523438,299.64703369140625,223.19254,193.61844
618.628059387207,299.67095947265625,226.6968,193.81052
620.5058059692383,303.77677154541016,223.46907,194.62447
619.1325912475586,312.2764358520508,222.0034,191.19624
615.5090026855469,319.6480712890625,222.98795,190.70389
615.5728302001953,323.19217681884766,218.24603,187.64583
616.0786819458008,325.56844329833984,218.7712,193.7827
617.2874603271484,324.36954498291016,221.13153,201.41853
620.0150680541992,330.41248321533203,216.74834,199.54738
623.3857498168945,333.23883056640625,215.22774,200.2457
623.2010192871094,336.1037902832031,207.61606,199.48807
626.3599472045898,332.44886779785156,217.3626,209.47815
627.6251068115234,332.78711700439453,221.125,208.2978
629.469367980957,339.7007751464844,213.27968,204.02109
630.6914978027344,343.9337921142578,210.03867,204.0304
632.7752914428711,343.2873306274414,214.81212,209.23024
636.5154113769531,350.8730926513672,209.73001,206.84644
639.360710144043,349.74317169189453,214.16423,212.99043
640.9435119628906,357.9266586303711,209.07504,207.00383
643.3273391723633,363.32530975341797,208.09932,204.06859
645.7707595825195,364.0214385986328,221.73744,207.36395
647.8455200195312,368.1235885620117,211.24911,201.74559
648.9119262695312,373.03893280029297,199.21439,198.66185
647.7470626831055,363.8795471191406,236.9027,211.54404
651.6260452270508,375.0195007324219,227.23933,198.92117
656.9964981079102,379.3178405761719,216.17415,197.73007
658.8347549438477,380.9709930419922,224.09785,206.41486
667.3540496826172,384.7552185058594,216.11884,209.90579
677.5329742431641,390.758544921875,216.51782,211.12497
673.9561920166016,392.7189025878906,242.92194,216.9589
669.2924575805664,395.8923645019531,242.75185,208.4401
673.334114074707,394.35511779785156,242.21828,209.76184
684.2235260009766,377.0498580932617,229.33215,221.85612
692.2031173706055,380.08451080322266,208.56047,210.32655
693.1239624023438,377.65145111083984,205.43826,210.7614
691.1627502441406,376.61944580078125,204.91043,208.31631
693.1077423095703,378.6788635253906,199.04865,208.3743
697.4572067260742,375.5453872680664,223.03539,216.48042
697.9214630126953,385.0367889404297,207.79852,211.26947
686.9583053588867,388.37284088134766,211.17119,210.68605
687.9349517822266,392.3766174316406,211.6333,213.78244
687.9093322753906,401.3751449584961,217.68198,210.47777
683.6193771362305,395.8780288696289,227.21739,225.30727
676.5883483886719,400.67415618896484,241.41934,228.36388
671.7331314086914,399.3430938720703,251.70454,219.07788
671.2681884765625,401.9496612548828,259.4739,215.16534
683.240608215332,404.3860092163086,230.06099,220.82957
695.6461181640625,398.1997375488281,228.57944,262.4197
694.6126403808594,397.7905578613281,236.29971,269.97165
711.4484634399414,392.35113525390625,235.18593,257.06393
686.3727416992188,409.05152893066406,260.93967,239.34766
682.126350402832,407.5279769897461,233.61269,244.82439
683.0164184570312,410.4652633666992,239.04636,228.47539
670.8257293701172,414.9533004760742,261.08154,211.01164
676.1002349853516,412.6462097167969,267.669,207.60916
682.2705383300781,408.6571731567383,257.92532,210.6349
682.0600967407227,406.83802795410156,249.60243,209.73816
680.7590637207031,395.5758056640625,275.88248,211.82376
684.8616943359375,395.07872009277344,246.43771,223.80505
696.1453399658203,358.8294982910156,256.90588,229.22073
695.854248046875,369.8993377685547,242.9172,214.50757
702.55908203125,352.2277374267578,257.37955,222.34503
700.1481018066406,347.6956558227539,262.1628,213.41206
699.2007446289062,331.3517608642578,260.55942,214.21875
704.874267578125,331.8664855957031,245.26743,207.50186
699.1616744995117,325.29700469970703,249.2725,208.9117
711.9288864135742,309.9336395263672,247.3803,205.68573
708.8677749633789,304.286865234375,244.06935,202.06625
743.455192565918,288.1930389404297,224.96288,206.5763
716.3926544189453,288.51045989990234,246.76758,198.747
720.1436157226562,286.5786437988281,251.33383,197.00986
735.3461990356445,279.4365539550781,237.56087,192.33011
749.8676910400391,279.48390197753906,226.22198,174.24103
734.0473098754883,282.27510833740234,235.36531,176.55766
737.223388671875,272.91688537597656,237.25632,183.90698
732.6457595825195,277.4660186767578,242.4546,177.40588
728.2404632568359,268.7898178100586,248.04517,182.36784
724.7489929199219,261.8885192871094,257.44852,198.31918
748.8184204101562,260.36746978759766,240.69113,190.66103
745.5717010498047,262.36517333984375,256.75098,197.85336
817.7449645996094,257.9495162963867,202.89023,219.27592
784.7232055664062,250.8694839477539,218.70743,162.76723
783.4716339111328,249.96117401123047,217.02618,199.07463
798.335090637207,243.12042236328125,201.95503,210.59048
803.8489074707031,235.62499237060547,194.91946,177.13518
749.4365921020508,248.4888916015625,226.62148,207.64084
804.0053482055664,246.64271545410156,192.08968,195.49548
761.1435241699219,238.03101348876953,209.88113,186.26802
620.9482345581055,343.8350296020508,242.45543,251.38985
613.4889068603516,356.55450439453125,234.7641,245.6276
613.6266784667969,340.6061096191406,265.15793,261.55014
607.9003524780273,348.7328109741211,241.12401,246.99461
608.031623840332,350.3548812866211,244.52242,254.93272
604.8729400634766,324.28175354003906,272.46094,282.10022
610.9849243164062,299.33570861816406,289.5839,303.33435
609.3655853271484,279.26341247558594,308.05292,319.22284
605.5919647216797,302.2699279785156,295.25775,300.1218
609.583740234375,324.76966857910156,281.9706,270.08777
608.5188827514648,342.89939880371094,243.25316,250.7774
610.8171615600586,353.9387512207031,235.0684,244.93948
614.9404525756836,354.79625701904297,248.30046,250.317
617.6034622192383,356.6941680908203,241.48805,245.8316
622.6709747314453,242.61570739746094,327.96777,364.04248
622.265869140625,265.93116760253906,327.32278,333.81097
625.4717102050781,269.2241668701172,310.61337,337.85132
623.4948577880859,254.93511962890625,321.5987,347.63583
626.2547912597656,271.82899475097656,328.99863,333.80524
626.7467956542969,269.7282257080078,308.91977,339.6264
621.6047210693359,296.2335968017578,307.08832,313.85492
622.9285583496094,293.29852294921875,311.10434,315.1545
622.3718109130859,295.3242492675781,300.90643,314.26358
618.5449981689453,288.37086486816406,320.8285,318.8537
621.2830963134766,288.29933166503906,305.33215,312.4395
616.5333099365234,295.66078186035156,301.23993,313.7658
612.0117645263672,324.15838623046875,273.27838,285.0024
604.4267196655273,348.4861602783203,248.86461,265.25446
604.6647491455078,347.373779296875,279.9773,275.5068
601.0118255615234,329.3628234863281,283.4886,288.08914
604.6885223388672,330.3617858886719,282.61212,282.9949
606.7973480224609,320.71734619140625,284.40778,290.97665
604.2375946044922,312.1609802246094,297.11542,302.03018
605.924560546875,338.283447265625,268.11002,271.2579
606.7739715576172,341.06605529785156,271.43622,266.22528
602.2565155029297,304.6897430419922,291.18036,311.77856
599.4612426757812,304.7528076171875,309.26566,310.19394
595.0374603271484,332.0763854980469,284.4156,281.15067
596.4800872802734,343.40472412109375,268.83002,268.36813
598.7442016601562,268.76039123535156,334.75772,343.67657
596.7841491699219,334.2689971923828,269.77695,274.476
594.3223266601562,334.6633758544922,269.57144,273.0404
592.5121765136719,339.51939392089844,272.08725,268.35718
589.6250457763672,299.6939239501953,303.38812,308.4876
589.6868743896484,330.94580078125,283.24725,279.69907
584.7452850341797,301.10516357421875,299.6563,302.90402
586.0725555419922,282.2032470703125,315.07697,327.47958
586.0220794677734,281.25416564941406,315.055,327.51007
584.9908752441406,288.1027374267578,306.27512,319.41437
585.7256774902344,289.98529052734375,317.06808,324.2402
584.9838104248047,297.09349060058594,307.3427,312.73206
585.8111114501953,315.5911560058594,291.58545,304.31924
582.4070281982422,326.3659973144531,293.98322,287.73087
582.3814086914062,337.5093231201172,287.8948,277.38403
585.9990997314453,337.25157165527344,282.7423,275.7738
584.6346740722656,351.7081298828125,264.88974,260.181
588.087890625,369.97574615478516,255.3251,248.41164
593.5401153564453,355.7581787109375,254.92468,268.17715
592.637451171875,366.873291015625,254.98404,256.3146
595.8794174194336,374.97362518310547,224.9301,247.47563
596.5937271118164,386.8817901611328,218.06917,238.3479
596.667594909668,387.4262390136719,215.03502,241.49954
595.4211502075195,394.57750701904297,219.80055,240.1544
596.8254547119141,392.6499481201172,229.32013,246.22339
600.1666412353516,392.2519989013672,226.75812,256.71033
602.7666091918945,395.052490234375,238.9958,259.705
606.8956756591797,397.7801818847656,245.8742,260.37186
610.4883270263672,383.17808532714844,260.195,275.76495
613.4494323730469,287.01805114746094,319.228,369.9317
654.1242065429688,284.80271911621094,360.3666,328.31903
625.7395324707031,312.380615234375,324.91306,352.89468
616.2839202880859,325.55360412597656,333.6297,362.25867
631.3705596923828,325.99273681640625,324.3905,353.5436
666.4091033935547,308.11048889160156,350.9052,305.4502
638.2803955078125,357.25025939941406,321.0933,328.55347
641.6278533935547,329.5001678466797,335.54608,369.55048
650.8439331054688,326.0170135498047,331.70535,367.21783
651.5985412597656,326.31480407714844,332.71164,368.80194
656.3239898681641,319.4286804199219,324.823,379.01193
658.6519927978516,323.1626739501953,313.78418,379.7412
649.3576049804688,326.35096740722656,330.00223,357.97192
638.7680511474609,324.3795166015625,320.1878,355.53738
636.9767761230469,316.4757385253906,330.7097,355.6992
633.7376403808594,338.5056457519531,311.32126,336.20346
630.9118804931641,307.41127014160156,318.52332,374.94116
628.5404815673828,325.1696319580078,326.85046,360.5558
635.9023284912109,312.12640380859375,371.96857,348.8665
593.5392303466797,332.1793518066406,349.80304,378.09103
574.0554962158203,343.40916442871094,406.6726,370.98236
559.7784729003906,335.7371063232422,377.87143,380.33844
557.4830169677734,344.3537139892578,378.59918,377.78455
538.9945983886719,336.59471130371094,395.358,380.09747
515.4974517822266,356.0124816894531,358.96448,361.36874
501.3824157714844,358.8901672363281,345.65927,367.13913
484.133056640625,350.84584045410156,368.4379,371.5111
476.4246826171875,350.0314483642578,367.90274,368.98987
461.59568786621094,367.2016296386719,350.15265,351.97763
453.3147277832031,360.6076354980469,386.2512,358.65012
451.7058410644531,368.4887390136719,338.41782,353.09616
449.90936279296875,348.2620849609375,381.08,368.7399
441.47344970703125,359.15318298339844,363.76212,364.25262
465.14739990234375,361.7065734863281,355.72757,329.38254
445.1590881347656,376.3893127441406,320.05392,344.48874
472.6628723144531,358.86680603027344,347.49155,304.01776
442.5606689453125,368.7990264892578,336.75662,354.7179
473.73841857910156,358.2675018310547,374.18005,327.35736
532.3947296142578,345.98536682128906,327.9535,221.12036
541.2204895019531,344.0712585449219,355.89975,217.96481
532.9525604248047,369.6999969482422,310.66498,198.28827
527.6065979003906,378.6329879760742,302.2681,196.86186
503.0578918457031,391.50428771972656,305.76657,266.5387
512.6892395019531,388.93396759033203,334.52048,195.68544
556.255126953125,392.1987838745117,241.9042,188.23576
569.7994689941406,379.55582427978516,268.01633,187.12093
564.0696411132812,358.8805618286133,256.12778,228.88887
574.0117492675781,364.1025390625,272.7695,197.56332
372.3288345336914,324.02132415771484,201.75438,228.45647
382.94763946533203,317.94678497314453,180.398,221.87843
398.1468963623047,309.9236755371094,168.11679,226.40524
417.90186309814453,312.3984680175781,155.64317,243.2974
406.77452850341797,299.7400207519531,166.79268,225.9946
552.8423156738281,383.2708435058594,266.97522,280.7203
547.1432037353516,386.3926239013672,293.1923,282.10724
551.4113159179688,361.9891815185547,280.81464,310.8216
551.3949737548828,367.5229797363281,278.90396,324.0753
550.8406219482422,370.3936462402344,289.13278,320.2817
551.8289642333984,374.2895202636719,302.8116,309.6085
554.4579162597656,370.7267608642578,304.66016,305.46338
564.6654357910156,360.2526550292969,320.7423,311.17624
572.5792846679688,367.5263671875,310.78314,295.62955
577.130126953125,368.77903747558594,344.07367,302.60175
576.1615905761719,373.1422576904297,355.49402,305.11163
580.0977630615234,376.0759582519531,368.30942,312.86118
568.4894561767578,396.361328125,366.88028,306.36282
579.1476135253906,404.5693359375,333.89355,279.12955
573.9403686523438,407.39349365234375,348.17426,300.48026
593.9526824951172,413.4784393310547,285.22433,274.8161
601.2955780029297,406.85874938964844,313.9199,281.89105
588.2151794433594,421.30059814453125,299.73535,284.621
598.6758117675781,414.7506561279297,302.19922,269.10907
579.9933929443359,426.2117614746094,272.60397,278.9471
600.5568695068359,410.14842224121094,335.74277,264.58258
592.6794891357422,405.88560485839844,337.17844,294.84235
600.0586242675781,395.4974822998047,323.99182,293.393
600.8302307128906,403.90245056152344,335.90674,281.92303
609.9104919433594,392.6453399658203,311.31592,282.48572
623.4306488037109,386.1095275878906,339.72763,281.99594
614.8047332763672,391.6426696777344,347.1556,272.00766
612.4775085449219,393.57110595703125,333.63525,271.18533
614.1875762939453,393.9492950439453,335.3223,273.82166
619.3781127929688,395.5977325439453,309.3902,271.93042
622.1711273193359,395.8546142578125,283.42783,266.09
621.9299468994141,383.78131103515625,332.49637,282.9495
610.3674621582031,391.10914611816406,343.09753,283.5277
616.7650604248047,400.5959777832031,282.80368,262.59348
620.716552734375,385.6921081542969,340.04205,272.35275
616.9551239013672,387.16925048828125,343.6434,274.5131
611.3894348144531,385.04296875,349.4546,278.0353
603.3692321777344,393.0438690185547,355.52002,280.3421
606.6351318359375,397.8483581542969,351.2259,286.77585
608.0199279785156,398.346923828125,353.82617,291.84
613.1406097412109,400.994873046875,338.1329,288.66556
607.2515106201172,405.8040771484375,332.30624,293.5928
614.1631317138672,398.20155334472656,341.97153,281.90735
604.6736450195312,404.71173095703125,337.9052,290.8284
623.2136840820312,407.02024841308594,344.01434,269.10345
607.1284484863281,405.4552307128906,338.0354,293.8198
615.6964111328125,409.66627502441406,353.18732,286.9497
605.9164428710938,409.5358581542969,343.13422,281.96286
600.5703887939453,405.7317810058594,326.2449,291.78
618.7686614990234,403.21580505371094,319.18527,264.10956
611.6256256103516,397.4096221923828,308.99307,274.8092
615.0849761962891,396.99462890625,338.71463,283.48172
602.2904815673828,386.0064392089844,347.94705,311.32285
611.8615112304688,387.5987243652344,330.59344,285.87363
604.9501647949219,391.4920349121094,333.50208,279.85922
608.9631195068359,394.9719696044922,334.18454,277.72455
602.2712860107422,388.6652374267578,324.27805,288.97937
612.2421722412109,386.70167541503906,319.1805,283.4663
602.1394195556641,383.5155944824219,331.2831,277.8641
601.6601867675781,388.6739501953125,333.85156,274.17105
596.9996643066406,388.22186279296875,336.25513,276.7786
597.5632629394531,385.91546630859375,335.92712,277.3942
589.1313323974609,393.1804504394531,334.33054,271.80026
594.1947021484375,388.1714782714844,334.85065,274.69064
589.6883087158203,389.71641540527344,330.62332,270.7116
594.0185852050781,385.5326232910156,316.9845,270.16318
587.7714996337891,386.96473693847656,311.2643,267.47925
589.5669250488281,387.48533630371094,320.55933,272.16412
583.7573852539062,389.29600524902344,306.62396,264.8852
586.0041656494141,387.0487365722656,288.62943,276.13437
581.5392150878906,387.8737487792969,286.80237,275.18967
577.4841461181641,389.81529235839844,281.1039,271.98712
573.4300842285156,380.97364807128906,306.8064,280.7915
564.88134765625,386.50624084472656,326.0689,267.76746
561.7228240966797,385.83734130859375,303.6008,269.33865
554.2804565429688,397.9415740966797,282.94403,263.95038
552.5526733398438,383.82025146484375,339.22845,280.25125
550.5995330810547,396.76361083984375,306.76376,267.6575
548.7112274169922,397.75811767578125,309.41965,264.35806
551.1212615966797,398.56494140625,299.84348,262.3583
554.2878265380859,401.12152099609375,280.728,263.47842
552.3674926757812,391.2357482910156,318.63605,277.86276
549.3591461181641,397.23077392578125,315.23648,269.9142
543.9096069335938,402.9794158935547,308.02496,259.5312
540.3375091552734,410.99365234375,321.1013,262.34317
538.812255859375,414.02215576171875,332.56097,270.59317
537.4328155517578,424.4810791015625,339.36673,283.98465
550.2052764892578,432.47669982910156,343.22366,278.36487
577.1487579345703,435.4326934814453,331.05667,274.75378
597.6887359619141,449.19158935546875,335.68484,267.04178
601.2887268066406,462.6670227050781,335.6306,254.82822
608.0985260009766,463.67970275878906,315.8621,257.42126
606.637939453125,472.18592071533203,330.357,251.75209
606.9675750732422,477.95079040527344,334.7462,246.37482
606.1726684570312,480.5995101928711,338.06378,241.96507
606.1136016845703,476.1912612915039,338.4816,248.31795
607.5718078613281,474.8140640258789,343.74158,248.6064
608.4273986816406,467.2818145751953,316.22876,255.92981
607.1146850585938,459.94561767578125,358.66046,259.78323
609.8578033447266,457.7379150390625,330.9451,260.5507
609.4032440185547,450.7897644042969,354.0859,263.95554
604.0741119384766,451.70777893066406,345.36026,270.19836
599.0317840576172,453.0128173828125,343.29562,263.03226
592.7245941162109,451.1556701660156,351.86496,268.72726
588.5594024658203,450.4133605957031,349.7217,267.99765
580.1277313232422,450.3552551269531,355.1467,270.16708
568.8358764648438,450.53065490722656,354.27252,270.1399
552.5185546875,451.2016906738281,366.7282,269.54245
539.7129058837891,449.4673614501953,364.4119,270.39563
526.2831268310547,450.867431640625,368.30295,268.3456
516.2209625244141,456.2391052246094,342.47794,263.60068
498.5069885253906,457.72230529785156,363.5066,261.37292
483.5887451171875,453.1378631591797,375.90192,268.64423
469.0026092529297,458.00018310546875,360.58188,262.48648
459.6187744140625,458.6710968017578,358.67877,263.255
447.38720703125,460.2171630859375,362.5008,261.38602
436.55519104003906,460.0010681152344,354.97818,263.9211
432.26780700683594,455.0695495605469,352.75302,269.9221
427.3547668457031,458.3190002441406,356.8474,265.0145
430.3539581298828,457.0879211425781,349.82755,266.7839
432.8303985595703,453.3281707763672,347.0546,268.56818
442.3966522216797,443.4369354248047,345.6683,275.52277
446.4160461425781,438.3792724609375,347.16138,278.48294
444.7492980957031,437.7835235595703,328.4287,273.78406
438.80255126953125,439.34852600097656,325.81183,274.02722
420.086669921875,436.35667419433594,348.98212,281.91534
402.6101989746094,434.302734375,384.5326,283.86758
390.57362365722656,431.4868469238281,376.46573,289.7452
387.7857666015625,411.3439636230469,382.24738,308.97397
372.3437042236328,393.29576110839844,410.7267,330.06354
419.4474334716797,376.35581970214844,375.4172,320.41644
446.6048126220703,376.5509948730469,354.29898,277.639
449.878173828125,383.630859375,354.91998,265.78226
455.19581604003906,387.57264709472656,366.7726,257.66174
474.7182159423828,389.4311828613281,360.05887,272.7877
479.0972442626953,389.79901123046875,361.58353,290.24734
503.97618103027344,379.20774841308594,357.04697,274.16034
510.6297302246094,371.2071228027344,358.6576,272.879
519.9905853271484,370.6941680908203,349.97934,262.79358
531.3925170898438,378.35386657714844,291.94232,245.70123
536.3602600097656,374.74890899658203,330.7212,248.36916
532.5684967041016,376.76280212402344,301.57816,256.73468
531.5917053222656,388.94232177734375,302.2777,242.0065
534.4863433837891,402.89239501953125,281.81058,246.01846
533.5789184570312,415.2747039794922,312.2973,256.13287
527.5134887695312,430.0637512207031,292.8061,257.83273
529.6239166259766,443.26072692871094,268.46548,263.102
535.0771789550781,446.0200653076172,281.7821,260.85065
538.6417541503906,441.6117706298828,276.99585,272.87317
546.3839416503906,446.4647979736328,266.03833,267.27148
556.89990234375,443.4435729980469,296.83038,266.71713
559.0,443.1011657714844,285.90558,263.63596
568.8719482421875,439.3470458984375,318.71576,267.91458
575.7615814208984,441.9581832885742,282.0427,252.27055
584.8226470947266,439.4860382080078,278.84622,261.45386
596.2436981201172,433.7720947265625,301.6926,272.31815
600.7553558349609,430.1634063720703,362.1163,281.40674
608.143798828125,435.87693786621094,359.68536,259.28705
615.4752349853516,430.841796875,356.8616,274.78983
620.5898895263672,443.1808853149414,316.65134,255.62447
625.3144836425781,445.04779052734375,342.72595,262.62198
630.1818695068359,436.12327575683594,353.88693,266.367
631.7704162597656,431.07293701171875,342.76526,264.1342
632.1424102783203,424.1144714355469,340.0955,245.24142
635.8670806884766,412.49867248535156,346.70718,280.95276
634.6135101318359,396.4189147949219,348.62534,264.94162
637.5595703125,400.4789733886719,333.05988,277.8917
634.6675109863281,397.690185546875,333.31616,282.21548
620.0484924316406,404.42164611816406,340.05908,281.8291
604.7257690429688,411.4475860595703,336.3625,295.57385
589.3412017822266,415.71348571777344,333.94363,272.77325
584.8841857910156,417.8312072753906,327.5475,272.16293
582.8534393310547,411.9170227050781,321.63742,284.76535
576.8029174804688,413.6384582519531,320.42328,298.58542
562.8721618652344,411.0279235839844,326.35132,278.63278
558.9196929931641,410.3946533203125,314.3218,274.8002
558.8815307617188,407.2439880371094,301.2414,273.11337
554.2927856445312,415.3859405517578,288.40375,268.98755
547.1202392578125,411.9468078613281,291.3139,279.92636
537.6338653564453,414.9019012451172,302.0192,281.93182
537.9431915283203,416.183837890625,309.35342,289.5115
543.2035522460938,420.2770233154297,294.67255,290.7862
539.9024810791016,414.2818908691406,309.88663,294.8884
537.7906646728516,408.03968811035156,317.89505,297.0547
541.4187469482422,397.5630645751953,315.843,304.01562
530.6284637451172,397.57164001464844,312.43295,317.3487
550.9748840332031,390.7073516845703,320.6361,303.0006
559.4726867675781,394.12847900390625,307.59192,294.15286
557.2793426513672,397.68394470214844,298.1866,294.48273
558.5712127685547,393.151123046875,291.84372,294.20572
560.9373626708984,395.96348571777344,284.94492,294.16046
561.5735015869141,398.0509490966797,282.1885,292.41718
559.5417022705078,397.6355438232422,279.25687,298.0445
553.1293487548828,401.9707794189453,278.7277,300.4673
547.348388671875,407.8845977783203,284.7657,306.71765
540.0998840332031,410.9237518310547,303.87122,307.81854
545.2323455810547,419.44775390625,283.5549,296.5441
543.9321899414062,416.7179718017578,292.2697,305.2323
554.0257263183594,426.62611389160156,288.42468,290.547
550.5943908691406,431.001708984375,287.23767,289.31058
546.9711303710938,433.6064758300781,281.34552,282.79892
546.5599517822266,437.2804718017578,290.9966,284.76575
540.7038116455078,443.53477478027344,275.75455,274.78876
541.4928588867188,446.2440490722656,284.66205,277.2883
541.8173980712891,448.9543762207031,287.78592,273.33493
543.5473785400391,450.3176574707031,290.37967,272.76657
555.9055480957031,446.7676544189453,282.5808,272.91418
568.6883087158203,437.40892028808594,298.61844,288.44794
590.7409362792969,424.6512908935547,299.5421,295.18
613.8258819580078,405.5509796142578,317.8765,309.911
635.4048919677734,389.13995361328125,312.30234,317.73904
650.0574493408203,376.68663024902344,311.8184,322.68365
657.9475860595703,367.0036163330078,313.8975,343.46533
671.4538269042969,362.12835693359375,311.13806,309.24808
679.5133666992188,351.51649475097656,309.15765,328.1206
682.7000427246094,346.69500732421875,314.09473,320.46793
689.5628356933594,343.4657745361328,315.79382,330.31226
690.2221221923828,337.84881591796875,319.42044,335.26187
695.4738616943359,339.55165100097656,314.71677,345.0454
697.1798858642578,336.9694061279297,322.08365,327.1153
700.4688720703125,348.8473815917969,319.82855,326.95236
701.4418334960938,331.9089813232422,337.91058,362.34076
705.9177551269531,335.8404235839844,326.85486,371.13998
700.7357940673828,334.3041687011719,328.3726,344.35666
702.0777893066406,331.94813537597656,320.8606,324.48352
740.9116058349609,334.540771484375,276.8121,317.10342
775.6945037841797,312.30328369140625,261.26096,311.59622
764.8772277832031,297.24542236328125,270.71533,331.15958
737.7925872802734,323.58917236328125,298.4576,302.38785
785.5145721435547,281.8034362792969,268.27512,349.13205
807.7555236816406,301.87400817871094,242.67566,328.36798
806.9337158203125,272.9970245361328,245.60443,382.38123
785.54443359375,293.1571807861328,273.05682,378.07336
777.996337890625,304.9030456542969,278.722,396.5731
822.5741958618164,291.68077087402344,234.65184,380.05585
815.619140625,318.98292541503906,246.09442,380.88025
813.0385894775391,320.0221252441406,245.14188,365.00705
797.3125,316.1487579345703,258.5948,364.6775
811.8664321899414,301.3239288330078,245.77599,403.6588
805.1620788574219,300.35231018066406,258.88733,380.2047
793.0343475341797,303.7027282714844,271.17807,410.4282
779.1222076416016,286.5294952392578,288.4534,377.67273
822.1201934814453,262.2918395996094,243.84183,378.54428
786.7580718994141,276.0137481689453,267.61697,366.3308
818.2041091918945,251.8547821044922,237.33989,393.85846
807.3567047119141,276.92176818847656,251.77237,383.57202
807.9682540893555,248.82130432128906,248.69405,437.68726
804.8367385864258,252.83370971679688,247.50957,461.75192
806.2909698486328,262.03282165527344,248.44925,423.0008
794.8232116699219,250.68663024902344,251.84106,460.61993
798.7941665649414,246.31568908691406,255.64708,451.09253
781.0133972167969,225.29388427734375,270.45972,454.13528
804.9557800292969,221.57034301757812,246.39417,468.65317
741.5647277832031,225.34591674804688,307.83435,403.37228
770.4995269775391,202.36968994140625,276.04544,370.42422
810.6080703735352,204.12730407714844,234.79955,411.49957
765.5154266357422,211.99928283691406,292.59836,360.78198
813.6542358398438,186.9318084716797,237.69794,384.04962
801.4403915405273,199.626220703125,253.88637,365.31656
805.6522674560547,194.8452606201172,252.29709,380.7503
804.4767074584961,184.43443298339844,248.16603,386.5854
791.0935821533203,207.88519287109375,254.7222,470.14188
783.1207122802734,199.63369750976562,265.48825,403.83127
788.8356018066406,182.39695739746094,256.86316,394.84406
785.2547607421875,193.05067443847656,261.55585,364.5901
784.7714691162109,178.31031799316406,265.28745,413.40967
792.3533172607422,170.47572326660156,261.38864,409.58777
798.3852081298828,159.13243103027344,260.67374,397.00214
784.6214447021484,152.19529724121094,267.12302,379.72137
787.7132873535156,148.14971923828125,266.63477,375.02896
789.2041015625,149.03916931152344,258.89166,375.85077
772.7346954345703,134.48622131347656,260.76797,399.1234
766.5378570556641,131.8396453857422,269.0093,432.6258
696.7981414794922,147.76307678222656,338.05698,404.2555
717.2089691162109,124.24298095703125,307.32224,397.85416
748.8782653808594,136.68374633789062,280.0818,372.3491
757.4729461669922,115.89370727539062,282.97592,388.8342
722.2908172607422,121.10398864746094,324.26584,378.40533
793.7483367919922,129.00030517578125,271.50815,369.54166
803.783935546875,114.63943481445312,258.06427,395.77353
800.1761169433594,133.5048065185547,262.3612,381.17108
775.0805358886719,134.91888427734375,269.9225,430.4103
747.3455657958984,151.8311309814453,285.84323,372.23828
756.3063659667969,156.81590270996094,268.81055,397.7486
751.4609375,156.83436584472656,266.08673,424.97864
746.9090576171875,154.10374450683594,266.03326,457.54718
703.792236328125,159.49404907226562,316.06354,380.9824
740.9893341064453,151.02346801757812,269.88943,397.25082
716.8822631835938,145.37713623046875,287.82037,400.68045
703.4439697265625,150.85418701171875,299.17023,401.02432
731.6737213134766,145.36854553222656,266.38065,392.11462
731.9649658203125,140.2683563232422,264.9472,411.64044
578.9730987548828,161.41481018066406,409.2233,385.47717
625.8121032714844,150.97476196289062,366.32703,389.67807
588.5663299560547,179.14064025878906,387.59982,395.2213
702.2611236572266,136.40956115722656,283.10733,440.02405
652.2372894287109,134.76492309570312,329.5383,398.7678
683.5229187011719,148.3483123779297,288.8192,387.42743
545.7852630615234,142.8988037109375,421.59982,360.88467
657.2779846191406,146.56480407714844,311.00305,390.77838
676.3297729492188,143.54444885253906,284.54218,380.86804
666.1587524414062,140.30032348632812,293.15887,419.0405
556.3008728027344,151.8009033203125,398.396,378.81155
543.1085357666016,148.1952667236328,411.92996,382.63208
529.6382598876953,149.37294006347656,425.6818,402.85938
564.2851409912109,148.2685546875,394.24496,373.93912
543.3973541259766,138.24453735351562,420.35452,387.21823
569.860595703125,153.49156188964844,394.9217,437.39288
622.3581695556641,160.30841064453125,345.26456,424.65677
593.7958374023438,149.544677734375,370.0036,373.5253
558.5610656738281,158.6463623046875,408.2599,366.7615
543.2600402832031,165.4647979736328,426.33813,389.19812
557.6793670654297,178.75587463378906,411.3425,399.8064
577.8746795654297,168.1225128173828,404.56052,466.28528
568.5790863037109,176.4849853515625,415.7313,388.42252
599.9259338378906,167.29660034179688,383.77478,458.39255
567.5002593994141,179.83702087402344,416.18253,362.44293
594.5570831298828,181.7508087158203,389.37234,370.6156
577.2260589599609,166.51583862304688,417.17355,362.37314
596.2111663818359,171.4610595703125,405.26022,357.7344
573.4151153564453,168.31983947753906,434.83377,391.03613
591.44970703125,175.61106872558594,422.4969,415.36725
606.2580413818359,152.20069885253906,428.61728,387.3285
590.6132202148438,179.48300170898438,440.74823,333.14438
622.8040161132812,180.1663818359375,416.84552,326.58536
717.5691833496094,172.3061065673828,338.55188,334.62842
810.4501419067383,157.328369140625,251.80559,351.70377
816.0946960449219,179.11830139160156,234.51599,338.255
814.6973419189453,155.66546630859375,236.53433,359.71756
814.9089431762695,138.5522003173828,236.37456,377.32666
808.6134872436523,161.09478759765625,242.70668,359.2869
808.295539855957,142.74571228027344,239.1978,369.487
810.5149078369141,154.66368103027344,243.09317,360.93597
813.0888671875,166.98313903808594,240.7956,347.79865
814.6528091430664,151.37664794921875,233.22899,372.27835
814.6657257080078,158.84149169921875,235.51065,357.92215
817.6264572143555,159.6866912841797,235.3752,366.24994
817.8705215454102,167.05223083496094,234.44078,357.54193
814.4418334960938,169.2667236328125,236.53668,361.4821
813.4443893432617,175.3778839111328,233.60542,359.55347
806.6357955932617,181.50526428222656,238.57735,358.67932
803.9091873168945,190.80274963378906,237.5374,354.14502
799.9384002685547,195.95498657226562,236.37753,348.13657
797.3484573364258,202.658935546875,236.67924,345.3157
793.2553024291992,208.36839294433594,235.37654,341.18353
796.7380676269531,194.7870635986328,233.15503,345.083
799.0705490112305,203.673095703125,234.42647,341.10867
804.6178359985352,194.15367126464844,229.5819,343.65155
810.9774322509766,196.14671325683594,234.59378,339.50043
818.2443618774414,185.19876098632812,230.64574,345.19455
825.5067672729492,185.22950744628906,232.40266,338.15356
763.0144805908203,214.7379608154297,288.75064,288.67584
658.6501770019531,242.37244415283203,382.35156,254.41017
845.0934295654297,148.118896484375,228.6229,348.21902
872.1302108764648,136.2167510986328,210.13124,342.23157
872.364990234375,119.2462158203125,217.67242,345.38687
884.0373458862305,129.1861114501953,220.56538,335.69543
891.0483322143555,107.78694152832031,223.8072,357.25134
865.8804168701172,135.49423217773438,257.31406,322.14633
880.0986557006836,134.53257751464844,255.52943,331.57294
677.8438110351562,187.65077209472656,427.72064,280.56726
678.5647430419922,168.3818359375,437.70285,284.58463
678.029052734375,169.83657836914062,440.78094,274.65427
676.5169372558594,153.7074432373047,450.6776,290.23932
679.9297790527344,163.14889526367188,453.88586,278.84457
681.3287658691406,164.90660095214844,453.26514,275.73468
678.3818511962891,180.68551635742188,455.17422,257.06088
669.1881713867188,198.0852813720703,457.0882,250.09058
675.0294799804688,151.59010314941406,458.01788,300.4707
672.137939453125,143.9777069091797,476.04938,299.28363
665.6984558105469,194.6408233642578,450.28418,239.61841
659.2884521484375,216.7933578491211,431.21954,243.58751
650.4002227783203,232.3362579345703,427.5933,234.30359
637.0676422119141,247.15506744384766,414.55252,226.50557
645.5075988769531,198.3298797607422,448.864,282.13654
635.9709167480469,208.80458068847656,445.20764,280.7915
610.2764892578125,253.4253921508789,452.15997,246.66573
600.4146423339844,275.7956771850586,447.333,249.07909
543.5845642089844,336.7509307861328,403.25513,162.80212
567.2421569824219,353.64244079589844,371.4829,191.61566
541.1015167236328,381.91739654541016,389.06607,142.71346
555.55224609375,392.7182083129883,368.86932,154.69106
848.4107360839844,270.9073181152344,191.30261,357.0336
859.1078338623047,264.3072204589844,190.2136,352.39737
853.9965057373047,265.1226806640625,187.44492,367.796
859.7811279296875,267.0068664550781,183.1109,384.86697
856.8153228759766,273.7178039550781,186.6055,382.0773
843.4252548217773,272.0098571777344,197.9192,389.94778
542.0093231201172,388.7443542480469,378.0226,222.07669
818.1835098266602,266.49371337890625,189.43901,396.7684
829.8492660522461,262.25010681152344,189.98164,397.03137
843.2374420166016,264.41864013671875,178.61215,396.26205
840.4768371582031,253.72750854492188,179.12775,409.5922
833.6541366577148,247.93014526367188,179.36629,414.683
834.0776748657227,248.39918518066406,178.74382,409.4052
826.120231628418,244.79061889648438,182.69691,410.8361
830.3110427856445,239.91683959960938,175.40648,406.73538
821.2515716552734,243.13381958007812,177.23477,397.21072
831.2368545532227,208.4330291748047,167.69511,426.34583
835.7772903442383,182.22860717773438,169.30162,443.3434
841.8447570800781,170.52481079101562,168.66669,445.42752
840.7239532470703,154.25222778320312,175.7916,441.05338
848.7354278564453,140.7103271484375,166.53964,432.55917
459.14012145996094,309.9868927001953,425.12094,238.8299
446.3389587402344,305.55907440185547,425.44592,237.89403
413.06690979003906,307.7959213256836,460.86258,219.63164
409.67433166503906,295.8058776855469,462.40164,237.54715
441.2588653564453,306.90740966796875,425.1946,227.45102
416.66943359375,308.36280822753906,433.92816,228.41852
414.3209991455078,310.1549377441406,424.7106,232.87051
406.4334411621094,318.76464080810547,424.656,224.0825
389.570556640625,315.70934295654297,435.19122,218.1538
376.20240783691406,319.31143951416016,434.2239,216.95168
355.26226806640625,311.2567367553711,452.21613,223.356
707.7319564819336,96.70304870605469,207.85439,467.1715
702.6816558837891,82.70124816894531,209.53873,490.72552
690.6988296508789,72.23686218261719,208.78673,501.20068
665.4776306152344,81.90867614746094,220.57397,486.20117
658.8507461547852,75.86770629882812,235.38145,438.28128
642.7750396728516,77.96174621582031,214.31253,436.9494
632.0939559936523,83.52752685546875,215.98183,426.65463
614.7334976196289,98.40771484375,214.93993,415.8939
596.7890625,89.86474609375,220.59796,421.41843
464.70750427246094,152.37625122070312,344.81625,360.31522
553.18701171875,107.56809997558594,256.90277,403.53735
588.5558471679688,94.42831420898438,207.89752,419.55276
575.8750915527344,93.74639892578125,213.64832,414.39462
574.1766586303711,107.50836181640625,213.52516,401.60117
571.2332153320312,108.1895751953125,213.28375,396.38998
574.3935623168945,108.88677978515625,211.56682,391.95322
576.6946334838867,112.68269348144531,208.3077,384.38837
588.8816146850586,120.20809936523438,203.37074,376.4075
590.7210540771484,119.53070068359375,199.89462,378.23837
587.6514892578125,131.91146850585938,221.56073,367.77725
627.3841781616211,128.11358642578125,185.32057,383.69614
619.8292388916016,132.0729217529297,196.24295,371.6986
649.4057922363281,133.1211395263672,187.92444,381.1089
642.8742904663086,132.71475219726562,196.48647,371.5082
665.7673873901367,144.41314697265625,181.05147,367.50803
662.4153594970703,147.23536682128906,190.87454,356.96844
675.6097030639648,150.2080535888672,184.59706,370.92432
682.5038986206055,153.15821838378906,184.0555,367.8189
684.8024139404297,157.8258819580078,186.39731,362.23578
691.6575012207031,168.2693328857422,185.81018,353.42908
697.9415893554688,164.9378204345703,187.81708,367.07745
703.3886795043945,167.857177734375,191.90605,357.04086
709.5051116943359,146.56883239746094,190.31613,386.9281
717.4731674194336,137.29335021972656,189.98463,391.09174
725.4335632324219,136.91448974609375,191.6333,389.40146
726.5207748413086,134.34437561035156,192.58498,390.06927
739.7567138671875,133.90463256835938,191.02875,393.7875
744.2507781982422,129.74029541015625,191.15134,400.41428
743.0633163452148,136.2216339111328,197.74611,391.41473
745.4304046630859,140.88278198242188,197.82382,389.25443
753.1756134033203,137.64158630371094,193.88345,403.23315
753.986946105957,134.61778259277344,190.98479,407.70837
761.1961059570312,140.6671905517578,192.7138,429.1159
767.443000793457,140.09779357910156,188.74406,413.2928
764.8104705810547,135.18362426757812,194.60873,415.04813
758.1298599243164,136.6107635498047,199.70616,410.078
757.0369873046875,133.8317108154297,203.8847,419.1339
764.7294082641602,134.79995727539062,207.3596,405.58414
760.3483428955078,136.66819763183594,203.98941,408.68542
749.4649505615234,133.64866638183594,208.46127,397.25256
755.8149719238281,140.2382049560547,207.86963,402.26074
755.878532409668,125.23207092285156,209.19661,423.67474
757.9393157958984,124.54962158203125,203.2573,407.5908
747.3589859008789,133.99855041503906,215.53172,403.99738
750.4813919067383,138.901611328125,217.15495,395.84384
748.5236206054688,134.8503875732422,213.67023,404.9286
748.9503631591797,133.5789337158203,208.1307,394.6895
742.7544784545898,141.01254272460938,211.38759,384.194
737.9238433837891,142.42913818359375,218.01993,375.9658
734.5576858520508,148.48744201660156,219.81462,371.39215
735.7991714477539,147.25624084472656,220.99242,365.46503
740.7609634399414,141.13473510742188,217.56493,364.02115
744.4821701049805,130.4516143798828,226.44978,371.96478
742.2206802368164,133.98562622070312,220.73106,371.45023
735.6160049438477,140.99862670898438,225.53978,365.98428
735.9787979125977,146.84764099121094,223.40245,364.8175
732.1389465332031,150.7648162841797,228.62183,364.32202
732.3934020996094,150.1050262451172,230.64673,368.26746
734.0897216796875,149.31344604492188,233.91534,371.30862
741.6487884521484,158.6212615966797,226.91135,363.64197
739.45556640625,156.08200073242188,233.57123,363.2521
741.6432571411133,166.33657836914062,231.54973,355.13882
738.7226409912109,163.38070678710938,236.68442,352.1414
730.4787139892578,172.9364776611328,248.8251,336.9455
604.3191223144531,173.42185974121094,374.6908,332.19922
488.0198669433594,182.528564453125,480.12183,308.98996
494.3158416748047,179.02413940429688,469.94662,310.11636
497.1198425292969,179.5811004638672,470.48926,308.19678
493.0122528076172,178.6328125,473.25278,306.37814
495.22264099121094,176.44207763671875,478.119,310.2208
487.9734344482422,171.81761169433594,483.70212,319.0525
487.3311004638672,169.07000732421875,481.7706,322.46774
486.85418701171875,238.95340728759766,452.28632,254.9988
483.7674865722656,177.54225158691406,473.11157,319.17926
484.6529846191406,186.7988739013672,468.48987,317.13672
481.6382141113281,175.82424926757812,465.57434,328.07022
474.948974609375,177.63888549804688,468.33234,319.6558
476.45811462402344,184.3236846923828,458.12936,317.3327
478.1058807373047,180.6514434814453,455.1075,331.4239
477.5570526123047,179.6113739013672,456.9891,332.6211
478.3452911376953,181.55227661132812,458.39944,325.72842
468.9128875732422,188.68002319335938,461.41916,312.36234
466.8277587890625,221.94871520996094,440.7674,297.89014
464.6876220703125,184.1350860595703,465.22296,323.72565
476.9839324951172,195.83840942382812,452.24008,302.59354
466.82330322265625,229.39613342285156,434.26923,268.11615
465.7114715576172,199.88919067382812,456.47018,305.40665
476.5430908203125,185.92800903320312,464.94452,323.33804
481.05084228515625,212.65505981445312,449.06378,275.64896
479.88543701171875,183.98556518554688,461.0844,317.0065
490.4678039550781,214.75299072265625,458.5431,277.7219
506.314453125,181.6464080810547,463.898,315.14856
509.4452209472656,187.55955505371094,466.0393,301.8733
509.4235534667969,180.8936004638672,472.89917,308.37708
527.7855377197266,177.34222412109375,464.07913,315.42294
522.5489196777344,202.53851318359375,468.90186,292.80527
537.7361907958984,192.93045043945312,466.25986,306.20352
534.1091003417969,206.54917907714844,469.85535,294.7505
546.5153045654297,214.8540496826172,457.04477,287.3236
549.8701782226562,210.809326171875,457.01556,289.1766
551.2099609375,238.99098205566406,443.28485,256.48834
553.7056121826172,217.9959716796875,467.63913,295.83908
554.8849945068359,211.1238555908203,474.0278,309.0888
568.1171569824219,232.70716857910156,461.71252,299.57843
570.3630523681641,235.9492645263672,459.77383,290.77454
568.4690856933594,226.7364044189453,462.67102,311.3017
576.5960235595703,231.60255432128906,454.50162,315.67584
573.7310638427734,248.9995880126953,448.36093,298.42474
572.4338836669922,245.93304443359375,455.49765,307.17697
576.2885437011719,257.61041259765625,450.1234,295.57382
575.11279296875,260.5463104248047,451.75336,315.83716
580.5621337890625,269.94793701171875,446.58685,324.1434
584.1532592773438,268.5703582763672,441.1275,385.30115
579.0475463867188,286.9164733886719,441.31378,283.2338
571.8392333984375,288.887939453125,441.93927,283.3807
582.1820526123047,305.9298095703125,420.10263,275.29526
768.6020355224609,292.68443298339844,256.99667,318.54333
772.7015686035156,309.22642517089844,248.44238,282.54663
812.2455520629883,282.02867126464844,221.39775,338.48975
814.7472305297852,290.6231994628906,212.08665,330.8959
823.6103286743164,300.9844207763672,213.25975,318.0055
816.8778381347656,307.54347229003906,214.25684,323.65167
826.4835739135742,319.9723663330078,209.81905,310.2409
825.3006591796875,311.4707489013672,211.11908,326.67114
828.0367279052734,321.25172424316406,207.92673,311.23053
828.6648788452148,315.1744689941406,209.95436,325.65176
834.2909622192383,319.21484375,204.6558,314.46347
835.2561416625977,320.1959991455078,207.89403,315.3593
835.0431137084961,319.1761932373047,208.26869,323.5681
840.8761596679688,315.7670593261719,204.10126,321.1531
839.4546127319336,318.73681640625,208.0359,321.5859
839.2138519287109,317.5771942138672,215.1141,320.4973
837.5115585327148,313.29432678222656,209.37917,328.7343
847.0753173828125,318.4454803466797,198.82318,315.66003
846.149543762207,313.4468994140625,200.49821,324.88376
846.6403503417969,314.30088806152344,202.69983,320.64392
849.4520721435547,315.07896423339844,199.20749,327.0277
853.4562072753906,316.4065856933594,194.25977,320.0148
852.798828125,313.0288543701172,195.7868,337.77795
859.5719985961914,313.9645538330078,194.01305,328.50385
859.9377746582031,322.75341796875,191.93372,321.15585
867.2849502563477,316.5443115234375,187.34276,334.7595
870.5925674438477,320.4224548339844,187.57872,344.0574
875.7132034301758,306.1177215576172,188.04546,356.59802
872.6872711181641,317.23851013183594,192.65738,349.14233
874.6654739379883,311.1221008300781,200.83574,349.32803
883.2922515869141,308.90380859375,189.52835,352.26376
886.4706268310547,311.9471740722656,190.27524,350.7803
891.2322616577148,305.4727325439453,190.58632,358.0213
891.2282867431641,318.45924377441406,192.06131,361.8051
895.8369445800781,310.08367919921875,189.13745,370.1965
894.9774169921875,320.9468231201172,194.28448,360.97937
898.5354843139648,320.33921813964844,189.29762,367.1046
900.4206237792969,324.9969482421875,188.27087,384.95712
899.8463439941406,326.8866729736328,194.70593,379.99457
905.3174819946289,339.5368347167969,188.93944,377.3284
906.2953567504883,325.48065185546875,192.50945,391.18063
909.6145935058594,357.69554138183594,184.1886,360.42383
910.4760971069336,346.1959533691406,188.28664,372.8107
912.8461532592773,345.0094757080078,185.97157,377.68524
729.3594055175781,427.8808059692383,303.70905,254.53658
612.2946929931641,462.3027572631836,367.8862,173.90947
605.649169921875,462.68079376220703,390.87976,200.80098
627.4068756103516,468.21939849853516,366.30246,173.78249
602.9190979003906,475.267822265625,402.2984,183.7297
623.0438842773438,476.35318756103516,388.03076,182.0154
632.6522216796875,476.71751403808594,390.05444,175.33765
636.1587677001953,484.39559173583984,382.74045,195.89677
642.0333557128906,486.2889938354492,380.3731,178.463
647.4144744873047,484.6744918823242,379.97012,198.93163
647.2340545654297,486.68412017822266,384.71548,166.01479
637.8164978027344,499.75880432128906,399.48212,177.6319
649.7134552001953,493.4292907714844,379.8917,171.38614
644.8786773681641,491.5336380004883,387.2678,197.59969
648.7976531982422,493.6595458984375,392.7062,169.52817
645.7639770507812,498.1242904663086,390.52954,176.1934
641.9908905029297,484.42454528808594,390.0828,192.30994
642.8614959716797,501.4056091308594,390.3091,189.42056
588.46923828125,497.5333786010742,433.79053,162.58604
643.5308227539062,488.1624069213867,392.90295,168.55406
629.7570495605469,506.44944763183594,413.81866,171.59741
642.5407104492188,499.0559844970703,385.46545,158.242
644.4371948242188,482.75411224365234,392.2594,201.7299
649.3188171386719,489.97438049316406,395.34442,174.74933
646.4507293701172,479.4315872192383,393.10135,180.61775
646.6216278076172,479.1799621582031,410.0823,204.65457
656.0859832763672,479.32044219970703,388.74478,180.2004
645.5518951416016,479.3910369873047,407.43332,165.18713
648.6378326416016,466.42185974121094,400.03098,215.83203
653.2818145751953,472.18350982666016,394.6163,182.8019
643.0980834960938,474.5177688598633,400.59827,156.3658
646.8514099121094,466.9905014038086,391.09918,208.81999
648.7063598632812,446.16127014160156,391.44055,211.29022
649.2144775390625,454.57381439208984,375.43396,202.28691
628.9097900390625,452.17711639404297,392.1139,196.56114
627.8369903564453,447.31710052490234,397.84885,212.77202
635.3312683105469,444.3711624145508,394.6369,205.34676
628.1528167724609,439.12000274658203,394.47256,207.60664
612.9067687988281,437.4573287963867,405.84735,215.86766
630.8741302490234,429.3283233642578,390.72562,213.54608
629.3987884521484,430.68797302246094,384.85782,211.78174
602.3505401611328,418.6512756347656,405.76047,203.97415
625.8759613037109,422.68016052246094,370.33707,225.13953
593.4594879150391,417.09779357910156,410.4996,199.53717
595.6636657714844,420.8463592529297,402.15424,204.40271
601.9246826171875,393.25431060791016,402.78027,222.68336
561.1874694824219,404.7257995605469,424.01886,187.56192
577.6127624511719,403.73504638671875,401.25043,204.23557
556.2051544189453,391.2218246459961,423.96896,213.09465
492.27857971191406,386.32494354248047,488.91464,205.93138
454.208984375,368.92960357666016,543.7051,205.30104
531.6160278320312,362.4897003173828,463.18616,180.37506
473.64955139160156,377.7579345703125,469.89047,208.53561
512.6032257080078,372.8356170654297,461.70456,190.87537
491.9748229980469,354.80958557128906,460.50092,192.61798
444.53797912597656,363.1627655029297,497.26913,186.06091
506.4925994873047,352.5359573364258,480.42886,183.87239
499.70704650878906,330.2784881591797,436.80966,199.2351
487.1377716064453,322.6442413330078,453.14084,192.62714
485.63441467285156,324.58666229248047,439.00327,207.79442
822.7093048095703,209.05224609375,224.37314,396.60556
815.4794006347656,188.85494995117188,226.67828,408.9506
803.8917694091797,189.73736572265625,228.18436,417.61606
800.029914855957,167.3858184814453,228.65819,420.44354
793.4095001220703,155.13888549804688,246.1578,419.8771
781.3225860595703,175.67713928222656,241.87961,419.46112
786.769401550293,152.64466857910156,235.44484,419.2697
771.2497863769531,170.0171356201172,236.58148,468.51868
771.7911911010742,153.99371337890625,243.31447,425.36215
767.6706161499023,169.33815002441406,237.3813,454.44208
760.6862258911133,149.23777770996094,242.08409,443.50134
744.0733642578125,162.63726806640625,248.79358,440.65402
745.5683135986328,141.39251708984375,254.01645,453.8248
741.7433166503906,120.60282897949219,259.1856,481.4729
738.7670135498047,120.69328308105469,255.23807,481.4431
731.2711639404297,99.91476440429688,271.7028,478.38345
739.1592636108398,104.93875122070312,254.4134,494.07584
733.208740234375,83.05734252929688,273.67395,486.75833
727.7711334228516,98.42613220214844,271.72702,490.5138
732.6316833496094,82.39244079589844,264.4361,470.40808
728.7408752441406,97.33036804199219,263.15717,488.83655
726.5849609375,77.65447998046875,267.6798,440.6528
720.0067596435547,74.73074340820312,271.7051,468.83585
713.9402770996094,95.59239196777344,266.66705,403.1654
712.6942443847656,107.233154296875,263.08148,462.60385
701.1642761230469,106.65223693847656,257.77155,501.61395
688.9311218261719,99.68067932128906,270.0362,396.29498
684.8742370605469,117.46626281738281,275.12274,379.84796
500.77589416503906,179.64710998535156,387.51364,268.82843
343.56996154785156,228.74319458007812,461.15744,207.5994
342.7233581542969,237.10242462158203,470.12726,225.26656
340.4780578613281,229.40872955322266,475.36066,206.96498
291.1028137207031,231.02684020996094,513.91315,229.15112
346.8274688720703,226.09845733642578,500.74826,222.01094
616.9713134765625,136.0362091064453,300.98804,381.81403
379.07550048828125,206.1407470703125,481.84692,275.68234
354.61814880371094,192.1204071044922,500.50723,261.55408
435.4186706542969,129.06434631347656,472.02252,403.54095
412.4271240234375,145.93865966796875,491.57068,334.3807
408.43983459472656,141.4357452392578,497.11386,401.74188
401.5826110839844,145.93670654296875,505.62946,447.08884
412.99853515625,130.55274963378906,474.29797,361.27142
405.7189025878906,135.44924926757812,485.07428,352.50528
411.1563720703125,138.02232360839844,478.5918,335.39526
403.39129638671875,153.1971893310547,482.51953,338.938
399.81585693359375,162.17733764648438,487.38208,313.8279
423.0315399169922,172.8909912109375,455.88443,328.44345
398.23028564453125,182.80966186523438,478.03296,292.80093
430.12062072753906,196.99575805664062,446.8984,286.81546
418.8872528076172,206.71730041503906,457.53152,286.71198
420.2169494628906,213.78988647460938,460.58942,286.67496
432.78855895996094,218.23472595214844,449.52628,269.93164
446.9871826171875,221.50177001953125,440.49182,275.21237
469.6267547607422,224.6680908203125,414.19937,259.26474
467.3428955078125,227.62399291992188,419.41345,256.66434
471.936767578125,226.97081756591797,405.57104,246.84422
482.3209533691406,223.9166488647461,393.08295,245.39946
484.6654357910156,221.75626373291016,385.09686,243.9634
475.25048828125,220.6427764892578,392.0829,238.44427
473.0911865234375,214.94195556640625,396.21924,239.55124
473.17503356933594,206.3714370727539,393.75784,241.58266
473.5802764892578,204.28971099853516,390.60934,242.93886
467.7649688720703,200.34465789794922,394.76047,244.70982
462.50445556640625,197.36223602294922,399.6803,247.69542
461.9024200439453,193.32142639160156,401.80722,253.49286
445.6688232421875,199.22608947753906,407.89514,244.30731
432.6449279785156,201.05889892578125,417.77643,247.12192
444.6323699951172,203.23970794677734,397.07828,244.01787
440.8656768798828,206.3372802734375,397.48776,247.47067
456.62554931640625,202.91997528076172,383.72314,247.90343
448.8854064941406,203.6760025024414,392.46185,239.58766
450.59754943847656,203.59112548828125,387.6451,240.81943
461.6408996582031,200.13492584228516,378.27252,242.20583
453.1857147216797,198.14128875732422,386.90762,235.47398
460.7471923828125,193.45345306396484,378.06677,243.67009
449.41510009765625,190.1710968017578,391.0354,245.96649
459.9149169921875,185.3628921508789,384.6548,246.79005
452.41285705566406,182.6553192138672,395.03476,248.38062
450.15049743652344,181.0572738647461,394.82034,246.68889
443.8662414550781,181.22488403320312,393.86493,250.14542
448.76513671875,190.11976623535156,391.63867,253.93793
455.4228820800781,189.47348022460938,386.1054,253.37552
452.13548278808594,198.34950256347656,382.46878,245.40204
450.11769104003906,202.77497100830078,383.81406,235.96992
447.0501251220703,208.16031646728516,384.05026,242.57582
444.83135986328125,209.74156188964844,388.0609,241.93787
446.55165100097656,211.58525848388672,385.22824,244.23302
450.4583435058594,208.41333770751953,385.06744,245.58882
447.3504180908203,208.62281799316406,388.0992,250.42926
448.1764831542969,207.8908233642578,396.15253,250.87311
446.70008850097656,206.3728485107422,404.46432,253.04468
448.28826904296875,205.96471405029297,406.3921,253.85777
455.61473083496094,208.6963119506836,404.91092,249.45952
453.11036682128906,209.7595672607422,414.82455,249.1322
463.2700653076172,208.44912719726562,417.74014,250.17044
457.1944122314453,208.04276275634766,427.33432,252.51662
465.8788299560547,206.5384063720703,422.8965,253.74237
469.2056427001953,208.12117767333984,422.81796,254.06926
468.05059814453125,206.12542724609375,436.562,255.85104
472.87225341796875,206.2763671875,432.95093,257.92892
476.8664093017578,209.19326782226562,424.68942,257.52786
474.2606964111328,211.18246459960938,432.70627,259.97818
483.5117950439453,212.68724060058594,423.29855,265.34338
478.96739196777344,210.62396240234375,430.68814,265.95456
475.6354064941406,209.039794921875,437.50018,271.2053
487.2978973388672,205.85374450683594,435.56802,277.16895
486.429931640625,217.8212127685547,424.73242,256.4159
484.2195739746094,213.06105041503906,436.0318,281.8199
489.0396728515625,217.7078094482422,429.18176,269.25708
496.60362243652344,221.10606384277344,420.3124,271.8059
493.35670471191406,222.95556640625,430.63498,279.12082
509.37542724609375,219.88519287109375,425.30176,281.0898
499.20831298828125,222.07167053222656,432.74023,289.21954
521.5958557128906,228.95806884765625,424.42267,280.61557
517.7619781494141,227.3284454345703,440.62912,290.23334
520.5668792724609,225.96115112304688,437.3439,309.0092
531.6569213867188,220.5192413330078,436.8075,334.8393
536.5264282226562,217.32968139648438,449.75696,321.8455
538.1254272460938,225.2738494873047,450.77966,305.37024
540.3822784423828,230.6938934326172,448.72336,296.44275
544.9021301269531,233.54933166503906,443.44232,292.48224
543.2515563964844,231.03851318359375,448.9206,299.51828
549.3312072753906,234.0926055908203,444.2497,305.81696
564.8023986816406,228.73959350585938,442.0219,316.13638
552.6567230224609,231.13429260253906,464.28897,353.11652
611.8941497802734,226.2221221923828,414.0497,379.31683
591.8363189697266,220.42153930664062,421.61337,353.7675
573.1434783935547,218.4834442138672,458.79532,335.30933
664.3569488525391,212.4805450439453,385.4327,361.4649
571.1462249755859,206.520263671875,468.86172,346.49533
580.4444885253906,211.31390380859375,465.14008,320.89853
564.3887176513672,221.46205139160156,440.28775,268.6026
569.48876953125,225.74391174316406,427.87817,258.58075
574.3091888427734,233.7519073486328,411.3622,253.9549
569.74267578125,220.93151092529297,432.7367,245.74632
563.5363006591797,225.52364349365234,411.49796,230.97588
586.2349395751953,228.8874969482422,360.41708,189.84277
567.1193237304688,242.23819732666016,352.38647,167.25807
774.3375549316406,200.52989196777344,263.24603,281.58337
643.6362762451172,227.0807647705078,321.3425,230.94806
757.1431274414062,197.36581420898438,282.65692,353.16544
590.8280334472656,216.09613037109375,380.02283,231.52255
788.20947265625,179.5924835205078,279.42792,306.0285
610.1813201904297,209.49002838134766,401.49533,254.61635
575.3880920410156,214.2789764404297,393.17358,233.43982
586.6148223876953,220.62987518310547,354.9385,196.7783
576.2339630126953,233.37355041503906,346.5624,207.93256
749.0271453857422,185.63868713378906,296.89316,282.4511
581.0567321777344,219.92269897460938,357.7954,218.58267
554.7432708740234,221.43524169921875,364.72202,189.1417
571.2410888671875,228.18412017822266,333.33038,171.21217
576.2604675292969,219.78636169433594,355.09094,205.61475
563.1596221923828,219.5885009765625,352.77493,201.48593
664.6730499267578,197.33052825927734,319.04373,244.13286
750.7685241699219,176.73707580566406,277.0287,295.4533
656.7752838134766,188.13858032226562,344.01193,259.62405
553.9648132324219,204.58760833740234,364.3042,214.74187
561.1812286376953,215.25701141357422,336.3417,185.28636
555.4850616455078,219.2438735961914,328.12546,145.12648
562.4261016845703,216.19281768798828,314.07877,152.67268
546.9903106689453,223.38177490234375,321.5676,172.62851
543.7987823486328,218.16547393798828,334.8002,166.57076
522.3654632568359,227.27990341186523,340.574,116.64243
533.2611389160156,225.20548248291016,332.227,192.3119
509.40834045410156,229.79815673828125,346.38986,167.13486
524.9395599365234,220.63668823242188,344.87857,199.86197
672.838623046875,188.6692352294922,290.11646,244.4989
508.9851531982422,227.77218627929688,338.73892,181.38394
489.7823028564453,227.2572784423828,364.20053,184.39374
494.18011474609375,219.7216567993164,373.5703,196.65639
489.90956115722656,210.81974029541016,361.82028,196.26186
487.5746154785156,223.4935760498047,368.13556,196.30042
502.28883361816406,227.45098876953125,333.83298,186.21628
478.86302185058594,240.81422424316406,344.1888,158.77167
501.17620849609375,227.94313049316406,327.1491,131.92023
512.3123931884766,244.86370086669922,308.62753,200.21043
465.7682342529297,241.7187728881836,347.6699,171.92088
476.0565643310547,238.6921844482422,342.90927,164.32062
495.90101623535156,244.1064224243164,314.77634,138.09932
500.4900665283203,250.9467010498047,302.11472,147.66144
507.7128143310547,254.2507781982422,302.70218,165.14758
497.8489532470703,257.17713165283203,297.6558,182.01576
505.4679870605469,252.6912612915039,304.0066,191.56618
493.0082092285156,253.37073516845703,322.15692,190.67482
491.9762725830078,253.50917053222656,337.63205,193.31335
481.6005859375,252.4275131225586,336.81152,181.27904
470.15423583984375,256.5781021118164,331.6447,176.16988
483.2405242919922,249.8409194946289,323.31918,163.67421
478.7605438232422,245.55763244628906,334.73355,172.27075
469.9055938720703,259.4204635620117,327.9902,158.32182
484.98960876464844,257.77660369873047,308.8652,152.34435
484.11314392089844,259.67425537109375,309.96243,154.85995
481.79034423828125,262.3671188354492,307.0119,142.62517
489.7376251220703,265.56092834472656,296.58298,149.4414
486.88873291015625,267.7906036376953,302.49792,142.539
482.65191650390625,270.5236358642578,302.80432,134.0238
485.4508056640625,269.6050033569336,300.03632,143.1519
479.74378967285156,271.49019622802734,300.04984,138.07677
477.2582702636719,271.9465866088867,304.02026,146.09325
477.15086364746094,272.52306365966797,303.14114,138.66893
469.94200134277344,270.41465759277344,306.94742,135.20886
468.4493408203125,271.4144515991211,306.67932,141.8148
467.10365295410156,271.28314208984375,306.7217,134.10184
462.23973083496094,274.65464782714844,299.34537,135.5979
459.81529235839844,272.96905517578125,305.33237,141.59738
457.0977783203125,275.5151672363281,304.73236,145.88162
458.6166534423828,278.0688247680664,301.26535,133.66035
448.19873046875,275.3273468017578,309.87152,129.70386
448.6415557861328,274.1029281616211,305.47122,149.43309
447.3831024169922,275.4948272705078,306.02444,140.88452
446.2826232910156,272.85852813720703,309.7608,136.69197
442.1603546142578,271.78231048583984,303.15152,136.14073
444.0945739746094,270.06982421875,298.4007,154.24277
444.61375427246094,274.43982696533203,304.87643,133.4582
446.5545349121094,268.8970031738281,313.24542,144.12277
447.6500244140625,267.74134826660156,304.80298,134.54224
448.2655029296875,269.74617767333984,300.9062,148.24272
448.5775146484375,273.62549591064453,305.64807,130.43666
450.53668212890625,271.585693359375,303.06372,151.23428
448.743896484375,275.21913146972656,310.8313,134.74054
450.5050506591797,271.1731414794922,313.09543,134.3244
452.62384033203125,271.0793228149414,304.13458,133.96321
456.29258728027344,265.8462677001953,309.88657,135.71466
455.05641174316406,261.4382629394531,314.20816,149.63644
461.7654266357422,262.73909759521484,310.68497,151.90843
462.57725524902344,258.4186553955078,317.28452,145.58197
462.6022491455078,258.8101272583008,316.56125,155.71815
466.5922546386719,247.97036743164062,323.41632,154.68112
460.0067901611328,257.4465866088867,318.05875,152.4287
466.63525390625,250.4263458251953,324.68323,161.75403
459.4715881347656,252.20787048339844,320.1377,156.5315
465.0430908203125,250.07674407958984,331.59393,171.22624
462.74217224121094,251.92477416992188,323.29404,151.42337
465.44947814941406,248.4092025756836,340.58823,207.57188
452.5978546142578,243.48473358154297,361.38486,188.19072
433.5558624267578,232.5256805419922,394.55893,234.57172
543.7064361572266,222.3508758544922,346.39072,298.75897
443.70704650878906,239.46131896972656,404.87277,258.51807
412.84339904785156,236.36680603027344,411.67038,244.90399
429.3309631347656,219.27301025390625,438.7226,278.48587
440.82713317871094,217.13673400878906,404.45218,259.54846
543.4647827148438,205.4239501953125,384.1587,321.13895
456.68316650390625,199.97824096679688,490.62427,310.5826
463.8872375488281,186.65711975097656,517.25555,309.59827
706.6795806884766,163.9199676513672,305.39792,416.5728
720.9088897705078,158.26817321777344,306.98984,350.89252
532.8276214599609,207.88043975830078,396.46964,249.63734
495.1036834716797,223.32708740234375,399.25674,212.76382
