613.0,269.0,162,148
612.2916870117188,271.09960174560547,161.03217,141.29652
612.4594116210938,271.5484085083008,160.72864,140.83226
612.9130706787109,272.29305267333984,161.0762,141.13612
613.0760650634766,271.62105560302734,160.90103,140.7989
612.55517578125,271.3449249267578,161.04218,140.81033
612.2570495605469,271.9091567993164,160.71576,141.31548
612.6909027099609,271.72838592529297,161.1099,141.02052
612.8690414428711,272.02684783935547,160.72688,140.80122
612.8291854858398,272.1994857788086,160.80684,140.93489
612.2035064697266,272.0574722290039,161.05807,140.70537
612.9735107421875,271.6985778808594,160.90784,140.87256
612.4870071411133,271.4596939086914,161.01,140.7885
613.1736450195312,272.17826080322266,161.10559,141.06645
612.5480728149414,271.5821533203125,160.87285,140.72485
613.2147369384766,272.30577087402344,161.03311,141.14407
612.5466690063477,271.86036682128906,160.88457,140.66971
613.281982421875,271.5592269897461,160.92078,140.7917
612.9998626708984,272.19749450683594,160.66098,141.42538
612.8542556762695,271.81146240234375,161.02574,140.65387
612.4725723266602,271.5132598876953,160.90623,140.8428
613.1645736694336,272.16676330566406,160.9825,141.33884
612.4457931518555,271.8119201660156,160.90022,140.64539
613.1929016113281,271.36893463134766,160.87177,140.97948
612.9609909057617,272.05784606933594,160.51363,141.58371
612.7644653320312,271.79388427734375,160.84857,140.6134
612.9738235473633,271.89776611328125,160.64793,141.14832
612.4296112060547,271.94557189941406,160.97867,140.82803
613.1915588378906,271.67630767822266,160.97882,141.04344
612.7795333862305,271.6290054321289,161.01552,140.86327
612.3111267089844,271.4550476074219,161.05212,140.9754
613.0527267456055,272.21431732177734,161.00136,141.57198
612.615852355957,271.6679153442383,160.96318,140.60179
612.3616104125977,272.2803192138672,160.61241,141.63754
612.1692581176758,272.0891418457031,161.01738,140.74548
612.7560958862305,271.83202362060547,161.05098,141.01003
612.9579544067383,272.2821502685547,160.83879,140.97946
612.2595977783203,272.3197708129883,161.2352,140.74083
612.9358291625977,272.08912658691406,161.06975,140.93918
612.3611145019531,272.1852798461914,161.21185,140.67027
612.9904098510742,272.04380798339844,161.10524,140.82443
612.4086074829102,272.1029586791992,161.20708,140.65034
611.8751068115234,272.0597229003906,161.20712,140.68408
612.5805511474609,271.9653778076172,161.05289,140.80264
611.9432678222656,272.08007049560547,161.31201,140.59096
612.6682205200195,271.9609069824219,161.09294,140.78601
612.1002731323242,272.08642578125,161.2317,140.59613
612.7934799194336,271.97691345214844,161.08638,140.77884
612.2461242675781,272.08789825439453,161.25977,140.55339
612.9866638183594,271.97461700439453,161.03076,140.7722
612.3647537231445,272.06653594970703,161.32365,140.58128
611.8407363891602,272.0381851196289,161.32878,140.61119
612.5474014282227,271.9372787475586,161.04881,140.80147
611.9274444580078,272.00843048095703,161.23044,140.66728
612.593864440918,271.92115783691406,161.03285,140.83157
611.9995193481445,272.00305938720703,161.23222,140.64226
612.6386184692383,271.9212951660156,161.06273,140.7868
612.0463104248047,271.96981048583984,161.23569,140.68349
612.7238998413086,271.9033508300781,160.99776,140.74066
612.1155776977539,272.0063705444336,161.2896,140.53584
612.8031539916992,271.8727798461914,161.04848,140.75249
612.2312393188477,271.8991241455078,161.21782,140.62436
612.859245300293,271.7884216308594,160.99055,140.78296
612.2627334594727,271.8335647583008,161.22673,140.59001
612.8779525756836,271.6554183959961,161.01625,140.80952
612.2866821289062,271.6714324951172,161.25604,140.61209
612.8428421020508,272.35707092285156,161.3455,141.36227
612.4633255004883,271.77525329589844,161.02904,140.5828
612.9361953735352,271.498779296875,161.1068,140.87146
612.4678421020508,272.24925231933594,161.04478,141.5477
613.2645492553711,271.55184173583984,160.46132,140.7801
612.901496887207,271.9195251464844,161.20769,141.06647
612.1084976196289,272.29170989990234,161.06981,141.13655
611.8832855224609,271.70580291748047,161.27182,140.85677
611.9700012207031,271.85084533691406,161.14594,141.19351
611.9740524291992,272.11702728271484,161.17543,141.23836
611.7860488891602,271.521484375,161.29912,140.8736
612.9728546142578,271.5170364379883,161.19754,141.28917
612.1286315917969,271.7173843383789,161.25592,141.30888
612.821647644043,271.5169982910156,161.0005,141.09924
612.8469924926758,271.7074737548828,161.07372,141.13052
612.9214401245117,271.9144515991211,161.04012,141.10017
612.9823608398438,272.113037109375,161.01666,141.08618
612.7347259521484,271.42437744140625,161.22916,140.80194
612.2588195800781,271.75850677490234,161.1565,141.78377
612.9145584106445,271.77034759521484,160.95891,141.024
612.1072692871094,271.5671691894531,161.44958,140.86078
612.3663787841797,271.617431640625,161.0585,141.0987
612.5055694580078,271.8296432495117,160.95395,141.06813
613.040901184082,271.6728820800781,161.1859,140.91882
612.3759765625,271.70140838623047,160.96838,141.14418
612.5717697143555,272.00511169433594,160.85591,140.97873
613.0565185546875,271.80236053466797,161.14337,140.91243
612.4158401489258,271.7610626220703,160.89848,141.26395
612.5552597045898,272.05816650390625,160.85304,141.10822
613.1076965332031,271.8503646850586,161.02313,141.01924
612.4172897338867,271.8260192871094,160.84425,141.32172
612.5008697509766,272.14308166503906,160.88266,141.10776
613.0700531005859,271.90672302246094,160.97647,141.10562
612.3527603149414,271.96094512939453,160.87395,141.25877
612.2437973022461,271.39452362060547,161.08711,140.76521
612.8207168579102,271.7991256713867,161.25096,141.63649
612.5455932617188,271.9733428955078,161.1441,140.78915
612.0899887084961,271.67969512939453,161.23042,140.96288
612.3346328735352,271.95042419433594,160.92735,141.02658
612.936149597168,271.7243957519531,160.97536,141.07275
613.007194519043,272.06895446777344,161.03413,141.00461
612.4344482421875,271.9420928955078,161.32904,140.9122
612.7163467407227,272.21874237060547,160.96208,141.04347
612.1321868896484,272.05625915527344,161.31381,140.99515
612.2433700561523,271.3562240600586,161.15938,140.85432
612.869743347168,271.9045639038086,161.29652,141.6241
612.4734649658203,272.0733108520508,161.33609,140.80241
612.7130126953125,272.2710952758789,161.04004,141.08238
612.6444778442383,271.6645812988281,161.22777,140.79047
612.1375427246094,271.3794860839844,161.37708,140.9773
612.4154434204102,271.67064666748047,161.04625,141.03853
612.5169677734375,271.96180725097656,161.04724,141.0809
612.4214324951172,271.2836380004883,161.30624,140.8676
612.625617980957,271.4913101196289,161.08531,141.122
612.723518371582,271.84732818603516,161.07567,141.1132
612.8169097900391,272.2260437011719,161.07614,141.06543
612.797119140625,271.5940933227539,161.26294,140.8051
612.9926071166992,271.83492279052734,161.0898,141.05666
612.123405456543,271.9025421142578,161.17873,141.3074
612.0396118164062,271.36863708496094,161.38141,140.83041
612.232307434082,271.6329879760742,161.1469,141.0572
612.3065032958984,272.0330123901367,161.17099,141.016
612.2407684326172,271.41199493408203,161.36069,140.82451
612.474494934082,271.67227935791016,161.09642,141.06749
612.5493698120117,272.0657272338867,161.12746,141.05312
612.4679718017578,271.46753692626953,161.36105,140.7819
612.7050247192383,271.7173156738281,161.08629,141.0755
612.7704467773438,272.12774658203125,161.14874,141.08862
612.6689605712891,271.57726287841797,161.4302,140.85182
612.8447341918945,271.8733901977539,161.21605,141.12675
612.9117965698242,272.29764556884766,161.24196,141.14622
612.051513671875,271.62205505371094,161.38776,141.0629
612.1986999511719,272.0988006591797,161.30017,141.05417
612.2202453613281,271.56783294677734,161.46887,140.83376
612.4409561157227,271.9473342895508,161.30553,141.01543
612.6133117675781,272.44178009033203,161.27606,140.989
612.634147644043,271.9216995239258,161.43141,140.78429
612.8721008300781,272.3382797241211,161.25842,140.97261
612.0597152709961,271.6742401123047,161.36256,140.94913
612.1993942260742,272.18004608154297,161.3567,140.93764
612.2540054321289,271.65184783935547,161.42827,140.76173
612.4613189697266,272.07630157470703,161.31467,140.92613
612.5577774047852,271.50826263427734,161.2144,140.82008
612.0671005249023,272.2032241821289,161.2148,141.61125
612.95166015625,271.47901916503906,160.78046,140.91098
612.2579116821289,272.2107620239258,161.20177,141.61882
613.1028442382812,271.46356201171875,160.81757,140.91614
612.4366836547852,272.18560791015625,161.20537,141.60413
611.9667892456055,272.41375732421875,161.40437,140.83661
612.0411071777344,271.8105926513672,161.3078,140.76248
612.2481002807617,272.13016510009766,161.10176,141.01726
612.179084777832,271.5909194946289,161.3131,140.7877
612.4024276733398,271.89498138427734,161.08766,141.06374
612.5041580200195,272.34779357910156,161.11296,141.05838
612.4355926513672,271.8610153198242,161.33054,140.75002
612.6821136474609,272.143310546875,161.06949,141.07733
612.5648803710938,271.6085968017578,161.3576,140.80978
612.8148880004883,271.8790969848633,161.05663,141.0598
612.8930130004883,272.2279052734375,161.04015,141.10345
612.7119522094727,271.6885757446289,161.33391,140.8297
612.9003067016602,271.9006118774414,161.08318,141.12462
612.9517288208008,272.25489044189453,161.09349,141.1356
612.7738037109375,271.6955795288086,161.37982,140.86043
612.9522476196289,271.92832946777344,161.13445,141.11343
612.1232147216797,272.1041488647461,161.1688,141.33363
611.9774627685547,271.6637649536133,161.40579,140.81792
612.1743087768555,271.9219512939453,161.15712,141.05838
612.2420120239258,272.2982406616211,161.15544,141.06581
612.1629409790039,271.71436309814453,161.335,140.84337
612.3818283081055,271.97706604003906,161.08705,141.08182
612.2640838623047,271.40533447265625,161.34811,140.85712
612.4862594604492,271.67694091796875,161.08876,141.07959
612.6774597167969,272.1472396850586,161.11108,140.97926
612.7223129272461,271.53604888916016,161.22151,140.78044
612.4104919433594,272.159423828125,161.17224,141.62994
613.3150482177734,272.26646423339844,160.94046,140.92172
612.7020874023438,272.02520751953125,161.48114,141.05817
612.9079895019531,271.4030990600586,161.24329,140.83363
612.3171310424805,271.3672332763672,161.07875,141.41965
612.5174179077148,271.8882827758789,161.01405,141.09142
612.6733932495117,272.2383270263672,161.05818,141.077
612.5896148681641,271.5855178833008,161.31259,140.83757
612.8572998046875,271.7861633300781,161.1214,141.09625
613.02783203125,272.1299285888672,161.15863,141.08078
612.2807312011719,271.4425277709961,161.2821,140.89241
612.5126113891602,271.71502685546875,161.17015,141.02405
612.6563186645508,272.1398696899414,161.23643,140.90099
612.6682434082031,271.40895080566406,161.34894,140.7396
612.9734191894531,271.56568145751953,161.13525,140.96562
612.3263778686523,271.6434783935547,161.03242,141.26968
612.520622253418,272.05670166015625,161.09657,140.98181
612.5090255737305,271.4428939819336,161.25764,140.65285
612.1816177368164,271.94937896728516,161.21855,141.54192
613.1430816650391,271.8992385864258,160.84555,140.92809
612.6534652709961,271.622802734375,161.26283,140.97327
613.0467910766602,271.87757110595703,161.00468,141.05614
612.4574737548828,271.98290252685547,160.97897,141.33235
612.4989852905273,271.43238067626953,161.20137,140.73466
612.2105331420898,271.94576263427734,161.09615,141.5287
613.1587219238281,271.94522857666016,160.7901,140.86699
612.7358474731445,271.649658203125,161.10191,141.0033
613.0615844726562,271.9713668823242,160.94159,141.10689
612.2985076904297,271.3781280517578,161.00089,140.98001
612.9277877807617,272.11570739746094,161.10591,141.64188
612.5045623779297,272.41002655029297,161.16568,140.78981
612.1486892700195,272.22415924072266,161.15019,140.98491
612.1462097167969,271.66796875,161.07916,140.61676
612.7609481811523,272.22042083740234,161.14644,141.60109
612.3648681640625,271.5499572753906,161.04944,140.80115
613.0137939453125,272.17919921875,161.12732,141.62427
612.655876159668,272.5325241088867,161.08711,140.68672
612.2726745605469,272.41426849365234,161.10388,140.8105
613.0427093505859,272.2558898925781,160.65732,140.91998
612.4604797363281,272.21109771728516,161.06842,140.85362
613.2576599121094,272.03672790527344,160.63275,140.9877
612.684326171875,271.9811325073242,161.02942,140.93214
612.2964096069336,271.8453903198242,161.03633,140.97707
613.056884765625,271.7507553100586,160.75635,141.0251
612.4987182617188,271.71680450439453,161.09485,140.91393
612.1144027709961,271.6250457763672,161.07655,140.93106
612.9274063110352,271.48692321777344,160.69804,141.03885
612.3337554931641,271.4324264526367,161.10251,140.9518
612.4816055297852,271.87205505371094,161.00389,141.1564
612.5915832519531,272.3999938964844,160.95703,141.18103
612.5288238525391,271.8775863647461,160.95724,140.66884
611.9745178222656,271.5737533569336,161.15137,141.09828
612.2333450317383,272.0713424682617,160.78972,141.26863
612.0858154296875,271.55625915527344,160.95703,140.78903
612.6538543701172,272.1868209838867,161.02725,141.6858
612.1347274780273,271.45723724365234,161.00282,140.93068
612.6975173950195,272.1136245727539,161.04942,141.74791
612.2248077392578,272.40736389160156,161.0864,140.87009
612.9362030029297,272.1511535644531,160.91934,141.25891
612.6935195922852,271.62384033203125,161.15526,140.90295
612.9334564208984,271.880615234375,160.92606,141.46924
612.6719131469727,271.51168060302734,161.18236,140.84908
612.0985717773438,272.0273742675781,161.1753,141.90417
612.2076187133789,271.9020690917969,160.8961,140.90393
612.8334579467773,271.6479949951172,160.87904,141.2172
612.9019241333008,272.06822204589844,160.87834,141.387
612.8770217895508,271.7194366455078,160.82042,140.74258
612.3097076416016,271.4683074951172,160.92227,140.95609
612.9603424072266,272.0087127685547,160.94528,141.89114
612.5238037109375,272.3460388183594,160.9914,140.79858
612.0007019042969,272.1629333496094,161.06842,140.90051
612.6585845947266,271.8670196533203,160.82932,141.20816
611.9972076416016,271.89293670654297,161.06424,140.902
612.5745315551758,271.53753662109375,160.85081,141.25653
612.669921875,271.7685241699219,160.67621,141.51746
612.3541641235352,271.44068908691406,161.06303,140.80887
612.9753265380859,271.8091735839844,160.98196,141.91394
612.5239028930664,272.0645294189453,161.00072,141.00656
612.0848617553711,271.96531677246094,160.94038,141.02359
612.7085037231445,271.7015838623047,160.78142,141.2645
612.8193435668945,271.9585494995117,160.65306,141.51186
612.5447006225586,271.6432342529297,161.00417,140.7598
612.1492691040039,271.41290283203125,160.87675,141.04419
612.7268905639648,271.9696960449219,160.91682,141.89124
612.3012161254883,272.1775894165039,160.93248,140.99284
612.9360885620117,271.86377716064453,160.75948,141.30968
612.7656097412109,271.4400863647461,160.89224,140.78072
612.3779983520508,271.9247360229492,160.726,141.83046
612.9601211547852,271.9556655883789,160.5753,141.26714
612.2018890380859,271.91490936279297,160.98898,141.11702
612.2961502075195,272.05997467041016,160.77666,141.57054
612.0542526245117,271.630859375,160.95406,140.95245
612.5402145385742,271.2247085571289,160.88924,141.39775
612.637939453125,271.4054641723633,160.63275,141.67747
612.5374908447266,271.6712188720703,160.6918,141.73318
612.2097244262695,271.2453308105469,160.95592,141.00214
612.6082611083984,271.7832565307617,161.16599,141.93556
612.6455612182617,271.4283676147461,160.79732,141.11214
611.9632110595703,272.0929718017578,160.90414,141.80063
612.6014633178711,272.1126251220703,160.57948,141.27194
612.8005981445312,271.8487091064453,160.92773,141.41757
612.5071792602539,271.375244140625,161.03679,140.8559
611.9535980224609,271.9772186279297,160.8688,141.73898
612.5843353271484,271.81834411621094,160.58224,141.3906
612.9032211303711,271.48677825927734,160.86366,141.46101
612.9079666137695,271.67662811279297,160.74455,141.59029
612.8415908813477,271.9455871582031,160.74132,141.58002
612.4965286254883,271.47293853759766,161.01805,140.92967
611.9765701293945,271.96956634521484,160.82372,141.82362
612.6001510620117,271.8227996826172,160.52992,141.40195
612.877685546875,271.4607849121094,160.85577,141.50397
612.8786697387695,271.6974563598633,160.7155,141.52965
612.9418563842773,271.9701156616211,160.58742,141.48195
612.6667251586914,271.4501037597656,160.851,140.88977
612.2034225463867,271.95011138916016,160.6642,141.73979
611.9790420532227,271.5926742553711,160.85747,140.85347
612.5310897827148,271.0134811401367,160.7231,141.42348
612.5783996582031,271.3010025024414,160.56403,141.4409
612.9814682006836,271.21484375,160.78572,141.24854
612.4131546020508,272.0631561279297,160.81383,141.58157
612.2064743041992,271.79105377197266,160.941,140.72508
612.8264923095703,271.39615631103516,160.78323,141.1422
612.2412261962891,272.21099853515625,160.80624,141.55444
611.9961700439453,271.9283447265625,160.97562,140.69153
612.5835037231445,271.49124908447266,160.82921,141.17271
613.086799621582,271.28196716308594,160.84453,141.17093
612.5020523071289,271.9846954345703,160.80864,141.74979
613.1871566772461,272.0758743286133,160.48744,141.09056
612.4277267456055,271.8623352050781,160.82979,141.11084
612.9006576538086,271.61157989501953,160.81044,141.20738
612.2745590209961,271.46215057373047,160.8304,141.11049
612.6603546142578,271.22388458251953,160.89212,141.2426
612.6140975952148,271.4943389892578,160.75789,141.4072
612.4933166503906,271.8316345214844,160.71246,141.39838
612.0283279418945,271.5100860595703,161.06487,140.70456
612.3812103271484,272.0296401977539,161.285,141.70512
611.8702239990234,272.15454864501953,160.97665,141.02794
612.2635726928711,271.9029541015625,161.00618,141.19226
612.1948699951172,272.1964111328125,160.86142,141.31842
611.7794189453125,271.8683547973633,161.1607,140.65398
612.2610092163086,271.4456100463867,161.08473,141.13692
612.2672576904297,271.69849395751953,160.84183,141.30272
612.126823425293,271.96146392822266,160.87617,141.38438
611.6818008422852,271.5541687011719,161.21123,140.74988
612.0671157836914,272.06968688964844,161.34587,141.68875
612.8315658569336,272.0589904785156,160.69814,141.15887
611.9485549926758,271.8069381713867,161.04234,141.21413
613.0169982910156,272.1192855834961,161.07703,141.2878
612.0370178222656,271.66248321533203,161.06256,140.80968
612.640625,271.19898986816406,160.87,141.28653
612.6220626831055,271.51696014404297,160.85774,141.38808
612.6153182983398,271.8409881591797,160.90474,141.36826
612.3593902587891,271.30367279052734,161.03122,140.85176
612.8344268798828,271.8416748046875,161.17197,141.78857
612.2592697143555,271.82471466064453,161.09138,141.12889
612.4044189453125,272.04371643066406,160.81342,141.3259
612.0987854003906,271.48301696777344,161.04675,140.82645
612.6641464233398,272.0021667480469,161.11763,141.79901
612.1188278198242,271.9700469970703,161.07948,141.16135
611.9998931884766,271.31070709228516,160.99112,140.87553
612.5354156494141,271.8479995727539,161.11673,141.82207
612.0439529418945,271.8284606933594,161.0266,141.17114
612.2144775390625,272.0474624633789,160.76251,141.343
611.9415740966797,271.5476608276367,160.96024,140.85524
612.460075378418,272.0651092529297,161.02382,141.74857
613.2824630737305,272.01331329345703,160.54115,141.24016
612.4602890014648,271.7959976196289,161.01155,141.17284
612.6111450195312,271.79492950439453,160.59076,141.593
612.229606628418,271.2361602783203,160.96608,141.00522
612.8755111694336,271.6488037109375,160.8368,141.92438
612.2611083984375,271.5679397583008,160.99347,141.29796
612.4064788818359,271.6473693847656,160.62308,141.56781
612.3508834838867,271.8495101928711,160.61903,141.5796
611.9289398193359,271.25406646728516,160.99307,141.05998
613.064697265625,271.29727935791016,160.78003,141.4179
613.0772094726562,271.44664001464844,160.61182,141.55386
613.0080642700195,271.69480895996094,160.61186,141.51047
612.9294738769531,271.9061279296875,160.60596,141.51483
612.4810256958008,271.47960662841797,160.9915,140.89253
613.1619567871094,272.06192779541016,160.81726,141.68523
612.1940536499023,271.74072265625,160.96913,140.92487
612.6171035766602,271.37750244140625,160.97685,141.16376
612.7186584472656,271.57975006103516,160.74286,141.38853
612.7000274658203,271.92212677001953,160.77292,141.36003
612.3600845336914,271.40423583984375,160.99529,140.9057
612.9662780761719,272.0270004272461,160.95325,141.62477
612.3317184448242,272.0011520385742,161.18056,141.12996
612.1702575683594,271.35901641845703,161.09369,140.94029
612.7529220581055,271.975341796875,161.08577,141.69525
612.2174987792969,271.94073486328125,161.17255,141.19012
612.015983581543,271.29300689697266,161.12642,140.99236
612.1777420043945,271.3925552368164,160.80449,141.41191
612.1512985229492,271.7155075073242,160.82277,141.33943
612.1201095581055,272.0764389038086,160.9067,141.28786
611.7263412475586,271.5454864501953,161.2613,140.90646
612.9446792602539,271.6708526611328,161.11693,141.21786
612.0549163818359,271.85364532470703,161.26236,141.40251
612.7840423583984,271.82408905029297,160.94022,140.9858
612.0922088623047,271.53028106689453,161.26443,141.19377
612.2705383300781,271.86824798583984,160.96857,141.20369
612.2897415161133,272.2126922607422,160.97704,141.21902
611.9041366577148,271.65316009521484,161.27956,140.99739
612.0818252563477,271.75608825683594,160.94719,141.41904
612.0854415893555,272.0690689086914,160.96107,141.39415
611.6307678222656,271.5400848388672,161.37158,140.85837
612.6658477783203,271.40692138671875,161.4595,141.46313
612.2916107177734,271.3821716308594,161.27805,141.01257
612.5056228637695,271.1589813232422,161.02794,141.8859
611.8123931884766,270.73661041259766,161.49747,141.72948
611.3281097412109,269.08544158935547,161.85013,143.93117
615.4697036743164,268.8214797973633,157.70079,144.38695
618.7666702270508,269.38392639160156,155.19261,144.92123
621.1954498291016,269.0236282348633,153.0986,145.23271
620.0413436889648,268.9172058105469,153.84181,145.4477
622.7450790405273,270.77264404296875,153.33217,145.82416
624.1394958496094,271.3325653076172,153.79785,147.2269
624.0502319335938,273.09580993652344,154.52411,145.70956
624.5807418823242,272.68347930908203,154.18886,146.40257
624.0062713623047,273.69020080566406,154.75278,145.8406
623.9256134033203,272.94185638427734,154.39267,146.2217
623.8519287109375,272.4797821044922,154.17096,146.06161
623.1805191040039,272.7779235839844,155.29906,145.93317
622.6512985229492,272.80921936035156,155.70808,146.14719
622.5640869140625,273.10166931152344,155.9378,146.52078
621.174560546875,273.1722717285156,157.08685,146.31085
620.2580642700195,273.2483825683594,158.01543,146.0426
618.6000823974609,273.3726348876953,159.91177,146.17233
624.1276626586914,272.4730682373047,153.48131,147.436
625.8569717407227,271.9897918701172,152.90501,148.20035
628.8469314575195,272.54032135009766,150.55534,142.07133
633.2892990112305,272.14337158203125,145.5436,141.2807
647.7141799926758,272.5995101928711,131.25914,146.13887
649.9571914672852,272.8810729980469,129.65434,146.55963
652.3655128479004,273.0143585205078,126.573845,146.75327
646.7073745727539,273.24796295166016,132.42796,147.11687
647.8373260498047,273.60877227783203,131.8469,147.05876
654.1696434020996,273.1100158691406,125.186714,146.41467
650.0854415893555,272.457275390625,129.97542,146.2608
650.0365142822266,272.28160095214844,129.58609,146.1976
641.2504730224609,273.4617462158203,138.59824,145.66354
616.2350997924805,274.63109588623047,162.9139,144.65077
617.1318969726562,274.6953353881836,161.23602,143.57643
616.3571929931641,274.7411346435547,162.0745,143.17245
616.5408554077148,275.0317687988281,161.97505,143.40778
616.1043090820312,274.72804260253906,161.67279,142.77542
616.4247207641602,274.90122985839844,161.58391,143.51688
616.6282424926758,274.89139556884766,161.593,142.61052
616.7901382446289,275.10255432128906,161.64604,143.25272
616.4128265380859,275.2337875366211,161.86752,142.97176
616.1476364135742,275.30284881591797,161.82521,142.91011
615.8767547607422,275.4346389770508,161.75882,142.81023
616.9524765014648,275.55020904541016,161.21669,142.71928
616.5840606689453,275.6012268066406,161.47958,143.0022
617.1926193237305,275.33055114746094,160.92653,142.6724
616.7930908203125,275.33873748779297,161.20953,143.03725
617.2167587280273,274.8160171508789,160.92824,142.9793
616.8058471679688,274.79100799560547,161.14691,143.16609
616.9916839599609,275.33492279052734,161.17953,143.14894
616.3990631103516,275.05035400390625,161.14523,142.64233
617.1048278808594,275.16258239746094,161.2685,142.55765
616.7705383300781,275.18006134033203,161.25928,142.76299
616.4151992797852,275.26434326171875,161.30186,142.81555
616.6655807495117,274.7828903198242,161.19496,142.66628
616.2098388671875,274.86507415771484,161.36975,142.77205
616.5313415527344,275.23353576660156,161.11029,143.03696
616.656852722168,274.9364318847656,161.1938,142.54358
616.0903472900391,275.02213287353516,161.47232,142.63426
616.4083557128906,275.21778106689453,161.23785,143.12267
616.5335464477539,274.9086608886719,161.42937,142.57452
616.8085250854492,274.998046875,160.74068,142.5152
617.2963104248047,275.1682434082031,160.71164,143.60791
617.1791687011719,274.54722595214844,160.69153,143.83298
616.1068115234375,274.3085174560547,161.74377,144.30704
616.6413040161133,274.2922821044922,161.50719,143.81119
619.0669708251953,273.1309509277344,159.53085,144.92389
618.27783203125,271.3894577026367,161.81451,143.04762
621.8376388549805,268.09510803222656,161.1587,142.57614
626.3854522705078,264.5960235595703,160.00174,140.48209
624.9868316650391,264.2754440307617,162.03586,141.41151
629.6425399780273,261.30628204345703,158.95906,137.68388
629.9656600952148,258.76985931396484,159.09505,136.33217
629.2815933227539,258.8104476928711,159.57469,137.33394
629.1239547729492,256.98548126220703,159.87202,139.04308
628.7654800415039,257.5912780761719,159.89275,138.81262
630.727897644043,259.33658599853516,159.08217,138.49998
630.7941589355469,259.89517974853516,159.26318,137.84648
632.6185836791992,259.7237243652344,158.42421,137.99872
633.1507415771484,259.9251174926758,157.2615,137.4901
633.3082962036133,260.3952941894531,157.5089,137.82935
632.3382034301758,259.75611114501953,158.62755,138.24297
631.0517501831055,260.65238189697266,161.1291,137.05058
631.9774703979492,260.47560119628906,160.87349,136.99362
633.3035736083984,262.1969451904297,160.66867,137.00119
635.1869277954102,260.83695220947266,158.92796,137.93413
633.6644515991211,261.74730682373047,160.91866,138.11751
634.5824279785156,261.8979797363281,159.95612,138.33429
633.0705184936523,261.35057830810547,161.40114,139.10744
633.7070770263672,261.7666931152344,160.85025,139.13287
633.1638641357422,260.6338119506836,160.82608,140.14345
634.2595901489258,261.8024139404297,160.5078,137.06296
636.0410232543945,260.4275207519531,160.49113,133.64703
638.7428894042969,260.3542709350586,160.00085,132.13588
639.6706695556641,260.3927536010742,158.09232,132.415
639.3845062255859,258.93090057373047,158.3461,132.92342
640.2484664916992,259.9736862182617,157.5417,134.04317
639.6697235107422,259.87638092041016,158.17087,134.26152
640.883903503418,259.10953521728516,157.7198,135.7592
638.955940246582,258.6041564941406,159.40459,139.30475
639.5032653808594,258.15528869628906,159.42273,138.78183
639.1327972412109,258.0231628417969,159.52908,140.724
639.9206619262695,260.84214782714844,157.91655,140.65067
643.1511077880859,259.82176208496094,155.5054,140.90506
643.4304885864258,259.92472076416016,154.98344,141.65129
644.9431915283203,260.0063781738281,153.837,141.87305
647.9393768310547,260.9190673828125,151.10129,140.51318
648.3643035888672,260.1723327636719,150.27371,140.35864
644.0564956665039,261.09605407714844,155.23863,140.63351
641.3703689575195,261.4302978515625,158.15685,140.95178
644.0978317260742,260.96634674072266,155.19069,140.9799
639.1971130371094,261.8216857910156,160.00397,141.685
642.7748794555664,262.1434783935547,156.56914,136.56424
643.244384765625,262.723201751709,158.24506,125.63947
646.6251525878906,264.61814880371094,155.73615,111.886444
646.074348449707,263.64466857910156,156.95476,112.5228
644.4245376586914,264.11177825927734,158.29497,125.59346
651.8955459594727,264.78963470458984,150.81517,123.678055
649.3739395141602,261.97571182250977,153.28539,126.40557
650.727783203125,264.0017623901367,151.18378,124.51454
649.175895690918,262.7095069885254,153.19966,125.31579
652.2948379516602,265.00415802001953,149.93443,123.525314
649.7137985229492,262.7888069152832,149.7983,125.060326
646.674430847168,262.5101623535156,149.5558,125.67645
643.2546691894531,264.4997100830078,150.21216,123.460236
640.9434356689453,263.743221282959,151.89151,124.36738
641.8650360107422,263.7639694213867,150.62723,125.384415
639.5393295288086,263.2864074707031,153.05281,126.441345
637.6221389770508,263.53942489624023,155.64226,125.34058
637.8370895385742,263.8722724914551,155.33504,125.445885
635.3764801025391,262.66978454589844,159.62625,128.03134
630.5218734741211,261.2712173461914,166.64339,129.95586
629.4512710571289,258.00452423095703,169.44853,134.50017
627.6980972290039,255.6766815185547,170.62834,136.62143
628.4541244506836,255.76276397705078,170.22737,136.44408
626.1302185058594,253.30751037597656,168.84174,140.46982
624.5134735107422,250.43008422851562,167.44864,142.3291
622.0734634399414,252.5809326171875,170.06737,141.64166
622.8507537841797,253.94353485107422,168.65219,141.63545
623.1436538696289,253.5088348388672,169.51067,142.07193
623.6380462646484,254.90354919433594,168.1448,141.5391
623.4044036865234,255.52300262451172,168.38467,141.69832
623.3532638549805,257.16058349609375,167.76009,142.40472
623.6855697631836,258.3383255004883,168.90681,143.2404
623.8449783325195,257.5730514526367,168.33012,143.81654
623.4282760620117,259.09230041503906,168.35231,147.16013
623.2793579101562,258.3763961791992,168.11841,147.99721
624.9934234619141,258.78529357910156,167.64023,150.13547
623.974494934082,259.5591278076172,168.6887,152.12521
623.8768997192383,258.4890365600586,168.00114,152.32216
623.3080978393555,257.65230560302734,168.48103,153.31306
624.3131561279297,258.72911834716797,167.33755,153.71144
623.5354995727539,257.2228698730469,167.75926,157.02618
623.9462356567383,258.66947174072266,167.0197,157.01842
624.1312942504883,258.0617141723633,167.5454,157.64763
623.8568801879883,257.29834747314453,167.82549,158.49413
623.9854965209961,260.1932907104492,167.6056,156.24782
623.4428939819336,259.7078552246094,168.22353,158.08679
620.8445053100586,258.4108657836914,169.16621,159.1663
623.3245697021484,258.93495178222656,166.71945,159.7626
623.5350799560547,259.83223724365234,167.46164,159.0124
627.6777420043945,264.4574508666992,167.8355,154.93129
629.7272415161133,265.79466247558594,166.88194,153.24435
630.1376495361328,266.62679290771484,166.67892,152.34566
630.3494033813477,266.3920211791992,167.0111,152.12355
630.0752868652344,267.8723831176758,166.64197,150.283
630.8112182617188,270.04673767089844,166.99573,146.88113
632.1599578857422,272.0779342651367,166.49521,145.22682
632.2668304443359,271.32263946533203,167.00821,145.88475
632.9032287597656,270.62030029296875,166.64948,146.03326
632.121223449707,271.1105041503906,166.50523,146.74408
633.2556304931641,271.8734130859375,167.38968,146.1596
634.0800476074219,271.3662414550781,166.80219,147.06854
633.3948822021484,271.34903717041016,167.3198,147.45256
633.0263519287109,270.7287063598633,167.08011,147.02617
632.8696060180664,272.07613372802734,167.13292,146.48781
635.566276550293,280.57006072998047,168.75307,139.66743
633.6565093994141,281.0697937011719,169.53781,139.99933
636.134147644043,278.70748138427734,167.57631,141.6111
633.5001373291016,278.7647171020508,169.34848,141.1447
635.2557754516602,279.5391540527344,168.71214,141.12585
635.6125717163086,278.11671447753906,168.04805,141.2352
636.4839477539062,275.6599655151367,166.74524,143.90755
638.0596389770508,275.77806854248047,165.92839,144.34651
638.4853439331055,276.21012115478516,164.91444,143.23564
639.6196899414062,275.72733306884766,163.58844,144.06548
637.6576614379883,277.511962890625,165.65257,142.28632
637.643798828125,281.6788787841797,166.33905,138.42673
638.4464645385742,281.5694122314453,165.83638,138.44052
639.4119338989258,280.4466323852539,164.74004,138.8449
640.0706100463867,281.1461639404297,164.30208,139.11996
640.7692718505859,281.3536911010742,163.50839,138.27394
641.7986373901367,282.3856201171875,162.54646,137.24445
641.360725402832,281.0964584350586,162.64134,138.47261
641.6867218017578,283.09200286865234,162.36093,137.06917
644.1930847167969,280.9867706298828,160.8388,138.98196
648.2736740112305,281.7704315185547,157.77296,139.04099
658.9405517578125,282.57666778564453,147.34698,138.64189
664.7025527954102,284.92567443847656,142.59428,137.41373
662.7328338623047,283.702392578125,145.10129,137.47687
671.6778030395508,285.29443359375,136.12682,135.94934
666.6834259033203,283.9496765136719,141.69247,138.96265
655.1397171020508,279.34214782714844,153.86797,143.59311
642.3909301757812,276.4531555175781,165.32867,146.27911
642.0750885009766,275.8848190307617,164.4639,146.79567
640.191162109375,272.5901870727539,165.19531,150.70464
637.9216461181641,271.03367614746094,166.73978,153.02231
638.1804962158203,272.4895553588867,167.32901,152.31386
639.5287780761719,272.1123580932617,166.68848,153.22243
639.5431594848633,272.12584686279297,166.55656,152.97878
637.2185287475586,268.6505432128906,167.7234,155.66827
636.543327331543,267.21729278564453,166.80666,156.76048
636.17822265625,266.2316207885742,166.69641,157.44069
635.3559265136719,265.7691879272461,166.50226,157.0605
636.1682891845703,265.6773681640625,165.67911,157.49054
635.4915313720703,265.6372375488281,166.57248,158.03302
635.9457626342773,264.7598876953125,166.27242,158.59601
635.0139999389648,263.9776611328125,166.82564,157.99469
635.2817306518555,265.05286407470703,166.4532,158.2434
635.5508804321289,264.04127502441406,166.46025,158.73404
635.1105880737305,264.8896179199219,166.66774,158.36981
636.4033432006836,264.8966293334961,165.43721,158.16414
635.6088790893555,265.44947052001953,166.26735,157.95348
635.7694320678711,265.29944610595703,166.09401,158.85185
636.8536605834961,265.0787887573242,165.17696,158.88875
636.2341156005859,264.2733917236328,166.00308,159.02414
636.6122894287109,265.0308380126953,165.71774,158.93546
634.7783203125,264.074462890625,166.5484,159.53333
634.5438385009766,264.0506591796875,166.2496,159.64337
634.4852828979492,264.7176208496094,166.17165,159.27527
634.2016677856445,264.7956237792969,166.21672,159.20679
635.104621887207,265.4369888305664,165.48393,158.92589
634.1282577514648,264.3979797363281,165.86153,159.64294
633.9311065673828,263.76599884033203,166.11667,159.72496
634.8886871337891,264.28873443603516,165.59714,160.114
635.5436782836914,264.0470962524414,165.64922,159.80315
636.380615234375,264.30370330810547,166.08429,160.29097
636.4838485717773,264.89453887939453,167.15431,160.38054
637.4972076416016,264.2326202392578,166.24747,160.88028
637.1210250854492,264.52787017822266,167.00172,160.42699
638.0005340576172,264.7292709350586,167.00723,161.13564
638.5716018676758,265.4376525878906,167.10155,160.81677
639.1459808349609,265.3763427734375,166.73276,160.59912
639.1338043212891,264.7646026611328,166.59512,160.92947
639.3533935546875,264.6891174316406,166.76154,161.23346
639.4605865478516,265.01922607421875,167.4144,160.86249
639.534065246582,265.4740753173828,167.52934,161.55545
640.4816131591797,266.15599060058594,167.11526,161.32956
641.0533828735352,266.70972442626953,167.41136,160.50029
641.4516906738281,267.4777374267578,167.42853,160.70218
641.8158950805664,268.5696334838867,167.35753,157.70613
642.3720703125,268.65220642089844,167.39148,159.92593
641.5300598144531,267.93631744384766,168.37543,158.67815
641.6777877807617,266.12469482421875,168.03127,162.1576
641.474723815918,265.9893798828125,168.36855,161.66388
644.4028015136719,263.86605072021484,167.10968,164.15816
646.8523330688477,262.67069244384766,166.85191,165.72002
648.282096862793,263.86658477783203,166.57356,165.56499
648.6094970703125,263.8408966064453,167.26544,165.59885
648.714958190918,264.7466354370117,167.26088,165.19832
649.2673645019531,265.96783447265625,167.2685,163.99744
648.5834503173828,266.3145751953125,167.80087,163.48785
648.0435562133789,266.050048828125,168.33366,163.69836
646.2319488525391,265.6760711669922,170.43698,162.7576
646.5020217895508,265.60765838623047,169.83769,163.20454
646.1137390136719,265.3558120727539,169.84894,162.86107
644.5529251098633,265.3032455444336,169.73363,162.36366
646.1940460205078,266.2726516723633,167.50687,161.77995
644.7544250488281,265.0094680786133,167.53381,162.56273
644.7780151367188,265.3879623413086,166.73816,161.70998
646.5348052978516,266.2578811645508,166.18405,161.83171
644.774299621582,266.16796875,167.33287,161.56104
644.7171630859375,266.0537796020508,166.9701,161.54375
643.2667007446289,265.18004608154297,166.92131,161.05232
643.8621139526367,265.2411193847656,166.63435,161.43958
642.7030487060547,264.6330337524414,167.16495,161.2246
643.1031188964844,265.39916229248047,166.18896,160.96895
642.623046875,265.16783142089844,166.30627,160.6865
642.6527557373047,265.09027099609375,166.44498,161.29962
642.6182327270508,265.2519760131836,166.34422,161.3116
642.2512741088867,265.39015197753906,166.55556,161.03293
641.8206558227539,265.4664611816406,166.39458,160.47876
641.1222229003906,265.52574157714844,166.88861,160.48239
641.1033096313477,265.2226257324219,166.85509,160.19067
640.784423828125,265.2853317260742,166.9068,161.02608
641.2897262573242,265.5267868041992,166.87837,160.5494
640.8990783691406,265.2945556640625,167.13568,159.82977
640.1006240844727,264.9931869506836,167.33922,160.2593
637.1642761230469,262.73169708251953,168.26202,160.77129
638.1450424194336,263.05855560302734,166.38173,162.15633
633.1640777587891,260.92735290527344,169.25577,160.78043
629.7911834716797,259.5840301513672,169.78995,162.52219
630.0769805908203,259.29602813720703,168.84702,162.4622
630.2458343505859,259.05496978759766,168.61673,162.46336
630.6335144042969,259.6531295776367,167.99896,162.65504
633.5410003662109,260.66871643066406,166.19626,162.77219
634.0882339477539,260.18965911865234,166.63176,161.839
634.3243789672852,262.1478042602539,167.19603,161.23149
635.0079040527344,263.1033020019531,167.10797,160.90094
634.9532775878906,262.78580474853516,167.04071,160.7368
636.2014007568359,264.3353958129883,167.05411,159.87321
636.6887588500977,265.93797302246094,167.37614,159.0853
637.1150207519531,266.9841766357422,167.33508,158.99722
635.8379821777344,267.51185607910156,168.37213,157.81009
636.2889709472656,267.44813537597656,167.90741,158.03421
635.5959854125977,266.6709518432617,168.50377,158.21303
636.1790542602539,266.74178314208984,168.15178,158.94673
635.2840881347656,266.99732208251953,169.1947,158.04613
634.8366928100586,266.7924499511719,168.91988,157.54053
635.091064453125,265.73435974121094,168.6698,158.60239
634.930908203125,266.1332778930664,169.0586,159.03441
634.7337493896484,265.9727554321289,169.56265,158.13658
634.1730117797852,265.851806640625,169.68394,157.99225
633.9020462036133,266.47057342529297,169.4005,158.85585
633.9725570678711,266.59854888916016,169.27919,157.86559
634.402099609375,266.98963165283203,169.04504,157.6115
635.7166519165039,267.43431091308594,168.166,157.94589
635.0035781860352,267.7462692260742,168.91032,157.95717
635.1939468383789,268.20577239990234,168.95287,157.63106
635.4352951049805,267.8040466308594,168.94917,157.19
635.4817123413086,268.5283966064453,168.8666,157.72818
636.0751647949219,268.63729095458984,168.729,156.9413
636.1635818481445,268.42322540283203,168.70311,157.31816
635.8011627197266,269.59547424316406,168.99655,156.44077
637.127571105957,269.19556427001953,168.34319,156.42656
637.1571807861328,271.27330017089844,168.90872,154.93008
638.7192764282227,274.23072052001953,168.81023,152.17497
631.1269836425781,284.0774612426758,184.26147,144.812
630.8275909423828,284.13987731933594,184.37839,145.3182
630.6624145507812,284.2005615234375,184.4289,145.81976
630.9266128540039,284.32962799072266,184.57408,145.82951
631.0881729125977,284.31046295166016,184.89787,145.92033
630.00244140625,283.7141342163086,185.80249,145.75227
631.308219909668,283.14168548583984,184.0713,146.36354
630.7448272705078,283.65128326416016,185.6614,146.3156
633.1222839355469,284.12648010253906,182.81506,146.21024
643.7057571411133,283.36547088623047,170.48979,147.48903
651.1114883422852,284.3543472290039,162.71342,146.95421
652.8224334716797,285.7952346801758,160.85532,144.32689
653.1995315551758,285.2123260498047,161.04448,144.71213
653.8264083862305,285.67564392089844,160.69008,143.81534
652.9761657714844,285.6188278198242,161.70844,143.65138
653.5350570678711,286.28812408447266,160.43977,143.83946
653.4629669189453,286.37882232666016,160.7128,143.3297
653.5395584106445,286.29793548583984,160.77715,143.24641
654.0992813110352,286.61144256591797,160.56157,143.33363
653.3696441650391,286.6219253540039,160.81741,142.58934
653.493896484375,286.47936248779297,160.60748,142.90492
653.5143203735352,286.5192642211914,160.60649,142.89268
653.5451736450195,286.5579147338867,160.65056,142.91414
653.8432922363281,285.8947525024414,160.84662,143.02458
653.2995376586914,286.6209030151367,160.64671,142.8644
653.3029937744141,286.5287322998047,160.67386,143.00894
653.6248779296875,286.00660705566406,160.77191,143.00186
652.9096984863281,286.53582763671875,160.74677,143.15674
653.2321701049805,286.04278564453125,160.74416,143.08154
653.7160949707031,286.3225631713867,160.79364,143.41762
653.907600402832,286.54022216796875,160.41588,143.04199
653.7490081787109,287.0096740722656,160.99448,142.43677
653.8916549682617,287.1445846557617,161.03053,142.4977
654.0093002319336,287.2179641723633,161.15865,142.67113
653.5079803466797,287.0874328613281,161.3121,142.35925
653.1046905517578,286.8037872314453,161.23123,142.33536
654.0055160522461,287.07193756103516,160.88759,143.14915
654.0710296630859,286.5003204345703,161.07242,142.52664
653.8509826660156,286.9861831665039,160.86786,142.87376
653.5407104492188,287.0953369140625,160.81262,142.34149
653.2195053100586,286.66747283935547,161.33784,143.46046
654.8673553466797,285.90416717529297,159.99759,144.42836
654.254524230957,286.00768280029297,160.24883,144.73952
666.3417129516602,282.5616683959961,148.64207,145.47365
673.5691604614258,287.37937927246094,142.95049,137.01633
674.353271484375,278.5066146850586,148.9574,137.37831
677.7378082275391,280.1101989746094,147.13327,137.58984
677.9137954711914,280.2993392944336,146.9329,136.55739
682.4236679077148,284.1446838378906,141.91359,135.25226
659.9834976196289,292.75550079345703,156.90196,137.45622
661.0304489135742,297.8333435058594,153.68959,136.95642
670.5637588500977,299.1411361694336,143.58232,134.86037
665.5580825805664,295.93798828125,149.29314,138.6756
643.1870651245117,289.00128173828125,168.21907,152.13324
647.889762878418,284.9916229248047,158.01155,157.02908
663.6452865600586,286.7764663696289,134.21834,150.26256
662.6088714599609,286.71739959716797,134.8317,153.68007
650.0852203369141,306.74582290649414,138.69577,109.74505
627.512580871582,354.8091354370117,152.82872,41.518143
621.2050704956055,357.7941188812256,153.24855,40.64684
611.6924133300781,358.31773948669434,159.89917,41.873768
612.055061340332,358.3700008392334,159.78136,42.314045
610.9531631469727,359.4025402069092,160.24504,40.58887
607.3611526489258,359.141902923584,163.7581,42.28974
606.6345138549805,357.3418769836426,165.54955,44.283653
606.5784530639648,357.30357360839844,164.48781,43.78366
606.0351638793945,357.64130783081055,164.70186,43.771126
606.6070022583008,357.3863468170166,164.0139,43.721294
605.0166091918945,357.64234352111816,165.20946,43.085186
602.9757232666016,356.38986587524414,166.5846,44.345543
603.4998626708984,344.3760566711426,160.76099,48.951958
603.4505386352539,345.93295097351074,162.29677,49.7587
599.0719985961914,302.5762748718262,155.4363,53.998238
595.667839050293,279.1387119293213,160.97618,54.552837
593.7263488769531,269.9881534576416,162.71097,60.21513
611.4679946899414,265.0926628112793,153.96773,44.798347
609.0718994140625,264.30870056152344,151.76038,40.95926
622.5977096557617,259.53657722473145,143.79912,40.079678
642.7319259643555,261.5035972595215,132.47041,119.441444
643.5705680847168,254.81069946289062,116.572975,136.34525
644.4218673706055,241.75257873535156,98.63493,138.09296
646.7363128662109,242.55519104003906,95.89661,138.91559
658.7129707336426,220.53787231445312,74.01333,137.15698
644.1996383666992,204.68334197998047,88.60393,148.82768
649.1517677307129,233.88771057128906,101.66735,162.6084
640.1454772949219,252.79097747802734,114.45972,153.87022
641.6849327087402,252.79705047607422,112.91718,153.48503
633.3484230041504,251.57927703857422,120.175224,156.33891
627.1892242431641,257.72325134277344,124.74185,163.96375
610.9578323364258,264.08580017089844,137.51982,166.44885
601.5213241577148,265.7426986694336,149.67805,165.73662
604.5807647705078,265.7842102050781,146.72849,165.61026
594.6917572021484,266.7251205444336,157.33298,165.6367
593.9920654296875,265.05169677734375,158.09454,166.38803
594.8911743164062,261.3364562988281,161.99438,166.17874
597.0778961181641,256.6662826538086,162.66696,165.18565
598.3808364868164,256.0394058227539,161.17125,165.81734
599.0926208496094,252.620361328125,164.18982,167.2056
602.6791076660156,246.75446319580078,162.91339,165.70955
602.5884246826172,238.02489471435547,161.95584,165.80986
602.5713119506836,236.0653305053711,163.23329,165.24718
603.1754455566406,235.29832458496094,163.24652,165.60455
603.9513702392578,234.77182006835938,163.51633,165.48837
608.4107818603516,234.62230682373047,161.14066,164.66423
611.8998107910156,234.6083526611328,160.72534,165.03522
614.6646347045898,231.81644439697266,159.74489,165.1357
615.8295211791992,231.47527313232422,158.24287,165.49602
617.7385635375977,229.99188995361328,158.55388,165.092
617.216926574707,229.9205780029297,157.93474,165.01996
614.763313293457,227.77528381347656,159.95049,164.30511
609.3490524291992,223.7504653930664,164.55727,164.99306
608.5817108154297,222.50860595703125,165.51102,166.57608
599.1451263427734,221.71831512451172,169.02426,165.7592
596.7463150024414,222.20891571044922,168.13792,165.95116
595.6303787231445,222.9520263671875,167.5399,164.96219
595.4224319458008,222.82697296142578,167.84099,164.69331
595.3855133056641,222.76143646240234,167.77463,164.37956
597.5106582641602,223.63018798828125,166.54784,163.4194
597.7472152709961,223.554931640625,167.16164,163.80026
597.7399291992188,223.8995819091797,166.76703,163.69849
599.4149017333984,224.2633514404297,165.73923,163.02899
598.7830276489258,224.38578033447266,166.10588,163.90254
599.0883941650391,224.72371673583984,165.63565,163.31871
599.9591903686523,223.981689453125,165.12593,163.42526
599.5459213256836,224.6789321899414,165.3442,163.21083
599.1880111694336,223.94408416748047,165.70839,163.33733
599.7474517822266,223.86559295654297,165.46915,163.28087
599.7256698608398,224.48322296142578,165.477,163.08852
599.2324676513672,223.8830108642578,165.7034,163.15149
599.4913711547852,224.72696685791016,165.24895,163.0254
600.3083648681641,225.37547302246094,164.89017,162.4851
599.7521667480469,224.06766510009766,165.05713,163.15126
600.5815277099609,224.8512191772461,165.09567,162.4771
600.2383575439453,224.42131805419922,164.98813,162.78227
600.2043609619141,225.0132827758789,165.33963,162.91017
600.1756057739258,225.36186981201172,165.09727,162.88402
600.4509429931641,225.26692962646484,164.88614,162.67369
600.5403137207031,225.03775787353516,164.51086,162.73671
599.4321975708008,225.5755615234375,164.76036,162.80222
600.0310592651367,225.97989654541016,164.29005,162.34187
599.1871490478516,224.74578857421875,164.77664,162.66965
599.4027786254883,225.24075317382812,164.24223,162.71164
600.1850891113281,223.85465240478516,164.27344,163.18721
600.9849243164062,223.70237731933594,163.95807,162.87488
601.052604675293,222.95826721191406,164.40291,162.92603
600.4714965820312,223.6222152709961,164.98077,163.12523
600.5254058837891,223.71034240722656,164.68259,162.6607
600.9632415771484,223.38459014892578,163.97989,162.73872
601.5700225830078,223.42489624023438,163.82236,162.89621
601.0445861816406,223.7691650390625,164.19861,162.55142
601.004508972168,222.47732543945312,164.00563,162.69461
600.2176971435547,222.97874450683594,165.121,163.38287
601.6470031738281,222.84549713134766,163.98254,162.90413
601.3858261108398,222.80982208251953,164.07155,162.78981
601.3214111328125,222.67794799804688,163.8797,162.67331
600.908935546875,222.562255859375,164.12744,162.47641
601.3522186279297,222.99431610107422,164.47714,162.88664
600.7956466674805,223.1119842529297,164.48622,162.95544
601.5174713134766,222.92344665527344,163.90286,162.24695
602.0370864868164,222.9508285522461,163.70879,163.0001
601.7311859130859,223.24146270751953,163.96213,162.55519
601.6242370605469,223.35733795166016,163.88885,162.47627
601.4141082763672,222.47093200683594,163.86368,162.69775
601.1443252563477,222.89906311035156,164.64616,163.04065
601.7980651855469,223.10851287841797,163.91449,162.50401
601.4864349365234,223.1932373046875,164.04587,162.86563
601.7388153076172,223.18699645996094,163.88022,162.64978
602.0439605712891,223.10446166992188,163.77762,162.61502
601.0108489990234,223.2203598022461,164.5571,163.08452
601.0405426025391,223.5204315185547,164.27585,162.72241
601.0247268676758,223.6460952758789,164.0363,162.70674
600.9089813232422,223.7345428466797,163.9885,162.755
602.1275253295898,222.38164520263672,163.75337,162.97331
600.4271240234375,222.60932159423828,164.88416,163.69179
601.729736328125,222.7989959716797,164.06427,163.1059
600.7102584838867,222.81353759765625,164.605,163.55093
601.7458343505859,222.98931884765625,163.72958,162.41129
601.2656631469727,222.77923583984375,163.8734,163.61612
602.1990432739258,223.15736389160156,163.34642,163.0224
601.2355117797852,223.1088409423828,163.62956,163.30005
600.5654602050781,223.75930786132812,164.02252,163.27383
601.4496841430664,224.3238525390625,162.83482,162.91208
602.3821716308594,224.4385528564453,162.53235,163.13202
601.7397842407227,223.59063720703125,162.9251,162.89487
601.3005599975586,223.87445068359375,162.86037,162.71695
601.9682006835938,224.08372497558594,162.32812,162.89514
602.1216506958008,223.86842346191406,162.26671,162.79944
601.6340103149414,224.5226821899414,162.82103,162.86592
601.5056076049805,224.80020904541016,162.34944,162.68117
601.4631729125977,224.51325225830078,162.3466,162.60683
601.0818176269531,224.52550506591797,162.70892,162.70604
601.1380462646484,223.95875549316406,163.2507,163.1543
600.881965637207,223.63926696777344,162.81218,162.88531
600.9792785644531,223.51138305664062,162.64343,163.34238
601.0812225341797,222.87835693359375,163.0054,163.57059
601.70556640625,222.67294311523438,163.2149,163.92136
602.1181488037109,222.45551300048828,163.36032,163.68452
602.0103225708008,222.44900512695312,163.85728,163.92795
603.0907211303711,222.18824005126953,163.18452,163.31831
602.520149230957,222.3090591430664,163.79515,163.51137
602.925537109375,222.31636810302734,163.42139,163.34459
602.628791809082,222.56977081298828,163.59093,163.47365
602.590705871582,222.95263671875,163.76848,163.0364
602.3146820068359,223.05821990966797,163.2153,162.96385
601.5113372802734,222.51013946533203,163.40335,163.33083
601.4024200439453,222.93495178222656,163.30447,162.92358
601.4028396606445,223.2853240966797,163.19218,163.18811
601.1639175415039,222.39718627929688,163.56029,163.54251
601.2481231689453,221.9940643310547,163.73184,163.93536
600.9008102416992,222.54273986816406,164.16414,163.39056
602.5993347167969,221.4416046142578,162.961,163.88336
601.3253402709961,222.00472259521484,163.99165,163.36375
601.9928894042969,222.79513549804688,163.0282,163.12784
601.0083465576172,225.36785125732422,162.95566,163.0606
600.8161392211914,225.8314971923828,163.54845,162.2846
601.0253143310547,225.6825408935547,162.59842,162.73822
600.8624725341797,225.0947494506836,163.14517,163.03056
600.4588241577148,223.5731658935547,164.4352,163.49396
600.0195083618164,222.05486297607422,164.46391,164.14256
598.7882537841797,221.0265884399414,165.22421,164.02992
599.2876129150391,221.97504425048828,165.12979,163.71419
599.0960464477539,222.17681121826172,165.6782,163.70488
599.173713684082,222.3231430053711,164.73021,163.55772
598.2395401000977,223.24070739746094,164.7144,163.57959
597.6330261230469,223.31515502929688,164.99066,163.61716
598.4123458862305,222.73500061035156,164.46938,162.86786
598.5034484863281,222.94766998291016,164.40033,163.4181
600.1299896240234,222.16787719726562,163.8135,162.82706
598.972053527832,221.23914337158203,164.86882,163.37209
599.8046722412109,221.2571563720703,164.76065,163.79865
598.2627639770508,220.32183074951172,165.44579,164.10265
599.0962829589844,221.2555923461914,164.922,163.49232
597.8922653198242,220.5765609741211,165.53749,164.2224
599.6167526245117,220.43814086914062,164.89864,163.70932
599.8452377319336,218.64734649658203,165.58766,164.01753
602.3633728027344,218.32440185546875,164.51367,163.82187
601.7979049682617,217.81253051757812,165.08601,164.50217
602.5746383666992,217.15711212158203,164.92537,163.8285
601.9280090332031,217.09414672851562,165.21472,164.13156
600.6689834594727,218.38763427734375,166.0681,164.13004
599.5996856689453,218.8358917236328,166.26071,164.55682
599.9775924682617,218.44551849365234,165.7541,163.70256
598.6135940551758,219.54895782470703,166.44713,163.95015
598.8002853393555,219.5044937133789,165.35323,164.24117
598.3466339111328,221.04560089111328,165.34982,163.71504
599.1759338378906,222.10358428955078,164.25128,163.01723
599.5212860107422,222.2282257080078,164.51529,162.6463
600.2420120239258,222.3193359375,163.61674,162.40512
600.465461730957,222.06048583984375,163.86205,162.76462
600.1299591064453,222.24940490722656,163.91525,163.05725
599.971794128418,222.66036987304688,163.8138,162.9252
600.7138214111328,222.16936492919922,164.13663,162.70836
599.7519149780273,222.07029724121094,164.5276,163.62079
598.9126052856445,222.20868682861328,164.89494,163.5345
599.1524047851562,223.10526275634766,164.59741,162.90608
598.9008483886719,223.24493408203125,164.56903,162.71402
599.8376007080078,222.64454650878906,164.23953,162.85223
599.8048324584961,222.87198638916016,164.22353,162.94234
599.9743118286133,222.89476776123047,164.45488,163.0371
600.6528625488281,223.02144622802734,164.13696,162.72081
600.8343811035156,222.27155303955078,164.081,162.95924
600.0879898071289,222.1505889892578,164.60484,162.9801
599.7237319946289,222.2923812866211,164.52641,163.29301
599.7566757202148,222.9266128540039,164.8965,163.0317
598.6419982910156,222.36870574951172,164.9353,163.38249
599.204216003418,223.03162384033203,164.80806,163.01411
599.2326507568359,222.76200103759766,164.99612,163.29823
599.5211715698242,223.14067840576172,164.51173,163.04143
600.7332534790039,222.8221893310547,164.11815,163.14001
600.0180053710938,222.7494354248047,164.49359,163.52826
600.8543243408203,221.78040313720703,164.02213,163.30074
600.2098922729492,222.3263397216797,164.41042,163.81628
600.0466232299805,222.83515167236328,164.88069,163.45247
599.7828903198242,222.2877960205078,164.84505,163.22101
599.4286270141602,222.2819595336914,164.91685,163.67122
599.8687438964844,222.533935546875,164.49072,163.22336
598.973876953125,222.0680160522461,164.47864,163.88841
599.5215835571289,222.7552490234375,164.63744,163.36484
599.1950149536133,222.80643463134766,164.65666,163.77711
599.5102005004883,222.59741973876953,164.13286,162.83052
599.8808364868164,222.7092514038086,164.24998,162.97118
599.3066711425781,223.00234985351562,164.60583,163.39188
599.0413055419922,223.6913833618164,164.90329,162.7696
599.5568389892578,222.8828582763672,164.07443,163.00134
598.5307159423828,223.54104614257812,164.7015,163.69888
599.4422073364258,224.31047821044922,163.97386,162.96562
599.2720108032227,224.27243041992188,164.50285,163.10074
599.1052780151367,224.80606079101562,164.60658,163.01016
599.4141387939453,224.94202423095703,164.18936,162.75551
599.4932098388672,224.98939514160156,164.07132,162.71759
599.7661285400391,223.80257415771484,164.62546,163.68608
599.6454696655273,223.39127349853516,165.09108,163.81337
599.0385208129883,222.30127716064453,165.56737,164.53279
599.0709991455078,221.73995971679688,165.7463,164.7952
599.2254104614258,222.19854736328125,165.8532,164.51645
598.8505172729492,222.76611328125,166.04134,164.46744
599.4120101928711,223.0031280517578,165.69038,164.29645
600.9367752075195,220.5457305908203,164.36082,162.87762
601.4794235229492,219.0704803466797,165.2369,164.15692
601.1418533325195,218.19302368164062,165.83818,164.20432
600.5026779174805,217.82875061035156,166.68013,164.81946
600.4527587890625,217.7779998779297,166.60724,164.7879
599.9142684936523,217.36578369140625,167.04121,164.4603
599.6028594970703,216.92130279541016,167.37442,165.16597
599.1939086914062,216.8633804321289,167.23828,164.6545
599.7630920410156,216.4064712524414,167.29877,165.16463
599.485725402832,217.49009704589844,167.3839,164.6333
599.0001831054688,218.54549407958984,166.90247,164.24889
598.2083587646484,218.68894958496094,166.77249,164.38977
597.2309112548828,219.20997619628906,166.62631,164.05927
598.3748474121094,219.512939453125,166.04675,163.76236
598.5194473266602,219.48188018798828,166.1663,163.82631
599.2708969116211,218.9271240234375,166.13167,163.67923
599.0966415405273,218.9573745727539,166.30739,164.32161
598.6894836425781,218.94890594482422,166.2182,163.8189
599.0137252807617,219.2092056274414,166.04817,163.8733
598.1049652099609,220.05297088623047,165.68692,163.61809
598.5014953613281,220.88211822509766,165.55658,163.46663
598.1708068847656,220.6988525390625,166.63586,164.0698
597.7756958007812,220.9806900024414,166.19427,164.16994
597.6758193969727,221.1840362548828,166.43797,163.89618
597.6088714599609,221.50261688232422,166.57224,163.70177
597.7363204956055,221.1814956665039,166.76906,163.84425
598.06640625,220.25099182128906,166.16205,163.72882
598.0572891235352,220.10586547851562,166.28728,163.73972
598.6943969726562,220.61922454833984,166.30139,163.67766
598.7028274536133,220.26719665527344,166.3397,163.95178
598.1097564697266,220.16795349121094,166.7609,164.2348
598.4706649780273,219.9912567138672,166.6537,163.98706
598.5532379150391,220.61144256591797,166.84952,163.89659
598.7007141113281,220.27395629882812,166.67694,163.88681
597.9214477539062,219.95984649658203,166.36633,164.0041
598.3349456787109,220.57367706298828,166.01083,163.86812
597.8443756103516,221.0010528564453,166.15414,163.64862
598.860481262207,221.4235610961914,165.85686,163.56593
598.162467956543,221.06194305419922,165.88661,163.6823
596.9493865966797,221.6696014404297,166.43802,163.66077
597.4472351074219,222.50836944580078,166.08405,163.5978
596.2409744262695,222.08497619628906,166.83794,163.474
595.8053665161133,222.2055206298828,166.85167,163.4906
597.1215744018555,222.62490844726562,166.06612,163.08176
596.3503265380859,222.50025939941406,166.81161,163.46619
596.0826797485352,222.1013641357422,166.48204,163.3872
596.0499801635742,222.11224365234375,166.76509,163.72763
596.8354110717773,221.84364318847656,166.42317,163.17981
595.6216506958008,221.55362701416016,166.81181,163.71864
596.2821044921875,222.10211944580078,166.1665,163.17464
597.0368041992188,221.62542724609375,166.61725,163.39487
597.4882431030273,222.3083267211914,165.83968,163.44954
596.96630859375,221.9724349975586,166.47858,163.36125
596.1477508544922,221.94386291503906,166.53574,163.50061
597.4112396240234,221.73734283447266,166.19351,163.16292
596.3700103759766,222.07223510742188,166.20102,163.55533
596.648681640625,222.3989715576172,166.39496,163.42853
597.0729141235352,221.80823516845703,166.14043,162.88838
597.0704193115234,222.21735382080078,165.95407,163.46516
596.993278503418,222.43606567382812,166.02321,162.9407
596.3932189941406,222.7411651611328,165.86218,163.2096
597.7498931884766,223.20335388183594,165.65256,162.5741
596.8539047241211,223.30614471435547,165.76881,162.71165
597.1022033691406,222.95751953125,165.4165,161.85904
596.6282043457031,222.62250518798828,166.03345,162.94875
597.4991607666016,222.62191772460938,165.46854,162.176
596.398681640625,222.8617706298828,165.64996,163.29211
596.4488677978516,222.8906021118164,165.81912,162.96034
596.5454940795898,222.73107147216797,165.81117,163.01347
596.6127395629883,222.5758819580078,165.85295,163.03735
596.8040161132812,222.34580993652344,165.763,163.12115
597.0079650878906,223.0448226928711,165.74774,163.41405
596.9068756103516,222.68922424316406,165.74228,162.89545
597.0821304321289,222.2725601196289,165.89897,163.3979
596.435546875,222.4542694091797,166.20032,163.52368
596.7296752929688,222.39852905273438,165.87537,163.41165
596.3633804321289,222.65711212158203,166.00786,163.59218
596.2605590820312,222.63568878173828,166.10901,163.47157
596.2375717163086,222.64009857177734,166.14998,163.43224
595.8611907958984,222.06346893310547,166.5914,163.33891
596.1440887451172,221.97280883789062,166.1614,163.2728
597.3400344848633,221.0962905883789,166.06487,162.83015
596.6731491088867,221.1660385131836,166.2704,163.48509
597.8478088378906,222.08341217041016,165.35529,162.99965
596.8258514404297,221.96550750732422,165.88382,162.35759
597.118278503418,222.5636215209961,165.33382,162.88213
597.1033477783203,222.5094985961914,165.13821,162.58772
595.5491256713867,221.7963409423828,166.1302,162.96631
594.7261199951172,221.7200927734375,166.35641,162.85977
594.2187347412109,220.99663543701172,165.62625,162.24669
593.4216384887695,220.1515121459961,165.64635,162.30833
593.194091796875,220.16612243652344,166.07172,162.57227
592.9954299926758,220.2859344482422,166.18993,162.34338
592.8860473632812,220.34625244140625,166.13788,162.3276
593.2015380859375,219.8910903930664,166.17273,162.09944
593.6005706787109,220.28085327148438,165.86227,162.6235
592.9369659423828,219.79108428955078,165.57089,162.4438
592.9614028930664,220.17082977294922,165.89091,162.79527
594.0374145507812,220.44481658935547,165.1726,162.22484
592.9132919311523,219.8836441040039,165.55214,162.66664
592.8078002929688,220.5516815185547,165.22278,163.2171
593.1443176269531,221.18244171142578,165.44733,162.32387
592.8049240112305,220.95700073242188,165.39857,162.43881
592.4764175415039,220.8397674560547,165.30101,162.35907
592.1279144287109,220.69960021972656,165.18936,162.3357
593.5152893066406,221.12722778320312,164.18488,162.49948
593.0945739746094,220.53956604003906,165.30847,162.1972
594.2268905639648,220.04193115234375,164.87001,162.12625
593.6460647583008,219.3494415283203,165.74065,162.7406
593.2951126098633,218.34852600097656,166.17638,162.5799
593.8314437866211,217.22586822509766,165.68251,163.25642
593.7267837524414,216.06631469726562,166.36961,163.75558
592.956901550293,214.8764190673828,167.0533,163.90149
593.819465637207,215.45004272460938,166.35204,163.83041
593.2950744628906,215.0417251586914,166.8316,164.1332
593.5724411010742,214.25977325439453,166.67653,163.90675
594.1921310424805,214.65853118896484,166.23189,163.52379
593.6244583129883,215.04950714111328,166.48485,163.64308
593.8880233764648,214.9299774169922,165.84908,163.7273
594.7763290405273,215.7332534790039,165.7032,163.77852
593.6302261352539,215.1270523071289,166.7415,163.86098
593.3424224853516,214.93768310546875,166.63107,163.8934
594.6167068481445,215.9892349243164,165.72704,163.55244
594.4075241088867,215.2280044555664,166.1725,164.01979
595.1218109130859,215.7626495361328,165.48697,163.88654
593.7143173217773,215.44384765625,166.61336,163.95755
594.2273025512695,216.38713836669922,166.16118,163.38719
594.3578414916992,216.37049865722656,166.21938,163.37091
594.3777694702148,216.20211791992188,166.47481,163.65384
593.8165740966797,216.73621368408203,166.7308,163.72829
594.7763366699219,216.68579864501953,165.76184,163.25258
593.2785568237305,217.62329864501953,166.65761,163.40791
593.2152404785156,217.37405395507812,166.23926,163.64249
593.3171539306641,216.84197998046875,166.13077,163.52011
593.4855651855469,216.8833999633789,165.9939,163.99055
593.6181106567383,217.12176513671875,166.04826,163.5411
593.7890930175781,217.03226470947266,165.88965,163.5447
593.0184783935547,216.52547454833984,166.08273,163.48753
592.9274215698242,216.3644027709961,166.14369,163.5537
593.8186645507812,216.08460235595703,166.04773,163.65462
593.8381958007812,216.22442626953125,165.94904,164.23593
593.6381759643555,216.26885986328125,166.28401,163.58664
593.847770690918,215.4119873046875,166.60219,163.67154
594.1279373168945,215.77477264404297,166.40196,164.01323
594.3157196044922,215.69591522216797,166.41544,163.66075
593.0214004516602,215.56380462646484,167.21507,163.81474
593.3544235229492,216.3534393310547,166.5024,164.31165
593.9098968505859,216.84394073486328,166.44095,163.2563
592.7929992675781,216.71451568603516,167.38428,163.68465
594.0953598022461,216.3948745727539,166.25624,163.24586
592.8905563354492,216.14356994628906,167.06166,164.12634
593.969596862793,216.9100341796875,166.26735,163.78195
593.5272369384766,216.62854766845703,166.40915,163.7726
593.0788803100586,216.30319213867188,166.41402,163.81766
594.0604095458984,216.85376739501953,165.9584,163.99287
592.6050186157227,217.06637573242188,166.58098,164.04721
593.5518264770508,217.003173828125,166.02495,163.08047
592.0818023681641,216.66356658935547,167.03146,163.79735
593.250373840332,217.2078628540039,166.34856,163.49367
591.8507308959961,218.1072006225586,166.70076,163.37383
592.6392211914062,218.1194076538086,165.86346,162.75786
592.901969909668,218.3796157836914,165.48933,163.00508
591.7355575561523,218.19818878173828,165.97603,163.46107
592.6899948120117,218.54724884033203,165.12337,162.94649
593.5602798461914,218.65736389160156,164.7866,163.10675
593.7979278564453,218.8800277709961,164.70938,162.72307
592.9286880493164,219.1063003540039,165.35484,163.03505
592.4538650512695,218.96011352539062,165.69835,162.36954
593.5546875,218.8743896484375,164.8269,163.03043
593.4765319824219,218.90758514404297,165.3274,162.92491
592.8883285522461,219.62042236328125,165.40071,162.91928
592.0947113037109,220.17134857177734,165.6489,162.81224
591.7372817993164,220.05496978759766,165.81364,162.02028
592.0440444946289,219.78845977783203,165.59935,162.46675
591.5282516479492,220.05660247802734,165.69789,162.9431
591.7451477050781,220.2927703857422,165.59808,162.50024
591.458625793457,220.01797485351562,165.62474,162.17776
591.898307800293,219.9987564086914,165.43446,162.30934
592.2427062988281,220.12897491455078,165.45978,162.25911
592.5697250366211,220.21580505371094,165.46474,162.24683
591.89501953125,220.232177734375,165.82959,162.57504
591.8805313110352,219.98513793945312,165.598,162.11343
592.3518981933594,220.01197814941406,165.38647,162.16925
591.733512878418,220.0005645751953,165.71791,162.45459
591.4482269287109,220.38500213623047,165.74869,162.64836
592.2496795654297,219.20316314697266,165.62137,162.2165
591.5054473876953,217.9569549560547,166.15848,163.3175
590.6265182495117,217.51007843017578,166.98347,163.38783
591.7050857543945,218.01741790771484,166.35905,163.73936
591.1161117553711,217.7870330810547,166.68819,163.7409
592.4138031005859,217.6501693725586,165.80753,163.3828
591.304573059082,218.08403778076172,167.31206,163.99455
591.0017318725586,218.0450897216797,166.87233,163.7669
591.1297225952148,218.2285385131836,166.81923,163.65105
590.1526336669922,219.29732513427734,166.78757,163.25066
589.5388336181641,218.84353637695312,166.96964,163.71451
589.5442047119141,218.937744140625,166.94052,163.91122
589.6060104370117,219.2342071533203,166.83882,163.81885
589.5215072631836,218.7047119140625,166.78218,163.5715
590.2024688720703,219.66734313964844,166.42282,163.63776
590.815055847168,219.56275177001953,166.42934,163.60677
590.5648727416992,219.38143920898438,166.6498,163.63858
590.6339569091797,219.15675354003906,166.431,163.6643
590.5479202270508,218.95523834228516,166.54253,163.67769
591.2247314453125,218.64391326904297,165.91095,163.89873
591.2638397216797,220.25836181640625,165.58395,163.22897
589.5672378540039,222.390869140625,165.9987,163.01163
589.8069686889648,221.0335464477539,162.33809,163.39381
590.270637512207,221.08756256103516,162.36601,164.35323
581.7672119140625,216.0694580078125,164.69067,164.00998
580.5418090820312,208.7830352783203,165.43127,162.50433
579.5777893066406,192.59640502929688,159.2196,165.3544
551.697021484375,181.0048599243164,168.49176,164.21913
494.0403823852539,182.45870208740234,223.11229,178.49535
455.03053283691406,151.4792709350586,243.6771,220.0117
485.52161407470703,129.9110870361328,197.78545,177.97961
497.14173126220703,116.81437683105469,178.17424,141.6142
514.5075912475586,114.04662322998047,154.50099,102.16203
521.0881195068359,116.41838073730469,148.2333,92.654144
544.6375350952148,137.30078887939453,125.436874,89.05907
548.6856079101562,201.30828094482422,119.71915,71.278275
568.1145401000977,247.99172973632812,131.44649,53.31082
569.3653526306152,261.1906852722168,108.889626,125.81614
564.4442405700684,261.03767013549805,114.30064,126.8679
556.2257537841797,279.72537994384766,128.83475,148.59013
551.9580459594727,295.9741516113281,132.36961,146.61572
549.8018188476562,302.7217712402344,125.15961,149.61401
535.2042541503906,303.41332244873047,140.54858,149.02773
530.6046142578125,303.4661102294922,143.99591,149.56778
519.3892517089844,304.06703186035156,155.11426,149.1979
542.7668609619141,299.9804000854492,130.49911,147.60939
532.068359375,296.5474090576172,147.48749,148.86826
527.9454879760742,289.10128021240234,159.21931,147.47658
528.5902481079102,288.27799224853516,157.83086,147.4268
534.4430465698242,294.91249084472656,159.99983,135.78238
554.2225875854492,301.96521759033203,151.5674,138.61656
600.2419662475586,315.48514556884766,120.03468,132.0872
634.0947036743164,308.11385345458984,102.184616,134.62425
630.4963912963867,308.523681640625,104.828476,134.49786
642.5909805297852,301.7598419189453,111.237625,135.63931
655.5440330505371,295.55274200439453,114.802284,136.1822
667.9625129699707,290.87328338623047,115.79174,135.81087
668.7629432678223,290.58284759521484,122.23861,131.47658
668.6856842041016,289.4403610229492,122.07846,132.46129
657.4006423950195,290.1654357910156,132.955,129.25351
633.1279525756836,290.3897171020508,156.76585,129.43593
633.4723815917969,292.1334686279297,154.76767,137.5918
625.2702560424805,290.58480072021484,163.2819,148.10619
625.6308517456055,290.3260803222656,162.6356,148.76547
624.2383041381836,291.446533203125,163.83525,147.05637
624.0195846557617,292.32678985595703,163.27141,145.46938
623.8005065917969,291.8468246459961,164.05075,145.3101
623.6946029663086,292.0037536621094,163.99303,144.93753
623.8451080322266,292.8761444091797,164.2273,144.87268
623.8115158081055,292.4457702636719,163.9066,145.28378
623.7510757446289,292.2735900878906,163.8022,145.29703
623.7237777709961,292.2787094116211,163.85515,145.17455
624.2223129272461,292.99546813964844,163.8455,144.9732
623.8602981567383,292.1176071166992,163.64943,145.32707
624.2992324829102,292.96549224853516,163.78041,144.8567
623.8856735229492,292.11804962158203,163.65929,145.20662
624.0002746582031,293.17604064941406,164.35568,144.50049
623.6109848022461,292.53694915771484,164.0294,144.6881
623.9553527832031,293.36226654052734,164.37662,144.52318
623.4889526367188,292.60276794433594,164.19162,144.88257
623.2663345336914,292.64186096191406,164.44624,144.80402
624.3091201782227,292.91796875,164.08662,144.36703
624.079833984375,292.73681640625,164.4639,144.88925
623.9289932250977,292.8019561767578,164.55623,144.88464
623.9594345092773,292.93804931640625,164.49107,144.7745
624.0770797729492,293.1466598510742,164.3781,144.71996
624.2119216918945,292.2161331176758,164.10591,145.00874
624.2022552490234,292.6963577270508,164.2248,144.62624
623.8270568847656,292.46541595458984,164.02145,144.56932
624.2129745483398,293.33670806884766,164.4315,144.5317
623.8785171508789,292.803955078125,164.18416,144.939
624.0864562988281,293.06932830810547,164.17953,144.80266
623.9399261474609,292.36016845703125,164.04846,145.2449
624.0389785766602,292.69996643066406,164.2408,144.94287
624.174674987793,293.0193557739258,164.3864,144.81984
624.3126907348633,293.26344299316406,164.40016,144.8706
623.7282104492188,292.0592346191406,164.10904,145.41147
623.7900390625,292.5875930786133,164.30179,144.7892
623.9612503051758,292.91536712646484,164.2101,144.6428
623.7024917602539,292.30238342285156,163.96901,145.10632
623.5980911254883,292.90030670166016,164.23756,144.41054
624.3051376342773,292.4539489746094,163.86052,144.71878
624.0504150390625,293.31681060791016,163.63968,144.90578
624.5024108886719,293.0510711669922,163.84268,144.70996
623.9586639404297,292.4818801879883,163.99213,145.04579
623.9720764160156,292.940185546875,164.2059,144.6196
623.6425399780273,292.45983123779297,163.95036,144.79985
624.1992034912109,293.5075988769531,164.18439,144.35043
624.4135971069336,292.4855499267578,164.02293,144.94623
624.2954406738281,293.6009063720703,163.55222,144.69604
624.2419586181641,292.6950988769531,163.92615,144.97556
623.85888671875,292.39434814453125,163.87949,144.86008
624.3981628417969,293.53258514404297,164.13315,144.30205
624.6061096191406,292.3760452270508,163.9368,145.03499
624.4631271362305,293.50672912597656,163.58366,144.74066
624.4032821655273,292.6037292480469,164.01024,144.97708
623.9935302734375,292.3538589477539,163.99582,144.7997
624.6226196289062,293.49436950683594,164.15744,144.32874
624.1077270507812,292.4170684814453,163.6932,144.88782
624.5986022949219,293.62213134765625,164.1301,144.30173
624.092041015625,292.4910202026367,163.63571,144.95299
624.3186264038086,293.62159729003906,164.45604,144.38678
623.9712677001953,293.0558166503906,164.3648,144.73605
624.1162643432617,293.52735900878906,164.37492,144.3919
623.7706756591797,293.01648712158203,164.3493,144.65486
624.49169921875,292.9082565307617,164.24734,144.28868
623.852783203125,293.07474517822266,164.1235,144.6454
624.4362411499023,292.9273986816406,164.23003,144.32529
624.0576705932617,292.43096923828125,164.26115,144.6055
623.8644866943359,293.4806442260742,164.03687,144.4926
623.7366409301758,292.68529510498047,164.48647,144.69334
623.8860702514648,293.14469146728516,164.4337,144.34016
623.5678558349609,292.6196060180664,164.30768,144.67244
624.0871734619141,293.71856689453125,164.69305,144.24478
623.8728179931641,293.08216094970703,164.33435,144.74245
623.8868103027344,293.52132415771484,164.53018,144.39311
623.6815185546875,292.7393264770508,164.40146,144.91408
623.7880477905273,293.1014175415039,164.52196,144.56593
623.9496612548828,293.2903137207031,164.54083,144.56912
624.1605758666992,292.10257720947266,164.41911,145.06947
624.2709732055664,292.49930572509766,164.60512,144.59517
623.7793197631836,292.6490936279297,164.40971,144.68872
623.8998413085938,292.8627471923828,164.58694,144.59167
624.1191711425781,293.00657653808594,164.58499,144.63336
624.326057434082,293.1895980834961,164.6302,144.58836
623.9126052856445,293.2710723876953,164.35481,144.73883
624.0065689086914,292.1565856933594,164.52644,145.03714
623.7922286987305,293.110107421875,164.25493,144.70041
624.5026168823242,292.59339904785156,164.37596,144.71149
624.0028686523438,292.7018814086914,164.31332,144.7707
624.1323928833008,292.86097717285156,164.57356,144.6441
624.4574279785156,293.0641403198242,164.5051,144.58263
624.0539855957031,293.1346435546875,164.21329,144.69235
623.7699661254883,292.4904251098633,164.39876,144.8672
624.0703735351562,292.8094177246094,164.43008,144.53806
623.8893508911133,292.0689010620117,164.38673,144.89146
624.2385787963867,292.41663360595703,164.37468,144.50093
624.3241806030273,293.20714569091797,163.8817,144.66637
623.8760528564453,292.5785140991211,164.36102,144.80241
624.1608123779297,292.9478225708008,164.40381,144.45186
623.9802703857422,292.2135925292969,164.37207,144.81436
624.2829895019531,292.59947967529297,164.3757,144.43199
624.3117141723633,293.3183898925781,163.94936,144.72171
623.8834075927734,292.63423919677734,164.35162,144.83177
624.1669464111328,292.93558502197266,164.3711,144.50441
623.9362258911133,292.18538665771484,164.39229,144.7819
624.2691955566406,292.43983459472656,164.3563,144.54736
624.2982482910156,293.1245574951172,163.94095,144.78894
623.8885269165039,292.57506561279297,164.3315,144.80125
624.2133407592773,292.8331069946289,164.28679,144.5832
623.9791641235352,292.2478713989258,164.32912,144.7419
624.2588424682617,292.52734375,164.3261,144.5516
624.2421188354492,293.3315963745117,163.97185,144.78276
623.7962646484375,292.87095642089844,164.37375,144.70581
624.0647964477539,293.2153549194336,164.33546,144.45457
623.8488235473633,292.6441879272461,164.28096,144.66252
624.7517852783203,293.64839935302734,164.17877,144.33153
624.4274291992188,292.48450469970703,163.78159,144.83742
624.1255187988281,293.55313873291016,163.94107,144.66359
623.749755859375,293.09735107421875,164.29135,144.65878
624.5800857543945,292.89615631103516,164.05873,144.48445
624.4078750610352,292.1539764404297,164.05458,144.86847
624.4398803710938,292.8692398071289,163.56448,144.91048
624.4623947143555,292.88470458984375,164.09685,145.01077
624.0699234008789,292.8495864868164,163.7613,145.00252
624.693962097168,292.59422302246094,163.97173,144.68481
624.5792083740234,293.25250244140625,163.78076,144.87027
624.2842407226562,292.65636444091797,164.0693,144.91258
624.1306991577148,292.0691833496094,164.06523,144.91385
624.0581588745117,292.82691955566406,163.7611,144.91809
624.6455154418945,292.58885192871094,164.09877,144.62439
624.5992202758789,293.0736083984375,163.77016,145.12155
624.244270324707,292.5504684448242,164.1487,145.0255
624.3937835693359,292.6011962890625,164.2724,144.9891
623.901725769043,292.5023651123047,163.97661,145.17804
623.9164352416992,292.7312316894531,164.3751,144.92856
624.1365203857422,292.75724029541016,164.39636,145.03133
624.3515548706055,292.8955993652344,164.40074,144.95511
623.7857131958008,292.78025817871094,164.21352,145.26733
623.8479385375977,292.95198822021484,164.47914,145.0371
624.0023651123047,293.0287628173828,164.5058,145.0191
624.1715545654297,292.19801330566406,164.52545,144.969
624.3585205078125,292.2124786376953,164.51883,145.01459
623.7637710571289,292.09175872802734,164.34047,145.34642
624.5109786987305,292.9914093017578,164.47545,144.7138
623.8500289916992,292.6610565185547,164.32964,145.36401
623.458869934082,292.14166259765625,164.4941,145.35
624.2751617431641,293.0723571777344,164.46411,144.72281
623.6340103149414,292.7309875488281,164.31068,145.48672
624.3650283813477,292.64129638671875,164.43166,145.0112
623.7797546386719,292.4401168823242,164.22598,145.52336
624.5945510864258,292.2893753051758,164.27028,145.15096
624.0354080200195,292.16856384277344,164.21248,145.46143
623.7823257446289,292.82935333251953,164.15742,145.32204
623.9184188842773,292.92225646972656,164.39665,145.13403
624.1762771606445,292.9573974609375,164.4131,145.08817
624.5459289550781,292.1023941040039,164.19534,145.13148
623.9635696411133,292.12047576904297,164.28035,145.2542
624.2206039428711,292.31256103515625,164.3795,144.95132
624.505012512207,292.3132553100586,164.33186,144.99358
623.8636245727539,292.1888198852539,164.35628,145.27834
623.6582946777344,292.8264694213867,164.1948,145.16338
623.8677520751953,292.8905258178711,164.36267,144.97478
624.1600189208984,292.84568786621094,164.35522,144.98505
624.4600296020508,292.8290557861328,164.33296,144.96136
623.8765106201172,292.76151275634766,164.36292,145.144
624.0775756835938,292.8183288574219,164.46469,144.90884
624.3590393066406,292.77164459228516,164.41385,144.87813
623.7486190795898,292.6262893676758,164.42583,145.06953
623.9946823120117,292.6936492919922,164.31712,144.87787
624.1859664916992,292.63763427734375,164.33934,144.89133
624.3710098266602,292.5881805419922,164.33907,144.91394
623.8031845092773,292.44561767578125,164.2819,145.11612
623.9722518920898,292.5098648071289,164.31285,144.9056
624.14404296875,292.44322204589844,164.35806,144.91724
624.3298721313477,292.3834686279297,164.37715,144.91382
623.638542175293,292.1775817871094,164.43999,145.14536
624.3760452270508,292.8536911010742,164.55006,144.74345
623.7599334716797,292.57251739501953,164.43427,145.1426
624.5128555297852,292.0989074707031,164.40944,145.00894
623.8676300048828,292.0116195678711,164.51709,145.03355
623.6319885253906,292.7783432006836,164.44693,144.79369
623.8345260620117,292.8567199707031,164.61302,144.71909
624.1259384155273,292.90013122558594,164.61095,144.72125
624.407470703125,292.97582244873047,164.6124,144.68004
623.9631729125977,292.93387603759766,164.47432,144.84694
624.1382675170898,293.0278091430664,164.60973,144.78297
624.3428421020508,293.02884674072266,164.65077,144.84029
623.8814926147461,292.9796905517578,164.54521,145.00024
623.6183624267578,292.5510787963867,164.74438,144.86809
624.5324172973633,293.1911849975586,164.58131,144.70183
624.1009674072266,292.09029388427734,164.36981,144.88408
624.1414337158203,292.19010162353516,164.7279,144.7712
623.7122192382812,292.08636474609375,164.58084,144.9827
623.4539947509766,292.6370544433594,164.56549,144.90121
623.6815567016602,292.74478912353516,164.61177,144.77614
624.0021591186523,292.7906036376953,164.53026,144.88342
624.1873474121094,292.89217376708984,164.58035,144.89049
624.3968811035156,292.99537658691406,164.55038,144.8988
623.8416137695312,292.9631118774414,164.47372,145.08821
623.667610168457,292.4551239013672,164.65486,145.1087
624.6798095703125,292.29517364501953,164.324,144.83907
624.0203704833984,292.24818420410156,164.50854,145.07532
623.7454223632812,292.95945739746094,164.52713,145.0083
623.9303970336914,293.1654510498047,164.59138,144.90881
624.3310317993164,292.2984848022461,164.365,144.99821
623.6882247924805,292.3055877685547,164.50475,145.22034
624.5491104125977,293.1845474243164,164.41164,144.714
623.9859313964844,292.0183868408203,164.21927,145.08282
624.0397644042969,292.30289459228516,164.49252,144.86165
624.2121505737305,292.50328826904297,164.54204,144.82976
624.3546524047852,292.60851287841797,164.49855,144.88762
623.7400207519531,292.6239700317383,164.41367,145.17049
624.6142578125,292.4112319946289,164.1185,145.00551
623.8238677978516,292.4719924926758,164.41815,145.14003
623.5342102050781,292.0128479003906,164.62741,145.15256
624.409309387207,292.8742370605469,164.46968,144.65775
623.8150177001953,292.7984085083008,164.48926,145.09926
623.6012115478516,292.36073303222656,164.63281,145.09839
624.4762344360352,293.1554641723633,164.4941,144.64601
623.8457183837891,293.11907958984375,164.5415,145.08627
623.6513137817383,292.6985855102539,164.66817,145.05074
624.7238159179688,292.48038482666016,164.1373,144.86073
624.3871994018555,293.0003433227539,164.36925,145.17049
624.120979309082,292.6635437011719,164.63423,144.99747
623.9259719848633,292.26966857910156,164.66554,144.98492
623.7199172973633,292.95692443847656,164.46364,144.97601
623.8138961791992,293.0946502685547,164.60149,144.82617
624.0858535766602,292.1105422973633,164.415,145.15938
623.7652893066406,292.77246856689453,164.50302,145.12263
623.4603729248047,292.3380355834961,164.72803,145.13383
624.3198013305664,293.09876251220703,164.5608,144.73933
623.7183609008789,293.00724029541016,164.53822,145.10982
624.5453720092773,292.64176177978516,164.34178,145.05989
623.83544921875,292.76659393310547,164.51755,145.05956
623.5125045776367,292.28345489501953,164.74437,145.14503
624.410270690918,293.0861282348633,164.56273,144.71455
623.7100524902344,293.0420227050781,164.67746,145.02762
623.4340972900391,292.5611038208008,164.80762,145.11781
624.949089050293,292.3306427001953,163.6223,144.69861
624.2149353027344,292.25240325927734,164.07974,144.85362
624.1844177246094,292.90013122558594,164.07358,144.7052
623.8774871826172,292.11876678466797,164.22473,144.86168
624.3101501464844,292.17931365966797,163.918,144.75023
624.1002655029297,292.79788970947266,164.17438,144.68526
623.8373947143555,292.0317077636719,164.2412,144.82822
624.0605239868164,293.28343200683594,164.43733,144.5191
623.9454116821289,292.470703125,164.22176,144.83774
624.358772277832,292.5529479980469,163.96419,144.69376
624.1666259765625,293.1874694824219,164.15182,144.5823
623.9142456054688,292.49007415771484,164.27579,144.73149
623.9141082763672,293.1534729003906,164.0661,144.59573
624.8318099975586,292.7212677001953,163.85643,144.40479
624.0572280883789,292.4828338623047,164.29799,144.82043
624.5217590332031,292.55702209472656,163.97653,144.69391
624.3536911010742,293.14026641845703,164.08714,144.69057
624.0027770996094,292.4737854003906,164.34293,144.6901
623.9289703369141,293.0465393066406,164.2146,144.70145
623.6526184082031,292.4054489135742,164.34299,144.65361
624.7492599487305,293.07537841796875,164.04277,144.38162
624.0322265625,292.8750762939453,164.43643,144.72913
624.5516891479492,292.9687194824219,164.02715,144.63113
624.2210693359375,292.2577667236328,164.31747,144.72662
624.6760101318359,292.3461456298828,164.01794,144.6601
624.5038375854492,292.88658905029297,164.15776,144.74284
624.2503509521484,292.2438659667969,164.29352,144.75009
624.7038803100586,292.3465270996094,164.0164,144.69931
624.5397338867188,292.89906311035156,164.1528,144.77393
624.3213348388672,292.26776123046875,164.27032,144.74911
624.3009567260742,292.85172271728516,164.1508,144.74477
624.0679168701172,292.2035903930664,164.27911,144.7469
624.0441207885742,292.9476089477539,164.08458,144.70338
623.8481216430664,292.3689270019531,164.13875,144.80008
624.791389465332,293.1610870361328,164.0735,144.37396
624.1802062988281,293.1134338378906,164.2327,144.72995
624.0150909423828,292.50038146972656,164.21185,144.84747
624.3386611938477,292.7695999145508,164.08247,144.54396
624.1083984375,292.0866241455078,164.20016,144.81537
624.0431365966797,293.06322479248047,164.10199,144.49773
623.7285842895508,292.3322982788086,164.27284,144.85228
624.0174026489258,292.5199661254883,164.15034,144.62624
623.8318099975586,293.23863220214844,164.17296,144.69415
624.6977767944336,292.74330139160156,163.90483,144.70142
624.2523040771484,292.0908966064453,164.2829,144.9018
624.5368804931641,292.27774810791016,164.13806,144.66628
624.3479156494141,293.02044677734375,164.17883,144.68259
624.0616989135742,292.3410949707031,164.2882,144.93259
624.3800735473633,292.53768157958984,164.13258,144.66393
624.2504348754883,293.2477035522461,164.13576,144.7664
623.9529037475586,292.5699691772461,164.31206,145.0559
624.275032043457,292.6803970336914,164.17665,145.01936
624.5487976074219,292.7695617675781,164.14383,145.0073
623.766845703125,292.90047454833984,164.6937,144.73485
623.9941177368164,292.3265914916992,164.70723,145.5031
623.5014266967773,290.6674270629883,165.37712,148.46925
620.5217361450195,291.42510986328125,167.9521,148.11136
622.1476516723633,291.4215316772461,166.43086,148.69157
630.3622589111328,290.89586639404297,158.25684,148.10136
633.2972030639648,291.4267578125,156.12657,146.90561
642.9615936279297,302.21436309814453,146.20892,143.58247
644.1660614013672,319.18077087402344,138.90479,140.34796
644.2035751342773,320.2635192871094,137.53136,140.5593
641.8397903442383,322.36000061035156,138.14674,142.7904
641.9010620117188,326.0008087158203,136.33841,142.1593
637.7698135375977,325.9272232055664,139.25575,145.57863
639.0592727661133,326.77884674072266,136.75648,145.78352
639.1282196044922,327.3001403808594,136.43951,145.32718
618.303108215332,323.24564361572266,157.23433,149.50179
607.7955780029297,325.5587844848633,168.04712,142.15755
633.9182586669922,332.6924285888672,140.88293,135.09558
656.3023300170898,336.01725006103516,121.20787,130.83046
670.0095481872559,336.56714630126953,108.44645,130.93306
672.317024230957,336.66434478759766,106.549515,130.10966
667.8565216064453,333.58861541748047,107.5517,132.4481
652.956184387207,330.97840118408203,114.44179,136.33305
620.0282669067383,324.9646759033203,143.17717,142.57333
600.7525329589844,318.74664306640625,163.22656,148.71552
598.6929016113281,320.1578369140625,163.71008,145.96356
601.9361114501953,318.9370574951172,159.06631,147.26547
607.3594207763672,313.7966537475586,151.98709,151.92012
593.314582824707,309.0100631713867,158.82756,150.68666
594.1378173828125,306.5598678588867,157.27783,155.69856
632.4965400695801,299.03670501708984,107.0953,146.63826
620.8631973266602,282.8578414916992,112.03389,141.99791
614.4963264465332,268.1603088378906,116.458885,152.40839
623.7459335327148,267.66114807128906,108.66194,165.84805
627.053783416748,266.42608642578125,105.13273,165.14453
607.0925521850586,268.78668212890625,126.72829,168.44055
586.2549285888672,269.1131057739258,154.50974,169.51006
584.9404373168945,269.63179779052734,162.79674,169.30342
586.0227737426758,271.2723388671875,165.97362,169.44415
584.7616424560547,270.85277557373047,168.09378,170.73659
588.4309539794922,275.88897705078125,168.0538,168.64606
590.9760513305664,276.0905532836914,167.567,170.2033
591.78466796875,272.24134063720703,167.08319,170.16771
596.0438003540039,252.80616760253906,153.23692,170.60532
594.4394073486328,252.0594940185547,153.67313,170.11752
619.0380821228027,205.57322692871094,108.067085,164.65683
624.0773696899414,152.64578247070312,79.920334,154.64993
545.6977882385254,128.46975326538086,121.80056,121.79652
548.7062034606934,125.98703002929688,117.663,106.78314
550.161060333252,128.20955657958984,115.315025,102.6328
556.9425201416016,147.76728057861328,117.25101,96.495865
583.6089820861816,133.01626586914062,94.164696,138.15997
585.5564880371094,115.3290786743164,115.29794,149.7459
592.143196105957,30.964263916015625,126.02498,150.70535
597.0923461914062,3.6846084594726562,129.82285,128.87828
582.5749969482422,-1.1943588256835938,128.43652,121.37764
566.1790313720703,-17.070728302001953,143.7792,102.8133
578.0456924438477,-10.436851501464844,132.62587,93.93144
570.2261047363281,-13.532451629638672,134.96207,82.39843
565.3024864196777,-8.609188079833984,127.17176,75.97216
592.7910461425781,1.6886043548583984,111.72702,54.46578
596.0300331115723,2.765399932861328,105.71075,43.037254
603.5297393798828,2.066801071166992,80.28421,44.491123
605.0706405639648,2.3546600341796875,69.913895,38.45572
605.8131294250488,1.2644424438476562,61.375053,37.734253
600.482349395752,1.1093254089355469,54.435646,42.426064
597.4975109100342,1.6767120361328125,56.197926,50.594757
593.3147430419922,4.19671630859375,56.499252,62.86693
587.2538032531738,3.5645980834960938,71.560356,57.073425
585.8272933959961,2.548229217529297,77.29039,56.155434
604.0808868408203,2.5428314208984375,75.39032,54.60428
617.0160980224609,2.8319053649902344,71.516235,42.457497
631.0086803436279,1.803985595703125,58.684254,45.635635
635.9803485870361,1.8604679107666016,52.26797,36.752514
637.5496826171875,1.4691181182861328,46.407547,35.447475
638.5656604766846,1.486806869506836,43.837887,32.902927
635.5119361877441,2.0614795684814453,43.109505,35.379345
627.8720436096191,1.5645828247070312,48.013023,36.97957
604.4489994049072,2.484722137451172,54.148083,33.96476
602.860221862793,2.3420944213867188,54.94931,33.863678
566.0073509216309,0.8393878936767578,72.380035,52.980984
537.3607368469238,-0.5117034912109375,88.96178,58.116623
532.8472290039062,-4.68121337890625,98.4392,66.1653
518.3899459838867,-19.395484924316406,105.87031,68.35364
499.87828826904297,-22.268505096435547,110.30186,74.49085
508.6792449951172,-18.851333618164062,113.395775,75.80574
500.1432762145996,-27.500350952148438,124.99649,70.3712
498.7683868408203,-26.165725708007812,126.090324,75.53914
503.1497344970703,-23.662357330322266,123.75735,82.968376
505.07089614868164,-21.849395751953125,128.73357,84.989334
505.2010841369629,-33.17615509033203,132.20442,85.53845
509.14221572875977,-32.64017868041992,135.049,80.62266
513.7489814758301,-31.273662567138672,133.81969,83.6179
520.8730888366699,-34.57685470581055,131.00714,85.78675
525.2598915100098,-32.3846435546875,134.25981,85.3329
530.0773582458496,-34.01166915893555,131.26498,79.90107
534.8905372619629,-30.404911041259766,131.37434,83.165794
538.5588035583496,-33.66433334350586,129.52118,82.59666
544.1981086730957,-32.74319839477539,128.04561,85.47384
546.3281135559082,-33.88878631591797,131.72523,78.519196
569.4423332214355,-22.811676025390625,129.21158,82.01851
577.9741325378418,-21.530593872070312,129.59839,92.1281
586.4678153991699,-32.230506896972656,134.49265,81.64392
589.7419853210449,-29.021942138671875,135.7543,80.19365
595.7113456726074,-28.015216827392578,131.70999,83.689445
601.1184349060059,-18.918983459472656,126.97568,93.05704
605.6509742736816,1.6661376953125,128.34541,99.52977
601.0630912780762,151.49771118164062,128.83273,96.54552
575.7804374694824,237.08969116210938,162.1456,140.4265
575.8942680358887,238.21392059326172,160.77377,138.54938
575.9808158874512,238.78384399414062,160.62186,138.40001
575.9439811706543,238.7984848022461,160.03452,138.39264
575.7160224914551,237.97879791259766,160.40956,138.82858
575.4286766052246,238.7890625,160.70477,138.24895
575.6124839782715,239.18743133544922,160.8548,138.03564
575.1390266418457,238.03892517089844,160.81648,138.82668
575.4016914367676,238.76092529296875,160.81728,138.00267
575.6835441589355,238.9369354248047,160.82156,138.1498
575.2459373474121,237.76221466064453,160.73279,138.88821
575.5193290710449,238.4412078857422,160.78323,138.05733
575.7830467224121,238.68299102783203,160.82318,138.09152
575.7153511047363,238.7491683959961,160.23866,138.21478
575.6703987121582,238.24574279785156,160.29341,138.48445
575.6533012390137,238.7121353149414,160.76346,138.07242
575.6004219055176,238.76009368896484,160.1905,138.27948
575.5732002258301,238.2256622314453,160.25038,138.57234
575.6064491271973,238.65939331054688,160.70763,138.16466
575.8681983947754,238.89502716064453,160.70354,138.15866
575.7854804992676,238.97671508789062,160.1935,138.2855
575.5950660705566,238.89096069335938,160.1516,138.10973
575.2689247131348,238.71560668945312,160.30284,138.088
575.5946311950684,238.7872314453125,160.74213,137.91997
