111.0,68.0,27,25
113.2640266418457,70.4282455444336,26.942444,26.123894
113.5901403427124,72.67112445831299,29.387697,27.263876
114.63742637634277,72.90512943267822,28.352169,26.809195
113.69184494018555,72.0959119796753,27.24347,26.121843
109.94829177856445,68.71455955505371,27.228668,26.192837
103.78672790527344,65.5261459350586,26.80262,26.186317
97.92921924591064,64.45121574401855,26.803679,25.107876
91.94881439208984,63.48060989379883,27.168137,25.62632
92.6621675491333,64.1330451965332,27.74381,26.026451
95.51119041442871,64.89324569702148,27.385067,26.229393
98.41957950592041,67.28287029266357,27.10398,26.26951
102.34252262115479,71.86553764343262,26.58785,26.433651
103.64034366607666,75.24945831298828,28.428343,26.404152
104.31978607177734,75.9816370010376,28.677963,26.7031
102.41080284118652,75.6140718460083,28.616497,27.06825
101.07361316680908,72.1274242401123,27.726416,25.568104
97.42586326599121,69.5180835723877,26.729282,24.91322
92.30671405792236,68.05858516693115,27.458578,25.529757
86.19889545440674,67.29263496398926,26.427008,25.642529
84.4827241897583,67.26635551452637,27.646826,26.09338
86.64621448516846,68.07437324523926,27.216116,26.25777
90.98019981384277,70.53636837005615,27.367023,26.569117
94.7065544128418,73.76397705078125,27.230759,26.595345
98.16131210327148,76.51597309112549,27.112137,25.866842
98.96000003814697,77.58043479919434,27.96498,27.137302
97.55714130401611,76.79382228851318,27.537817,25.21979
94.9403133392334,72.77486038208008,26.46445,24.832718
90.48493385314941,70.12774276733398,26.69859,25.67051
85.97797298431396,68.41832065582275,26.521944,25.794783
81.41804218292236,68.60077285766602,28.668837,26.630653
85.87571907043457,68.641357421875,26.907803,25.726295
90.72701930999756,69.89269733428955,26.82245,26.483198
95.23870086669922,72.86493301391602,26.33783,26.365898
97.09434604644775,75.46709632873535,28.273344,26.451885
96.83598232269287,78.0718126296997,28.613771,26.599752
95.26090431213379,76.06391525268555,28.387989,26.4393
92.15725803375244,72.60262393951416,28.25791,26.72045
88.9212589263916,70.85976696014404,28.337162,27.034853
85.66559886932373,70.58340549468994,27.631197,26.447645
88.71387100219727,70.50355815887451,26.68457,25.66746
94.26598072052002,71.83584880828857,26.319891,25.675531
98.6919174194336,73.29142570495605,26.92466,27.437794
102.47505855560303,75.49978351593018,27.015009,27.429358
104.14760684967041,77.79632186889648,27.914068,27.1968
105.78008270263672,78.15922355651855,28.047195,27.162502
105.74728202819824,75.70344161987305,27.669498,26.896194
105.61903476715088,73.88441371917725,27.731733,27.11754
104.40163230895996,73.79293727874756,27.583042,27.021616
104.95983219146729,73.93259906768799,26.711111,26.330214
110.99567794799805,75.1738109588623,26.464714,25.711605
117.61320209503174,77.30352687835693,26.682035,24.727205
123.38261413574219,79.09399318695068,25.767822,25.549028
127.45237064361572,80.47198104858398,26.066648,25.648392
130.5094051361084,80.31519222259521,26.984173,26.342447
132.5521364212036,79.04879379272461,27.021177,26.278374
133.24455738067627,76.33521366119385,26.667479,25.273848
133.08587837219238,74.25641822814941,25.688862,24.845928
133.09418106079102,72.69700717926025,25.330208,25.11518
133.0976448059082,72.64728260040283,25.334793,24.425665
140.6638059616089,72.5872220993042,22.817293,24.12993
146.72202014923096,73.3514289855957,21.941206,24.215279
151.04361820220947,75.65458965301514,22.518599,24.077303
156.12548160552979,77.10600090026855,21.356253,23.436413
159.28838062286377,78.5417366027832,21.873518,23.00254
161.0062770843506,78.31692886352539,23.154682,23.1165
162.16426467895508,78.69564533233643,23.01815,23.190123
162.46882820129395,79.61795043945312,23.359089,23.750046
163.44961071014404,80.76770973205566,23.305544,22.462849
166.45559787750244,82.4255952835083,25.64137,20.378195
176.30561351776123,82.47103595733643,22.810305,21.433775
181.08673763275146,84.45448112487793,22.751451,21.952961
184.37969875335693,84.82486534118652,23.39596,21.7252
187.24842262268066,83.90688705444336,23.182606,21.798836
188.24854946136475,82.42570495605469,23.255991,21.832176
187.95936107635498,80.29190444946289,23.259089,21.333595
188.2799129486084,79.33096504211426,20.646412,20.844852
194.26979541778564,78.03719997406006,20.847769,21.510576
199.82587146759033,78.5992021560669,20.556372,20.965925
206.07536220550537,79.65755844116211,20.003794,21.438133
211.04846382141113,82.27452278137207,21.005436,21.549381
214.5859661102295,82.64707565307617,20.670216,21.611572
216.7828187942505,82.87032318115234,21.21919,21.183022
218.8976640701294,80.63497734069824,20.88854,20.700603
218.45037937164307,78.7530107498169,20.928778,20.949293
218.4914150238037,76.48491191864014,20.966908,20.60435
217.83027267456055,77.09616374969482,21.25586,20.196123
220.80225372314453,77.26735973358154,21.455223,18.5246
229.07825374603271,78.22040557861328,18.639223,17.251747
234.0647897720337,80.8118724822998,20.194136,19.485493
238.04335021972656,82.08467102050781,19.02343,19.584587
240.32968044281006,82.58053779602051,19.287767,19.707516
241.71492195129395,81.17807197570801,19.025768,20.090351
240.39955615997314,80.41892337799072,19.06919,19.234144
239.04119968414307,80.28250312805176,18.463537,18.71532
239.23693943023682,80.99657344818115,21.189528,18.696611
245.37338542938232,82.08117866516113,20.81814,18.815647
252.65237045288086,83.7330265045166,18.84642,18.400059
256.80415439605713,85.47835445404053,19.16255,18.857325
261.45300102233887,87.43949890136719,18.81165,18.656479
263.72489166259766,87.75131797790527,19.027107,18.550533
265.64351177215576,86.61398792266846,19.346117,18.955282
266.2742214202881,85.46365070343018,19.668507,19.200811
264.64191246032715,83.1671085357666,19.230778,18.823017
264.0537281036377,81.6334114074707,19.180264,18.91674
261.92897605895996,82.01240539550781,18.950848,18.43283
261.1136178970337,83.66009712219238,19.886557,19.199497
267.4092140197754,84.3527135848999,18.418694,17.180819
273.04571056365967,85.4782304763794,17.482782,16.86415
277.45152759552,87.2719669342041,18.243284,16.955647
282.4967203140259,89.07184791564941,18.600576,17.726467
285.79451179504395,91.4257640838623,18.481571,18.318287
287.08391094207764,92.3970594406128,18.606508,18.309488
287.74558544158936,91.48815822601318,18.533266,18.070604
285.8762435913086,89.8003101348877,18.700768,17.801983
283.76371669769287,88.10996437072754,17.783937,17.771473
281.17931842803955,88.03034782409668,17.255827,17.680645
276.7622318267822,87.83721160888672,18.245136,17.82595
279.48343563079834,87.38529014587402,18.547182,18.003376
285.8197355270386,88.82900142669678,18.45907,17.964518
290.26746368408203,90.79301166534424,17.34636,18.033812
295.744610786438,93.72783613204956,17.403913,15.723496
298.47264194488525,95.31558322906494,18.418417,17.000067
297.57712173461914,95.85756301879883,17.265411,16.822403
295.34475803375244,93.65450382232666,17.957357,17.389524
290.9435052871704,89.88775157928467,17.63476,16.328302
285.763888835907,85.87327671051025,15.97437,17.233923
279.4213628768921,84.7298355102539,17.671637,18.115425
279.58057498931885,83.62460899353027,17.544939,18.344486
284.7041664123535,83.65726661682129,16.180187,17.83508
287.83441638946533,84.05346870422363,16.272478,17.536152
292.19056224823,86.50104904174805,16.496618,17.57409
295.9735174179077,88.41757106781006,16.613462,17.201181
297.2254753112793,89.26858806610107,16.647724,16.1774
297.2554178237915,89.57132339477539,16.538591,16.348495
295.0693778991699,88.84703063964844,15.996483,15.642979
290.3441276550293,87.02247142791748,16.16293,15.882345
285.47452449798584,84.64185810089111,17.227388,16.288755
278.5393285751343,83.59371757507324,17.229383,17.26855
271.6957006454468,83.50389385223389,17.02025,17.861467
267.9623899459839,83.06711864471436,19.042513,17.546953
271.46617317199707,83.64352512359619,17.983212,18.144934
275.49477767944336,83.5773811340332,17.168022,17.692314
277.8561544418335,85.90257263183594,17.748293,17.31327
279.7016372680664,86.4615707397461,18.653442,19.833519
279.8624267578125,87.48757648468018,18.710014,20.02072
277.9087390899658,85.76012992858887,17.781513,17.746403
275.1782932281494,84.20755958557129,17.958317,17.623455
269.4641361236572,80.81901931762695,17.708702,16.857895
263.35620403289795,79.04606342315674,18.531801,17.136763
255.37755489349365,77.87530994415283,20.28657,18.188559
253.1675319671631,76.79988861083984,19.274601,19.89235
256.91082763671875,76.94450283050537,18.546303,19.280367
259.20872020721436,78.32179641723633,18.123194,18.916039
262.4068899154663,80.73367977142334,17.895449,17.830736
263.8082113265991,83.1970624923706,19.045412,17.965265
264.05065059661865,83.85995388031006,19.85325,19.694849
261.58596420288086,82.8125057220459,19.311157,19.070087
256.53066635131836,81.10276985168457,19.847687,17.758633
251.57329750061035,77.39641761779785,19.770359,18.773579
245.3061227798462,76.03889083862305,20.358648,18.529976
236.8260898590088,74.36594200134277,21.036522,20.148708
232.17834377288818,74.85365581512451,20.968557,20.216448
232.23648262023926,74.52522945404053,20.886597,20.549852
234.63949394226074,75.22330284118652,20.586143,20.550434
237.27488613128662,78.0682258605957,19.030684,18.719727
239.36977863311768,80.15629577636719,19.082773,17.332703
239.0931053161621,82.83949184417725,20.213985,16.42013
236.66703987121582,82.6182975769043,19.829803,15.830704
231.70203590393066,80.82779026031494,19.128918,16.398
224.80177402496338,78.93435287475586,18.418875,16.304276
215.843243598938,77.9739580154419,21.507998,18.253553
216.0412540435791,76.69952392578125,19.12268,19.264122
216.11455154418945,77.352614402771,20.437702,19.809702
218.88088035583496,78.19260883331299,20.274681,19.369207
220.3402853012085,80.21022033691406,19.848516,18.32154
221.5323076248169,83.11551761627197,20.958162,18.88381
218.76543807983398,83.03721237182617,20.209461,19.73796
213.34111785888672,80.18112373352051,20.193645,16.74718
204.86297607421875,76.06039619445801,23.02467,20.141926
195.35462284088135,73.13800239562988,23.955141,18.06651
187.49105262756348,70.76465702056885,22.441597,21.71488
186.94918727874756,69.85131359100342,22.926558,22.415545
189.79531955718994,69.97120952606201,21.835176,22.044786
190.69338035583496,71.10553932189941,21.564552,22.458439
192.23819637298584,73.03241157531738,22.000288,22.563717
192.67313385009766,75.54415512084961,22.44746,21.625633
192.0376615524292,78.51575660705566,22.028044,19.132069
186.99570560455322,76.01767349243164,22.20122,19.25689
179.05963516235352,73.1045789718628,23.298298,18.718515
169.94135284423828,72.09181785583496,23.220219,17.664494
160.38874053955078,70.90084743499756,23.003487,20.9657
150.14050483703613,70.21662521362305,24.660404,25.013588
151.1859359741211,70.11329650878906,23.83361,23.510254
152.69860076904297,69.91486930847168,23.849854,24.05357
154.01277542114258,72.60195064544678,24.03376,23.545961
154.3528003692627,75.25870704650879,23.36765,22.59267
151.77623844146729,77.72091674804688,24.045942,20.356262
145.17351818084717,76.26933574676514,25.185991,21.640764
136.53933715820312,74.51587390899658,23.624588,22.159033
122.28607177734375,74.9719009399414,27.681694,24.341728
119.70680809020996,74.91364860534668,27.196827,24.57977
121.66062355041504,75.28296375274658,25.923,24.132689
124.61117362976074,77.83563804626465,24.930546,23.731785
125.98256587982178,80.33547592163086,26.214289,23.371666
124.17545127868652,79.55071449279785,26.942692,22.914936
119.44003582000732,75.39395523071289,26.095507,22.283852
110.74373435974121,71.46644592285156,27.450397,22.471786
101.24809455871582,70.02865028381348,30.557087,21.857166
96.33866691589355,67.79287052154541,27.075085,25.063322
98.45551681518555,67.44092845916748,27.220985,24.872644
101.2908239364624,66.6639928817749,26.650866,25.100054
104.64849472045898,70.02477836608887,25.401527,23.561062
105.61184787750244,73.06002998352051,27.520521,24.066868
105.3945722579956,76.20010185241699,28.535402,24.12466
102.83434677124023,76.5300521850586,28.200562,23.325165
97.06785774230957,72.90807342529297,28.267605,22.850128
89.60321998596191,70.68209266662598,27.868824,22.620579
83.08528327941895,69.1696138381958,27.407139,22.884985
79.29029941558838,68.08280849456787,27.9578,24.012926
82.56252956390381,67.86071681976318,27.502787,24.091127
86.07359790802002,69.64451694488525,27.74748,26.734472
89.35926914215088,71.18032550811768,29.52709,27.535322
90.10334396362305,71.05949401855469,28.733398,27.328796
88.54759883880615,67.71541690826416,28.032251,27.11862
84.63492393493652,65.9151611328125,27.767056,26.428818
81.2359790802002,65.12061786651611,28.360691,25.916708
86.76975345611572,64.54834365844727,26.381887,25.520378
92.29832172393799,64.87041282653809,26.0939,26.044483
97.05411052703857,66.77897262573242,26.718744,26.50454
100.20224094390869,68.0269546508789,27.113707,27.300781
98.08365631103516,66.66155529022217,26.977173,25.163034
92.61912822723389,63.787017822265625,27.340563,24.574287
89.05202674865723,60.46159076690674,26.609821,24.84046
84.82146167755127,58.904194831848145,27.773321,25.709394
88.05959606170654,58.65403747558594,26.740694,24.546326
94.57422256469727,59.01627540588379,26.302658,25.086926
99.48431587219238,61.08915424346924,26.542095,26.32398
103.90009212493896,62.93075180053711,27.399576,26.825104
102.9723892211914,63.21627998352051,27.77221,27.00175
101.5949354171753,59.712894439697266,27.320032,27.204247
96.58409214019775,56.82502746582031,26.85877,25.530083
92.01372051239014,54.55904293060303,26.804377,26.098574
88.65256404876709,54.82919883728027,27.03773,25.308857
93.5102767944336,54.6428165435791,27.029755,26.202839
99.41702175140381,55.20982646942139,26.140535,26.444704
104.65395450592041,57.063483238220215,26.26216,27.47964
108.76904296875,59.76365661621094,27.16063,27.833801
110.8527479171753,60.74057197570801,27.672983,28.389301
112.76946544647217,60.06834697723389,28.311113,27.954874
114.73778533935547,57.6564302444458,28.2463,28.046453
115.87482833862305,54.10473918914795,27.328789,27.527674
116.6602725982666,51.383920669555664,27.205448,27.872463
117.50552940368652,50.17548656463623,27.176662,27.46956
117.59587574005127,50.21581745147705,26.895956,27.115675
118.82653713226318,50.68637752532959,26.823465,27.074495
119.28400230407715,53.164398193359375,26.814175,27.218048
119.99604606628418,57.199668884277344,26.830997,26.530556
121.8877124786377,62.83577919006348,26.623783,24.554531
122.82544231414795,68.89309024810791,26.466105,23.195051
122.72638034820557,75.64559936523438,26.81336,25.124893
125.61110496520996,80.95816230773926,27.125538,25.707035
130.71519088745117,83.33605861663818,23.885757,24.267282
132.98861598968506,81.95425319671631,22.990664,24.891367
131.38353061676025,80.97680282592773,26.02925,24.18782
133.37366104125977,81.39993476867676,26.650513,24.940884
135.49525451660156,84.01610469818115,26.448616,24.363222
139.37085151672363,85.93069839477539,24.419651,23.966805
142.11609268188477,90.51634883880615,23.152199,22.727953
145.30609226226807,95.33456230163574,25.287245,23.318272
149.3901720046997,98.93479919433594,25.652952,24.59285
154.91574096679688,99.37178134918213,23.545013,22.078993
160.96212768554688,99.06570148468018,22.863457,20.393652
167.29969596862793,98.61789035797119,22.1646,20.534224
172.86420726776123,98.01724529266357,22.816652,21.723703
177.7481985092163,96.65231990814209,22.736582,22.787546
181.58848667144775,94.63951015472412,22.41181,22.237398
183.07823371887207,91.91647529602051,22.52512,22.991009
182.48466110229492,87.19755840301514,22.319916,22.987696
179.940203666687,83.3678503036499,22.543352,22.525827
179.84662342071533,81.12183570861816,23.332945,22.572575
187.24820518493652,79.74921131134033,21.95686,22.593557
193.08009147644043,79.03669166564941,22.776989,21.572033
198.2737274169922,79.0269832611084,22.180695,20.695293
200.08243083953857,76.84324550628662,21.894571,19.981989
200.6530818939209,74.87390995025635,21.85471,20.694227
201.53510761260986,73.94367599487305,21.38458,20.338577
199.93028163909912,73.48069477081299,22.59752,20.868254
203.31539630889893,75.83892250061035,22.87074,19.992275
211.37484169006348,77.64943504333496,21.109112,19.30952
217.43087768554688,79.00843906402588,22.543701,19.820349
222.4607400894165,79.85055446624756,21.385138,20.138056
224.8318157196045,80.46285915374756,21.245335,21.203379
226.16615104675293,78.19108009338379,21.064213,21.584126
225.39597511291504,75.47899436950684,20.897175,21.070042
223.55127334594727,72.05549335479736,20.778923,19.970694
223.82839012145996,70.72519493103027,21.267796,19.35091
230.51820850372314,70.40742206573486,19.725851,18.738058
236.60851097106934,70.70234966278076,20.026142,20.488459
241.45444297790527,72.76626300811768,19.803272,20.310003
245.91572856903076,72.56081104278564,19.526514,20.73277
247.16415977478027,72.30420589447021,19.557728,19.575457
247.96239566802979,72.0924882888794,19.489676,19.055868
248.20413875579834,72.57984256744385,19.289827,18.774366
244.4546766281128,74.41581058502197,21.442278,20.268988
245.40289115905762,77.42598533630371,20.831402,20.144245
253.86968421936035,78.32194519042969,19.435726,16.656075
260.07507133483887,80.17609691619873,18.333279,17.391542
263.48563385009766,83.01801013946533,18.04464,17.013594
265.37300968170166,83.42206954956055,18.30831,17.813187
266.11495304107666,83.88830471038818,18.766493,18.973291
266.5305509567261,81.7745361328125,18.563562,17.712326
265.0368309020996,79.23519515991211,18.11541,17.673279
262.82372283935547,77.65812110900879,19.35762,17.548717
268.0628881454468,76.60997676849365,18.507044,17.283182
273.9221200942993,76.59476566314697,18.300955,18.0342
280.79430294036865,77.04289436340332,17.28821,17.696316
283.91974449157715,78.2348518371582,17.544765,17.121086
286.9558000564575,78.09120750427246,17.44229,17.468151
287.63043785095215,77.64788436889648,17.579525,17.490845
288.08881759643555,77.51723575592041,17.070114,16.59023
287.4384517669678,77.96600818634033,17.225056,16.60044
286.7735433578491,79.12616157531738,16.53016,16.608303
285.7368459701538,81.86860275268555,17.025682,16.498772
286.53341579437256,82.93136024475098,18.754175,16.152111
290.0912570953369,85.11154842376709,18.926846,18.376566
297.0396728515625,88.2136812210083,18.600815,17.131956
299.7742052078247,90.32496738433838,17.694166,16.76583
299.1957950592041,89.1449384689331,17.48064,16.876322
296.56789684295654,87.33994770050049,19.128305,17.314863
293.7314443588257,85.85761451721191,18.137491,17.831272
295.7539520263672,86.74224758148193,18.579811,15.796297
299.46186542510986,86.80792713165283,18.823294,14.848745
304.70179653167725,87.9163007736206,16.541918,14.826334
307.6710624694824,90.00777339935303,16.949936,14.820719
310.3211431503296,91.4894437789917,17.533777,14.939821
313.148962020874,92.66163969039917,17.099918,15.551484
314.23890209198,92.76822757720947,17.482904,16.213049
314.2795419692993,92.8245964050293,16.652014,16.445625
311.28869342803955,92.30569458007812,16.475039,17.024704
306.6125473976135,93.40422630310059,15.898868,16.832867
305.71320056915283,94.94954681396484,16.062063,16.715141
310.35673427581787,94.81316757202148,15.608248,16.582397
314.62619829177856,96.55395603179932,15.687636,16.29344
317.49111461639404,98.63208675384521,17.195726,16.077608
319.3467788696289,101.9295711517334,18.06305,16.03117
319.83109283447266,102.88080406188965,17.402115,16.320087
318.2644672393799,101.37088680267334,16.700184,15.428118
315.0298089981079,99.41412734985352,16.052618,15.224781
311.5192584991455,95.14858388900757,16.724098,15.207044
306.2452516555786,91.42144727706909,17.574366,14.816403
302.6073684692383,87.36919116973877,18.158741,16.059332
303.13393211364746,87.9369740486145,18.235825,14.612258
307.37727785110474,87.01081800460815,15.570712,14.857621
310.29792976379395,87.39568376541138,15.479828,15.398669
311.4722623825073,87.20258331298828,16.830488,16.120441
313.20472526550293,88.27823066711426,16.512993,16.067825
311.4544219970703,88.26280879974365,16.19191,15.859655
308.1012315750122,87.7200059890747,16.243109,15.812387
303.49609756469727,86.05487585067749,17.355446,15.672574
297.16068267822266,86.4614896774292,17.748169,16.252855
292.0872097015381,87.00340938568115,18.112297,17.811174
292.60276222229004,87.55638217926025,18.674591,18.079237
298.92679500579834,87.76770210266113,16.39343,17.100391
300.9948453903198,89.72902488708496,16.591139,16.680714
302.5095615386963,91.16193771362305,16.632446,16.849709
301.9112911224365,91.56867599487305,17.186409,17.043083
299.405460357666,91.16782283782959,16.63552,16.395487
295.38171195983887,88.32313537597656,17.203026,17.152267
290.645450592041,84.37565231323242,16.566536,16.949772
287.4179153442383,82.34462928771973,16.39116,16.96941
279.16462230682373,79.89970397949219,17.998434,18.17075
277.5994071960449,79.33354377746582,18.428753,18.013641
278.37082290649414,79.02939414978027,18.667355,18.155174
280.78118801116943,79.22529983520508,17.890318,17.512104
281.888973236084,80.49524021148682,17.798908,17.321505
282.0929870605469,81.44489097595215,18.047695,17.576485
279.64192962646484,80.7725076675415,18.137554,17.136545
274.66369915008545,81.3564100265503,17.880198,16.034674
269.3039426803589,80.78856706619263,17.427595,14.611598
261.97518157958984,80.75000953674316,19.114834,16.39344
261.75049781799316,80.78457832336426,19.946457,16.960152
265.44491481781006,78.54540348052979,18.488874,18.70106
267.19044303894043,79.9233865737915,17.811256,18.132952
268.111141204834,81.61686325073242,17.631512,18.131824
267.33135509490967,80.64238262176514,17.325857,17.84139
263.45991039276123,77.38196468353271,17.11305,17.335459
258.28130435943604,73.63424682617188,17.229727,17.15483
252.17794513702393,71.89401626586914,17.725107,18.30223
242.96601486206055,69.69951057434082,21.7224,22.365147
241.56460285186768,69.19317531585693,21.746805,22.222338
242.84438705444336,69.41073703765869,22.234333,22.525785
246.64664363861084,70.56190490722656,20.594099,20.372818
246.11953353881836,70.41579914093018,18.745129,19.211477
240.78079319000244,69.36677837371826,18.808733,19.149118
233.63824558258057,70.77415370941162,21.025446,19.25072
231.46562099456787,71.41157150268555,20.510687,19.140564
231.64446544647217,72.73563861846924,20.858137,19.301527
232.56250095367432,74.78526782989502,20.23073,18.383162
234.08220672607422,78.47237491607666,19.475758,18.50865
234.36235904693604,83.42651271820068,19.706713,16.009363
231.27012729644775,86.04183387756348,21.427042,17.824474
227.85959243774414,86.79793453216553,20.232418,16.332293
220.1590051651001,87.86403179168701,21.46889,17.826197
210.80060005187988,88.77359771728516,22.285461,19.89161
209.31649112701416,89.72965240478516,20.534746,19.13475
211.24058151245117,90.74314880371094,19.32751,19.03318
210.13092136383057,90.27967548370361,21.181139,21.030523
209.17170333862305,90.23756885528564,21.058529,21.248709
206.25847625732422,90.38339805603027,20.708706,22.219677
202.5972490310669,89.82669639587402,20.015833,21.617313
196.44804859161377,90.11541175842285,22.672869,23.028217
196.22452926635742,90.0551815032959,21.950459,21.93806
196.86940002441406,91.0196647644043,21.704433,21.766037
198.52389526367188,94.14438724517822,21.463192,20.939024
200.67660808563232,97.18563079833984,21.206244,21.316826
200.400297164917,99.66665077209473,21.860298,22.296772
200.09202671051025,99.09954452514648,21.535486,21.633522
197.75686836242676,98.99192523956299,21.181923,20.974485
195.44251251220703,97.58399772644043,21.252712,21.709293
192.3158197402954,97.52462387084961,20.715822,21.145737
189.48909759521484,97.78604888916016,20.82771,21.424156
184.53134536743164,99.93991470336914,22.60313,22.592346
183.0481300354004,101.79526615142822,22.401577,23.138601
183.02967643737793,104.1275634765625,23.154144,23.923424
184.27899837493896,106.39234066009521,19.481573,23.333345
184.26490306854248,107.7366304397583,17.235136,20.73863
186.21024990081787,109.19581127166748,13.93878,17.831995
185.37570714950562,110.73398399353027,11.463487,17.234371
183.79566383361816,113.10087966918945,12.482407,16.767239
182.64330291748047,116.05622291564941,12.745651,16.642776
180.3210253715515,119.01970338821411,14.388238,15.986255
176.84626007080078,119.50661182403564,16.065235,17.292253
175.20874881744385,122.12977981567383,16.781359,16.887997
172.62305641174316,124.7278938293457,17.795933,16.22636
167.8519606590271,131.3493480682373,13.373193,18.973602
165.73447036743164,140.6914520263672,13.141338,18.780483
162.91395616531372,143.91532516479492,13.538131,19.822742
159.99480819702148,144.5834093093872,16.533775,20.63981
159.49262142181396,145.6265525817871,18.29371,22.803951
158.20083332061768,148.66805744171143,19.046515,20.98511
157.120943069458,150.6418056488037,20.270428,20.547005
155.65330123901367,151.17418766021729,21.635742,20.424662
155.22088432312012,151.54542446136475,22.397953,21.66493
152.92502784729004,151.64366912841797,23.708233,20.387226
150.76464080810547,150.56446743011475,23.823349,19.8618
148.60497665405273,148.55570888519287,22.790146,22.018827
145.34600830078125,145.09321117401123,24.7808,22.588408
142.44159984588623,142.45840072631836,24.829607,20.426983
139.9734706878662,137.6239194869995,23.727573,23.22907
138.04763793945312,134.56853103637695,24.617096,23.233898
136.77305698394775,131.27464771270752,24.393454,21.909021
136.94628047943115,126.91965961456299,23.720728,20.714235
134.49169731140137,120.52031803131104,24.995914,23.222322
132.43504524230957,114.42095565795898,25.751263,22.971607
130.25607204437256,109.01881408691406,25.464167,23.597584
128.49949836730957,101.27060413360596,24.430447,22.648325
125.4624137878418,94.47505855560303,24.721298,24.100874
121.42249965667725,88.70208263397217,25.440126,24.267836
113.98185443878174,82.32618713378906,27.535109,25.276264
111.91878604888916,78.9213924407959,28.586187,24.999168
112.60303974151611,76.78451824188232,29.041777,25.107908
117.8401460647583,76.25790882110596,26.730825,25.438356
120.44099617004395,76.63227367401123,26.206196,25.294546
122.09201622009277,76.78646183013916,26.74046,26.032587
122.25224781036377,75.88076400756836,26.715277,26.953823
122.3658332824707,72.94531440734863,25.14708,25.486237
119.35102367401123,71.5131196975708,24.496607,24.905054
110.94165706634521,69.2383680343628,27.144922,25.38246
112.1940393447876,68.79674434661865,27.48377,25.483206
116.14497756958008,68.33442115783691,26.746178,25.570595
118.04579448699951,69.06403827667236,26.353456,25.869593
120.79057312011719,70.76878929138184,26.638947,25.734818
121.77181148529053,72.91834163665771,27.441347,25.711164
121.77262878417969,73.7667407989502,27.494469,25.48954
119.73498153686523,71.83527278900146,26.015335,25.724585
116.51541042327881,69.0596284866333,25.12282,25.566408
111.20569801330566,67.25450992584229,25.164669,25.793879
109.2195634841919,66.30244636535645,28.48525,25.517273
114.61572456359863,65.91886043548584,26.635822,25.6556
119.72410202026367,66.68686008453369,25.112122,25.36297
121.08148670196533,67.98589992523193,26.876776,26.497404
120.30017375946045,68.07062435150146,27.039934,26.735525
117.93207740783691,65.42364406585693,28.06789,26.636816
115.15234756469727,63.82543182373047,26.951782,25.202816
109.080641746521,62.6877498626709,27.027475,24.726974
104.25491142272949,61.4765510559082,27.346874,24.523312
104.62425422668457,62.0433292388916,27.514034,26.520042
108.7196912765503,63.21312141418457,26.712313,26.40931
111.97289085388184,64.93679618835449,27.517635,26.361885
115.83901786804199,66.25405788421631,26.943714,27.208502
117.54778957366943,68.77231502532959,27.571054,27.244032
117.07739543914795,69.21326351165771,27.190866,27.34876
115.15235233306885,68.42726230621338,26.826658,26.777643
111.47014808654785,66.22608757019043,26.49406,26.141663
106.38460540771484,63.76713562011719,26.389336,25.779911
99.85199737548828,63.51800537109375,27.759575,25.797153
95.85864639282227,63.91947078704834,28.924614,26.957983
98.06754398345947,64.69987201690674,28.389631,26.138147
101.36510467529297,66.67921543121338,27.60257,26.318651
104.84003829956055,69.84141445159912,27.677612,25.865835
107.5863447189331,71.35776138305664,28.164492,27.290783
107.52245712280273,71.23166465759277,28.60643,27.419952
106.7193603515625,69.82301044464111,28.834717,27.22973
105.7194938659668,68.20679187774658,27.461555,26.987078
102.89608764648438,65.59436702728271,27.957756,26.59062
99.32222080230713,65.71302223205566,27.159796,25.543648
97.37284564971924,65.34994506835938,27.490065,25.840252
100.50915813446045,66.69826221466064,26.94858,25.524385
104.024582862854,68.74939918518066,25.955458,25.365875
107.86067581176758,72.06079387664795,26.056854,25.917456
111.38048553466797,73.61734676361084,25.89746,26.140265
112.36993026733398,75.5715856552124,27.343903,26.590734
111.0642204284668,75.80499172210693,27.29103,26.265905
109.64697360992432,73.90701007843018,26.465315,26.006632
106.01249027252197,71.78908157348633,26.749922,25.578632
102.6670093536377,71.12894058227539,26.762959,24.744297
102.9853515625,71.524733543396,26.183739,24.641981
108.15823364257812,72.96192169189453,26.051544,25.468983
112.15984439849854,74.61897468566895,25.33811,25.529709
115.68960475921631,75.71946144104004,26.006525,26.222153
116.54576873779297,76.74075603485107,27.057007,26.744955
116.88496780395508,76.4093132019043,26.84803,27.178493
117.15801334381104,74.95738983154297,25.722212,25.92104
113.11643409729004,72.72342681884766,26.493992,25.923092
111.53138065338135,70.20275115966797,26.597143,25.536503
108.89771747589111,69.73883724212646,27.043325,25.616133
112.07996940612793,69.93285751342773,27.207973,25.01746
118.07029438018799,71.72808170318604,25.484106,25.321993
123.01003932952881,72.98283386230469,25.167696,25.260654
125.44393920898438,73.80690860748291,25.549393,25.993189
126.64399242401123,74.81151866912842,26.475634,26.328321
128.88826274871826,74.35420227050781,26.142252,25.682156
129.15763568878174,72.18743419647217,25.790487,24.863668
127.72969818115234,71.29990196228027,25.442955,25.03527
127.33350563049316,71.10955715179443,25.248775,25.426313
128.59675121307373,72.43496894836426,25.710215,24.441185
135.31054878234863,73.08555698394775,25.0136,24.641008
140.06276988983154,75.33046913146973,24.454325,23.616364
143.92210006713867,77.24796104431152,24.883606,23.205635
147.4396266937256,78.2931718826294,24.940372,21.931131
150.3659267425537,76.97353076934814,24.85606,22.718752
152.4643325805664,74.2842903137207,24.676285,23.0248
154.04722118377686,72.15163993835449,24.652353,22.619736
155.23536586761475,71.34443855285645,24.403513,23.001747
156.26781463623047,70.00515651702881,24.403168,23.597754
157.20595932006836,70.91393947601318,23.940178,23.455175
158.1843786239624,72.82385540008545,23.62111,23.381186
163.47775650024414,75.50546455383301,23.294983,22.98217
170.41942024230957,78.8857593536377,21.772,21.994316
172.46199321746826,81.39749526977539,21.589823,22.886158
173.20506954193115,82.7085428237915,23.021296,22.39622
172.9885196685791,83.02718353271484,23.119297,22.725185
172.99140644073486,80.83325099945068,22.129286,22.200178
170.61161136627197,79.30943012237549,23.279333,21.861704
173.75090217590332,79.66125106811523,22.150913,20.857464
177.84028339385986,80.03362464904785,22.465818,20.522682
182.47918224334717,80.97273349761963,21.560923,20.209238
187.0541639328003,82.71850299835205,21.21715,20.171564
190.91265678405762,84.53290748596191,21.726871,20.692772
193.9085922241211,85.18620491027832,22.22261,21.172966
195.9233570098877,84.39556980133057,21.832241,19.04925
196.78926277160645,82.9069356918335,22.004269,19.53774
196.53397274017334,80.43966293334961,21.34894,18.885883
195.503643989563,79.09455299377441,21.536665,19.39064
196.73501110076904,79.11302757263184,21.352228,19.46196
202.27388858795166,79.63456344604492,20.652815,19.796528
207.25573921203613,79.73386001586914,19.239231,19.507793
211.89733695983887,81.18945980072021,20.597172,20.830603
214.79725170135498,81.5423355102539,20.635416,19.996067
216.66996574401855,82.3704662322998,21.098545,20.664467
218.97497177124023,82.31175994873047,20.774536,20.874256
219.9383659362793,80.26548957824707,20.167488,19.959312
218.90800762176514,75.88459587097168,20.212412,20.413857
213.84955596923828,71.99000930786133,22.226006,20.773426
216.000732421875,70.45110130310059,21.933975,20.438744
222.47433948516846,68.96939468383789,20.155287,20.644123
228.9031286239624,69.01000213623047,18.703066,20.219074
232.34013175964355,69.99077796936035,19.959743,20.588486
237.53493976593018,72.24809455871582,19.298903,20.527565
243.0235595703125,76.08763599395752,18.92643,18.971132
247.52359008789062,79.88141536712646,19.67723,17.941938
250.84198570251465,81.60199451446533,19.803226,18.462992
252.7029447555542,81.17284107208252,19.481775,18.36748
252.7274169921875,77.3063850402832,20.023964,19.868427
252.11736297607422,71.2071304321289,19.671837,19.676128
249.23618125915527,64.72760677337646,20.859776,20.269697
246.28612804412842,58.50861644744873,21.294619,21.019728
243.82126903533936,54.24992656707764,20.92866,21.445028
241.5419054031372,50.64417743682861,20.448591,21.514048
238.95009899139404,48.26992225646973,20.123285,21.016998
236.26196956634521,46.74321460723877,20.008295,20.712
232.99495220184326,46.05272197723389,20.54664,20.51924
230.59053421020508,46.932454109191895,21.281296,20.685366
232.90203094482422,47.459829330444336,20.499779,20.830635
238.57426834106445,49.70798301696777,18.812836,20.873413
242.4084234237671,52.54288578033447,19.24891,20.552797
245.0052146911621,57.278868675231934,18.949158,20.464422
249.28218460083008,62.45151901245117,19.585495,19.707798
252.05650806427002,69.07324409484863,19.914602,20.160942
255.84554958343506,75.58906364440918,19.29571,20.4356
259.0530185699463,83.57906913757324,20.482227,18.899292
259.01750469207764,83.82327842712402,20.733515,18.506248
256.71808528900146,80.54065608978271,20.786417,17.88722
251.8272066116333,74.40292167663574,19.805014,19.565292
247.6960687637329,71.68790626525879,19.663893,19.286102
242.7962064743042,68.60012340545654,21.234217,20.211187
240.90948867797852,66.56019687652588,22.366814,21.083185
247.07043170928955,66.41139030456543,19.960112,20.104172
252.07089042663574,67.43124580383301,18.641415,19.88308
255.92214107513428,68.20115089416504,18.987925,19.802475
261.4871301651001,70.0720043182373,19.049765,19.466469
265.23461723327637,73.1949052810669,19.82301,20.338488
270.8697166442871,77.79871082305908,18.953278,18.836123
275.34774684906006,81.7565565109253,20.269426,19.787
279.0360269546509,86.09460830688477,20.65463,19.362186
281.4216356277466,87.22707080841064,20.07202,19.212236
281.2148857116699,85.2527723312378,20.085709,19.425268
278.15348529815674,79.92268753051758,19.725996,18.961033
274.14900302886963,72.04770565032959,18.998228,17.547228
270.6808395385742,67.6746883392334,19.150497,19.322025
266.93345642089844,64.02378749847412,19.299438,20.089586
263.1095428466797,61.46222686767578,19.030998,19.886131
258.384557723999,59.366390228271484,20.87167,19.53785
259.20472621917725,58.66695022583008,20.983927,19.291626
267.44722843170166,57.58302116394043,18.605673,19.551083
273.0674982070923,58.2508430480957,18.135626,19.017593
278.34814834594727,61.489943504333496,19.192627,16.268938
283.58018589019775,61.9549446105957,19.106245,18.023376
289.0738592147827,66.02586269378662,19.52051,17.683344
293.8113737106323,69.76505851745605,19.17364,17.92268
299.66419315338135,74.49744319915771,19.625914,17.445284
305.45148754119873,81.01466178894043,19.87926,16.157642
310.0484104156494,84.80968427658081,18.686855,15.485894
311.25074672698975,83.43842363357544,19.01665,15.932166
309.76159286499023,78.28375625610352,18.225342,16.905174
305.6511631011963,71.71656894683838,18.793514,16.879648
301.0951509475708,65.4188642501831,19.072264,17.01034
296.89001083374023,60.72672462463379,19.794815,17.586712
293.4753885269165,55.02151870727539,19.33338,18.687843
289.51877212524414,54.22729778289795,18.46257,17.991014
285.4662752151489,51.862667083740234,18.104918,17.803696
281.58192253112793,50.11279296875,18.102741,18.432632
279.0388059616089,49.374884605407715,19.216364,18.129747
285.4692602157593,49.46228790283203,17.362955,18.415047
291.3921813964844,50.963449478149414,15.772804,17.198803
296.15713596343994,51.92390727996826,16.340048,17.79291
302.07159328460693,54.88093185424805,16.73755,17.878845
304.47353076934814,57.89286231994629,18.419172,18.541798
310.614052772522,61.420701026916504,18.45107,19.267874
315.6207504272461,65.51162338256836,19.042557,19.92633
320.14366245269775,74.0940055847168,18.93221,18.672905
325.61530685424805,80.78219795227051,17.078018,18.11327
330.14844703674316,84.0942611694336,17.8671,18.754738
329.3615036010742,82.67571067810059,17.938934,18.690365
325.9670810699463,74.65891933441162,17.540333,20.220205
320.9697093963623,69.24714756011963,18.821438,18.408426
316.7192964553833,62.058573722839355,18.301786,19.543066
312.8054714202881,58.610450744628906,18.406956,18.42567
307.522319316864,55.52385234832764,15.284913,17.17359
304.03420305252075,52.19695568084717,15.068915,17.204435
299.0587959289551,50.275081634521484,16.488815,16.59837
292.77202224731445,48.89444923400879,18.793789,16.567337
293.765344619751,49.244375228881836,19.46112,16.927284
302.146258354187,49.2446985244751,15.944448,16.04275
305.73866844177246,50.121134757995605,16.23536,16.422346
311.3853349685669,52.21592426300049,16.933123,16.584871
316.28398609161377,54.028014183044434,16.346285,17.867628
319.54821968078613,57.0640754699707,17.237091,18.346928
324.9943656921387,61.51728916168213,16.85033,18.545649
332.01617336273193,67.05388259887695,17.219175,18.581066
337.193941116333,72.93626499176025,17.944702,17.625017
342.2228775024414,79.94890213012695,16.44807,17.378231
342.4759588241577,81.72979831695557,17.783003,16.92908
343.96588039398193,79.28034210205078,15.830885,17.447056
338.4401845932007,73.28035545349121,18.799093,18.432102
333.68609619140625,67.58249855041504,17.523342,18.657242
328.65505027770996,61.66962814331055,18.008114,18.324642
322.9453811645508,57.80405902862549,16.991222,17.925875
318.21526527404785,55.122283935546875,17.76548,17.618786
313.5736207962036,52.03831386566162,18.598211,18.33589
309.09875106811523,50.06718444824219,17.971794,18.229168
303.68849182128906,49.70837211608887,18.002644,18.052223
298.2601070404053,49.17755317687988,17.903599,17.964066
292.97118759155273,49.90807628631592,19.74168,18.35591
295.38250637054443,51.81026649475098,18.732725,18.502213
300.76880073547363,53.65748977661133,16.969925,17.955318
303.7582664489746,56.69453144073486,17.031307,17.708277
307.7623414993286,59.98391342163086,17.093859,17.672237
311.7013702392578,63.952717781066895,17.24818,17.997599
315.8894290924072,68.42753219604492,16.922073,18.310291
319.81841564178467,75.21744728088379,17.158934,17.835648
322.74036598205566,82.20826530456543,17.556564,17.482742
326.34437322616577,89.89567470550537,14.730798,16.165838
327.76779651641846,92.13429737091064,16.65455,16.804453
326.4606194496155,90.0896668434143,15.797286,15.931346
323.49093770980835,84.2513599395752,14.82414,18.675335
317.80134773254395,77.93213558197021,16.831577,16.617815
312.79688358306885,71.93035793304443,17.886278,17.674574
307.9077548980713,68.58295726776123,18.175747,17.463675
303.4672031402588,64.54060173034668,17.331974,17.19202
297.2291622161865,61.646644592285156,17.703144,17.51258
292.9152183532715,60.719489097595215,17.460838,17.133417
287.49973583221436,59.240057945251465,17.778315,17.242426
285.2165832519531,58.88963985443115,17.173576,17.282267
286.63847637176514,58.50608730316162,17.821413,17.57857
291.25103759765625,59.694382667541504,16.828827,17.219
294.52917861938477,61.172486305236816,17.035858,17.522932
297.52202224731445,63.75863838195801,17.515839,17.73663
301.998779296875,66.18922901153564,17.42897,17.594412
304.1753559112549,70.44332885742188,18.051418,17.93425
307.89338207244873,75.19110202789307,18.406015,18.581602
312.06779193878174,81.23363590240479,17.780485,16.539999
314.15074920654297,84.73183917999268,18.084518,16.87892
313.925009727478,85.25883388519287,17.814272,17.77318
312.5627784729004,83.33081340789795,17.40258,17.154428
308.08558559417725,80.58670616149902,16.728033,16.565365
302.81716537475586,76.91928482055664,17.475285,17.019756
296.57150077819824,75.68785190582275,17.198513,17.353998
291.53851413726807,73.79400825500488,17.433653,18.159767
286.71562576293945,73.8959608078003,17.62785,18.281408
280.22961044311523,76.2344446182251,19.08685,16.973383
278.0271806716919,76.5695161819458,19.152246,17.969492
281.2474613189697,76.19837093353271,18.977707,18.828146
287.7387342453003,78.58445930480957,17.032484,17.898514
290.51147079467773,81.17007541656494,17.277035,17.590273
294.19666290283203,84.68111896514893,17.21075,17.620676
298.4758548736572,87.33831691741943,17.081795,17.625113
298.76952743530273,89.48497676849365,17.652454,18.395742
298.54211711883545,89.89118003845215,18.14414,18.42978
298.006630897522,89.76175022125244,18.146624,18.44636
295.4935541152954,88.44551849365234,18.257006,18.049671
293.0973129272461,86.04975986480713,18.352962,17.990221
290.3393564224243,82.9370059967041,18.717707,18.948067
287.4785318374634,81.40869808197021,18.444902,18.648252
284.13401222229004,80.9231948852539,18.512047,18.412579
281.26483631134033,80.79184532165527,17.341982,18.19632
278.4073677062988,82.75785446166992,18.141499,18.161953
274.9596757888794,84.5186014175415,18.422579,18.377787
270.44118881225586,87.69121265411377,18.823025,18.269854
269.48659229278564,91.55903625488281,18.505022,17.588505
271.13321113586426,95.8338623046875,17.469368,17.063152
273.8840789794922,97.66570949554443,18.38213,17.493422
273.0400037765503,98.54380989074707,17.542158,16.838745
272.4596633911133,97.46961784362793,17.70309,16.860016
271.84925174713135,96.11329078674316,17.534655,16.958687
270.2858295440674,93.1879940032959,17.533203,15.442112
267.880859375,91.90317916870117,17.663506,15.993149
266.883563041687,90.90756607055664,17.763498,16.227203
265.5103540420532,89.73355960845947,18.534933,17.388105
265.8142776489258,90.49454402923584,18.84298,17.519045
266.69407653808594,91.68678092956543,18.656013,18.05798
266.3829336166382,93.9654369354248,18.792704,18.021206
268.5391788482666,96.65526866912842,18.167744,18.471292
269.37907218933105,99.99357223510742,18.179996,17.868546
271.7406358718872,102.1026258468628,18.250807,16.937593
271.51059913635254,103.00194263458252,17.426785,16.541906
271.37656021118164,103.9294843673706,16.204811,15.629587
271.46004247665405,102.12191915512085,14.622418,15.241502
274.8611078262329,100.51820945739746,14.474516,15.011452
271.5094928741455,98.24320220947266,13.344715,16.689373
267.1299180984497,96.50541496276855,16.448797,16.305695
265.7730903625488,96.52275085449219,17.546715,16.058361
266.225191116333,96.48127317428589,17.588116,15.569234
271.39541244506836,97.12038373947144,13.442978,15.157285
269.14642429351807,99.26601696014404,14.983618,14.362486
266.00187492370605,101.14244937896729,17.65792,14.806158
261.78372859954834,101.85412311553955,22.04564,21.534369
261.3803596496582,102.74545288085938,23.198906,23.078743
260.8473711013794,103.2911958694458,23.679678,23.713697
259.6594400405884,103.76409149169922,24.065336,23.736435
260.33336067199707,104.48908615112305,23.344738,24.057465
260.2498302459717,104.05150699615479,24.08936,22.821226
272.4967679977417,107.18899154663086,19.25165,18.492683
279.4581632614136,107.4679594039917,14.647158,16.350672
280.02293491363525,106.84657001495361,16.335455,16.03414
278.29175090789795,102.4562292098999,17.835634,18.851046
276.4318017959595,100.3846492767334,18.490843,18.654064
274.09467124938965,96.27943801879883,18.35693,18.534836
271.4056730270386,95.35949897766113,17.19037,17.27055
267.99470233917236,94.24885559082031,17.792791,17.306793
264.6930265426636,94.32834815979004,16.462679,16.422146
260.59961128234863,94.84979915618896,19.420578,16.089724
266.6571002006531,95.77216911315918,15.597997,16.715542
270.73070907592773,96.74352169036865,15.350391,16.246126
273.01819801330566,99.12325763702393,15.760391,16.164862
274.3933935165405,100.47702312469482,17.943838,17.675188
274.17563247680664,102.6252555847168,18.75394,18.350891
273.3755626678467,102.99541854858398,18.35019,18.371407
271.72992992401123,101.44045543670654,18.319632,18.61809
268.87159156799316,99.28056716918945,17.798424,17.881462
264.20197105407715,96.6806287765503,18.754879,18.753252
257.79803466796875,96.12870502471924,20.512863,19.331343
257.8936824798584,96.87346744537354,20.513256,18.92626
264.1765089035034,97.96656799316406,18.069803,17.784203
268.30753231048584,99.91441535949707,18.19369,17.181911
272.1115245819092,100.64687442779541,17.65562,17.196043
272.6795291900635,102.11351871490479,17.937572,17.418966
271.00709438323975,102.3685655593872,18.564898,17.849722
270.68041610717773,102.88641738891602,18.367966,17.954475
269.39960193634033,102.3441390991211,17.772917,17.188156
266.978328704834,101.77430725097656,17.668549,16.813599
264.02984714508057,100.24005222320557,17.742552,17.048819
264.6830177307129,99.66478538513184,18.135605,17.421452
268.5133275985718,99.21528148651123,17.640818,18.325457
271.9623908996582,100.32257461547852,16.944565,17.495392
276.15719509124756,101.7927303314209,16.538813,17.465733
277.48261547088623,102.5805549621582,17.41424,17.724197
277.58728408813477,103.3547306060791,18.223022,18.295017
277.7922945022583,101.05588722229004,18.192404,19.515743
277.13881492614746,98.392578125,17.96043,18.227936
274.2427110671997,92.61388874053955,18.304396,18.025583
270.8039608001709,87.62417507171631,17.950901,17.904917
263.8486614227295,84.78482055664062,21.125824,18.045921
264.74381923675537,82.41518974304199,18.739126,17.78358
267.2567958831787,80.5980806350708,18.196144,18.693914
272.06236839294434,80.7132158279419,16.769936,18.64607
275.6159391403198,80.73204612731934,17.0016,18.65955
277.99560165405273,82.04010200500488,17.169575,18.790386
282.0268783569336,83.52530479431152,17.058834,18.893375
285.005184173584,88.11931324005127,17.989895,18.27619
285.87764167785645,89.81439781188965,18.441452,18.134045
285.81986141204834,92.17594051361084,18.689306,19.791681
286.50693798065186,92.32859420776367,18.663908,19.00605
284.95579051971436,91.30755805969238,18.465422,19.236736
281.3620367050171,88.76220607757568,18.012426,18.429453
276.6261959075928,85.84881114959717,17.483585,17.48652
271.33039951324463,83.42749691009521,16.906214,17.051088
264.9827003479004,81.41353702545166,17.541767,18.483946
265.7667531967163,79.96799850463867,17.086828,18.681236
270.4930353164673,80.11699676513672,16.067484,18.774132
274.49596977233887,81.05328178405762,16.243347,18.798908
277.7481288909912,83.43546390533447,16.55877,18.916769
282.2110605239868,85.2089433670044,15.784685,19.015722
286.4527750015259,89.22711563110352,16.242601,17.462875
289.6142225265503,92.49444103240967,18.901731,19.502558
289.6533145904541,90.93556785583496,18.64875,18.809826
285.6755657196045,85.36348533630371,19.10212,20.610012
280.42758560180664,78.96550846099854,19.134586,18.699308
275.758505821228,72.60613059997559,18.79679,19.421886
269.8729658126831,68.56235885620117,18.890501,19.28012
264.9985980987549,65.23431015014648,19.322464,18.609634
259.330659866333,62.09726810455322,19.812828,18.22991
263.6955327987671,60.4216890335083,19.08396,18.320387
269.32781887054443,58.89364433288574,17.868353,18.382992
273.0645742416382,58.955108642578125,18.146803,18.728561
276.79640102386475,60.13911533355713,18.069075,18.718931
281.8336887359619,61.74785900115967,18.014389,19.343302
285.62036991119385,65.66481113433838,17.799349,19.237944
289.90073680877686,69.00301456451416,17.08972,19.437712
294.49540519714355,73.8950662612915,18.821793,20.142614
299.7296676635742,78.87042808532715,20.39677,21.001423
303.63585567474365,84.88121891021729,19.84435,18.867208
304.4059534072876,84.93402481079102,20.205324,19.466324
301.6053123474121,79.03115272521973,20.002094,21.04475
295.306791305542,70.25982666015625,20.691612,20.376755
287.9135913848877,64.06507301330566,21.794449,19.799473
282.4186210632324,56.314870834350586,20.179882,20.883053
275.67800426483154,50.549492835998535,21.14079,20.157095
269.806432723999,47.49402713775635,19.414719,17.538954
262.737756729126,43.14859962463379,19.580212,16.999775
256.11963748931885,39.15848350524902,19.122019,18.100056
247.86593341827393,36.70993137359619,19.677736,19.091284
246.74872493743896,35.07771968841553,18.940298,19.088175
251.40909957885742,34.41921806335449,17.9873,18.864933
255.4463653564453,35.26512050628662,17.36436,18.754412
259.4401321411133,36.03760814666748,18.143192,18.855913
263.27637004852295,38.482144355773926,18.070425,18.915113
267.79904556274414,41.781494140625,19.320423,19.961418
272.5538673400879,44.82595920562744,19.811878,20.996069
276.7671365737915,51.14882755279541,19.092081,20.613028
281.0549602508545,56.585673332214355,18.417343,22.090807
286.56910037994385,63.83842372894287,18.398928,21.441355
290.58252334594727,72.13998889923096,20.874134,20.766676
289.6884422302246,74.29284763336182,20.76231,21.032827
285.1274518966675,70.63817024230957,21.126852,19.738636
277.58138275146484,63.77799987792969,22.082623,20.425194
269.5785446166992,59.37031078338623,18.866688,20.242617
260.5784492492676,55.359657287597656,19.691063,20.921532
252.18850708007812,51.9915189743042,20.395203,21.130526
244.39169025421143,49.46760654449463,20.223204,20.858763
236.99209213256836,48.07747840881348,19.061035,20.682468
231.48573112487793,47.2978572845459,20.865276,20.454792
237.68181800842285,47.02128314971924,18.769947,19.164457
242.29212188720703,47.4918155670166,19.328613,19.960049
248.15593338012695,49.26231288909912,19.973099,19.782915
253.33867359161377,50.1052131652832,19.762938,20.357697
259.8469114303589,54.506598472595215,19.814188,20.261698
265.1536693572998,57.811323165893555,19.799183,20.446415
271.6946716308594,63.58831596374512,20.123184,20.340534
277.38629817962646,69.57861614227295,20.126146,18.833582
280.6767339706421,73.4077262878418,22.221682,21.92176
280.1229763031006,73.52968120574951,22.498173,22.083956
277.92418003082275,70.05228900909424,21.415022,21.265913
271.41112327575684,63.43888854980469,22.028378,21.825562
263.16363048553467,57.27088737487793,21.5432,21.218288
255.85015106201172,52.929683685302734,21.248276,20.89338
247.29261779785156,48.92660140991211,22.349968,21.792885
238.88291454315186,45.90679454803467,22.347338,21.204767
230.4123420715332,44.59307098388672,22.005318,21.080444
223.8138074874878,44.05329895019531,21.754328,21.59179
215.03967571258545,45.04403495788574,20.814692,20.335453
209.01315784454346,46.482876777648926,22.035452,21.031042
214.22482585906982,47.85539531707764,20.096514,20.232195
219.3917999267578,50.13151454925537,20.070465,20.555254
223.76611804962158,53.37146854400635,20.138418,20.022184
228.68373203277588,57.64345455169678,20.211493,20.742174
234.47852897644043,60.14896583557129,21.03999,22.1292
239.78244304656982,66.51171875,22.178377,22.664345
246.30234813690186,75.32837200164795,21.195032,21.260927
251.64519882202148,80.62227439880371,21.107567,22.636036
252.59899806976318,83.18671226501465,20.95083,22.117596
251.13111686706543,82.10653686523438,20.872723,21.286293
245.4238624572754,74.35484981536865,21.298073,21.99727
238.94633197784424,67.24709415435791,21.170248,21.469267
231.22550201416016,60.885592460632324,21.976326,22.138628
223.61567306518555,54.93910884857178,22.029823,22.729624
216.90125179290771,50.05281639099121,21.857447,23.202007
209.16872310638428,46.960554122924805,22.550661,22.649204
203.72663116455078,45.61875343322754,21.509392,22.201702
194.5700445175171,44.563514709472656,23.628862,23.093613
192.1235065460205,43.05538368225098,22.874058,23.125828
198.85264015197754,43.78809356689453,19.831608,22.93708
202.60586643218994,44.476091384887695,20.767797,22.695293
206.76514434814453,46.24658489227295,20.937866,23.049196
211.00867462158203,49.806519508361816,20.542023,22.382483
215.44451141357422,54.71210765838623,20.71743,21.91826
220.82078170776367,59.53512668609619,20.310211,22.227049
225.04157066345215,65.69858169555664,21.33836,22.12825
229.47877025604248,71.18329238891602,23.10792,23.809128
231.63393878936768,73.5335111618042,23.169073,24.075563
231.40567302703857,72.6210126876831,23.42721,23.926073
228.10010051727295,68.01600170135498,23.86072,24.590899
224.03770923614502,62.50887107849121,23.206411,23.815151
217.3353910446167,55.494229316711426,23.790682,23.6509
211.9337854385376,49.746543884277344,23.847906,24.003105
206.8359775543213,46.0016450881958,23.671528,23.870413
200.70449352264404,43.27764892578125,23.223635,23.776329
194.72019577026367,40.408369064331055,23.678932,23.714825
188.75661087036133,40.58932399749756,23.482056,23.289133
183.64137840270996,40.24541187286377,23.909428,23.563772
178.04773998260498,41.419416427612305,23.977457,23.735287
172.73043060302734,43.76224231719971,23.094162,23.895002
167.25260162353516,47.4948205947876,23.570007,23.970938
160.1323299407959,51.75335216522217,25.060299,25.32062
160.74138641357422,56.38822937011719,25.373802,25.366287
166.68502807617188,60.89360523223877,23.479195,24.195845
169.07044506072998,68.02033233642578,23.77656,23.762093
172.18567943572998,75.36198043823242,23.70698,23.092789
174.90428638458252,84.5129976272583,22.966208,21.674849
177.26687622070312,91.54703330993652,23.102974,21.471256
176.73908805847168,91.23392868041992,22.680233,20.871292
172.14180183410645,86.66948509216309,22.548817,21.801365
166.82529640197754,79.51235771179199,22.650272,22.345272
160.07642650604248,75.32966232299805,23.676935,23.70684
153.2860164642334,71.99017524719238,25.120953,23.197796
152.43016910552979,69.24972248077393,24.824514,23.475965
157.58109378814697,68.78219890594482,22.959951,23.55025
160.90662384033203,68.67049598693848,22.7266,24.485943
164.9535083770752,69.56772994995117,23.18964,24.533432
168.0238552093506,72.37837409973145,23.345287,24.388279
172.83684158325195,76.06170463562012,23.511475,23.140163
176.7791805267334,79.73283958435059,23.93272,21.71812
179.6520709991455,81.33740901947021,24.363476,23.773096
181.2897710800171,81.60283660888672,24.287737,24.21408
182.38600826263428,80.54812812805176,23.988,23.775951
181.67861652374268,77.08577537536621,23.199781,21.748722
177.8659143447876,72.70281028747559,23.414755,23.340069
174.57394886016846,68.03325080871582,23.021513,23.457333
170.93875885009766,64.90501976013184,23.23584,23.795528
167.36173248291016,63.627676010131836,22.953773,23.910946
164.3191499710083,63.47793769836426,23.554739,24.10094
166.0517463684082,63.58878040313721,23.722427,23.730688
172.71370315551758,64.39298629760742,23.113739,23.579628
178.26512145996094,65.21934509277344,23.084503,23.695503
185.18452548980713,68.26941871643066,22.008741,21.50356
190.87617206573486,72.63868808746338,20.685781,19.253027
194.27431106567383,75.99470233917236,22.034737,21.30416
195.28614234924316,76.39574432373047,22.211254,22.133965
195.4329710006714,74.86772537231445,22.22272,22.485947
195.19784832000732,71.8669843673706,22.077776,20.938753
194.3721809387207,71.10282039642334,22.223297,22.279161
194.31368923187256,69.98453426361084,21.078074,21.287996
193.2979040145874,70.42760467529297,21.951868,21.58963
191.98078727722168,72.20687675476074,22.579388,22.396076
195.07039165496826,74.64890766143799,23.212152,21.795729
202.64628505706787,76.34763145446777,21.010881,20.64169
208.46166515350342,80.98709392547607,20.16765,19.924059
213.73084449768066,85.72467517852783,20.188915,19.320822
220.04790496826172,89.7858657836914,21.128868,19.591087
224.76497268676758,95.27377891540527,20.603401,18.969173
226.39038372039795,98.7772798538208,20.570238,17.794683
223.83563137054443,95.27554607391357,20.772402,18.901903
219.24454975128174,90.21651268005371,19.868315,17.627674
214.8234453201294,85.99041366577148,20.077383,18.098717
208.6214246749878,80.01169872283936,21.921602,20.14857
214.47457599639893,77.17377853393555,20.528837,20.32154
222.03672695159912,74.80116844177246,19.866625,20.447865
227.88489818572998,73.6355390548706,20.556879,21.43381
234.11562728881836,73.55673027038574,20.72483,20.902546
240.43410968780518,73.9420576095581,21.10282,20.402315
246.725022315979,76.24942874908447,20.996405,19.180166
251.18671989440918,76.50111484527588,20.434757,19.045622
255.43469619750977,76.3258409500122,20.85273,19.858313
257.5030813217163,74.38552379608154,21.734285,21.662592
258.1679277420044,72.0468168258667,21.084387,20.310572
256.57611083984375,67.21944332122803,19.936821,19.37568
253.89995574951172,62.638641357421875,19.574593,19.320381
251.73780632019043,58.74701118469238,21.009335,20.649776
248.46374893188477,55.619078636169434,21.125671,21.075022
246.39505100250244,55.415045738220215,20.655752,20.540049
243.84931564331055,54.830081939697266,19.941475,20.179245
240.41912174224854,55.71833801269531,20.49092,20.35202
240.05867195129395,57.50559997558594,21.075855,20.903595
248.16868591308594,59.00810241699219,18.8535,20.47844
252.43582153320312,61.932311058044434,19.50756,19.939035
259.2959680557251,65.05699157714844,19.352446,20.640945
265.4797658920288,70.84397888183594,19.284365,19.718826
271.55259704589844,77.27768325805664,19.154686,19.10579
276.4295196533203,82.48122882843018,20.291481,20.47753
282.35623264312744,89.57708644866943,21.26888,20.601557
286.675687789917,100.13702964782715,20.596882,16.466534
286.5203857421875,99.8692855834961,19.885414,17.392792
285.1091003417969,96.56252956390381,20.683273,16.947702
281.63300132751465,91.5602159500122,20.05206,16.714865
278.3529100418091,86.86534976959229,19.610952,17.608786
275.8213710784912,83.26734352111816,19.485409,18.055897
272.9826316833496,80.62728309631348,18.486244,18.809261
270.5668992996216,79.96266078948975,17.905676,18.156511
267.87437534332275,80.06537818908691,18.322546,18.069378
274.79566764831543,79.71782684326172,16.861507,18.86338
280.40090560913086,80.12714958190918,17.275436,18.572628
285.425537109375,81.38853645324707,18.501854,19.408642
291.49368476867676,84.39306545257568,18.573612,18.612963
296.69643783569336,87.93247509002686,18.084717,17.79603
303.67429637908936,93.45170211791992,18.3287,15.930748
306.94983196258545,96.47128295898438,17.445673,16.256119
307.80420303344727,96.94828510284424,17.686485,17.334341
305.7090787887573,95.20508480072021,18.103128,17.12205
303.61828327178955,90.52504539489746,17.052206,16.305614
300.41621494293213,84.91327667236328,17.399694,16.744755
295.7310037612915,80.09014797210693,18.274935,17.638319
292.34765815734863,75.95419311523438,16.915241,17.374561
287.7098922729492,71.91483116149902,16.968948,17.61287
284.9481773376465,70.36531352996826,19.043198,18.73094
291.3862018585205,68.82784175872803,18.372189,17.849165
296.70090103149414,68.01829433441162,17.748955,17.778502
302.27005100250244,69.19533443450928,17.514158,17.660612
307.5659513473511,70.52707862854004,17.434649,17.592148
313.6729040145874,72.60136604309082,17.539934,17.380913
318.3422842025757,73.9923152923584,17.645304,18.131844
320.9070415496826,74.8812780380249,17.89207,18.747702
324.02099800109863,74.64001750946045,18.546986,19.34883
324.62220287323,74.06519222259521,18.088274,17.746702
325.37701416015625,72.37931203842163,18.109962,15.804406
325.04210567474365,67.81045293807983,17.709978,15.016713
324.2674083709717,62.671467781066895,17.573528,16.604822
322.97030448913574,59.889015197753906,18.09657,16.756134
321.1514778137207,56.45394706726074,18.266945,17.713642
320.3404493331909,54.9791841506958,18.433191,17.81526
318.9866666793823,53.31932067871094,17.95202,17.854164
319.05225372314453,52.966400146484375,18.147354,18.198402
318.17734146118164,54.63196563720703,17.792625,17.56601
317.0502920150757,55.22530555725098,16.613245,18.702984
316.2268896102905,55.89275550842285,16.703157,18.829296
314.84903717041016,60.68053722381592,17.207695,17.54864
313.91926670074463,64.61362075805664,17.026846,17.243477
313.5113763809204,70.4540901184082,16.588034,16.416588
311.82941722869873,75.49517250061035,16.394182,16.680157
310.3247194290161,77.87913417816162,17.12235,17.668818
309.1970376968384,79.94531631469727,16.5435,16.740585
309.26509284973145,81.21700954437256,16.682468,16.961496
309.4655456542969,82.50259780883789,16.819946,16.636772
309.75103187561035,82.60508918762207,17.050877,17.114025
311.4863977432251,83.84839820861816,16.425917,16.602901
311.92860984802246,84.2356481552124,16.7114,17.046076
313.34786891937256,84.84686851501465,16.373316,17.076878
313.2639923095703,85.48783874511719,16.742332,17.218292
313.66878509521484,84.54818153381348,16.836815,17.303913
312.0122308731079,84.22067546844482,16.97257,17.098528
309.7041816711426,82.35392570495605,16.620148,16.173733
304.59091091156006,81.4392204284668,17.187757,16.096771
301.6091012954712,81.80835437774658,17.034342,16.520582
296.9752779006958,80.74158668518066,18.406725,17.354694
299.5821113586426,81.53105735778809,18.035954,16.884754
303.9006128311157,83.51039791107178,16.84292,16.043398
306.6560583114624,84.87264823913574,16.785025,16.243717
308.4270267486572,86.37316608428955,16.984634,17.016233
308.15356159210205,87.4404354095459,17.257502,16.792667
305.894268989563,87.1081895828247,17.2231,17.48741
302.7828483581543,86.7930555343628,17.293911,16.559557
298.55624866485596,84.68255233764648,17.5002,16.419174
292.9896993637085,84.73150730133057,17.848063,17.163557
290.6995315551758,84.89871597290039,17.330673,17.266136
293.68118381500244,85.56957817077637,16.829199,16.939838
295.7805919647217,86.41849327087402,17.1377,17.15115
298.6705131530762,88.91870594024658,17.42694,17.2031
298.97465801239014,90.2048568725586,17.091227,17.306984
297.40534591674805,89.91290760040283,17.285713,17.36643
294.33890533447266,88.94251823425293,16.727768,16.426495
289.02879524230957,87.82234859466553,18.534603,16.215334
285.22962760925293,87.6688814163208,19.09542,17.494398
285.99239349365234,87.10278987884521,18.945705,17.725718
288.79007148742676,88.15228843688965,18.364449,18.144802
292.55579566955566,89.48065948486328,18.150284,16.801811
294.29908752441406,91.52259540557861,18.189083,17.55924
294.47654724121094,91.42971801757812,17.822048,17.535957
293.456018447876,91.42442607879639,18.35804,17.902567
288.41554832458496,90.98903369903564,18.411636,17.414808
285.585786819458,90.82317543029785,18.369957,16.928654
280.28386402130127,91.47821807861328,19.89448,17.765747
281.72088718414307,91.70035648345947,19.257868,17.35037
286.52348613739014,93.18938159942627,17.637228,16.806364
288.5049648284912,93.89512634277344,18.148422,17.80407
288.70251178741455,95.70934200286865,18.18889,18.074831
287.06313610076904,95.18184757232666,18.292952,18.11926
284.389835357666,95.4728832244873,18.187092,17.183598
279.8189163208008,95.38286113739014,19.775452,17.064829
278.79942893981934,96.44595050811768,19.547497,17.269484
281.65474700927734,95.3266248703003,18.775078,16.996729
284.4281692504883,97.17531681060791,17.788544,16.663588
287.4044895172119,98.05201721191406,17.803219,16.960022
286.942889213562,99.38893795013428,18.21087,17.757349
285.167236328125,99.08302879333496,17.900337,17.592976
282.8193025588989,98.93331050872803,18.012411,17.354273
278.33154010772705,98.56881523132324,18.943357,17.148739
272.7567539215088,99.9393138885498,20.048515,19.348324
273.1027240753174,99.91116428375244,19.486198,19.08412
275.8787250518799,102.12187385559082,18.881744,17.94907
278.5472764968872,103.46128273010254,18.604029,18.61221
280.8807792663574,106.12677478790283,18.648052,18.050703
281.34873390197754,107.79626369476318,18.596931,18.427591
279.7593307495117,108.68529987335205,17.89619,18.04183
278.96384716033936,107.50913715362549,16.209967,17.429487
276.8224296569824,107.41554927825928,15.121693,16.13756
279.3318438529968,108.08745622634888,12.993108,15.085891
280.7226285934448,111.40191650390625,11.120985,15.934181
281.6911516189575,113.57733631134033,12.539961,17.242548
283.2964777946472,111.90071487426758,11.367875,16.14159
284.84473991394043,112.4596757888794,10,15.3524
286.29562759399414,111.529465675354,10,14.404726
288.5197582244873,110.63147163391113,10,14.094509
290.8323459625244,111.02613735198975,10,14.389807
293.818208694458,112.86224412918091,10,13.683139
296.2671675682068,112.04078483581543,10.196843,13.513367
299.86455154418945,113.26700496673584,10,14.808401
303.56500816345215,115.37507152557373,10.642929,13.779257
304.4328670501709,116.61864995956421,11.989506,13.908376
303.0290765762329,114.5693588256836,14.710138,15.570461
280.0940179824829,112.40339374542236,18.446812,16.76732
261.53425693511963,108.83924770355225,16.070498,16.468004
256.1416997909546,106.47560119628906,16.700506,16.339577
253.49072742462158,104.83826160430908,18.296228,17.30174
253.71508884429932,104.74782848358154,19.157015,17.600405
255.44419384002686,104.3869571685791,18.215727,17.71928
257.4336700439453,105.34912204742432,18.490421,18.49098
258.83841037750244,107.0066967010498,18.192682,18.68433
258.6506881713867,107.43468952178955,18.796375,18.892897
256.3459997177124,107.7339391708374,18.552328,18.897058
254.69027519226074,106.77370929718018,17.496468,17.510626
251.49099826812744,104.56658935546875,17.88791,17.376297
246.78404903411865,104.09664630889893,18.363997,17.603758
244.2377758026123,103.35738563537598,19.092606,18.67818
244.48301792144775,102.81669998168945,19.996508,19.606712
245.62932586669922,103.48917198181152,20.38322,20.004696
247.07385730743408,105.72731018066406,19.383432,18.868614
245.96548652648926,106.42521858215332,19.950562,19.46442
243.5746488571167,105.9434986114502,19.299124,17.361057
239.1459846496582,105.55019760131836,18.76823,16.336609
233.933518409729,103.51289749145508,18.996656,16.475838
232.69883346557617,102.5223035812378,17.652733,17.695177
231.7318229675293,102.96581935882568,19.240585,18.185808
235.89663696289062,102.81060791015625,19.97731,19.618324
238.6354579925537,104.81448268890381,19.78339,19.706034
238.47582721710205,106.93595123291016,19.876318,20.186821
239.66811561584473,108.72410678863525,19.197285,19.301489
236.66903400421143,106.74746513366699,19.678236,20.573803
231.86426639556885,103.49721908569336,19.96041,20.154076
229.20660400390625,101.89998245239258,18.372795,18.216354
222.54708099365234,97.1833267211914,19.714996,18.599876
221.13297843933105,95.94976902008057,20.461018,20.569372
221.92901039123535,95.01282024383545,21.809628,20.22021
225.53974533081055,94.8685474395752,19.687332,19.913036
227.26247310638428,95.68107414245605,19.941843,19.59676
226.38012218475342,95.33635997772217,20.255983,20.539515
224.79433250427246,95.5192003250122,20.812794,20.287481
222.6909008026123,95.65507984161377,20.32861,19.477598
218.5397424697876,95.05270576477051,20.695868,17.790684
213.21620845794678,92.5614013671875,21.389421,18.25174
206.86522388458252,90.17145824432373,20.124998,19.23121
199.1440200805664,87.81739044189453,21.809685,21.308731
198.2289695739746,87.66016578674316,21.878456,21.47932
198.9725751876831,87.60358619689941,21.929857,20.92635
202.2586908340454,87.78257656097412,21.298391,20.858057
202.8436632156372,90.3870096206665,21.38796,21.52925
203.71497917175293,91.876145362854,22.732319,22.291388
203.68047332763672,93.53938388824463,22.415657,22.026487
201.7125244140625,92.0899772644043,21.8293,21.305138
198.03687953948975,89.03601360321045,19.843218,19.393587
192.06632614135742,85.21357345581055,20.441795,19.79573
183.387300491333,82.59297752380371,22.588825,20.64452
177.15488719940186,79.84297943115234,23.206919,23.14743
177.1300868988037,79.85929679870605,24.124752,22.449894
180.9771671295166,79.6705904006958,22.672977,22.726812
183.62051677703857,82.22856426239014,21.96319,22.563158
184.4805908203125,84.93324184417725,23.417404,23.376917
186.05283546447754,87.86075210571289,23.032207,23.329338
184.21555519104004,87.57340049743652,22.752544,22.085117
180.57070541381836,84.61655139923096,22.284409,22.87361
173.58766078948975,79.71953964233398,22.250307,21.466171
166.37104988098145,74.87591457366943,21.484447,21.905542
156.14563179016113,71.6472053527832,23.843037,24.216515
155.72064113616943,69.80655002593994,24.18165,24.67594
158.39598083496094,68.79899883270264,23.669823,23.667475
159.8911771774292,68.56637668609619,24.59817,24.298643
161.7044219970703,70.31634330749512,24.438171,23.955791
164.27279949188232,73.12126541137695,24.992388,24.012993
165.2955961227417,74.74611854553223,24.8546,26.157902
164.02410125732422,74.2263011932373,24.43052,26.605328
159.91214084625244,68.86842441558838,24.494032,24.605566
152.60955905914307,63.83184051513672,23.936354,24.693283
144.89694595336914,58.24211883544922,24.2929,25.18798
138.1677951812744,55.38900279998779,24.308231,25.352015
129.74794006347656,53.594736099243164,26.07486,27.56435
132.8489637374878,53.11184120178223,25.312098,25.657589
135.54638957977295,53.92039775848389,25.761003,25.678782
138.49924850463867,54.735191345214844,26.3182,26.035507
140.9286594390869,57.79524040222168,26.286396,25.936878
144.55781078338623,62.43141269683838,25.675142,24.97875
147.60362148284912,68.51293659210205,26.220469,24.259901
151.56289672851562,72.0357894897461,25.95942,23.568092
153.35067462921143,74.65718269348145,26.171347,23.702953
152.3116798400879,73.53173732757568,25.763077,23.55723
148.36455821990967,68.82716464996338,24.87855,23.54376
141.7249631881714,61.56677436828613,24.823427,23.039196
133.17161464691162,55.740827560424805,26.054117,25.090565
126.79141616821289,52.25430107116699,26.027802,25.575054
119.72076034545898,48.68625259399414,26.652931,26.525223
111.69878196716309,47.63232898712158,29.6142,28.340094
119.12638187408447,46.902488708496094,25.350828,26.043236
122.82917404174805,46.19955825805664,25.82711,26.436058
126.79051113128662,47.63154411315918,26.098696,26.920513
131.05972290039062,49.36626625061035,27.059242,27.74229
135.8802604675293,53.143128395080566,26.825829,27.19943
141.29942417144775,58.52564239501953,26.723913,26.654686
144.65211296081543,62.87068176269531,27.00108,27.352486
147.14541721343994,63.070420265197754,27.245375,27.22241
146.37730884552002,60.11909103393555,27.02159,27.94426
143.9157476425171,54.08963108062744,26.48305,27.176863
138.66378784179688,47.415987968444824,26.215462,27.530985
134.84566593170166,41.10010528564453,25.652548,27.831375
129.24479579925537,37.40428638458252,25.722849,27.849127
125.45719623565674,34.64366912841797,25.820097,27.904518
121.45464324951172,33.269405364990234,26.106071,27.474586
117.43827533721924,32.64957237243652,26.427046,27.072178
111.73825645446777,34.20113754272461,28.23244,28.79139
112.6093864440918,35.04425239562988,29.17472,28.646938
120.07551002502441,37.257935523986816,26.003948,26.785284
124.42532539367676,40.897552490234375,25.37952,25.514732
128.5390157699585,44.74517059326172,26.316652,26.234589
133.71598720550537,51.11586380004883,26.909197,26.854729
138.0494842529297,57.98271465301514,26.810417,26.45022
143.81480884552002,67.0772933959961,24.990835,22.695412
146.45864391326904,74.3886947631836,26.495218,26.512589
145.89310359954834,74.74995803833008,27.264711,26.003654
140.59109020233154,70.01899719238281,27.093805,27.414604
134.80309867858887,64.27554416656494,25.614681,25.579596
129.20313262939453,59.217302322387695,26.177368,25.961391
124.99763011932373,56.565847396850586,26.100618,25.519894
118.93647861480713,54.53012275695801,26.036474,25.785175
115.07121181488037,54.25533485412598,27.30073,26.885235
117.78139305114746,53.12924098968506,26.889713,26.479273
124.35400772094727,53.95554256439209,25.05848,25.7642
128.8915252685547,54.960997581481934,25.148003,26.072054
133.46184825897217,57.11498165130615,25.3445,26.26996
137.3391237258911,61.11997699737549,25.363333,25.998137
142.7186279296875,66.78281593322754,25.26815,25.142567
148.57813930511475,73.21173286437988,24.480066,24.701511
151.11616897583008,76.28200626373291,26.549927,25.577085
152.51702785491943,77.36590766906738,27.035318,25.418041
150.12527084350586,72.9700174331665,26.793777,24.482763
145.5403232574463,65.48158931732178,24.497272,24.475855
141.41747093200684,58.55813026428223,25.263348,25.182423
135.84066104888916,52.56402015686035,25.999289,26.248516
131.33767700195312,48.59697914123535,25.955666,26.20821
127.3636064529419,46.552794456481934,25.940512,25.534761
122.74191761016846,46.060054779052734,26.119268,25.714607
119.5541000366211,46.19683647155762,26.82801,26.525814
124.06701183319092,46.49504852294922,25.437487,25.426155
128.62305450439453,46.94838333129883,25.949219,24.977394
133.4786834716797,49.31115436553955,25.91005,25.495604
138.74794578552246,53.33810997009277,25.952236,25.234547
143.3274850845337,58.34686279296875,25.848791,25.325058
149.08223628997803,65.21617412567139,25.342531,24.678324
153.2414846420288,70.99235343933105,25.693865,24.947392
154.46875667572021,73.46825695037842,26.252253,26.949091
154.21194171905518,70.7709493637085,25.860289,25.633753
152.51519298553467,64.640869140625,25.468477,24.439049
148.8849401473999,60.81050777435303,25.418535,25.00358
145.4351453781128,57.74613571166992,25.564081,24.284409
142.81017398834229,55.759520530700684,25.337652,24.19803
140.29251766204834,54.15308666229248,24.797396,25.091318
136.87298488616943,54.04544258117676,25.807184,26.42915
138.27764320373535,54.68513870239258,25.570766,26.214699
145.76666831970215,56.61614513397217,24.657276,24.88685
153.50904083251953,58.43650436401367,23.876976,24.682388
163.04859352111816,62.576659202575684,24.807896,25.053278
168.4813938140869,68.57308864593506,24.329784,23.14705
169.64449501037598,74.22371673583984,24.909954,23.828224
