139.5,90.5,45,59
138.72018894876769,88.95269373154701,45.55962210246465,59.4605313453972
138.5563920989682,88.81588101899884,45.88721580206361,59.73415677049356
138.4872150067595,87.9522457087468,46.025569986481,59.801676022602535
137.61211880391548,85.44807765589522,46.1127254741157,59.82090137414559
136.782331560637,84.6419568237148,46.10754943067197,59.768392508505734
134.9946913688432,80.37915464600317,46.35510114634199,59.974675194135216
134.13950783096954,79.63387030059674,46.394421148291535,59.79419681115024
134.06079513873587,79.4459052897725,46.551846532758866,60.17012683279873
129.76197173295603,80.25106265413552,46.763309769248266,60.23704881908674
129.5729760993775,81.80559696436809,47.14130103640533,60.49138389449115
128.602960592721,82.47256903700168,47.38959184553991,60.84917995340243
125.08574241368048,83.48086963817252,47.619029448647126,60.533828439804196
119.14930980258224,82.63136508568135,47.59080197769797,60.53268144576575
119.13246331532295,81.73812174562048,47.62449495221654,60.6194882147701
119.19454417916654,80.98700174638188,47.50033322452934,60.420172362541464
120.1796001675026,80.85057473041614,47.226709322541396,60.69302639447293
121.14694814448413,86.248039677703,46.988225787394576,60.07537101279649
123.77117306741731,89.73205613801403,46.78844253275648,59.8388935471455
128.929385564445,90.4369079543176,46.528158150259976,60.10521334979816
130.6544214585594,90.42584639048226,46.429804957624754,60.12733647746884
136.6617212989138,88.86424518717357,46.13737415713825,59.90134777545129
140.7358118928942,88.16246578845039,46.321095599577525,59.63852604681761
141.33263981441306,83.0219021302886,46.79279709768993,59.92750931624049
141.3462155842691,83.05570208224228,46.76564555797785,59.85990941233315
141.30489731602097,83.08629516411675,46.84828209447408,59.7987232485842
141.2535682307813,85.48638889687417,46.950940264953445,60.02768135074024
140.95341704532746,86.16202133039184,47.55124263586113,60.357969665502836
142.1731203824963,88.20312428259699,48.504562136165035,61.36485302305493
142.3179223144058,90.09768959152728,49.94221954033074,62.75750620914856
142.48829890093214,89.35230248711547,51.37339427540584,64.24828041797221
142.11006571337765,88.09714422069125,52.12986065051477,66.75859695082065
142.5594446137851,86.98952107012279,53.09981534652255,68.97384325195756
142.87393104498133,80.7612874465432,54.389194610192064,71.83854986880667
142.93584848116282,78.8005454113506,56.24844422605071,73.77694945097025
143.98835574866558,78.27833869303313,58.22940398616319,76.86435003516416
146.97651749653946,83.28194811495592,60.742658819615656,79.59149868511896
149.12351548796588,82.45220697212982,63.06365537400951,83.45597848318673
154.37454527978258,86.88158050477712,66.37240833176654,86.10624186905082
156.93145019968344,89.10588739350544,68.4472159935918,91.24245142709674
154.70930382973003,96.68540320247729,72.89150873349861,93.64211000255979
145.85419731406927,96.32386107668972,77.51431185077567,96.9826762369438
141.0917241170783,95.44271531712322,81.55184818028586,101.4886727883127
138.47838542782063,87.35103712567314,83.90027549832169,106.15902892929508
138.28180945546418,77.45798485649637,84.29342744303462,108.01758975217913
138.7565909154574,74.63550420447993,83.34386452304818,107.61704455016019
138.17843426182785,72.16743647690858,81.49899915111797,106.5508226469243
131.99109426514391,74.63425245897368,79.09949131452919,104.57202824878544
133.09280330052354,78.53842511073005,76.89607324376995,102.53468780202948
126.00458316276806,79.41034077479455,74.16175050520116,100.79085647390046
127.27374094633583,83.23560761304148,71.6234349380656,98.63466066872171
128.41529679419335,85.68255329933143,69.34032324235055,96.41355021451682
129.446577749586,86.6254761459999,67.27776133156527,94.5277045211799
130.32267146928973,88.15169765729905,65.52557389215784,91.47526149858157
132.6241623307859,89.37236187539779,63.386588769506744,89.03393306238411
136.00518249728435,91.02946018168728,61.408174061814265,85.71973644980511
138.11680532706424,91.29757136107989,59.49398182393076,82.87446066934358
141.45286618010982,84.72366396648817,57.29076320121797,80.38111466670281
143.74258170917608,78.29063483778194,54.871756301292365,78.12420381666688
147.69789868257087,78.57332147462225,53.22034199289368,75.47242399685594
156.15756491049478,82.41360749315953,52.45356600542544,71.82999107687631
165.4710321744532,84.83503183604688,51.388022720786424,68.93840808479914
179.8562858850646,89.59115876794962,50.96539512978906,66.98558884238712
186.92199038261344,90.97067050975608,51.6596472718624,66.07977300092057
193.19724794270672,92.72408687042022,52.06392191041722,66.27430878208982
186.79397570972847,94.07536624404236,53.70907407257079,65.43198208547933
179.704939334811,94.26422103497323,54.769391097976026,65.0542725036176
172.42806190756477,93.00500924096534,56.12640814955712,65.68744783407462
168.91789221933544,90.4156027387279,57.39619561916648,67.03255956731662
167.99992526206478,88.62771990936254,59.232129533707806,68.65028688952802
172.36132375159175,86.56572645803308,60.57198488717039,70.76174332568361
177.73985393061048,85.19099701721038,62.215069462506264,73.51120220732903
184.25152778836815,83.66575725417479,64.14071256315964,76.56168173340019
186.29343588904476,77.64569606605221,66.69777500935663,79.74729924624508
194.67897181537373,76.01490219225113,68.35815498005944,83.00888699384726
199.9290724064011,72.97923820823596,69.76265328930947,86.69927506361664
202.525663110428,72.39167781924434,71.95053920949587,90.33475161767996
204.01006473494678,70.0063594384196,74.08487780838766,95.10538837932943
203.0961709981915,71.31443784812912,78.57193295526669,97.80776690664723
201.06903225066566,73.91984952546599,82.62621045031837,100.91744468519283
187.49760965279742,73.79333302431141,86.67416940635518,104.05733846746446
174.50433256518852,74.88358875367996,88.65651969516631,104.8773524945282
162.96021571564071,74.92728119526112,87.38395263074251,104.78996761136588
150.29963615388692,76.76874040436707,85.49580833100785,104.13030512906975
139.74328116385396,77.38924581902359,82.74746956877577,102.88929429975671
129.12510652492665,78.25188977675701,80.63095133459383,101.16400638428988
123.3398785740377,79.51472606500491,77.9096879588687,98.63833380779407
123.23744461086338,78.99385508458136,75.33906709275465,96.90458697617855
117.75276976318075,75.8476981903498,72.77252602090269,95.07536630431133
114.97165450918581,76.00968534388375,70.42245516422929,92.11395820902233
109.53005837460478,76.3653826661597,68.53602922169608,88.84863992213138
103.88688892891963,77.96764974235495,67.45570470549245,85.64410576974089
96.86890397551025,78.04784888349053,67.05109458933627,83.07694415030724
96.00613564283272,77.29809558782821,66.41578014371467,82.21559963065515
92.43825931949473,77.5287890762699,66.53950347615134,81.75421265377179
87.60893306251043,78.56043232757045,66.86911902373387,82.0231853927672
77.78270185450658,83.43417292188118,67.78780074418157,81.64259455192575
69.33867637531927,84.38625261777443,68.22092012884902,82.08913967066886
60.631877633596474,86.16300499923636,69.08254554812098,83.26476978322314
54.48226834636312,87.55647115517309,69.3989140857001,85.27097748610475
53.07647895747794,88.5400849719303,69.77795490181718,88.16882577589689
51.420675708713844,89.52528332135577,70.6064294160839,91.16469304356889
49.071772958271225,87.53946460324062,72.76180628776092,95.1363304797992
45.0223386473579,85.49396323397237,75.58429659286548,99.2273332183357
43.26621720411464,83.44213087307645,79.096539479352,103.33099794012753
42.734693163557,80.22541587503258,83.02611773941877,106.8978977572638
51.01044210067731,78.31046916296121,87.36973950537626,110.72779118140656
56.69643891220853,77.5291682252829,91.56884486216227,115.40461285273287
61.29686495049022,75.61434548716517,95.38405872559849,122.48827481396825
61.13727968338726,75.27426565985611,99.12764564620659,130.01726724139073
67.82376275307062,77.78062643501632,103.75655472720254,135.80567082328795
75.6286510809558,77.31884725034041,106.96769738597246,140.49341305554782
76.81219690889382,81.09618216577616,108.48867982445526,140.714891413394
88.59830837670751,81.16227630525115,108.41397831565035,140.58270313444402
88.75545401491564,80.00148786618074,108.0996870392341,138.99126205877198
91.48135668265805,79.32731379090036,106.53146775642298,136.45602415665903
94.50630243045363,75.01057541006674,104.30088954147683,133.63156107639122
95.76051200102714,74.81276811176363,101.79247040032983,130.2873322055708
97.00784491528233,63.074701217325256,99.29780457181943,128.2281204337254
98.62829731164973,56.54056894771438,96.05689977908462,126.99303744833023
102.21917399812526,48.12091963812969,92.3792873660895,126.31163126772012
105.70771866158726,45.70438689832409,88.83576973210907,124.27755336144418
108.75362482229073,43.48786544653529,86.08844996901824,122.02161114838954
109.8728817117308,35.892993636927585,83.84993619013812,120.88591663978937
110.34912558558392,35.51748683412235,82.89744844243187,118.42595900888335
101.48765693731761,30.0887072339043,81.67190006322254,116.6511944254915
100.30143050441369,31.213718031021315,80.93332294762845,114.40117283125747
91.71403856885314,32.3190668752098,79.71915615998948,112.1904751428805
92.2929364497202,33.49733464725192,78.56136039825539,109.83393959879626
89.54941893160151,34.32360790730003,78.13515782069726,108.18139307870004
88.23165274753036,36.121671643545554,77.8461249991148,107.50983079593374
86.88985932590816,36.30090820492871,77.62008044628735,107.15135767316742
85.38443831039159,39.96876062404584,77.73044200499888,105.6166137795764
83.53610403039184,43.52747135583014,78.54811657126127,104.25718030348197
82.90066015082105,50.05081652409176,79.81900433040286,102.69727946594841
83.39354419247556,53.41184595691179,81.70185765356186,101.71246341324434
83.73817209521589,55.99484570231054,83.89671557567945,102.31469137764333
82.68134041729297,65.32170307472721,86.0103789315253,104.16310077371656
81.40729345639535,65.12781257584054,88.55847285332052,107.54232686830915
81.8464180699412,64.95491157178566,90.76480543234621,110.97271068253627
92.79745539970807,63.87792451425269,91.07360188233339,113.12668479760221
94.74003322595213,62.546894780713764,90.39950701918079,112.57768347534453
102.08899541320135,58.36690014794681,88.46845215978786,111.3625206045493
113.9723993806648,57.42228186327043,86.69408325660247,110.10998016936756
116.05278091552192,56.7003081356431,85.62710758219711,108.46014022931334
118.21903375714783,59.61358733660698,84.34580171267834,105.68478164111863
120.39738883409612,60.897195038826794,82.97697851015248,103.11756623667901
120.99057886898433,64.99560237877904,81.79059844037607,100.77340899789542
122.99473139909517,70.81140878857295,80.6534290328541,97.75520313640668
125.02768644549644,74.6769533846597,79.39387481508307,95.63682569429619
126.51960719327514,85.13704643857255,79.16345347026585,93.99058064165172
127.8103315374635,87.55949867472415,79.30633952230538,91.87001090976482
132.54919838600728,96.48284075699462,80.60410479117728,90.1865751941631
133.1645813690413,98.9009990974042,82.06189727985743,88.03881696809208
139.46087876122314,108.91546263277344,82.86099229425814,86.75825561562382
139.1499351669184,111.1360500311325,83.48287948286767,84.98807380059918
145.7802810994507,109.54716616414873,83.48748464660352,85.51278212880663
144.29037061865407,109.98396795070701,83.80593186244687,84.63917855569008
136.01627923107296,110.91453611388808,84.43808989523501,82.77804222932795
135.29898446173007,110.24835855848369,85.87267943392075,81.47710486636248
130.01065777558063,108.45406128469159,85.90852323001563,82.43049701989565
125.78852464694671,113.59455870254203,86.40018928378572,82.75296912219183
121.69372976161125,117.50621917858597,86.5987556790604,82.9206715455002
128.4564952482852,119.17505203754482,89.08986578758552,82.25244600789465
121.11164837354531,120.54521419856516,90.2907246967685,82.20988865391331
114.50271872230705,129.3613730332371,92.64538473934115,80.87236987442526
117.82184427479575,126.26061084162569,94.20010421944535,81.61191386759367
121.7303761444494,115.73375583220306,94.68379562414525,83.29719521708877
119.63262955760993,113.73001478884629,96.0778729209149,84.50326142689299
114.23492206019833,112.02452054220731,98.34627811714238,85.07191332063906
112.20010513349507,110.10380631426219,99.52932826428982,86.02675807027022
103.11130393979795,107.92963249920552,100.18568094565576,87.45489741604545
106.26566043042601,105.20762907782293,99.7835059065863,89.94563528771732
113.57740247150358,104.5112706983924,100.09430261885619,91.3383520465784
104.89122949432162,109.05510310098143,99.38325452651,91.29238426475541
111.21040154113234,106.88060247999044,98.75327070629021,92.63929543838698
108.7917082513948,115.75967662968267,97.5633139484259,92.96317715102067
125.70395892826673,108.80575548290851,99.74119505464245,91.87002675291879
117.03153475050186,120.89678992054394,102.00172843159329,88.80599884765839
121.61382158983525,128.18748140285453,101.84630218682703,89.2398616062047
131.4672577484809,124.34396104636747,100.18498977127146,90.91171568526694
130.38567804972098,123.01449887196458,99.33963819062811,90.56212905590945
131.28061734013693,121.43412273412474,97.5497596097962,90.73310106429936
137.18855922272684,117.72243160134221,97.59227011612298,92.2272861941111
127.84783903800846,115.76159627571946,98.33979541681799,93.15997100056632
126.41969755316741,114.11725158144064,101.19607838650009,93.4331918511547
132.43885833676148,111.16459868988477,104.47984839871691,93.20966100250446
139.18944233875163,105.81857048598037,106.53845831283346,94.56585065945515
145.5338311589494,94.89346649775175,106.51205494641167,97.42249722495188
148.18301416981993,85.92108752608215,104.42445907583239,99.31340441248216
149.49467328188598,77.45088545633227,101.80114085170027,100.21271913492834
140.51649475956634,66.70697262241481,100.66972163426351,99.4314724970079
131.19875216063767,59.13071020513323,100.39809788797714,98.82807321145131
123.06408092002316,58.99415901350118,97.84306640084415,99.1011755947154
124.27526591338922,55.777446277073935,95.42069641411203,99.33166445751166
117.04325384982769,54.549034082830914,94.55066201845527,98.72167714144175
117.3558676487902,54.85539497177052,93.92543442053028,98.10895536356253
111.94168102905667,55.330311775318805,92.65787083765248,97.15912175646596
112.52714314455328,54.89773303376117,91.48694660665925,98.02427923958123
112.48257783101805,54.96952277865177,91.5760772337297,97.88069974980003
112.26356518676931,55.54380860642358,92.01410252222719,99.7152863621981
111.48173285105091,56.31582659496601,93.57776719366397,101.19000185528736
110.59664297699749,55.09628246744829,95.34794694177083,103.6290901103228
106.15589133982135,63.19851786204514,97.96381395778081,103.08870996698478
106.24994123781524,72.38401402926416,100.94163847435416,100.54733919535231
106.32486977963705,73.3371057338408,103.964834638235,98.64115578619905
112.24928748765105,77.14137742470945,104.8774797912782,97.41335268899736
119.31563083916312,90.08229438629681,103.4853539153606,97.01264042003571
131.00845144538027,98.2971589834534,102.1989742559177,96.36809804928785
144.43203470994098,102.87223474988865,100.36543523671995,96.59805683263872
157.4888834796941,100.52888986008506,99.06490108551091,98.18310118870873
169.34897390970528,95.05898532730217,100.19480016391869,99.80413027736326
182.98813156307753,82.71940525083971,101.26277643926221,102.43617475533081
185.87471320206026,80.3436700869093,101.90530154805425,103.97980088981284
186.81686129454874,78.18129940889925,100.02100536307731,105.06229831531257
188.31343921393824,78.05900501744091,97.02784952429826,105.30688709822927
183.3423008050251,80.30738693431374,94.22729878495807,103.99583015377522
180.01325887475642,82.65896077640893,91.5233537450071,102.41335876974759
179.89406910465098,94.0125425799223,88.70881580484603,101.07661752532454
181.36703726339775,100.94751862162883,85.7628794873525,99.15530541454
182.78183972311703,103.15543400327991,82.93327456791395,97.64966212055022
185.88906338927504,104.09299210850821,79.56029121419512,95.7745459100936
191.57107794360354,93.42148996475532,76.47093808697849,95.05174758042506
194.4706766939849,87.3238592909557,73.36892006280758,93.76111154506523
197.29815006059056,75.30507677887715,70.34103986910091,94.15507771368036
202.7981545230383,55.608327219464755,67.09211478701289,97.37685223273695
203.30706303951607,54.85959797159083,66.07429775405741,98.8743107284848
203.52747299769953,53.23615092398088,65.63347783769045,102.1212048237047
202.90162266014005,52.00426237063069,64.259041625077,104.58498193040508
190.73114507357633,50.918867557401896,64.84059313766468,106.75577155686267
191.0384747684127,49.986878068911636,64.22593374799199,108.61975053384319
190.56643344259334,48.95398113152119,65.17001639963067,110.68554440862408
188.81648058023413,46.63731450238819,65.92383105369647,112.57278659623742
182.24689040458483,46.40748586708409,67.91553863449764,113.03244386684563
178.05919877288454,45.83114529768815,70.63623479522423,114.1851250056375
173.43409241744322,47.22946163275388,74.10584226606825,114.27879495552534
179.96329964469714,46.318395264321865,75.79630323023108,116.10092769238938
182.8814727356806,45.298901954687004,75.97054407029816,118.1399143116591
189.7949906023508,45.73443785626657,74.29859048900816,120.30761304651256
190.33453911150198,47.59602450717888,73.21949347070581,122.67079350267929
190.21670649326512,53.17436798325252,73.45515870717949,123.75496085192205
190.75418294842362,51.30950215087907,72.38020579686254,124.40437941856777
192.41992436650656,49.00525271340906,72.12049929736602,125.94110195683844
193.83438080834588,48.269884645841785,72.38174320977735,127.41183809197298
202.96738030373893,49.12076935125273,72.8139988511099,128.82644445317086
202.31178852154787,50.77291680546588,74.12518241549203,128.6668118005635
197.2685584568411,55.69857476170081,74.71794257047743,128.30919586252176
195.57879807569893,58.024302333363245,74.92815435514414,126.82704969681451
192.50923171594664,61.06522781775844,74.76557193965319,123.8960562955219
185.0201324850858,64.53715781270489,74.22117304646164,120.05671577661165
177.89096219053545,66.38301172667879,73.28885073600563,116.36500794866384
169.4428575447111,69.84834153759843,72.38094333167385,112.40170110948796
164.02243811795142,71.91856559911548,71.65038232369827,108.26125298645387
154.675707603449,75.73043687166489,70.61399029773743,103.45606087777871
153.47994302922334,76.42982794111134,70.27648362566475,99.32824291836177
144.42394907776986,75.78989706893861,69.76058482952905,95.28585132012363
141.96909998612526,73.64803766418659,69.48753514418024,91.79544832667068
133.20465018471518,75.99090649697804,69.27977628563849,87.10971066108777
131.00700991257696,77.48336794457313,68.75741330948384,84.12478776589761
122.46524914979695,84.1743567461946,69.00907742096788,80.36101439926951
120.18433730295028,87.66385392770167,68.86972910627478,78.0831920446418
112.05056319394662,89.8415117464264,68.94570446088565,76.04095824482039
110.85397372355541,90.20941392111004,69.05631248199404,75.30515389545312
108.77063822178539,90.39922375368434,68.67723068430611,74.92553423030452
107.59036553479272,89.608860065822,68.77685043418504,74.24533598192282
102.23197487074351,90.20755813372998,70.48600669580506,73.04793984610687
95.67319337682076,94.45020082958541,72.30213421557958,73.60380282885272
86.66313315246906,95.5680573026203,74.23829563637597,73.66579831534108
73.72280216995416,95.2424188903836,76.82701792370611,74.31707513981448
63.41515705899381,92.25295684060114,78.4011890440579,77.9158593516833
58.53271134816003,89.0800467635094,80.78103195987391,81.79999667058294
