117	68	122	125
109	62	124	124
103	55	123	123
100	47	122	123
100	36	119	126
99	25	117	138
100	20	119	140
107	15	114	119
113	11	117	124
120	6	113	121
128	6	117	117
133	5	116	114
142	9	116	108
149	12	114	106
160	17	111	105
167	24	108	106
174	32	108	106
183	39	104	108
190	47	99	107
196	56	103	107
197	65	102	102
198	68	102	107
198	74	103	110
200	81	102	107
199	85	105	110
195	98	104	99
195	99	102	102
190	104	103	99
188	107	101	101
183	105	104	104
181	113	92	105
180	115	92	98
180	124	90	95
181	112	83	104
183	116	80	98
182	119	79	97
182	120	79	95
184	125	77	91
185	126	84	89
184	128	78	87
184	135	75	90
186	141	69	75
189	139	66	72
189	138	69	73
187	139	71	75
189	142	71	77
189	148	70	77
191	156	73	78
191	166	73	76
193	175	72	75
195	182	74	74
200	190	74	72
206	198	73	70
207	204	72	72
214	210	69	72
220	217	81	70
224	212	90	83
229	213	90	87
236	218	91	89
242	228	90	80
251	223	92	86
258	220	94	94
269	231	90	83
278	226	87	87
289	220	84	87
299	211	86	91
308	199	89	95
311	188	95	92
315	175	101	88
318	137	108	108
321	133	119	97
332	114	75	103
339	83	104	118
343	65	111	121
335	46	116	124
334	39	132	117
340	56	143	83
325	10	175	125
352	0	149	138
341	0	173	140
388	0	134	125
395	0	130	118
392	0	130	117
384	0	129	105
374	0	129	111
365	1	127	117
355	3	127	123
344	2	124	125
334	2	122	131
322	7	119	127
311	10	119	129
300	16	116	130
284	21	115	131
269	29	113	127
258	34	110	123
249	37	109	121
242	40	111	118
233	39	116	115
226	37	118	113
220	40	122	108
216	39	124	102
211	39	124	100
207	39	126	100
202	38	125	102
198	39	126	104
193	41	124	104
189	41	123	107
181	43	123	108
171	47	126	110
162	52	128	108
150	58	132	101
138	71	133	93
124	70	137	112
116	80	134	115
102	88	138	111
93	93	134	117
89	99	125	113
83	106	120	114
67	112	127	117
63	110	122	122
59	100	123	141
64	124	105	122
52	133	114	117
53	147	112	107
57	155	110	97
64	158	104	83
68	142	99	93
74	133	99	93
82	136	96	77
88	113	99	97
99	107	99	93
109	97	99	96
114	84	104	100
123	75	103	103
132	66	103	106
141	58	105	111
150	52	103	116
191	83	58	85
200	97	56	74
203	102	52	74
202	108	55	71
206	119	54	67
209	126	54	66
211	132	53	65
211	139	51	59
210	146	51	55
208	143	51	61
207	140	50	69
206	140	52	79
209	148	52	74
212	147	50	83
213	155	52	78
214	155	51	85
212	161	53	76
213	167	51	73
212	174	54	67
215	183	54	61
217	181	57	66
221	188	56	62
222	186	57	59
221	186	59	59
221	185	59	59
222	185	59	57
225	184	60	58
