146	150	32	73
146	150	33	70
147	150	33	70
146	151	33	70
147	150	33	70
147	150	33	71
147	151	33	71
147	151	33	70
146	151	33	70
146	151	34	70
146	151	34	70
146	152	33	70
147	151	33	70
147	151	33	70
147	151	33	70
148	150	33	71
148	151	33	71
149	150	32	70
147	151	34	70
148	151	33	70
147	151	33	71
148	151	33	70
148	151	33	70
148	151	33	70
148	151	33	70
148	151	34	70
149	151	33	70
150	151	33	70
149	152	33	69
150	151	33	69
150	152	33	70
150	152	33	70
150	152	33	70
149	152	33	70
149	152	33	69
148	152	33	70
148	152	34	71
148	153	34	71
146	153	34	71
146	154	34	70
145	154	34	70
146	153	33	70
145	154	34	70
146	153	34	70
145	153	34	69
145	152	34	70
144	153	34	71
145	152	34	71
144	153	35	70
145	153	34	70
144	154	35	70
143	153	34	71
142	154	35	71
144	153	33	71
143	154	34	70
143	153	34	71
143	153	34	71
143	154	34	71
143	154	34	70
143	153	34	71
142	154	35	71
144	154	33	71
144	154	34	70
144	154	34	71
144	155	35	71
145	154	34	71
146	154	34	71
145	154	35	71
145	154	34	71
145	155	35	70
145	154	35	71
145	155	34	70
145	155	35	70
145	154	34	70
144	154	35	70
145	154	34	71
143	154	35	70
144	154	34	70
145	153	34	71
144	154	35	70
143	154	35	70
145	153	34	71
144	153	34	71
145	153	34	70
145	153	34	70
147	152	34	71
146	152	34	71
147	153	34	71
147	153	34	70
148	153	33	71
147	154	34	70
148	154	34	70
148	153	33	71
148	154	34	71
149	155	33	71
148	155	34	71
149	156	34	71
150	156	34	70
149	156	34	70
150	156	33	70
151	157	33	70
152	157	33	70
152	156	33	70
151	156	34	70
152	156	33	70
151	156	34	70
151	156	33	71
151	156	33	70
151	155	33	70
152	155	34	71
151	156	35	71
152	155	33	71
151	155	34	71
152	155	33	71
152	155	33	71
152	156	34	70
153	155	33	71
154	155	33	70
154	155	33	70
154	155	33	70
154	156	33	70
155	155	33	70
154	155	34	71
154	155	33	70
153	155	33	71
153	156	34	69
154	155	33	70
153	155	34	70
152	154	34	71
153	154	34	71
152	155	34	70
152	155	34	71
152	154	34	70
150	154	35	71
151	153	33	71
152	153	33	71
152	152	34	71
151	152	35	71
152	152	34	71
151	152	34	71
151	152	34	71
151	152	34	71
150	152	35	71
150	152	34	71
151	152	34	71
149	152	35	71
149	152	35	71
148	152	36	71
149	152	35	71
148	152	35	71
148	151	35	71
147	151	35	71
148	152	35	71
147	151	35	71
147	152	35	70
147	152	35	70
146	152	36	70
146	151	35	71
145	151	36	70
145	153	36	69
144	153	36	70
145	152	35	70
144	153	36	70
145	152	35	71
143	153	36	70
143	153	36	70
143	153	36	70
143	154	36	69
143	154	36	69
145	153	35	70
145	152	36	70
144	153	36	70
144	153	36	70
143	153	36	70
143	153	36	69
143	153	36	69
143	152	35	70
144	152	36	70
143	152	36	70
143	152	36	70
142	152	37	70
142	152	36	70
143	152	36	70
143	151	36	70
144	152	35	70
146	152	35	71
147	151	34	71
149	150	33	70
152	150	34	71
153	150	33	70
156	148	34	71
159	148	35	72
160	148	39	71
164	146	36	73
165	146	39	71
168	144	36	73
169	144	38	72
169	143	39	73
170	140	37	75
169	139	39	75
168	138	39	76
166	136	41	77
164	136	40	77
160	136	40	77
157	135	41	78
153	135	37	77
148	136	37	76
143	135	38	77
138	134	39	78
133	133	38	78
127	134	39	78
122	135	41	77
118	132	38	80
116	132	40	81
113	135	40	79
112	134	39	81
110	140	39	76
109	141	37	77
108	142	36	77
106	143	37	78
105	146	40	77
104	144	41	81
105	146	39	80
106	149	41	78
106	150	42	79
107	154	41	76
107	155	40	77
109	156	39	76
111	157	38	75
110	158	40	75
112	158	39	76
113	160	39	74
111	161	41	74
110	161	40	74
110	162	39	74
108	161	40	75
105	162	41	75
105	161	40	75
104	160	41	76
101	160	43	77
99	162	41	76
99	159	39	78
95	159	42	78
94	159	41	78
90	158	41	79
87	154	42	82
84	158	44	78
81	154	45	81
77	154	46	81
73	153	45	81
68	154	47	81
65	152	47	82
63	148	49	85
60	146	48	85
58	140	49	90
56	142	49	89
55	140	48	89
52	134	51	95
50	137	50	90
50	137	50	91
49	133	51	95
49	134	52	94
49	134	51	94
48	133	52	95
49	134	51	94
50	134	52	94
53	134	50	94
55	135	49	93
58	130	55	98
62	133	52	94
67	132	53	95
70	135	51	93
77	132	52	95
82	134	50	94
87	135	49	94
92	127	52	101
97	132	50	96
102	128	50	100
107	130	49	98
110	131	49	97
114	135	48	93
118	136	47	91
121	135	46	92
123	140	48	88
124	139	47	89
130	142	46	86
132	141	45	88
133	142	45	86
139	143	43	86
139	142	42	87
141	144	42	86
142	145	41	85
143	144	41	86
144	147	40	83
146	148	40	82
147	148	39	82
146	149	41	82
147	151	41	81
147	153	41	79
145	155	41	78
145	157	39	78
145	159	40	77
144	160	41	77
143	161	40	77
142	163	40	77
139	164	40	76
138	164	40	77
135	165	40	77
132	166	40	78
129	169	40	75
126	170	39	75
122	169	39	76
120	170	39	75
117	167	40	78
115	163	43	81
112	167	41	75
109	167	41	75
106	168	38	74
102	167	39	77
98	164	39	78
96	167	39	76
93	164	39	79
88	162	41	80
85	163	40	79
81	163	41	78
80	161	41	79
75	161	39	78
73	157	39	81
71	149	49	88
68	148	47	87
66	145	47	89
64	149	43	85
64	141	51	92
63	140	49	91
61	140	45	90
64	137	46	92
63	133	51	94
64	138	44	87
66	128	55	95
67	135	49	88
67	125	59	97
74	128	52	92
73	127	52	92
81	129	44	89
85	124	48	93
89	125	45	91
95	125	44	91
99	124	46	91
106	120	49	94
111	125	43	91
117	128	42	86
123	129	40	86
128	129	40	84
134	129	41	83
141	130	41	82
147	130	41	82
153	130	40	82
159	131	41	82
165	130	41	83
172	130	42	83
179	130	40	82
186	131	40	81
191	130	42	80
197	131	42	81
202	132	41	79
206	133	41	80
209	133	43	80
214	133	42	80
217	135	42	81
220	137	39	81
219	139	44	81
221	141	40	80
223	142	41	80
221	143	41	79
220	145	41	78
218	147	43	78
215	148	42	77
209	147	43	79
204	147	45	81
201	149	41	80
196	150	43	80
188	150	43	82
185	153	40	80
180	156	41	78
175	158	37	76
169	161	37	75
163	161	38	76
158	159	39	79
151	160	41	78
145	160	40	78
140	161	40	78
134	162	37	77
126	162	40	76
119	161	41	77
114	160	40	77
108	158	41	78
103	156	40	77
98	155	40	77
94	152	40	77
89	149	40	77
84	147	41	76
79	140	42	79
78	138	42	78
75	136	42	77
73	130	43	79
75	128	44	76
78	126	42	75
80	123	43	76
85	118	42	76
88	115	43	76
94	111	43	77
101	108	40	77
106	106	40	76
111	104	40	76
117	100	38	76
123	98	38	76
126	93	40	78
130	90	41	76
135	88	41	76
138	88	38	75
142	83	39	76
143	80	40	77
146	77	38	77
148	73	40	78
151	72	40	77
151	66	40	79
152	64	41	79
152	61	41	78
152	59	41	79
151	56	41	79
150	53	40	80
148	49	39	82
145	46	42	84
141	48	41	80
139	48	43	81
137	46	40	83
135	45	40	84
130	46	42	83
129	46	41	86
127	44	44	89
125	44	45	91
121	48	44	90
119	46	48	93
116	49	48	95
113	51	49	96
112	51	52	98
109	56	51	97
108	60	49	97
105	64	49	95
104	68	50	97
103	72	50	96
101	76	49	96
101	81	49	96
98	85	51	98
97	88	51	96
96	94	50	96
98	97	50	96
98	107	39	91
97	113	40	89
97	113	45	93
97	123	43	87
98	129	43	84
99	134	43	82
100	136	42	81
100	139	43	80
102	142	40	78
102	144	41	76
103	147	40	76
104	148	39	76
104	150	41	77
104	153	42	76
105	155	42	76
105	156	42	76
106	157	39	77
107	157	38	77
108	158	37	79
107	158	42	78
108	157	38	81
108	160	37	78
108	160	39	78
108	160	39	78
106	161	41	77
106	161	41	78
107	161	39	80
105	160	42	80
105	159	42	80
107	161	40	79
106	159	42	80
107	159	40	81
105	158	43	81
103	157	43	82
102	158	43	81
102	156	41	82
100	155	44	83
98	153	45	84
99	152	43	83
98	150	43	85
97	148	45	86
97	146	44	87
94	145	47	87
93	144	47	88
91	143	48	88
89	142	50	88
88	139	50	89
88	136	49	91
88	131	52	94
86	129	54	94
85	125	54	96
83	121	56	98
83	121	55	94
84	118	54	95
80	116	62	95
83	114	59	96
85	110	56	97
92	107	52	99
95	103	56	103
100	100	57	105
107	98	54	105
115	93	55	111
122	93	56	114
129	99	53	108
136	98	56	112
144	105	52	107
151	106	53	109
159	110	50	106
166	111	53	104
173	112	52	104
178	115	52	102
180	117	58	103
184	120	52	102
184	122	55	100
187	117	53	107
185	127	54	99
187	127	53	100
187	131	53	96
188	129	54	99
185	136	49	93
184	135	54	95
182	139	49	92
181	141	50	93
177	145	51	90
175	149	48	90
171	151	47	91
168	156	45	87
165	157	44	88
162	162	44	85
159	166	45	83
157	168	43	84
155	169	43	83
154	168	41	83
150	170	43	84
146	171	44	87
144	175	42	84
144	176	42	83
143	176	44	83
142	178	43	81
141	179	42	82
138	178	42	84
133	177	43	83
129	176	42	83
125	175	42	82
122	176	42	82
119	177	41	82
117	181	41	80
116	180	43	79
115	178	41	80
113	178	39	79
112	178	43	79
116	179	38	77
116	177	40	79
119	180	40	77
121	178	38	78
123	178	39	78
125	181	40	76
127	183	40	75
129	185	38	75
130	186	40	75
133	189	39	74
135	189	37	75
139	190	37	74
141	187	37	77
143	184	40	80
148	186	37	78
152	183	37	80
153	179	40	83
157	177	42	84
163	186	37	77
167	185	37	79
171	184	36	77
174	181	36	79
178	180	37	76
180	175	37	79
182	174	41	76
183	169	39	78
183	168	40	78
183	166	40	79
181	167	41	77
181	166	41	76
179	163	41	78
179	162	40	77
179	159	39	79
178	158	39	80
176	158	40	79
175	156	38	80
171	157	40	80
168	159	40	78
163	159	41	80
160	159	40	80
156	159	43	82
154	158	41	82
149	158	44	84
146	159	42	84
143	162	43	83
141	166	42	80
139	166	43	81
139	169	42	81
138	171	44	79
140	173	43	81
140	174	44	81
143	177	41	82
143	179	41	82
147	181	41	80
146	181	44	82
149	184	40	79
150	185	42	79
152	183	40	81
155	185	41	79
155	186	43	79
159	184	38	80
162	187	37	78
164	186	39	78
168	188	36	76
170	188	36	77
173	187	36	76
175	186	36	76
177	187	36	74
181	184	36	77
184	185	36	75
187	184	38	76
190	183	41	76
192	179	41	80
197	179	37	79
197	178	41	78
200	176	40	79
202	174	43	79
204	172	43	82
208	171	42	81
210	169	44	81
216	168	42	78
216	165	45	80
218	162	43	83
220	162	41	84
220	161	42	83
221	160	42	83
222	160	45	82
224	160	43	83
224	159	44	83
225	158	44	83
227	157	44	83
225	154	46	84
229	153	43	86
227	152	46	85
231	149	45	87
230	147	46	88
230	144	47	90
231	141	46	91
231	140	47	93
230	136	49	96
232	140	48	90
229	137	49	93
230	137	48	93
227	136	50	94
223	135	52	95
220	135	54	93
219	136	50	93
215	136	52	90
211	134	55	93
209	129	53	95
205	127	52	95
200	125	53	97
196	121	54	101
194	120	51	100
186	116	55	104
181	115	54	105
178	117	52	104
172	117	53	103
168	120	52	100
164	120	51	99
159	120	49	97
155	120	50	97
151	117	51	100
146	118	51	98
142	118	50	98
137	120	50	97
134	121	48	96
130	121	47	95
127	122	47	92
123	122	47	91
120	122	48	92
120	121	47	92
117	126	54	88
116	121	49	91
114	127	51	88
114	127	49	87
112	127	50	89
113	131	46	85
114	126	49	91
115	130	46	89
115	135	45	86
118	135	44	87
119	141	44	83
120	140	44	85
122	143	43	84
124	143	44	87
127	147	44	84
130	150	42	84
133	152	43	84
137	156	40	82
138	157	42	82
141	160	41	82
144	161	41	82
146	162	41	82
148	163	42	81
150	162	40	80
153	160	41	82
155	160	40	80
158	159	39	80
161	157	38	79
163	153	39	80
164	150	38	79
168	146	37	80
169	141	38	80
171	138	38	79
172	132	40	81
174	128	41	80
174	121	40	81
174	116	44	82
175	113	42	79
175	107	42	80
175	104	45	78
177	97	45	80
176	93	43	78
174	85	44	81
174	80	42	80
172	76	45	79
169	70	45	81
168	68	45	78
166	62	46	81
162	58	45	82
159	56	46	82
155	54	48	83
151	52	47	84
146	51	48	84
142	51	50	86
138	52	49	87
136	54	48	86
132	58	47	83
129	65	46	80
125	64	43	81
120	71	45	78
116	75	43	77
110	70	45	84
106	74	46	85
103	72	48	91
100	70	49	96
98	73	52	98
95	80	53	96
93	84	56	97
92	89	57	98
92	94	56	99
93	98	56	101
93	105	56	101
94	109	55	102
92	116	57	100
95	118	56	104
95	121	58	106
97	130	55	100
100	129	55	105
100	135	56	104
104	132	57	109
106	143	55	101
108	142	55	105
111	150	51	100
114	153	53	102
117	152	55	106
122	164	49	96
126	163	51	100
131	166	49	99
133	168	51	98
138	173	49	95
140	169	52	101
145	178	47	93
149	176	48	94
152	172	47	99
158	180	46	90
164	180	42	88
168	179	41	88
170	176	41	90
175	179	42	85
177	178	41	85
179	174	43	86
180	172	47	86
185	170	42	86
185	167	44	85
186	165	43	84
187	160	43	84
188	158	41	82
188	155	41	83
187	154	41	82
189	150	40	83
187	144	42	86
189	142	41	82
190	137	41	82
189	133	42	83
189	130	43	83
187	126	44	82
186	122	45	82
184	119	43	84
182	115	45	84
178	113	45	84
174	111	46	83
172	110	44	83
169	105	44	87
165	106	45	86
161	104	46	88
158	106	47	88
156	110	47	88
155	114	46	89
153	117	46	94
153	123	45	93
152	129	46	91
152	133	46	90
149	132	50	93
150	129	47	93
149	118	48	100
150	120	46	93
150	109	47	96
148	99	48	101
150	97	47	97
148	95	48	96
145	95	49	95
142	94	50	95
137	94	54	98
135	93	53	103
131	101	52	100
128	96	58	111
128	113	52	102
124	111	56	106
124	114	52	106
124	114	55	107
125	111	58	109
124	116	54	102
125	113	54	102
125	104	56	107
123	103	56	101
123	98	52	100
121	93	57	101
119	87	60	104
118	80	62	111
117	80	58	110
118	74	65	117
117	89	58	105
118	83	63	117
119	98	59	109
119	94	65	121
124	108	58	110
126	109	60	113
129	106	62	120
133	106	61	121
137	113	59	113
141	105	61	118
143	100	60	118
147	94	58	118
148	81	65	123
151	73	65	124
153	65	69	125
153	57	73	127
153	53	69	127
153	49	73	128
152	54	64	122
150	47	77	132
149	59	66	124
146	52	77	136
148	61	66	136
148	66	67	137
149	68	73	141
148	70	72	143
151	75	70	140
151	69	82	146
155	67	79	147
153	61	87	150
156	59	78	147
154	50	92	151
151	48	82	147
154	36	87	156
148	34	88	154
149	31	87	157
146	43	84	149
146	34	87	163
145	43	96	164
145	53	79	164
144	56	100	171
145	68	98	168
146	71	88	170
147	75	87	168
148	73	94	170
148	80	83	159
152	64	99	171
149	58	92	170
151	51	103	170
148	44	90	171
148	35	105	173
145	32	91	171
138	23	106	178
135	26	93	172
131	15	111	185
131	21	100	182
131	36	84	171
127	23	104	191
129	44	94	175
131	31	105	195
133	42	107	189
136	58	87	177
132	42	110	196
137	52	102	189
139	66	93	175
137	50	104	193
145	66	95	175
147	53	108	189
154	62	91	172
159	51	105	183
167	55	94	173
173	46	103	179
183	44	95	175
191	41	97	174
200	39	92	170
208	39	89	168
214	38	89	166
219	40	85	161
225	46	80	158
224	46	87	156
223	54	83	150
219	50	88	156
218	56	85	151
213	63	83	148
209	64	84	149
206	71	81	143
200	76	82	141
193	80	83	141
187	89	80	134
180	86	80	141
173	96	79	134
169	105	68	129
160	97	66	140
155	114	66	125
150	108	64	136
147	121	64	125
143	118	64	133
142	129	61	123
141	136	62	119
141	141	62	117
140	142	65	118
143	148	59	115
144	151	62	113
148	153	59	111
153	156	57	108
154	157	56	109
159	156	55	109
162	156	53	107
164	154	54	107
169	155	49	104
171	150	51	106
174	147	56	106
178	141	53	109
178	144	55	104
179	139	55	104
182	131	53	110
183	131	52	106
182	121	52	111
183	122	50	105
183	120	48	105
179	117	50	104
177	113	53	103
174	108	53	104
170	101	52	108
163	96	55	110
159	93	58	110
155	90	59	111
153	90	56	109
149	90	56	110
147	99	53	100
145	100	55	98
143	101	54	99
142	98	55	103
141	102	54	99
141	103	53	99
143	106	52	98
141	110	52	95
145	113	49	93
144	114	53	92
147	113	49	95
148	117	50	94
152	119	49	92
154	122	46	89
158	123	44	89
162	124	44	88
166	127	42	86
172	128	43	86
175	129	40	85
180	130	42	85
185	129	43	86
190	127	43	86
196	127	42	86
201	127	43	87
207	128	42	87
211	129	44	83
216	129	44	83
222	128	43	83
226	126	44	83
231	128	43	81
233	128	42	82
233	128	42	82
234	128	42	82
236	128	40	82
232	127	44	82
228	125	45	84
228	126	46	83
222	126	46	83
219	127	45	83
216	127	43	82
210	125	45	83
204	125	46	83
198	119	44	89
192	124	43	84
186	122	43	86
180	122	44	87
174	120	43	90
169	125	43	84
163	125	46	86
156	124	48	87
150	124	49	90
144	125	51	89
139	125	50	90
134	126	52	91
129	125	51	93
123	127	50	92
119	130	50	91
115	131	51	92
111	136	48	88
108	139	47	87
105	141	48	86
101	141	49	87
98	143	49	89
99	145	47	88
98	149	47	86
98	149	47	88
98	148	47	90
103	154	46	87
104	156	43	85
107	160	44	82
111	160	40	83
113	162	41	82
118	163	40	82
120	163	45	83
124	163	43	85
129	167	45	80
134	169	43	80
139	167	44	85
145	168	39	85
149	166	40	86
155	167	40	86
157	166	43	86
159	165	46	87
170	169	39	83
173	166	41	85
175	165	41	85
185	171	37	78
190	168	38	80
197	172	38	75
202	166	37	81
209	167	37	79
216	167	37	77
221	166	38	77
227	165	38	75
233	163	41	78
238	161	41	77
243	161	40	76
248	159	40	75
252	159	41	74
256	158	40	75
259	157	40	73
260	154	44	75
263	150	47	77
266	152	41	73
267	149	45	74
269	147	42	75
269	144	43	75
269	143	43	75
269	141	44	76
269	140	43	76
268	139	44	77
265	136	45	78
264	134	43	78
260	133	43	79
257	132	44	80
252	132	45	80
249	129	46	81
245	129	46	82
240	131	47	81
237	129	46	81
233	128	45	83
228	129	45	84
223	130	47	82
220	130	44	84
213	132	48	82
209	131	46	83
204	131	44	83
199	131	43	83
193	128	48	87
188	129	44	86
184	128	44	86
178	131	40	84
172	133	41	82
168	133	42	82
162	132	42	83
158	133	43	83
154	133	43	84
150	136	43	83
145	137	44	83
142	138	43	83
139	138	44	85
136	139	44	85
134	140	47	84
131	143	46	84
129	146	47	83
128	147	46	82
128	149	47	83
127	151	44	83
128	152	44	85
127	154	46	85
126	158	45	81
126	161	46	81
128	163	43	80
130	163	43	81
131	165	46	82
133	165	48	82
135	166	47	81
139	168	44	80
144	168	44	80
147	169	45	79
153	168	45	80
157	168	42	79
161	169	42	78
167	170	39	78
168	169	41	78
173	170	37	76
176	170	36	76
180	171	35	75
182	165	35	80
185	166	35	77
188	166	35	74
191	164	34	75
194	162	34	75
196	160	35	74
198	158	38	73
200	155	37	73
203	150	36	76
204	148	38	75
206	145	37	76
208	142	36	75
208	138	36	75
210	133	37	75
210	129	37	75
210	124	38	76
210	116	38	78
210	113	39	77
210	111	39	74
210	103	39	77
209	98	38	78
207	94	38	78
204	89	40	79
203	87	38	76
201	79	40	79
198	78	37	77
195	74	38	78
189	69	39	80
186	69	38	78
180	67	39	79
175	65	40	80
169	64	41	81
163	66	41	82
156	66	43	83
150	70	44	83
143	74	44	84
138	78	44	83
132	82	44	85
127	88	44	85
122	94	44	85
118	100	45	85
113	105	46	87
110	111	47	87
106	116	48	87
105	123	46	86
99	127	51	88
100	134	47	85
99	138	47	86
99	139	48	90
101	141	46	92
102	147	47	91
103	150	49	92
108	157	49	87
108	157	50	89
115	163	45	84
115	157	48	93
121	167	43	85
121	166	51	88
124	167	49	87
129	169	46	86
130	164	49	93
135	167	49	92
138	165	46	94
142	166	46	95
145	167	45	94
146	166	47	96
149	167	49	97
153	169	50	96
153	167	53	98
154	171	51	96
158	167	54	100
158	178	49	90
159	177	51	92
158	175	51	93
158	174	54	93
158	171	53	96
158	171	58	95
157	171	51	94
157	169	55	94
157	164	56	96
156	160	55	97
156	157	55	98
156	154	53	97
158	148	55	99
158	143	54	101
158	139	53	99
160	132	54	102
159	127	54	102
159	123	54	100
161	116	52	102
162	112	51	102
164	106	51	103
163	104	51	100
164	101	50	99
166	98	48	99
165	95	50	98
166	92	49	98
167	91	48	97
167	90	49	96
165	89	51	96
168	88	47	96
166	89	53	95
168	89	50	94
168	91	49	93
169	92	48	93
168	91	48	95
168	95	48	91
167	97	50	91
168	98	46	91
166	99	49	91
166	99	47	91
164	103	48	88
162	104	50	88
162	107	49	88
162	110	48	87
161	109	49	91
161	109	47	93
158	110	50	93
157	113	49	91
156	116	50	90
156	120	49	89
154	123	49	87
153	127	51	88
153	130	48	85
153	130	48	88
152	133	49	86
152	136	47	86
156	136	43	88
153	138	48	90
155	144	44	84
155	144	45	87
154	149	47	84
157	149	47	86
156	153	49	86
157	155	48	85
158	155	48	86
158	157	48	86
161	155	50	89
162	158	45	87
165	159	46	87
164	161	44	85
164	159	50	86
167	158	45	87
167	159	48	86
169	158	47	87
172	157	46	87
174	153	47	90
179	154	44	89
181	151	45	91
182	149	49	91
187	147	49	91
188	145	50	92
192	144	48	91
196	141	48	91
198	134	51	96
202	134	49	95
206	135	48	92
208	136	49	92
212	136	49	91
214	136	50	91
218	134	50	90
221	134	49	89
225	135	47	89
227	135	50	90
230	134	49	90
231	134	50	91
232	134	53	90
235	133	49	91
238	133	49	91
236	133	51	90
238	134	51	87
237	131	53	88
239	133	52	87
237	134	52	85
236	134	51	86
234	134	53	86
233	135	52	85
229	135	55	85
229	134	50	85
227	135	49	84
224	136	50	83
224	135	49	84
225	136	45	84
223	134	46	85
219	138	47	83
217	138	45	84
212	135	47	89
209	141	46	84
206	141	45	85
201	137	46	89
198	142	44	85
194	143	46	85
190	146	47	82
187	147	43	82
183	148	43	82
180	147	40	83
176	149	42	82
173	148	42	84
170	150	43	82
167	151	44	83
164	151	44	85
162	152	45	84
160	148	48	87
156	150	45	85
153	151	46	84
152	151	45	84
149	150	46	85
146	151	45	85
143	148	47	88
141	148	45	87
140	148	44	87
136	148	46	87
135	145	49	90
133	149	47	87
134	145	47	90
131	148	46	88
130	147	49	89
130	147	46	88
128	146	49	89
127	147	47	89
126	145	49	90
124	146	48	89
123	144	50	91
126	143	49	92
123	144	53	91
128	142	53	91
130	140	55	95
134	140	52	94
136	140	53	93
142	140	50	93
144	139	52	94
150	140	50	94
157	139	48	94
162	133	49	100
168	131	49	102
174	133	47	98
178	136	49	93
184	132	49	95
187	129	52	98
192	126	51	101
198	125	50	100
203	130	49	95
207	131	50	93
211	129	47	94
216	128	53	95
222	127	49	95
227	127	54	94
231	126	56	95
234	126	55	94
237	126	56	97
240	127	59	97
244	126	62	97
245	124	66	99
248	125	64	98
250	125	64	98
250	125	67	99
252	124	64	99
253	124	66	99
253	122	65	100
252	120	65	100
249	119	65	99
246	113	67	102
244	110	68	104
239	110	63	102
235	102	65	107
229	98	65	110
225	91	67	118
219	104	65	106
213	91	63	117
209	102	67	107
201	91	63	118
194	103	68	105
187	92	69	116
181	100	66	108
174	90	70	119
169	91	62	119
162	101	65	109
157	101	65	110
150	94	65	119
144	112	60	100
140	107	64	107
135	101	60	112
130	113	64	103
126	112	60	102
121	110	62	108
117	115	59	102
113	114	66	104
108	119	60	98
104	119	59	99
101	120	59	98
97	119	62	99
99	121	57	98
97	123	56	96
95	122	58	97
98	124	53	97
100	127	53	94
102	128	55	93
106	129	49	94
108	132	49	92
109	132	50	92
114	134	47	91
114	136	50	91
114	137	53	91
115	141	51	90
114	144	52	89
113	146	52	89
112	149	48	89
109	150	55	89
106	152	51	87
102	153	58	87
100	154	54	87
98	154	49	89
95	155	58	87
95	152	49	89
91	155	55	86
94	157	48	84
94	158	49	84
97	158	48	85
95	159	51	83
102	159	48	84
102	159	51	85
108	160	47	85
112	161	49	86
117	162	46	86
122	164	48	86
129	167	45	84
132	169	47	84
138	167	48	87
145	171	45	83
150	169	49	86
156	171	43	84
161	169	46	86
167	172	46	85
174	173	43	83
179	170	43	86
186	173	40	82
191	173	39	80
196	169	40	82
201	169	40	80
206	168	39	80
210	165	43	82
216	162	41	81
220	161	43	81
224	157	45	80
229	155	43	80
233	153	43	80
237	152	44	79
242	147	44	80
242	143	47	82
242	139	50	84
245	136	50	84
244	135	49	82
244	133	50	83
243	131	49	83
243	127	46	84
241	124	45	85
237	123	46	85
234	122	47	83
231	118	47	84
228	116	47	86
223	115	47	87
219	113	47	90
214	114	48	87
209	116	47	89
203	116	46	89
197	117	48	89
191	121	44	88
185	121	45	88
180	125	44	86
177	127	46	88
174	132	44	85
171	134	44	86
168	138	44	85
166	141	46	87
168	144	45	87
166	148	46	87
171	151	43	86
170	154	44	87
172	159	44	85
175	162	42	84
179	166	43	84
182	166	43	85
186	167	42	86
188	169	45	87
191	170	44	87
193	169	45	86
197	169	44	87
196	167	47	87
197	165	45	87
200	163	44	86
199	160	44	85
200	156	42	85
201	149	43	88
200	143	44	89
200	139	43	88
200	134	45	89
199	127	44	91
198	124	45	90
198	117	46	92
197	115	47	89
196	107	48	93
195	102	48	95
193	99	48	92
191	93	49	96
190	90	48	95
187	85	48	98
184	83	51	97
180	78	50	99
175	77	49	98
168	72	50	101
162	70	52	101
157	70	52	102
152	65	52	105
146	66	53	104
139	62	54	108
132	56	59	115
125	56	58	115
115	57	61	116
109	58	63	116
102	56	68	121
95	56	66	123
90	54	74	127
86	57	65	126
79	57	69	129
73	60	69	128
66	59	79	133
62	74	70	120
62	65	72	139
57	76	67	126
57	69	74	136
56	78	69	135
56	87	60	127
57	85	70	131
58	90	68	131
62	90	71	134
69	105	66	122
72	107	66	124
81	116	62	118
93	111	69	126
99	127	62	113
109	119	71	124
117	132	65	113
129	131	64	117
139	131	68	117
149	142	61	109
161	143	56	108
170	144	53	107
180	147	55	106
189	148	55	106
198	147	56	107
208	148	56	108
215	148	57	108
224	153	57	103
230	153	56	103
233	154	55	101
234	154	54	101
235	155	54	98
232	155	55	98
231	154	54	98
226	155	54	96
223	152	54	98
218	153	56	97
212	152	55	96
206	151	55	97
200	148	56	99
193	152	51	94
188	151	48	93
182	151	46	92
174	154	46	89
168	154	45	88
161	151	46	92
155	152	47	91
151	154	47	89
147	155	50	90
144	158	47	90
142	162	44	89
140	166	44	90
140	167	47	92
140	172	45	91
142	177	43	89
145	183	44	88
148	182	45	91
152	187	45	90
156	189	46	91
162	194	46	89
167	195	45	91
176	206	40	82
181	203	42	85
184	200	45	88
191	201	43	86
198	200	42	85
205	201	43	82
210	196	42	85
214	189	46	89
219	189	46	89
225	190	44	86
230	189	46	82
234	183	44	83
238	180	41	86
241	177	42	85
243	172	42	89
243	167	44	92
244	165	43	90
243	161	46	88
242	159	47	86
243	156	45	86
243	151	47	88
242	148	47	87
242	146	46	86
242	137	47	91
239	135	51	90
240	135	48	91
240	131	48	90
238	128	49	89
236	123	49	92
234	122	48	89
230	117	51	91
227	115	50	91
224	105	50	98
218	99	55	102
214	99	55	101
208	95	58	104
204	95	58	101
201	95	54	100
195	91	56	103
190	89	56	105
186	91	53	101
183	96	51	96
179	97	49	96
174	97	51	96
169	98	53	96
167	99	51	97
163	102	50	96
160	105	49	95
157	109	51	94
154	112	51	95
151	115	51	94
149	118	53	96
153	123	49	95
150	128	51	92
150	131	49	93
151	133	48	94
148	139	50	91
148	141	49	89
147	145	50	89
148	146	47	89
150	149	46	88
150	148	49	90
149	153	47	87
150	154	46	88
151	157	46	88
151	161	45	86
152	166	43	84
155	169	42	85
154	172	44	84
158	172	43	90
160	180	46	85
164	185	44	86
167	189	45	84
172	191	44	84
176	192	44	83
179	194	44	83
185	197	44	81
190	195	43	81
193	192	48	83
198	191	46	82
200	188	46	82
203	185	45	81
204	175	47	86
206	172	46	82
206	158	46	88
206	154	41	87
204	144	44	89
202	142	42	83
198	133	45	87
196	130	42	83
191	124	42	84
186	117	42	87
181	114	43	85
174	112	44	85
168	110	46	84
162	107	44	85
155	106	44	85
148	100	45	91
139	102	51	90
131	103	50	92
124	108	47	89
118	112	47	87
112	115	45	87
106	116	47	89
100	121	48	87
96	121	47	90
91	120	52	95
91	125	49	92
90	127	48	93
90	128	47	95
91	131	47	94
91	133	46	94
92	137	46	92
95	139	45	92
96	140	48	92
99	141	46	92
103	143	44	92
107	145	48	92
112	150	46	89
118	153	47	86
124	154	43	85
128	153	44	87
132	152	46	88
136	151	47	91
141	151	44	90
148	157	42	83
154	160	42	82
160	160	42	83
167	162	41	82
173	164	40	80
180	167	40	79
186	170	40	80
192	167	41	82
198	166	41	82
204	165	41	83
208	160	44	87
212	155	47	91
220	165	42	84
225	157	41	89
227	161	41	84
230	159	43	84
232	158	45	86
236	158	44	83
236	156	44	84
237	154	44	84
240	154	41	83
241	152	41	85
242	151	43	86
241	149	44	86
241	150	44	85
242	146	43	87
239	147	45	86
238	145	45	87
237	142	46	87
235	139	47	89
233	138	51	90
233	135	50	92
230	134	53	92
233	134	50	93
228	134	54	93
226	134	54	92
226	134	53	91
224	131	55	92
222	132	51	90
218	131	55	92
216	130	51	93
211	125	53	98
208	122	54	100
203	123	57	100
198	119	58	104
194	112	59	110
190	107	58	115
186	118	55	104
183	110	55	112
178	110	57	113
173	110	55	112
169	111	54	111
164	117	55	106
160	113	55	111
155	115	54	110
151	116	54	108
148	123	54	103
144	123	54	104
141	124	54	105
138	127	51	101
135	129	51	100
134	128	54	101
132	135	52	96
130	133	53	99
126	134	54	99
124	135	55	100
122	139	54	100
123	141	51	101
123	146	50	98
125	149	51	98
125	155	48	96
127	161	49	95
129	166	47	93
133	169	47	92
134	173	48	92
138	176	48	90
141	177	48	91
146	178	47	91
150	176	48	92
154	177	48	90
157	178	46	87
162	180	44	85
167	180	42	83
173	174	41	86
177	171	41	86
182	166	40	86
184	162	43	86
190	159	41	84
191	154	43	85
195	151	41	84
195	145	43	86
197	143	40	84
197	137	42	87
195	131	43	89
195	130	44	86
193	129	43	85
191	125	45	87
189	123	46	86
186	119	45	88
182	117	45	89
177	117	44	89
171	119	43	88
165	119	43	88
155	120	46	88
148	118	44	89
140	120	47	89
131	119	50	92
123	112	48	100
113	117	51	95
108	114	50	99
100	117	51	97
93	116	51	96
87	115	51	98
81	111	54	100
77	112	51	100
71	110	55	101
68	107	54	102
66	106	52	102
64	105	56	103
64	102	53	104
67	96	55	109
69	97	57	107
73	94	57	110
79	92	58	111
84	89	60	114
90	86	70	116
94	94	58	108
103	92	61	111
113	86	66	118
125	97	60	108
134	91	63	117
143	93	62	116
152	92	66	118
164	96	64	118
173	95	66	121
181	101	65	117
189	102	61	119
193	107	61	117
196	116	58	111
194	115	64	117
195	123	58	112
192	122	60	118
187	121	61	122
185	128	59	117
179	126	62	121
173	121	65	127
169	123	63	125
163	123	62	126
158	125	62	123
152	120	63	126
145	117	64	129
140	114	64	131
135	110	66	133
130	105	70	136
124	99	72	139
123	94	70	140
120	88	75	144
120	84	72	145
118	78	74	148
118	72	78	150
117	69	76	151
115	61	85	156
114	63	74	152
116	57	82	157
116	55	75	157
116	57	77	152
116	56	79	150
119	46	81	160
121	36	87	168
126	37	84	164
129	30	91	170
131	35	84	165
138	27	93	172
142	39	88	160
147	30	98	169
153	36	95	164
159	37	93	164
164	39	91	163
171	38	96	166
178	44	93	161
184	43	95	163
191	48	92	160
199	50	92	160
206	57	84	155
214	69	77	147
214	64	85	154
222	83	71	137
218	73	82	152
223	84	73	142
217	80	83	148
217	85	81	145
213	89	79	141
210	97	74	137
203	96	75	140
196	100	76	140
189	111	73	129
182	103	73	138
177	121	67	120
171	117	66	125
163	114	66	130
154	111	65	134
148	112	65	133
143	115	62	131
135	115	64	130
129	117	61	129
123	117	62	129
117	120	65	125
112	125	63	120
108	129	62	115
105	131	60	113
102	125	69	118
100	133	58	109
99	125	68	117
97	133	59	108
100	124	66	116
98	134	59	106
105	127	59	113
105	127	64	112
108	135	58	106
114	129	57	111
115	133	58	108
122	133	55	107
127	131	56	108
132	129	57	110
138	131	55	107
145	134	55	104
151	131	53	106
157	131	52	104
163	135	51	99
168	132	47	101
173	129	49	103
177	124	53	106
183	125	54	104
189	125	53	103
195	123	52	103
200	122	51	103
203	123	52	100
207	125	51	96
207	126	52	97
209	125	52	94
210	124	52	94
208	123	56	93
210	121	53	94
210	119	54	95
210	115	54	97
208	110	54	101
208	114	52	97
207	110	52	96
202	110	53	96
201	108	49	95
196	108	52	95
192	108	50	94
188	106	51	94
184	105	50	94
180	104	47	94
175	102	45	95
169	104	47	93
163	104	47	94
157	105	47	95
151	104	46	94
145	104	47	95
139	106	48	95
134	110	49	92
129	107	51	95
123	108	50	96
119	108	49	98
115	111	48	97
110	114	49	95
105	117	50	94
102	119	49	94
98	120	51	95
94	123	52	93
93	123	51	96
92	121	51	100
91	127	52	96
91	130	52	96
93	129	50	99
94	136	50	94
97	136	48	95
101	140	48	93
103	138	51	97
109	146	45	91
112	147	47	89
118	147	48	92
122	149	46	90
125	144	49	96
130	147	48	93
134	146	47	94
138	143	51	96
145	143	49	95
153	149	45	90
159	150	46	89
166	148	46	90
172	145	45	92
179	148	40	89
185	150	41	85
189	145	43	90
195	143	45	91
199	141	44	93
205	138	46	94
212	143	47	88
218	142	45	89
224	143	44	89
228	142	45	88
232	142	46	88
237	141	45	87
241	139	43	88
240	139	47	88
244	132	46	95
246	134	45	91
244	134	49	87
244	133	48	87
244	131	47	86
242	126	48	89
240	123	50	90
239	120	48	91
235	117	50	93
232	116	50	91
227	113	51	94
224	109	49	96
218	109	53	94
212	102	55	101
209	106	51	97
203	104	50	96
197	106	51	94
190	105	52	95
184	106	49	92
180	105	47	92
174	106	47	92
167	107	48	92
162	108	47	91
156	107	46	93
150	110	47	92
144	111	48	92
139	113	48	92
135	113	51	95
130	117	49	92
126	119	50	92
122	122	50	91
119	123	50	94
116	128	51	90
116	131	49	88
116	132	49	89
116	135	47	88
118	135	48	88
118	139	48	87
123	139	45	88
124	137	46	92
127	140	46	89
128	138	47	93
131	142	47	89
135	145	44	85
136	142	43	88
141	144	42	85
142	143	43	85
146	138	42	88
151	137	41	87
154	132	43	90
157	130	46	92
162	129	46	90
168	127	43	89
174	124	41	88
180	122	40	85
183	120	39	82
187	115	41	84
192	111	41	83
196	107	42	84
201	95	43	90
206	98	41	83
205	91	45	86
211	84	44	87
214	79	42	88
217	77	45	85
215	69	49	86
221	64	44	87
220	59	46	86
221	53	45	88
221	47	46	89
219	44	48	87
216	36	48	91
214	37	49	85
212	35	50	85
209	35	50	85
205	33	49	86
201	33	49	87
196	35	50	86
190	34	51	90
184	36	50	92
178	37	50	94
172	44	50	92
165	46	51	94
157	48	54	96
152	55	52	94
143	54	54	100
142	69	48	90
133	66	54	98
129	72	54	96
125	76	52	96
121	82	50	95
116	86	50	96
111	91	50	97
106	98	53	96
100	102	55	97
95	109	57	95
94	113	54	98
91	118	53	99
89	120	52	103
87	126	54	104
86	132	49	101
85	136	47	102
85	139	49	103
85	145	49	102
87	152	48	98
91	155	50	98
95	158	46	97
100	160	49	96
103	161	52	97
108	164	47	97
113	168	50	92
119	171	48	89
124	172	45	88
127	170	47	89
132	171	49	89
137	170	46	88
141	166	46	93
146	167	45	90
150	163	43	94
151	162	47	93
157	163	47	91
162	162	46	90
167	161	46	89
172	159	43	91
176	157	42	90
180	159	40	87
182	160	42	84
183	159	44	84
187	156	43	87
186	155	47	85
186	152	49	86
189	150	47	87
189	148	49	88
188	146	51	88
188	143	47	89
186	141	45	90
183	139	44	91
179	139	43	90
175	136	43	91
170	136	45	89
165	135	46	90
159	134	45	89
154	130	44	92
148	130	46	93
142	125	48	98
134	121	57	101
127	128	49	95
123	122	53	102
117	127	50	98
113	126	52	100
108	130	46	96
106	125	51	102
100	134	45	93
98	131	48	97
95	125	55	105
90	127	55	103
86	131	54	101
83	133	54	100
81	138	50	95
78	137	52	98
75	144	50	93
74	143	49	96
72	145	49	95
70	146	50	96
70	143	52	99
68	154	50	91
71	154	48	92
71	152	49	96
72	155	48	93
74	158	47	89
76	159	47	89
79	158	48	92
83	161	47	89
86	159	47	92
90	160	45	92
96	164	47	89
102	164	47	90
108	165	47	88
114	163	47	90
119	166	47	88
126	168	45	84
130	161	48	90
137	164	46	87
143	165	46	85
151	167	43	83
156	164	43	86
163	165	43	85
170	166	43	83
177	168	42	82
183	168	42	83
190	170	40	82
195	170	41	81
203	170	40	83
207	165	41	87
210	163	44	89
214	160	46	91
220	160	47	91
227	160	45	90
231	162	45	85
237	160	44	85
242	158	46	84
248	155	45	84
252	152	46	86
257	150	47	85
261	146	45	87
264	142	46	86
268	139	46	86
266	138	49	86
268	133	50	87
272	133	45	85
274	129	43	87
275	128	41	87
271	124	47	88
267	122	50	87
264	121	50	87
263	119	49	87
259	118	50	86
256	115	49	87
250	114	52	88
246	111	54	89
243	109	53	90
238	107	53	92
232	107	52	91
227	105	51	92
222	102	50	94
217	105	51	92
211	104	49	93
204	105	47	94
195	105	50	96
187	110	47	93
180	112	46	92
171	115	45	91
161	117	46	93
154	120	47	92
146	123	46	93
139	126	48	92
131	130	49	91
125	132	49	92
120	136	51	92
115	139	49	93
111	143	50	93
109	148	50	92
107	152	49	92
108	156	48	91
110	158	48	92
113	160	49	92
118	165	47	90
123	168	47	87
129	170	46	89
136	172	47	88
143	168	49	93
152	170	48	89
160	169	48	89
166	168	48	89
178	169	43	85
187	168	42	85
198	166	42	85
208	161	41	86
217	160	45	86
228	155	44	88
236	154	48	85
248	151	44	86
256	148	46	88
264	146	48	88
272	143	48	89
279	143	50	89
288	139	50	92
296	138	49	91
304	134	46	94
311	134	49	95
318	130	49	100
324	127	51	101
330	126	52	102
338	125	51	102
344	124	52	103
348	127	47	101
354	130	44	97
356	129	41	97
356	127	42	98
355	127	42	97
356	125	43	99
356	125	42	99
353	123	44	100
352	123	45	99
345	118	52	105
339	117	57	106
333	115	60	108
327	116	60	107
321	115	61	108
314	116	62	107
307	124	59	101
299	121	60	103
292	126	54	98
282	123	60	103
274	130	57	96
265	129	56	97
254	133	57	96
247	133	55	94
238	132	56	96
230	133	56	96
220	133	56	97
213	131	54	100
205	133	52	98
197	134	51	98
191	135	50	98
184	134	51	100
179	133	48	102
172	136	49	98
166	141	50	95
160	144	49	93
155	145	50	94
149	148	50	93
145	150	50	94
141	153	51	94
135	157	54	93
133	164	52	90
130	166	53	94
128	172	51	93
126	178	50	91
127	182	51	84
128	176	63	103
129	194	52	90
133	197	52	93
136	189	65	101
139	191	62	103
146	195	58	100
151	196	62	101
158	207	55	90
165	200	52	98
172	209	53	88
180	200	51	97
186	199	56	97
195	198	57	98
204	199	60	96
214	206	52	88
222	204	52	88
228	200	52	90
234	198	53	89
241	195	54	89
246	192	56	91
250	189	53	91
252	185	52	92
255	183	51	92
255	178	52	91
257	176	49	91
255	174	51	91
253	170	52	94
249	165	54	96
247	161	53	99
243	158	57	99
238	154	58	99
232	151	57	98
228	148	58	99
224	148	52	96
217	143	54	99
210	136	56	104
204	139	53	101
198	140	53	99
193	140	49	99
186	138	49	100
180	136	51	102
174	135	48	104
167	131	49	107
159	136	51	102
153	133	50	107
146	139	51	102
140	136	52	106
136	140	51	103
132	140	54	105
129	143	52	101
125	143	53	103
122	146	52	100
119	146	52	99
117	147	53	98
115	149	54	97
113	148	55	98
111	149	56	97
110	150	57	97
109	151	59	97
110	151	58	96
109	152	55	97
113	151	53	96
112	153	55	96
117	154	52	95
118	154	53	95
117	153	55	95
123	153	51	93
122	153	57	93
125	153	53	93
128	151	56	93
130	150	52	94
134	149	51	94
134	147	52	96
138	147	51	96
139	148	51	94
145	146	51	95
145	141	55	100
151	145	51	96
153	146	51	94
159	146	49	95
163	147	51	93
167	148	48	93
170	148	50	93
176	147	46	96
179	141	49	101
181	142	48	101
186	147	48	97
190	148	48	96
193	150	49	95
196	150	50	95
198	150	51	96
200	148	50	95
203	148	48	95
203	148	48	95
204	148	48	95
202	147	51	95
203	145	49	96
201	146	49	94
199	144	49	94
197	147	50	92
196	145	49	93
195	144	48	94
192	143	49	94
188	143	48	94
185	142	46	93
182	143	45	92
179	140	45	94
175	141	47	92
172	141	46	91
168	140	48	93
163	139	48	93
160	137	49	94
155	130	56	101
151	134	56	98
149	136	50	96
147	138	51	93
146	133	50	97
142	131	51	97
141	136	49	92
139	139	49	90
138	136	45	90
136	136	48	91
136	135	46	91
133	134	48	91
132	133	50	91
132	132	50	92
131	132	50	91
130	132	52	91
131	133	51	91
132	131	49	92
132	132	49	91
132	132	51	92
133	131	51	92
132	131	52	92
134	129	50	92
137	131	50	91
138	131	47	91
138	131	50	91
141	130	48	92
142	129	50	92
144	129	48	92
146	128	47	92
146	128	50	93
150	129	47	92
152	128	46	93
154	129	46	92
155	128	48	94
157	130	47	91
160	131	48	91
162	131	48	91
164	131	48	91
167	131	46	92
168	132	49	91
172	132	45	91
173	134	48	89
173	130	49	94
176	130	49	94
177	136	47	88
180	129	46	97
181	132	45	92
181	129	48	97
183	134	46	91
184	132	48	94
182	130	47	98
183	138	48	90
184	136	48	92
184	135	48	94
184	133	48	95
183	136	46	92
184	135	48	92
183	135	47	92
182	135	47	92
181	131	48	95
181	133	47	92
184	132	46	93
183	131	46	91
184	130	45	92
184	130	45	91
184	130	43	90
183	129	44	90
183	129	44	90
181	127	44	90
180	127	44	89
179	125	45	90
178	125	45	89
175	126	47	89
174	125	46	91
174	125	46	90
170	124	49	91
170	124	47	91
168	124	48	91
165	125	50	90
164	125	49	92
162	125	50	92
161	124	47	92
157	121	52	96
156	124	51	93
154	125	51	92
154	124	49	93
153	123	48	92
152	122	47	93
150	118	49	95
149	118	48	92
147	116	49	91
145	114	50	92
141	111	50	93
139	109	49	94
136	107	53	96
132	105	52	96
129	104	55	97
126	105	54	96
123	104	55	95
122	106	55	95
120	107	54	94
118	107	56	95
119	110	55	95
119	113	55	94
122	116	52	94
122	116	55	96
126	117	52	98
126	120	54	97
132	121	50	98
137	122	52	98
137	126	52	95
142	125	49	96
146	125	49	97
147	127	51	95
153	129	45	93
157	129	47	95
158	132	48	92
163	133	46	92
165	135	48	92
169	133	46	95
171	138	46	90
172	137	50	92
170	138	53	94
175	140	48	93
175	142	49	91
175	140	47	95
174	142	49	94
173	142	50	94
172	144	51	93
172	146	51	92
171	145	52	93
170	144	50	93
170	143	52	94
168	143	49	93
168	142	51	94
167	142	47	93
166	140	49	94
164	139	48	94
164	139	50	93
163	137	49	94
161	139	50	91
162	136	48	93
161	136	49	92
161	135	49	92
160	135	49	91
159	133	48	92
158	134	48	90
157	132	46	91
155	133	47	90
154	132	48	90
153	131	48	90
151	130	47	92
150	131	48	91
149	129	49	91
147	130	49	92
147	129	49	91
146	128	51	92
145	128	50	92
146	127	49	92
144	126	50	91
144	125	50	94
144	125	50	92
145	124	49	94
145	123	49	92
146	122	50	94
146	120	51	93
148	118	50	95
148	118	51	93
149	116	49	93
149	115	49	92
149	114	48	92
148	113	49	92
147	111	51	92
148	112	48	92
147	110	51	93
148	111	49	93
147	110	52	93
148	110	49	94
148	111	52	94
147	113	53	94
150	112	51	95
148	113	55	97
150	113	53	98
151	117	53	96
152	117	52	97
155	117	53	98
156	123	52	95
158	123	52	97
162	125	52	96
164	127	53	98
170	128	50	100
171	132	51	97
175	132	49	98
176	138	50	95
180	139	47	95
181	142	49	93
187	141	45	94
187	142	47	94
191	142	44	94
192	142	47	94
193	143	45	93
193	144	47	93
193	143	46	93
192	145	45	92
191	145	44	92
189	146	45	92
187	147	45	91
184	146	46	92
180	150	47	89
175	150	48	90
170	149	48	91
165	150	49	90
160	149	61	93
157	152	54	91
150	154	54	90
145	151	53	94
140	148	53	97
136	146	56	100
131	155	56	92
126	153	54	94
120	155	53	92
115	156	55	92
110	155	55	94
106	154	54	95
102	152	52	96
98	151	53	98
95	153	53	94
92	152	53	94
89	147	52	99
86	148	54	97
85	143	54	101
83	146	52	98
85	140	51	103
83	140	56	102
85	138	52	103
86	139	54	101
88	141	51	98
90	137	54	100
91	137	55	96
95	137	55	92
98	140	56	87
101	139	57	85
105	138	56	85
109	140	54	96
115	140	53	91
117	138	55	90
124	133	54	95
127	136	58	93
135	136	55	83
138	133	60	96
143	129	67	85
149	128	62	87
157	129	57	89
161	132	56	83
166	131	55	79
170	129	58	81
175	127	54	85
178	125	52	82
180	124	54	95
184	122	51	94
185	121	53	90
186	117	56	84
184	115	59	90
185	110	56	91
182	116	61	90
182	109	57	93
177	112	61	101
173	106	61	100
170	116	59	98
166	110	59	97
160	120	62	98
154	117	59	101
150	116	55	100
144	120	57	102
140	114	68	106
134	121	71	101
130	125	67	98
126	123	65	94
120	129	66	99
115	127	66	95
112	130	71	93
109	132	67	94
107	134	64	89
105	134	65	95
102	136	61	89
99	137	60	97
95	140	65	84
96	141	61	86
95	140	66	83
94	138	63	86
95	141	65	83
97	144	60	80
99	137	63	90
102	143	56	79
106	136	57	85
112	140	54	79
113	141	58	76
119	137	57	78
120	132	64	81
128	132	59	82
131	125	63	76
138	121	58	84
142	120	60	80
148	116	58	78
152	113	59	77
159	108	58	77
167	105	56	78
168	102	62	84
175	98	58	77
184	100	53	74
192	95	51	78
198	87	54	82
199	83	61	86
203	77	61	87
205	73	62	87
208	71	64	88
209	67	65	97
215	67	58	98
212	62	65	97
215	62	58	94
211	61	62	98
208	60	61	106
206	59	62	96
200	59	62	94
197	62	61	94
193	58	61	97
190	63	54	98
183	64	55	97
175	66	58	99
170	68	59	106
161	72	58	103
154	67	67	113
147	72	72	112
140	77	70	107
132	81	70	111
121	88	70	103
117	89	73	113
112	102	56	101
104	92	71	117
95	100	76	107
90	106	74	113
84	115	70	107
79	118	68	104
75	126	68	100
73	126	63	105
70	125	71	109
68	125	70	104
65	133	72	112
63	93	74	134
58	147	70	91
60	141	73	94
64	82	74	140
65	142	69	105
64	151	62	87
68	140	67	92
66	87	71	132
73	146	57	95
73	128	63	100
72	137	64	84
72	134	61	90
72	130	61	92
72	129	60	89
72	120	63	96
71	102	61	108
71	118	58	104
70	113	63	106
69	113	59	100
69	100	58	115
62	106	67	105
60	105	67	104
56	105	68	101
55	106	67	96
53	108	72	99
51	114	67	94
49	122	63	99
53	127	56	100
55	130	57	105
59	133	56	93
59	140	56	106
66	148	57	98
70	154	56	106
76	157	59	104
84	157	66	99
88	153	74	101
95	164	71	92
102	164	80	87
114	172	69	79
122	169	75	87
132	166	73	93
143	168	66	92
151	166	72	93
162	161	67	88
168	167	67	82
179	165	58	81
186	165	56	78
194	161	55	81
198	158	61	79
202	154	62	79
211	150	59	82
217	140	62	91
221	134	68	93
226	137	71	90
229	134	66	87
230	130	71	94
236	126	71	97
238	123	71	94
239	117	79	90
239	109	76	98
240	106	81	110
242	96	76	118
239	90	75	124
237	85	78	132
230	79	89	139
222	73	95	142
216	65	102	141
210	60	99	143
203	52	105	153
192	48	111	150
182	41	118	152
172	38	118	159
164	41	104	158
155	35	106	157
143	33	119	166
133	37	118	160
116	37	130	163
113	40	120	151
108	41	116	160
102	45	114	164
95	48	113	159
91	53	111	155
88	59	108	140
81	64	108	154
78	69	108	153
76	73	105	155
74	79	102	146
74	87	89	161
74	99	92	128
73	104	82	150
77	120	79	131
78	114	90	147
80	125	92	137
85	136	85	134
91	142	66	131
94	140	90	144
99	148	86	128
101	148	88	133
103	157	87	120
108	171	71	115
116	167	78	120
122	175	75	109
129	175	76	116
135	180	71	100
138	182	71	99
143	182	72	95
148	180	75	95
153	178	77	100
156	178	77	97
160	178	77	96
165	175	66	95
171	173	69	93
173	174	69	88
176	171	67	89
183	169	59	88
189	170	54	87
191	175	56	76
194	159	54	95
200	169	51	79
197	165	58	83
205	163	50	80
201	164	54	75
206	159	49	79
203	157	51	79
204	155	51	85
204	154	50	78
202	153	49	78
201	153	48	74
199	150	47	76
196	151	49	77
193	151	49	72
187	152	51	74
183	150	51	76
179	152	58	73
175	153	56	73
171	157	51	71
162	156	54	75
157	159	49	75
148	159	50	75
142	163	48	75
135	162	51	76
128	161	59	74
121	167	51	75
117	159	56	81
111	167	51	79
104	165	51	85
98	166	49	88
92	166	49	90
87	168	49	89
83	168	51	91
82	167	52	90
80	167	52	91
79	166	53	89
79	165	54	90
80	162	54	92
83	156	51	96
89	157	49	95
94	153	50	96
99	157	47	92
106	156	48	92
112	154	49	94
120	153	50	94
127	157	49	90
137	156	49	90
147	156	46	90
155	152	49	94
165	153	50	93
176	154	49	93
187	157	47	90
197	157	45	90
207	159	44	89
216	157	45	91
225	156	46	91
235	155	49	92
243	154	49	95
252	155	48	93
258	155	50	93
265	154	50	93
271	152	51	98
275	151	55	95
280	150	54	96
285	148	55	96
280	146	63	94
290	144	54	97
287	143	59	96
284	141	62	96
285	134	59	103
284	136	54	99
279	136	56	97
273	135	59	97
268	133	58	98
264	131	55	99
256	132	57	99
252	132	54	96
244	129	54	99
238	126	51	101
227	121	53	107
219	123	52	105
212	121	51	107
204	128	50	100
195	124	49	105
187	129	48	100
179	130	48	99
171	130	48	99
162	131	46	100
154	132	49	100
147	131	49	102
139	132	52	102
132	133	49	99
126	136	51	98
121	135	50	97
117	136	53	98
113	137	52	98
110	137	54	100
107	144	51	95
108	145	49	95
107	148	48	95
107	152	49	93
108	151	51	97
111	154	49	97
114	155	50	97
117	160	46	94
121	164	47	90
122	162	50	93
127	164	49	91
131	165	50	92
139	167	44	90
144	169	44	88
147	169	46	88
154	167	44	90
157	167	45	89
164	167	43	87
168	164	44	90
174	166	44	88
177	160	49	94
186	164	45	90
192	164	45	90
198	165	44	89
203	164	45	89
211	166	41	87
217	165	41	87
222	166	42	86
227	162	41	89
230	162	44	88
234	160	43	88
236	160	44	88
237	158	46	89
237	157	48	89
238	151	47	95
236	151	56	95
239	150	50	93
234	149	53	94
233	148	51	95
230	148	50	94
226	146	54	95
223	147	50	95
218	147	49	95
214	147	50	94
209	147	49	96
204	148	46	94
198	147	47	95
192	147	48	96
186	148	48	95
180	147	49	97
173	147	50	99
168	146	53	99
162	148	51	97
156	146	53	99
151	150	51	96
145	150	50	96
139	152	48	94
134	152	48	95
128	155	49	93
122	154	49	96
117	154	50	97
112	157	49	95
107	156	49	98
102	158	50	96
101	159	49	98
99	160	47	97
96	162	47	96
95	166	49	93
94	169	46	91
93	168	49	92
92	169	49	92
95	171	48	90
97	172	46	90
97	172	47	88
99	171	45	88
102	170	45	89
104	170	45	89
107	169	45	88
108	169	46	87
112	169	44	86
115	168	44	87
119	168	46	86
121	165	46	89
124	165	49	88
126	164	46	87
129	163	46	88
134	161	43	90
136	162	45	87
140	161	44	88
142	161	45	89
146	161	45	88
148	160	49	89
150	161	50	88
154	160	46	89
156	160	46	89
155	159	49	90
161	161	44	89
165	159	43	90
166	161	43	88
167	161	45	89
167	161	47	91
168	161	48	91
167	157	51	96
171	163	45	90
171	160	47	94
173	162	47	93
172	161	47	94
173	163	46	92
171	159	52	97
170	163	46	93
172	162	46	93
169	162	48	93
168	161	48	93
167	160	50	94
165	162	44	91
161	160	49	93
158	155	51	97
153	157	52	95
150	158	50	94
148	159	47	92
144	159	50	92
142	159	46	92
137	159	46	91
133	157	48	93
128	158	48	93
126	159	46	92
119	156	51	95
117	160	46	91
112	158	49	92
109	158	47	93
105	158	49	93
100	155	51	97
96	163	48	90
92	162	48	91
89	164	48	89
84	166	48	89
79	165	48	90
75	164	49	91
69	162	47	92
64	160	49	92
60	161	50	91
57	160	50	92
54	158	49	93
53	157	50	94
53	156	50	94
52	156	51	94
54	158	49	92
54	156	53	94
59	151	53	99
62	157	52	93
67	154	52	95
73	150	54	98
78	154	53	94
79	90	61	159
89	146	58	101
96	142	58	103
104	143	57	101
105	140	62	103
115	145	57	95
125	142	58	95
130	138	58	96
137	130	60	104
144	128	58	103
149	127	56	101
152	119	60	105
152	115	67	108
158	115	64	107
164	112	65	107
168	108	63	110
170	119	57	97
173	121	58	94
170	119	58	97
169	117	57	97
165	116	57	99
162	114	57	102
158	115	59	102
151	111	61	107
145	108	61	113
139	104	65	118
133	104	61	120
125	121	59	105
110	87	69	139
105	127	65	103
99	84	62	149
92	85	62	150
85	99	63	138
78	97	62	143
74	136	56	105
67	146	53	97
62	148	54	100
56	147	55	101
52	146	55	105
49	148	54	105
45	150	52	103
43	150	50	104
42	154	50	99
41	159	50	95
41	162	51	96
40	163	54	96
40	162	57	99
44	160	52	103
48	159	56	102
51	168	53	94
55	166	55	95
59	164	54	95
67	165	52	93
73	164	52	90
80	159	51	91
83	156	55	88
90	150	52	89
98	140	51	94
105	129	53	98
117	124	50	97
120	116	54	97
134	111	46	97
140	106	48	92
141	101	56	90
147	88	58	95
156	83	53	92
155	74	56	97
161	76	55	88
161	65	52	94
161	62	56	90
161	61	54	88
162	59	55	87
159	54	54	90
157	54	54	90
154	54	54	91
146	51	57	95
145	50	54	98
135	49	59	103
117	56	71	100
121	55	62	107
118	61	62	107
113	66	64	108
109	73	62	107
109	89	52	99
107	88	53	109
106	88	54	118
102	87	57	126
99	86	60	135
98	86	60	145
98	86	60	151
98	103	60	143
100	139	58	116
101	156	49	106
103	162	52	108
106	168	56	109
109	176	49	104
113	174	62	113
120	183	58	105
124	188	51	102
128	183	62	109
133	184	63	108
140	185	61	107
147	191	57	100
151	191	53	99
155	188	60	101
157	189	59	97
164	185	57	99
169	183	54	100
171	180	55	101
179	180	53	97
178	174	55	100
179	175	56	96
183	175	54	95
184	172	53	95
192	173	47	93
197	175	44	89
198	172	43	89
199	174	43	87
200	171	44	90
200	169	45	91
200	166	46	94
203	171	46	90
202	167	46	94
202	167	48	94
202	165	47	96
203	164	47	97
203	163	46	97
205	164	45	96
205	163	45	96
205	162	45	97
209	162	41	95
208	153	49	102
211	153	45	100
212	153	47	99
214	147	51	104
215	142	54	106
217	142	52	105
218	139	53	107
221	138	50	108
215	136	60	109
218	137	55	108
213	135	61	111
213	134	59	111
207	133	62	111
203	128	64	116
201	126	61	116
196	126	61	118
192	127	62	115
187	127	59	115
183	127	59	115
179	130	60	110
174	127	61	114
169	121	64	120
165	121	63	120
162	126	60	115
159	122	64	119
156	133	59	108
152	125	64	117
151	138	56	105
150	134	57	108
149	136	55	109
147	138	54	107
147	141	52	106
145	143	53	107
145	151	50	101
144	151	56	102
146	156	50	100
145	155	52	102
147	161	49	97
146	158	52	103
149	165	47	97
150	159	56	104
153	170	47	95
155	164	53	101
160	176	46	90
161	169	52	98
166	176	46	91
170	175	48	92
170	173	50	94
174	171	51	95
177	170	51	96
182	171	48	94
186	171	49	92
190	171	47	92
195	173	45	89
198	172	43	89
199	170	46	90
204	170	43	89
201	174	46	85
207	171	38	87
200	167	46	90
197	165	46	91
197	164	46	92
192	161	47	92
191	158	46	95
186	154	50	99
185	154	47	98
180	151	51	99
177	151	49	98
170	148	53	100
165	149	53	98
161	149	51	99
156	151	52	97
149	145	56	104
145	153	54	95
140	150	56	97
135	152	55	96
129	149	54	98
124	152	57	97
118	152	57	95
114	146	54	102
109	147	56	101
104	147	56	102
104	149	52	100
98	149	54	101
95	152	53	100
89	152	57	102
89	155	56	102
84	159	54	99
84	164	51	96
81	165	54	100
80	173	52	94
78	177	52	93
76	181	52	92
75	181	55	95
74	184	55	93
78	185	53	93
81	186	53	93
88	184	51	96
94	183	49	97
98	183	49	95
105	179	53	99
111	183	45	95
117	183	48	93
123	177	50	99
131	180	50	94
141	181	47	90
149	177	47	94
154	168	51	101
163	170	50	97
170	169	50	95
179	166	49	96
187	162	47	96
194	165	45	91
199	162	45	92
208	162	43	88
215	158	43	90
222	157	44	89
229	153	44	91
234	150	47	93
238	145	50	95
246	146	49	92
251	146	51	91
258	144	51	92
264	144	52	92
270	141	53	93
276	140	52	93
280	137	49	94
281	135	48	95
283	134	49	96
280	133	51	95
277	132	53	94
275	130	55	95
271	129	53	96
265	127	56	96
260	124	58	97
256	121	58	101
251	121	56	100
246	122	55	97
241	119	52	99
233	117	54	100
226	111	54	107
219	112	54	103
210	111	53	104
203	111	51	104
194	110	50	105
184	112	50	104
174	114	50	103
166	113	50	105
155	113	60	107
147	116	57	106
140	117	54	106
131	114	63	111
125	126	57	102
120	124	60	106
116	129	54	104
111	125	66	111
108	130	62	109
105	140	56	101
101	140	59	101
100	143	58	102
98	142	60	104
99	146	57	101
98	142	65	105
99	146	57	102
99	140	65	107
99	144	59	103
99	142	60	104
98	139	62	106
99	137	61	106
97	135	63	107
98	132	64	107
98	128	65	111
96	131	62	103
96	126	63	106
92	124	64	105
90	119	68	106
90	117	63	105
88	114	63	104
86	109	63	105
85	105	60	106
84	97	61	110
80	93	63	110
81	90	57	110
78	86	62	110
80	80	60	113
80	72	64	118
80	69	66	117
80	61	76	122
76	63	81	119
85	45	93	131
104	43	75	132
89	33	99	139
116	36	79	135
128	25	74	142
134	21	82	144
146	20	80	142
157	16	83	144
167	11	85	146
178	8	86	148
188	3	88	151
197	1	93	150
211	0	88	150
219	1	93	147
229	1	94	147
238	2	93	146
246	1	95	149
250	2	93	149
257	5	92	149
251	6	102	150
248	7	102	152
242	8	104	157
237	10	100	156
231	14	97	158
222	17	99	158
212	19	101	160
201	21	100	162
189	25	105	162
175	28	107	162
165	34	107	159
150	37	104	159
136	43	103	160
123	48	106	158
115	54	105	158
107	59	104	159
102	69	102	153
100	78	95	150
97	84	102	152
98	87	97	155
99	92	94	156
102	118	73	137
109	116	79	142
112	129	72	136
119	125	73	142
124	139	64	131
131	131	76	142
137	149	69	127
148	139	75	137
156	154	67	121
168	148	66	125
175	142	63	128
183	141	65	126
190	138	66	125
196	125	71	134
202	122	69	132
207	117	70	133
207	105	78	140
214	97	77	143
210	90	86	145
215	82	80	148
211	77	86	151
209	71	88	152
204	71	87	149
200	63	91	153
194	59	92	158
188	58	92	160
180	57	95	163
174	59	97	163
166	61	101	164
161	63	100	164
152	74	106	160
151	87	88	149
154	77	99	167
152	92	98	158
154	94	88	159
157	98	89	161
161	105	85	159
168	112	82	157
174	117	81	156
177	123	83	154
187	126	82	153
193	131	84	151
202	132	83	151
207	134	87	151
215	138	82	150
220	136	85	151
223	137	88	150
233	135	78	149
236	132	86	152
237	128	91	153
243	123	91	155
247	112	94	167
250	105	90	171
248	98	98	176
248	92	97	178
252	88	97	180
245	81	108	185
245	78	105	186
242	72	114	189
243	69	109	190
237	65	114	195
232	61	115	196
225	58	118	196
218	52	116	198
209	48	122	200
202	46	119	198
193	41	124	202
185	35	128	204
179	28	130	206
172	24	121	207
165	22	116	205
157	11	127	213
148	6	120	214
143	8	116	209
138	1	125	211
131	2	117	209
121	1	122	202
112	0	127	197
106	1	121	201
104	1	117	199
106	0	110	199
102	0	114	199
101	0	115	199
95	0	120	200
92	5	120	200
89	7	123	199
95	16	118	192
95	17	120	196
104	36	99	181
104	18	123	204
111	47	100	181
121	31	105	201
122	57	98	185
131	53	99	191
135	73	92	178
143	69	97	186
152	79	96	182
159	83	97	180
168	97	94	170
178	109	85	161
187	104	92	173
199	126	84	151
210	124	88	154
217	126	90	154
229	129	87	149
240	128	85	151
246	119	91	158
255	120	90	154
264	108	91	163
268	102	96	166
273	92	95	172
279	87	92	175
281	82	96	177
280	78	99	180
284	71	96	183
279	66	101	185
280	61	100	185
271	55	108	190
274	48	102	188
268	43	108	192
260	36	113	194
252	28	116	198
243	20	123	203
238	18	117	200
228	5	124	211
219	8	122	203
211	0	132	209
205	3	122	204
195	1	133	207
187	0	126	209
175	0	131	215
161	1	129	217
152	1	132	220
139	1	133	229
128	0	134	240
117	1	135	244
104	0	141	248
91	0	147	248
81	1	149	250
71	1	154	253
66	0	155	259
58	0	162	263
41	1	176	265
32	2	186	270
52	2	162	273
43	0	160	276
34	2	179	275
36	4	175	276
41	1	174	281
38	2	176	279
40	3	175	279
32	0	186	275
42	0	176	276
43	0	186	271
45	0	191	266
47	0	194	258
52	0	190	249
63	0	178	239
70	0	175	230
77	0	172	220
85	1	183	204
92	0	183	193
97	0	181	185
101	0	188	170
103	0	187	150
102	0	193	146
133	0	149	150
133	0	152	141
150	0	136	137
151	0	138	126
158	0	131	125
166	0	127	121
173	0	126	121
180	0	121	119
185	0	128	122
200	0	114	122
205	0	121	120
210	0	125	128
220	0	118	131
228	0	109	135
235	0	109	140
240	0	112	144
248	0	107	150
262	0	94	156
258	0	107	158
261	2	113	163
266	6	103	163
269	12	104	163
270	18	102	160
276	23	98	159
276	32	95	155
280	34	92	157
274	38	97	157
271	43	95	153
267	45	95	153
261	47	98	152
255	50	100	151
250	51	100	151
246	53	96	151
239	53	101	152
234	54	100	152
227	53	99	155
221	55	100	152
214	55	100	152
206	54	99	153
196	54	102	153
188	55	97	152
180	56	101	151
172	55	98	152
164	58	89	150
158	59	79	148
148	56	84	153
140	57	93	151
133	59	100	149
125	61	101	149
116	62	103	149
112	62	100	151
108	64	98	151
106	67	95	151
103	67	92	151
100	68	92	154
100	75	87	151
103	90	76	137
106	81	78	148
112	81	75	147
116	88	71	143
121	82	77	151
128	89	76	146
136	92	72	145
143	92	74	149
152	95	73	148
161	94	75	149
171	95	73	146
180	107	72	132
188	102	75	135
201	99	72	138
206	99	75	136
213	96	76	138
220	100	77	133
227	103	75	129
232	102	76	131
243	118	68	114
245	111	68	119
254	113	61	117
253	117	65	114
259	120	63	111
262	121	61	111
265	123	63	109
266	125	58	108
267	130	58	104
264	129	61	112
268	133	53	110
263	137	57	109
263	142	54	107
259	145	56	107
255	151	55	106
251	154	56	105
245	154	58	109
241	166	54	98
236	158	59	108
232	167	56	104
227	171	57	102
223	172	55	101
217	174	56	101
210	174	59	101
205	168	59	108
203	168	54	105
201	163	55	106
196	163	56	104
193	149	56	117
191	156	53	109
189	145	59	118
191	152	54	111
192	146	57	114
191	144	56	114
194	146	57	113
194	144	56	112
194	144	60	110
193	141	61	112
191	140	63	111
192	138	62	112
188	136	64	112
188	131	62	114
184	128	65	114
178	123	70	117
174	122	72	115
174	117	68	118
