40	199	61	103
39	197	60	105
39	196	59	106
39	195	60	107
38	194	60	107
38	194	60	108
38	192	60	107
37	191	60	108
37	191	60	107
36	189	60	108
36	188	60	109
36	184	60	109
35	180	61	111
35	177	61	111
34	172	62	112
34	165	62	112
35	159	63	112
36	152	63	113
36	145	63	114
39	138	63	115
40	132	64	115
42	126	64	116
45	113	65	123
48	112	64	119
52	107	66	120
56	100	67	122
60	95	67	122
65	90	70	124
72	85	68	126
78	79	69	127
84	75	71	128
92	70	72	131
100	65	72	133
110	59	71	135
119	56	72	134
128	54	73	133
139	51	72	132
148	48	70	134
158	44	71	138
166	41	72	141
177	40	71	141
187	39	70	141
195	38	71	140
204	37	70	140
215	35	67	141
221	37	70	140
229	39	70	138
236	40	70	137
242	41	69	141
248	43	69	136
252	44	68	135
258	46	68	134
262	48	67	136
267	50	66	142
270	54	67	136
275	58	66	133
277	61	66	131
282	65	66	131
286	68	66	131
289	72	67	131
292	77	67	131
296	81	68	130
300	87	66	130
304	90	67	133
309	95	67	131
314	99	67	130
319	105	68	131
323	110	68	132
329	116	68	129
334	120	67	128
338	125	69	129
343	131	67	131
347	138	67	127
350	144	67	128
354	152	67	125
356	158	67	125
360	166	68	123
362	171	68	123
364	179	66	122
364	182	67	123
365	188	66	120
366	195	65	117
366	196	65	118
366	199	64	117
366	201	64	116
365	202	63	115
365	203	63	114
364	204	63	112
364	203	63	111
364	200	62	112
363	199	62	112
363	196	62	114
364	193	63	114
365	190	63	114
364	187	64	114
366	183	65	116
366	179	65	117
368	175	66	118
369	170	66	120
369	165	67	122
369	160	68	122
369	154	67	124
369	147	68	128
368	141	68	128
366	138	68	128
363	131	70	131
360	127	71	130
356	123	71	132
351	120	71	134
346	117	72	134
342	115	72	135
336	115	73	135
329	114	74	134
322	113	73	135
316	112	74	136
308	111	74	138
301	112	74	138
291	111	77	140
286	111	74	140
279	111	74	141
272	110	76	145
265	110	76	146
260	110	76	147
253	111	78	148
247	113	79	148
241	114	80	150
236	117	82	150
231	118	84	152
227	120	85	154
223	122	85	158
222	124	83	160
218	126	84	160
218	129	83	162
217	131	84	160
217	135	84	159
217	137	84	159
218	141	84	158
220	145	83	157
224	148	81	155
229	150	80	152
231	152	81	149
237	152	80	148
243	152	79	145
248	153	78	142
255	152	76	141
261	153	75	137
267	155	73	135
273	156	73	132
275	156	75	130
283	157	73	129
290	159	71	129
295	160	70	126
300	161	69	125
303	163	68	123
307	164	68	121
311	166	67	119
313	167	67	118
316	170	66	117
318	172	67	115
319	175	68	112
320	176	68	111
322	176	68	111
322	176	68	111
324	176	67	110
328	176	66	110
330	176	67	110
331	175	68	110
334	172	68	111
336	171	69	112
340	170	67	114
343	169	68	114
349	168	66	115
353	167	67	116
355	166	68	116
361	164	68	118
365	165	67	119
368	165	68	119
372	165	69	119
378	165	67	119
381	164	68	118
385	163	68	118
388	160	68	118
394	160	66	118
397	157	67	118
401	156	67	117
405	154	67	116
409	152	66	116
412	149	66	116
416	147	66	116
419	144	66	117
422	142	65	116
425	141	64	115
429	139	63	112
432	139	63	111
434	139	63	111
436	139	65	110
439	140	64	111
440	141	64	111
444	142	63	110
446	144	62	109
448	146	61	107
450	146	60	105
452	147	61	106
452	145	61	107
455	143	60	107
455	139	61	107
456	134	61	107
457	130	60	107
457	125	60	108
456	120	61	109
454	115	61	112
453	109	62	111
449	100	62	115
446	94	61	117
439	86	64	118
434	81	64	121
424	75	68	122
418	71	67	123
407	66	68	125
394	60	70	128
381	52	70	131
368	49	68	132
352	44	65	132
335	42	70	130
318	38	71	131
301	36	70	131
286	34	69	131
268	31	71	132
251	27	70	132
234	25	70	136
216	23	69	133
198	20	71	133
182	18	74	133
168	16	73	134
155	14	75	133
141	10	74	136
128	10	77	137
116	9	78	136
104	11	79	135
94	12	79	135
83	16	80	136
74	19	80	138
68	21	76	140
59	28	77	137
53	34	76	135
47	39	75	135
42	45	76	135
38	51	75	136
34	59	75	133
30	65	73	132
27	73	74	130
23	81	75	129
20	87	73	128
18	95	73	125
15	101	71	124
13	107	71	123
12	113	70	122
11	119	68	119
10	125	67	116
10	129	66	115
4	133	70	114
4	135	70	113
5	139	67	112
3	143	70	110
8	147	65	109
10	150	63	108
13	154	62	108
14	157	61	108
15	162	61	107
17	166	61	107
19	171	62	107
21	175	61	108
23	179	60	108
25	184	60	108
28	188	59	109
31	192	59	108
33	196	59	107
35	200	59	106
37	204	60	103
38	206	60	102
38	208	61	104
40	211	61	104
43	215	61	103
45	218	59	100
46	219	59	98
47	222	59	99
49	225	58	97
49	226	59	99
50	229	59	97
52	230	60	97
53	232	60	96
53	233	60	95
54	233	61	96
55	235	60	95
55	235	61	96
56	236	60	96
57	235	60	96
57	236	59	96
59	236	60	97
60	238	59	96
61	239	60	97
62	241	61	95
62	242	60	94
63	242	60	98
63	243	59	95
64	244	59	96
65	245	60	97
66	247	58	99
66	249	57	100
66	250	57	98
67	252	56	100
67	254	56	98
67	255	56	96
68	258	55	95
67	260	55	93
68	261	57	93
68	261	55	91
68	263	55	92
70	265	54	90
69	266	53	90
71	267	51	90
70	267	54	90
71	267	51	91
71	269	51	91
71	269	50	87
71	267	51	97
72	264	51	102
75	262	48	105
77	278	46	92
77	280	47	92
79	274	43	96
83	278	39	94
85	283	38	86
86	286	37	69
89	287	33	59
90	284	33	42
92	284	30	41
94	284	31	40
96	284	30	38
98	284	35	35
97	285	35	34
101	286	33	34
102	286	31	35
103	284	37	36
105	280	40	38
97	278	42	43
95	277	46	40
102	282	38	35
91	282	47	39
100	283	42	39
97	283	42	38
102	283	37	37
93	285	39	35
100	286	36	33
100	285	36	34
97	284	37	35
95	285	37	37
94	288	28	33
91	290	28	33
90	287	31	35
87	280	46	42
85	284	45	39
81	284	49	47
79	280	46	60
77	280	46	66
74	266	46	87
72	262	49	93
69	263	52	92
67	263	55	90
65	259	56	93
64	255	57	90
63	250	59	85
62	244	58	94
62	236	59	94
61	230	60	94
61	223	60	94
59	209	63	98
58	204	62	99
58	195	62	101
59	185	61	105
58	177	63	107
59	169	63	106
59	161	63	111
60	155	64	112
62	148	64	112
64	143	64	112
67	138	64	112
70	132	65	115
75	127	63	114
80	124	63	113
84	119	65	114
90	114	66	115
98	110	65	117
107	106	64	117
115	102	64	117
126	101	64	115
135	99	67	114
149	99	63	113
162	100	59	114
174	100	60	114
186	102	61	112
197	103	62	111
210	104	60	112
224	105	59	113
235	106	62	116
245	108	63	120
256	111	63	120
264	115	63	125
273	119	63	124
282	124	63	123
286	129	65	126
292	133	67	128
297	141	66	124
301	147	65	125
302	154	66	124
303	159	65	124
303	163	65	122
301	167	66	122
299	171	66	119
296	174	66	118
293	177	65	116
290	178	64	115
286	180	65	113
283	182	65	111
278	183	67	110
274	184	66	109
272	185	66	108
272	185	64	109
270	186	63	108
268	188	62	107
266	190	61	106
266	192	61	105
263	193	60	104
262	194	59	103
262	197	59	100
260	199	59	99
258	203	60	95
257	204	60	94
256	206	59	92
255	208	59	90
254	209	59	88
255	210	58	87
254	212	57	84
254	214	56	82
252	217	57	79
252	219	56	78
250	219	56	78
249	220	55	78
248	222	56	77
248	222	55	77
246	223	55	77
246	222	55	76
244	221	55	76
243	220	55	77
243	218	55	79
243	214	54	82
243	208	53	86
241	201	54	90
242	191	52	100
242	182	54	102
242	174	54	100
241	164	55	102
243	152	54	109
243	143	56	110
244	135	57	109
245	128	58	112
247	121	59	111
250	116	58	113
251	112	61	115
256	109	61	116
259	108	61	118
262	105	63	121
266	103	64	123
271	102	65	125
274	101	68	129
278	101	69	133
282	101	70	137
286	103	73	141
285	106	77	144
289	109	77	152
287	114	80	153
287	119	83	158
286	124	84	161
282	131	85	163
277	138	86	166
271	144	87	172
264	160	89	167
257	176	88	166
248	185	87	164
240	198	87	160
232	208	84	157
222	216	86	154
216	220	84	152
207	226	85	145
200	229	84	141
197	221	81	142
192	218	82	142
190	211	82	145
189	200	81	144
188	193	81	147
187	187	82	143
190	177	83	141
192	168	81	143
196	159	81	145
199	152	83	147
202	146	81	147
207	141	84	150
213	136	83	151
221	132	81	155
229	131	82	158
237	129	82	158
246	131	83	157
256	130	84	160
264	131	86	160
275	135	86	156
289	139	85	154
302	145	85	155
315	152	85	152
327	156	86	152
341	161	84	151
354	163	83	148
367	165	82	145
380	167	81	142
391	167	81	140
401	166	80	138
412	165	77	137
419	164	77	135
424	159	76	135
427	155	75	135
429	150	75	135
428	146	74	134
425	142	75	134
419	137	74	135
409	133	76	136
399	130	78	137
387	126	77	137
373	122	77	139
357	121	77	140
337	116	77	144
314	116	81	144
287	113	85	146
261	111	84	141
231	111	89	137
201	113	87	131
172	116	90	142
134	117	93	140
105	122	104	148
79	124	100	152
53	125	103	156
27	123	101	165
2	118	102	165
1	114	86	165
0	110	72	166
0	106	64	163
0	99	59	162
0	92	58	160
0	87	61	157
0	79	66	153
0	71	77	151
2	63	86	149
12	56	89	144
31	48	83	144
44	38	82	147
60	35	81	141
73	30	83	140
91	23	80	139
105	19	81	137
121	17	79	135
138	16	76	137
154	16	74	137
169	16	72	135
183	17	73	138
197	18	74	136
214	18	70	139
227	20	74	142
239	22	72	142
249	26	74	140
260	32	72	142
267	36	74	143
274	44	72	142
281	51	70	143
287	61	69	140
287	70	71	142
291	81	69	140
293	90	67	139
292	100	69	138
291	109	69	137
290	119	71	137
289	127	69	134
287	136	69	132
284	142	71	133
282	149	72	133
282	160	71	131
282	167	70	128
281	174	71	129
281	181	70	126
281	187	69	127
281	193	71	126
284	199	69	124
287	199	69	125
287	201	70	124
288	201	72	124
290	200	73	125
293	197	73	124
295	193	73	126
299	190	73	126
300	184	74	130
303	181	75	130
304	178	75	130
306	176	75	132
306	174	77	135
307	172	78	137
307	171	81	142
306	171	82	146
306	173	83	147
303	175	83	149
301	176	84	154
294	177	88	156
291	179	87	159
283	180	90	164
276	180	91	164
269	180	90	167
260	180	91	169
248	183	93	169
239	184	93	171
227	186	94	169
217	186	93	172
205	187	93	170
192	189	96	169
183	191	93	167
175	193	92	164
163	197	95	159
157	198	92	158
151	199	91	157
145	199	91	158
142	203	90	156
137	206	89	154
135	211	90	151
133	217	90	149
133	224	88	146
136	229	86	146
137	236	86	144
138	242	86	142
140	245	87	141
143	251	87	138
145	255	86	136
148	258	86	135
153	259	87	136
155	260	91	135
158	262	94	134
162	261	91	135
164	259	89	135
169	257	87	136
173	256	84	136
178	254	85	138
181	253	83	140
186	253	83	141
191	250	84	144
197	248	83	145
201	247	86	146
207	246	88	151
216	246	87	154
222	244	90	157
235	241	86	158
244	241	88	158
254	239	89	161
265	237	90	158
278	238	90	156
288	240	94	154
303	243	92	152
317	245	91	149
336	247	87	147
348	245	90	146
361	244	89	145
374	240	89	148
388	238	89	142
401	236	87	142
413	234	85	140
425	229	85	137
436	227	87	137
446	225	85	136
451	222	86	136
458	218	85	134
463	212	86	137
466	207	86	138
468	199	84	141
467	191	85	142
466	180	86	145
462	171	85	147
457	158	86	151
447	144	85	156
435	129	91	154
421	110	95	163
405	92	96	170
388	76	97	173
369	59	100	177
347	43	101	182
327	28	99	184
307	20	93	183
285	13	98	183
263	9	96	184
242	8	97	187
220	6	97	191
194	12	104	189
178	18	100	192
162	25	101	191
148	38	98	188
138	48	99	190
130	66	96	189
125	81	96	184
122	99	95	180
121	111	98	182
123	127	95	174
126	138	93	174
131	150	91	169
137	160	91	165
145	168	91	159
153	175	90	161
162	181	91	158
174	187	86	151
182	191	87	148
196	195	82	150
208	201	83	142
219	205	81	140
230	206	82	141
245	207	78	139
256	205	78	140
268	204	78	140
278	202	79	141
288	203	80	142
301	203	78	139
311	202	78	139
318	201	79	140
327	198	77	140
334	196	77	139
338	195	77	138
341	191	76	140
342	188	76	140
342	185	76	139
341	182	75	138
339	180	74	136
335	180	73	133
330	179	74	130
325	178	73	128
317	177	72	126
312	177	71	124
306	174	70	123
299	172	68	122
290	170	69	120
285	166	67	120
279	164	65	117
273	158	67	118
268	150	65	121
262	146	66	121
258	142	64	121
251	134	66	124
245	129	67	125
239	125	67	125
234	120	67	125
226	116	69	128
221	112	69	130
213	107	71	131
206	102	72	132
198	97	72	133
189	95	73	135
179	91	74	136
170	87	76	137
160	85	77	136
152	84	76	137
140	84	78	142
130	86	80	140
116	87	84	144
108	93	82	144
95	100	85	142
83	104	87	144
76	109	84	143
63	113	87	141
55	119	85	138
45	120	87	139
36	121	86	138
29	126	84	136
23	130	85	135
15	133	84	135
11	138	84	133
5	143	85	133
5	150	84	131
2	156	86	129
4	162	83	129
9	172	78	126
12	181	77	123
14	188	76	121
18	194	75	117
23	200	72	114
27	204	71	112
30	208	72	111
34	211	71	111
37	214	74	109
40	216	73	106
44	217	72	103
47	218	71	101
49	218	70	102
51	219	68	100
53	218	67	100
54	219	66	100
54	218	65	100
55	220	66	98
54	221	66	98
54	222	68	98
53	224	67	99
52	226	66	98
51	227	66	102
49	229	68	104
48	231	70	103
47	233	65	106
45	234	66	105
43	234	66	108
40	233	65	109
38	232	66	108
36	231	66	107
34	230	66	106
32	229	65	106
31	229	64	107
30	229	64	106
27	228	65	107
25	229	66	106
23	228	66	105
21	229	66	104
20	229	65	103
18	227	65	102
16	226	64	103
14	225	64	104
13	225	64	104
12	224	64	103
9	224	65	102
7	224	65	104
6	225	65	104
3	225	66	105
3	226	66	106
1	227	66	108
0	228	67	109
0	230	66	112
0	230	66	115
0	232	66	116
0	234	67	118
0	235	68	121
0	237	69	122
0	238	71	123
0	239	73	122
0	241	74	122
0	242	75	121
2	244	76	123
3	244	75	125
3	246	75	123
5	247	76	123
6	249	75	125
6	249	76	122
8	250	75	124
8	250	78	121
8	250	78	121
9	251	78	122
10	252	78	124
10	253	78	125
10	254	78	125
11	257	78	125
11	257	79	129
11	258	81	127
11	258	82	128
12	260	82	132
11	260	84	131
13	260	85	133
14	261	84	133
15	262	84	134
16	262	87	133
18	262	93	136
19	262	89	132
20	260	96	137
22	261	91	132
25	260	90	139
27	260	89	134
31	259	89	135
33	258	88	135
36	257	89	134
40	256	89	136
40	255	91	139
43	254	91	132
46	250	91	132
49	248	90	136
53	245	89	137
55	242	91	140
60	239	89	140
60	236	92	142
65	236	91	142
69	234	90	143
72	233	92	143
77	232	93	144
81	231	94	146
85	230	95	148
88	229	96	151
92	228	98	153
99	227	96	156
107	227	95	155
112	228	94	154
118	227	94	155
125	226	94	156
132	226	94	155
139	226	94	153
147	228	92	151
156	226	89	151
162	223	89	150
166	223	90	146
169	221	91	144
176	218	89	143
181	215	89	146
184	212	91	147
190	209	88	145
197	205	86	145
202	203	87	146
206	201	88	149
211	199	86	149
216	196	86	151
221	195	84	152
225	193	85	153
230	192	84	150
233	191	86	152
238	190	84	152
243	192	83	150
246	189	83	148
247	190	86	146
249	189	85	144
253	190	83	144
255	189	83	142
257	188	82	140
259	188	81	139
260	188	81	138
260	187	81	138
260	186	83	136
260	183	82	137
259	181	82	138
259	179	84	139
258	178	83	140
257	176	85	141
254	174	89	141
251	172	93	143
248	169	95	145
248	167	97	148
246	164	99	150
247	161	100	153
245	159	104	154
247	155	103	157
248	151	103	158
249	145	103	163
250	144	105	164
248	141	110	165
251	141	110	166
253	139	111	166
254	138	112	166
258	137	112	166
260	136	113	168
260	136	116	167
266	136	114	166
268	137	115	167
271	137	115	166
274	137	115	167
275	137	116	166
276	135	116	166
280	136	115	166
281	136	116	165
283	134	116	165
291	135	108	164
299	135	102	164
298	133	102	162
301	132	99	162
301	131	100	162
302	129	99	162
303	126	98	163
303	124	97	162
304	122	97	162
304	120	96	162
303	119	97	161
304	117	96	161
304	117	95	160
303	116	95	159
303	116	95	158
304	115	93	157
304	116	93	156
302	115	93	155
302	116	93	151
299	115	95	151
302	113	93	151
300	113	93	150
299	114	92	149
299	113	94	149
298	112	93	147
297	110	93	146
299	112	92	142
297	109	94	144
295	108	95	144
293	108	98	146
289	106	102	145
292	105	99	145
292	104	99	145
294	104	99	145
291	103	100	146
292	104	101	145
294	103	100	146
295	104	98	146
298	105	96	148
299	111	94	148
301	116	90	146
300	118	90	148
300	123	90	147
303	126	86	148
303	130	84	147
304	135	83	145
306	140	79	145
307	145	79	146
308	150	77	144
309	154	77	143
309	157	80	145
311	160	79	143
312	163	81	143
315	166	86	141
317	168	87	143
320	170	90	143
325	170	93	143
330	169	98	145
336	168	102	147
342	169	104	147
350	169	109	148
358	168	113	150
368	167	115	153
379	167	116	156
389	166	117	160
400	166	115	161
409	164	115	164
419	161	115	166
427	159	115	169
433	158	113	169
440	154	115	174
444	155	110	166
446	149	112	176
446	148	112	175
444	146	111	175
439	148	106	168
434	145	114	173
427	141	106	173
418	139	111	172
408	135	116	173
400	132	115	173
389	129	115	171
378	127	107	170
367	122	111	172
356	120	112	171
348	117	114	170
337	114	115	171
327	110	114	170
318	109	121	169
313	106	114	169
309	103	115	171
304	100	114	172
301	99	119	173
300	101	113	169
297	118	102	153
300	93	118	174
298	91	121	180
300	90	121	181
303	91	121	182
305	91	121	183
306	93	121	183
306	94	122	184
306	96	120	183
306	99	118	183
304	103	117	183
301	108	116	182
297	115	113	180
292	122	115	177
286	128	114	176
283	138	109	172
278	144	107	171
274	153	98	166
268	158	95	162
264	160	90	160
257	158	90	160
252	156	88	159
247	151	88	161
243	146	87	160
240	138	88	161
238	129	88	165
236	121	88	167
234	115	89	168
234	106	91	171
233	100	94	170
232	93	99	172
232	85	101	175
231	78	104	177
231	70	108	178
232	65	111	179
233	59	112	180
229	53	118	182
229	50	119	180
227	47	120	181
226	45	122	182
224	45	122	181
223	47	121	179
221	49	119	177
219	51	116	176
208	54	122	176
204	56	120	173
196	59	120	169
191	61	119	168
185	62	116	162
177	64	117	161
174	64	114	164
167	65	113	159
166	64	105	156
159	62	107	155
163	61	96	153
154	61	98	151
157	59	91	150
154	59	92	149
151	58	92	148
152	57	89	149
153	56	87	146
152	55	89	144
152	54	88	143
152	53	89	142
153	52	89	142
153	51	91	140
148	50	96	139
154	49	92	140
156	50	91	138
151	50	96	139
155	49	95	139
151	49	99	138
152	50	99	138
151	50	100	139
151	52	100	141
150	54	100	143
148	55	100	144
146	54	102	144
144	54	103	144
145	54	101	145
143	55	102	145
141	55	102	146
139	55	101	144
140	57	101	145
138	57	101	144
137	58	99	144
135	60	100	145
133	61	99	144
134	65	97	144
131	66	98	143
130	70	97	143
129	72	98	140
128	74	97	139
127	75	96	138
128	76	94	138
128	75	93	138
128	77	91	137
128	76	91	138
128	78	90	137
127	77	91	137
127	77	90	137
127	77	89	138
127	76	87	137
127	76	88	138
128	76	88	138
128	74	86	139
128	74	85	139
128	74	85	139
128	72	85	139
129	71	84	140
131	70	83	139
134	70	80	141
134	69	79	140
135	68	78	140
135	69	78	139
138	69	77	138
140	69	76	138
142	68	74	137
143	67	74	135
144	66	74	135
147	65	73	135
149	66	73	134
150	65	73	133
153	65	72	133
156	64	71	134
159	62	70	133
162	62	71	132
164	61	71	133
167	61	69	131
169	60	69	130
171	60	69	129
173	59	69	127
175	57	68	127
177	55	68	128
178	55	67	128
180	53	67	129
181	53	67	126
180	54	68	125
182	53	67	123
182	52	66	122
184	52	66	120
184	51	65	120
184	50	65	119
185	51	65	117
186	49	64	116
187	49	65	116
188	48	63	116
189	45	64	116
191	46	63	115
192	44	63	115
192	46	64	114
195	45	64	114
196	46	64	112
198	48	64	112
200	48	63	112
202	49	63	111
204	49	62	111
205	50	62	110
206	51	63	110
208	50	62	110
208	51	61	109
210	51	60	109
210	51	60	108
211	51	61	108
212	51	61	108
213	49	59	108
213	50	60	109
214	50	59	108
215	50	60	108
215	49	59	109
215	50	60	109
215	50	60	108
216	48	59	110
216	49	60	109
215	47	59	110
215	49	60	111
215	50	58	109
215	48	58	111
213	49	59	111
212	50	58	111
212	50	57	110
211	50	57	111
210	51	57	110
211	51	56	111
210	51	56	111
210	50	56	111
209	51	56	111
210	51	55	110
209	51	55	111
211	50	54	110
211	50	55	110
212	51	54	110
213	51	55	110
213	50	56	110
214	49	56	110
216	48	56	111
216	48	56	111
216	47	57	112
218	47	57	113
219	46	57	114
220	46	58	115
221	47	58	117
222	46	59	118
224	45	61	120
225	44	60	122
226	43	61	124
227	41	61	126
228	41	62	127
230	42	63	128
231	42	65	130
232	41	66	131
233	42	66	132
235	43	66	134
237	46	67	134
239	48	69	135
241	51	69	140
243	54	71	137
245	56	71	136
248	59	72	138
253	60	72	139
256	63	73	139
261	67	74	139
264	71	77	141
270	76	75	142
276	82	74	144
280	88	76	143
283	93	79	146
291	98	76	146
294	105	78	146
300	112	78	149
303	119	79	147
307	125	80	147
310	130	81	148
313	135	79	147
315	141	79	145
316	143	80	144
316	148	79	143
316	152	80	141
317	156	80	139
318	158	78	139
318	162	76	137
316	165	77	136
314	167	76	135
312	171	77	133
311	173	77	133
311	178	76	129
311	179	76	133
311	182	75	133
310	186	75	131
310	189	74	128
311	193	73	129
312	194	74	131
313	197	75	131
315	198	74	133
317	201	75	134
318	203	75	134
320	206	77	136
324	208	76	135
326	210	78	136
329	211	79	139
332	213	78	138
335	213	79	140
338	214	78	139
340	214	79	141
342	215	80	141
344	215	80	141
344	215	81	141
345	214	82	141
345	214	82	141
344	213	84	140
343	213	85	140
342	214	85	140
341	214	84	139
340	214	84	139
