117	68	122	125
109	61	122	123
105	55	121	123
103	46	119	114
101	35	118	116
99	27	118	121
102	20	119	129
107	13	119	123
111	9	115	123
118	6	121	120
126	5	118	115
132	4	118	114
140	7	115	108
149	11	113	107
159	16	109	106
166	22	109	107
172	29	105	108
179	38	106	108
187	47	101	108
194	55	100	109
197	63	91	105
198	71	87	105
198	73	84	109
199	78	96	110
199	86	93	105
197	93	97	103
195	98	102	101
191	103	92	100
190	105	99	101
185	101	103	108
182	109	87	104
182	101	90	117
181	97	88	123
181	112	84	104
181	115	81	100
180	117	81	99
181	121	81	94
183	125	81	90
185	127	85	87
184	131	81	84
184	135	76	87
185	138	73	78
188	137	69	74
189	136	73	74
188	138	73	75
188	140	75	76
189	146	76	79
189	155	78	78
191	165	74	77
192	172	74	78
194	181	81	74
200	189	84	72
203	197	85	69
209	201	83	73
215	203	86	79
219	210	87	79
224	209	90	86
230	215	90	85
236	225	89	80
243	230	90	77
250	223	92	88
259	227	91	83
268	230	92	80
278	226	88	86
289	220	87	89
298	210	85	91
307	197	90	95
312	186	96	91
316	174	101	88
320	153	108	92
322	135	115	92
333	120	78	95
339	88	104	113
341	66	103	118
347	48	103	119
345	41	121	110
331	52	151	83
328	8	170	127
324	1	142	131
391	0	126	118
399	0	124	107
398	0	128	121
393	0	128	117
385	0	128	106
374	0	128	114
365	0	128	120
356	0	126	125
344	0	125	126
333	1	122	128
322	4	120	130
311	9	117	129
297	15	116	101
283	22	114	127
268	30	114	123
256	35	110	120
248	38	111	118
240	39	115	118
232	39	118	113
225	39	122	110
220	38	124	107
215	38	126	104
210	38	126	100
206	38	127	101
202	37	127	103
197	37	128	105
194	38	125	106
190	40	124	108
183	42	124	108
173	46	125	109
162	49	129	110
150	53	132	105
139	62	133	92
129	71	132	113
115	81	119	104
121	89	116	106
97	95	131	110
141	99	77	112
79	103	125	114
69	109	123	118
59	107	123	123
51	111	124	129
53	127	112	119
47	128	116	123
49	153	115	102
57	153	109	98
63	150	101	96
68	142	98	92
74	137	98	87
79	124	99	92
85	118	103	91
95	108	102	93
106	94	100	100
115	85	100	99
125	75	100	102
137	65	97	106
145	56	97	112
154	53	98	115
186	87	71	84
199	98	58	74
200	103	57	73
203	108	56	72
206	119	54	67
210	119	52	73
211	129	52	67
212	138	51	61
210	143	50	58
208	144	49	59
207	137	50	72
207	149	51	66
210	146	51	76
212	147	51	78
214	155	51	76
215	157	50	78
213	176	52	61
213	176	52	63
213	180	53	63
215	181	54	64
219	182	55	66
222	187	56	61
224	188	57	61
221	190	57	57
221	185	58	59
222	183	59	59
225	184	60	57
