146	54	68	101
139	67	86	77
137	68	87	74
139	67	85	77
141	66	86	77
143	66	86	75
145	66	87	75
145	67	89	72
149	65	85	76
151	67	85	73
151	69	88	70
153	71	83	71
155	73	80	72
156	73	78	72
160	72	77	71
168	73	69	74
167	77	76	68
169	81	75	62
177	78	69	68
181	79	69	65
183	75	64	65
186	73	62	66
190	71	62	65
192	73	59	65
192	78	63	60
194	80	62	60
189	87	69	52
194	85	56	61
193	87	56	59
191	89	54	59
188	88	54	60
183	86	55	57
180	84	55	58
175	83	56	59
169	82	60	59
166	81	58	60
162	79	56	60
158	79	58	61
152	76	58	63
152	76	58	63
151	79	58	63
150	78	59	63
152	79	57	63
149	79	59	62
150	82	59	61
146	81	59	62
142	81	59	60
143	82	59	61
144	82	57	60
143	82	56	59
140	81	59	58
144	81	54	58
145	81	55	56
146	82	52	56
148	84	52	55
149	85	51	56
147	88	53	55
148	92	52	54
147	92	53	56
150	92	49	56
152	92	50	53
155	88	49	56
157	85	51	56
159	80	54	56
162	78	54	58
165	76	54	59
168	74	55	60
170	74	57	60
169	76	58	60
174	78	57	60
173	81	59	59
174	83	61	58
177	82	59	59
176	82	62	59
180	82	58	59
181	82	60	58
180	81	60	57
179	79	57	56
179	78	60	56
178	79	56	56
177	82	55	55
175	84	54	55
174	83	54	56
172	83	54	55
172	82	53	56
171	82	53	57
167	80	56	57
170	79	54	58
167	78	54	59
163	76	57	58
163	75	57	57
158	74	55	58
154	72	56	58
155	70	53	59
155	74	54	59
156	81	54	56
153	83	57	58
156	85	54	58
153	86	55	59
152	86	53	58
154	88	51	56
156	88	51	56
155	87	51	56
157	86	50	53
160	87	50	52
163	87	48	53
164	85	50	54
168	85	50	53
171	86	51	54
173	86	49	56
174	86	53	55
174	86	53	55
173	86	55	56
175	85	52	58
179	84	50	59
182	84	51	58
185	84	52	58
186	85	54	57
186	84	53	57
188	83	55	56
186	82	53	57
189	83	53	57
188	88	52	56
191	90	51	57
191	90	53	58
192	92	54	57
191	91	52	56
190	88	50	54
183	85	52	57
182	83	55	54
178	80	55	56
177	78	56	54
176	76	55	56
175	77	52	59
171	80	55	57
166	80	55	57
162	82	56	57
156	84	60	54
156	82	57	54
160	83	50	54
159	82	50	55
158	81	49	55
161	83	48	56
160	84	49	55
163	83	50	56
165	82	49	55
166	83	51	56
168	85	50	57
169	84	52	58
170	86	53	55
173	85	53	57
177	86	51	57
179	83	52	56
181	81	54	57
181	79	53	57
183	80	52	59
184	82	51	59
183	84	52	58
183	85	53	58
184	86	53	59
183	87	52	58
183	89	52	59
179	91	56	58
180	92	52	58
178	92	53	57
177	92	52	57
178	89	54	58
179	84	54	57
178	81	53	58
174	82	53	58
173	81	52	58
169	81	55	60
169	81	53	60
165	83	55	61
164	85	53	61
161	86	52	59
158	85	51	58
155	82	51	57
154	81	52	59
152	81	52	58
152	82	51	58
153	83	50	58
156	84	50	58
159	86	51	57
161	91	50	55
163	91	50	57
165	96	50	56
167	97	50	56
170	99	50	56
173	99	50	57
176	99	51	56
180	99	48	54
183	95	50	57
188	91	50	57
189	89	50	57
191	87	52	58
194	86	51	57
198	87	52	57
202	87	52	59
205	88	52	60
208	89	53	59
212	89	53	58
214	90	51	59
215	90	51	58
216	89	51	58
218	88	50	58
215	88	50	56
209	89	52	57
214	89	50	57
212	90	51	58
211	91	48	57
209	91	49	56
209	90	51	57
207	88	52	56
207	86	52	58
204	85	52	59
204	85	52	59
201	86	52	62
197	89	53	61
198	91	52	60
197	90	52	58
196	89	51	59
196	88	50	59
195	86	53	58
196	85	49	60
198	87	49	60
201	88	51	60
201	91	53	60
203	91	50	59
203	92	51	59
207	92	50	59
208	91	50	56
208	89	51	55
212	88	49	58
214	87	52	58
222	85	49	57
224	84	50	59
228	91	51	54
232	95	53	56
234	98	50	55
233	103	49	53
234	102	52	56
235	106	51	53
234	106	51	53
237	106	49	53
238	105	51	53
238	105	53	54
237	105	54	55
234	106	56	54
232	104	53	54
232	102	56	57
228	104	59	58
228	103	55	61
224	104	55	60
221	104	57	60
220	102	55	61
217	100	54	59
214	96	53	58
215	89	55	58
218	83	54	59
222	81	54	58
227	80	53	60
230	85	52	60
235	92	51	59
239	93	52	61
242	97	53	59
248	102	53	59
252	102	54	59
256	98	54	58
257	93	53	55
261	86	54	58
264	79	53	61
269	79	49	56
271	75	48	58
271	75	47	59
267	81	50	56
265	83	50	57
264	86	49	54
262	85	52	53
263	83	51	53
261	82	52	53
261	82	52	54
264	81	51	55
263	80	51	55
263	79	51	55
263	78	51	56
264	75	52	58
263	72	54	62
261	74	56	62
262	76	55	60
260	74	55	61
258	75	57	62
260	74	58	63
261	77	56	62
262	79	56	62
262	79	55	63
252	79	62	64
249	85	58	60
242	84	58	62
235	81	60	65
230	77	59	68
220	69	63	76
215	69	63	76
213	83	58	61
212	82	57	63
211	82	56	63
206	80	59	65
204	82	59	66
201	83	59	66
198	82	58	67
197	83	56	66
191	83	57	63
186	82	59	63
181	81	60	63
173	79	56	62
164	77	55	61
158	76	52	57
150	75	53	58
145	71	51	59
140	71	56	53
138	75	51	51
137	74	50	52
134	73	52	52
132	74	53	51
135	81	50	53
135	79	51	55
131	83	50	52
142	81	45	51
145	82	46	52
146	86	50	50
146	84	49	57
142	84	50	55
147	85	50	54
150	83	52	56
154	83	53	60
158	80	53	65
163	90	51	56
167	88	48	57
170	87	48	53
176	84	44	55
170	74	49	60
174	74	45	55
167	71	53	53
170	68	51	56
168	70	52	61
166	80	54	58
170	87	56	60
173	99	56	61
179	104	58	62
185	112	56	63
189	115	60	66
195	118	56	66
196	119	59	67
200	121	60	63
202	122	60	65
204	122	59	65
203	121	58	63
198	119	58	63
198	117	55	60
200	113	54	59
196	106	55	58
192	101	52	57
187	97	50	52
187	95	44	50
181	89	47	53
181	96	45	50
175	90	47	51
176	93	46	52
177	99	45	49
173	100	45	51
170	99	48	50
169	101	48	49
168	99	47	51
168	98	47	50
167	96	48	50
165	94	48	50
166	93	51	50
167	92	48	48
170	88	49	51
171	89	49	49
175	87	47	48
182	88	49	50
185	93	49	50
189	97	51	51
197	100	50	50
201	103	50	48
207	100	47	49
210	100	47	48
213	98	47	48
214	96	47	47
211	92	47	48
209	90	47	48
208	90	47	47
208	87	48	49
207	88	49	48
205	93	47	44
206	93	48	47
203	94	51	48
201	90	53	53
198	94	52	50
196	89	53	53
192	88	52	54
191	67	61	70
191	66	59	70
189	60	57	74
190	72	59	62
190	56	66	78
189	57	67	79
188	59	68	81
187	64	52	85
190	65	69	80
187	69	67	80
190	68	64	78
190	66	65	80
191	69	61	75
194	66	64	77
192	71	58	70
195	75	54	60
198	61	60	77
202	73	55	67
208	70	56	74
212	75	53	72
219	100	47	50
223	105	43	48
227	106	38	47
221	108	41	43
220	108	39	45
223	108	35	46
215	108	34	43
217	105	29	41
212	103	30	38
209	102	27	33
206	105	29	34
212	108	22	31
210	106	24	29
215	109	25	31
208	83	44	47
193	86	57	53
202	81	51	68
200	78	52	72
201	77	51	73
194	76	51	71
190	79	50	65
182	65	58	73
177	67	55	73
172	68	55	70
175	78	49	63
171	73	50	66
177	93	40	50
183	103	34	35
174	92	41	41
172	90	40	44
174	86	37	47
174	83	38	47
173	77	39	49
176	75	39	49
179	74	41	48
180	75	43	53
178	78	46	54
178	80	46	54
176	82	46	54
172	83	48	53
167	83	44	53
158	82	46	51
154	77	45	53
147	74	45	52
141	67	45	53
135	64	46	51
134	61	45	51
131	60	44	51
133	59	46	53
134	61	45	53
136	63	46	52
138	65	47	52
143	66	48	52
147	67	49	53
149	66	51	55
153	69	50	49
158	69	49	47
164	72	42	48
168	72	43	45
175	68	39	48
169	77	40	44
173	81	37	44
176	83	37	44
181	85	33	40
186	86	30	45
182	90	36	37
187	92	34	36
192	85	30	41
185	80	36	39
190	82	31	35
190	78	29	36
187	78	29	33
192	81	25	38
182	85	29	38
178	87	33	38
183	84	29	39
187	89	28	35
184	86	29	41
184	83	33	42
183	79	41	45
181	75	46	48
186	70	50	55
187	74	51	56
192	74	50	57
191	71	52	62
190	75	49	56
186	74	49	55
183	73	48	55
184	70	48	55
185	69	47	55
185	65	49	56
188	64	50	56
190	62	51	57
194	61	53	58
195	66	50	55
195	75	50	54
190	80	50	55
184	86	50	55
175	88	49	55
163	86	51	55
153	79	51	57
143	73	51	56
139	68	51	57
137	66	52	56
136	62	51	56
137	62	51	58
138	67	52	58
140	72	51	58
143	77	51	58
143	85	51	57
142	87	51	59
145	88	51	57
148	85	51	57
150	80	52	57
153	76	52	57
155	76	51	56
156	76	50	56
159	78	49	56
157	82	49	55
157	86	49	56
153	89	51	56
155	93	52	56
150	94	52	56
146	93	51	56
142	92	51	56
141	88	51	56
137	82	51	56
137	76	51	56
136	71	53	57
138	68	52	58
140	68	51	59
141	72	51	58
139	76	52	58
140	82	50	57
139	86	52	57
138	86	53	60
137	86	53	60
138	87	54	59
140	87	51	60
144	86	51	57
149	84	52	58
157	80	52	59
163	78	53	59
169	75	54	61
174	74	55	63
180	81	56	61
182	81	57	65
