100	132	95	95
98	129	95	97
98	130	96	97
98	131	95	97
98	131	95	96
98	132	95	97
99	132	95	96
99	132	95	96
98	133	96	97
99	132	95	96
99	133	95	97
100	134	96	97
99	135	95	97
100	135	95	97
99	135	95	97
99	135	95	97
99	135	95	96
98	135	96	97
97	134	96	97
96	135	97	97
96	134	97	97
96	134	97	97
96	134	97	97
96	135	96	97
95	135	96	97
95	136	97	97
96	136	97	97
97	136	95	97
96	135	96	97
97	136	96	97
97	135	96	98
97	135	96	98
96	134	96	98
96	133	97	98
96	132	98	99
97	128	98	99
97	125	98	100
97	121	97	100
97	116	98	100
97	111	98	99
97	106	97	101
95	100	100	100
95	94	100	99
95	89	100	98
95	84	100	101
94	79	102	103
95	75	103	101
96	70	102	105
95	67	104	105
96	64	105	103
97	60	104	105
99	58	104	106
99	54	104	108
98	52	104	105
99	49	105	105
99	47	105	104
99	45	105	103
99	44	105	107
99	43	105	108
99	43	105	109
99	42	106	108
100	44	104	107
101	45	104	106
102	47	104	109
104	49	104	105
104	51	103	105
104	51	103	102
105	51	103	104
105	51	104	104
105	52	104	105
105	51	104	104
105	51	102	105
105	49	102	105
107	50	101	103
108	51	103	104
111	52	100	103
111	54	101	103
112	57	100	103
115	60	98	102
115	62	99	101
116	64	100	100
118	64	100	100
118	63	100	100
119	63	100	99
121	61	100	98
121	60	100	101
123	60	100	99
124	59	99	100
124	60	99	101
125	61	99	97
127	62	99	100
127	63	99	100
127	63	99	99
127	64	99	101
127	63	100	99
128	64	99	97
127	63	99	101
127	63	98	98
126	62	97	100
126	62	97	97
126	63	96	99
126	62	96	97
126	62	97	99
125	62	97	99
126	61	97	97
125	62	97	100
126	61	97	97
126	61	96	98
127	62	97	99
126	62	96	97
127	62	97	97
127	62	97	98
127	62	97	97
129	63	96	97
129	63	97	98
131	63	95	95
133	64	98	96
135	65	98	95
139	65	97	92
140	65	98	95
142	67	94	96
143	66	95	95
144	67	95	92
145	68	97	95
145	68	97	98
145	68	97	98
146	68	95	97
146	68	95	95
146	69	94	94
146	69	94	94
145	69	95	96
145	68	95	93
145	69	94	94
144	69	95	95
145	69	95	97
144	68	95	99
143	68	94	97
144	69	94	95
142	69	94	96
143	68	93	93
144	67	92	95
143	67	93	96
145	67	91	89
144	66	92	95
149	66	88	90
149	65	89	88
150	65	88	88
151	64	87	87
151	64	87	86
152	62	86	87
152	64	87	88
153	63	86	86
153	62	85	87
153	63	86	85
153	62	86	86
153	62	86	86
154	63	86	85
153	63	85	81
151	62	88	87
152	62	86	84
152	62	87	84
152	61	86	83
153	61	86	84
153	60	86	84
152	60	86	85
152	59	87	85
151	60	87	85
151	60	87	84
150	60	87	84
149	60	87	84
149	60	87	84
148	60	86	84
147	60	86	83
146	61	86	82
145	62	86	84
144	62	86	83
143	62	85	85
142	61	86	83
142	61	84	80
141	62	84	84
140	61	83	83
139	61	83	82
140	60	83	82
138	60	83	81
138	60	83	83
136	60	83	84
136	59	82	81
135	59	83	80
137	59	80	81
137	59	81	83
137	58	80	83
136	58	82	84
137	59	80	83
136	59	80	86
135	59	80	86
134	60	80	85
133	61	79	86
133	62	79	82
131	62	80	83
131	63	79	82
130	63	79	83
130	64	78	82
130	65	79	82
130	66	80	80
129	68	79	80
130	70	79	80
131	71	78	79
132	72	79	80
134	75	78	80
134	76	78	80
135	78	78	80
137	79	78	79
138	80	77	79
139	82	77	79
140	83	77	78
142	84	76	78
143	84	76	77
143	85	77	78
143	86	76	79
143	86	76	79
144	87	76	78
145	87	76	81
145	88	76	79
145	88	76	80
145	89	76	79
145	89	76	82
146	89	75	82
146	89	76	82
146	89	74	83
145	89	75	83
146	89	75	84
146	89	75	83
146	90	75	83
146	90	75	83
146	89	75	83
146	89	75	84
148	89	75	83
148	88	75	83
148	88	75	83
149	87	75	82
149	86	76	83
149	86	75	83
149	86	76	82
149	85	77	83
149	84	78	85
149	83	80	84
148	82	82	84
148	80	82	86
148	78	80	83
148	76	81	80
148	74	80	80
149	73	83	83
151	71	83	80
153	71	82	79
154	71	82	79
155	71	82	79
157	72	83	79
159	72	82	79
159	73	82	80
160	73	82	79
159	73	82	82
160	73	82	81
159	73	82	81
158	72	81	81
157	73	82	81
157	73	82	80
156	73	82	80
155	73	82	81
155	73	81	81
154	73	82	80
154	74	82	80
153	73	82	80
152	73	81	81
152	74	82	82
152	74	82	82
152	73	83	82
151	74	83	82
151	74	84	82
151	74	83	82
151	74	84	82
151	74	84	81
151	74	84	82
150	75	85	84
150	75	85	83
150	75	86	85
149	75	86	86
150	76	87	86
150	75	86	85
150	76	86	85
150	75	84	85
150	75	84	84
150	75	84	83
151	75	84	81
150	74	84	81
150	74	84	84
150	73	84	83
150	72	84	82
150	72	83	83
149	72	84	82
148	73	83	83
147	73	83	82
146	74	83	83
145	74	83	82
144	74	83	84
145	75	84	82
145	75	85	83
145	76	86	82
144	77	86	83
144	78	86	83
145	80	85	84
145	81	85	85
144	83	86	85
144	84	85	85
144	86	86	84
144	86	86	83
144	87	85	83
144	88	86	82
144	89	83	83
145	88	86	79
144	88	83	83
145	88	85	78
145	88	83	81
145	87	83	79
147	85	83	79
146	84	82	81
146	83	82	81
148	82	82	80
147	81	81	81
147	79	81	80
146	78	82	81
146	78	83	82
147	77	81	81
146	76	83	81
145	75	82	81
145	75	82	78
145	74	81	80
146	74	81	79
147	73	81	84
148	72	81	83
148	70	82	85
150	69	82	85
151	69	81	86
153	68	81	88
154	67	81	88
157	67	79	89
159	66	78	88
160	65	79	87
161	64	78	86
163	64	77	87
164	64	77	86
165	63	78	83
166	64	77	82
167	64	77	81
168	63	77	81
167	64	78	79
169	64	77	79
169	64	77	78
171	64	77	78
172	65	76	78
173	66	77	78
174	66	77	79
173	67	76	79
174	67	76	80
174	67	76	80
174	67	76	80
174	67	77	80
173	66	77	80
173	66	76	80
172	65	77	81
172	65	76	80
172	64	76	81
171	64	76	79
170	64	76	80
169	64	76	79
168	63	77	79
169	63	76	79
168	62	77	79
168	62	77	79
168	61	77	79
168	62	77	79
167	61	77	79
168	61	77	78
169	61	76	78
168	61	76	78
168	60	76	78
167	61	77	77
167	61	77	78
167	61	77	77
166	61	77	77
167	62	76	77
166	62	76	77
165	63	75	77
164	63	76	77
163	65	75	76
162	66	74	76
161	66	74	77
160	66	74	78
160	65	74	78
159	65	75	78
158	64	74	78
157	63	74	78
157	62	74	77
156	62	73	75
156	63	73	75
155	63	73	75
154	63	73	75
153	63	73	75
152	63	73	76
151	62	73	75
150	63	73	76
149	63	73	75
147	63	73	76
146	63	73	75
144	62	73	75
143	63	73	75
143	64	72	75
143	64	73	75
143	64	73	76
145	64	73	75
147	64	73	75
149	65	72	75
151	64	72	75
153	65	71	74
155	66	71	75
158	66	71	75
159	66	71	75
161	66	72	75
162	66	72	74
163	67	72	75
164	68	71	74
165	68	72	75
166	69	71	74
167	69	70	74
167	71	70	75
167	72	70	74
167	72	71	74
168	73	71	74
168	74	71	74
167	75	71	74
168	76	70	74
167	77	71	74
167	78	70	74
167	80	71	73
166	80	69	72
166	82	69	72
165	82	69	73
164	83	69	72
164	83	71	73
163	84	70	73
162	85	71	74
161	86	71	73
161	87	71	73
160	88	70	74
160	89	71	73
160	91	71	74
160	91	71	74
160	92	71	75
161	92	71	74
161	93	70	75
161	94	71	75
161	94	71	75
161	94	71	75
161	94	71	73
162	94	72	75
161	93	71	74
161	93	72	74
161	93	71	74
161	92	71	73
160	91	72	74
161	91	70	74
161	90	71	74
160	91	71	73
160	91	71	73
160	91	71	74
159	91	71	73
160	91	71	73
159	91	70	73
159	91	71	73
159	90	71	73
159	89	71	73
159	89	71	73
160	88	71	73
159	88	71	73
160	87	70	72
161	87	70	73
160	86	71	73
162	86	71	73
161	85	71	74
161	85	71	74
162	85	71	74
162	85	71	75
162	85	72	74
163	84	72	74
162	84	71	74
162	84	71	75
162	84	71	74
161	84	71	74
161	84	71	74
161	84	72	74
161	84	72	73
160	83	71	74
159	83	71	74
159	82	72	74
159	82	71	75
159	82	71	75
159	82	71	74
159	81	71	75
159	81	71	75
159	81	71	75
159	80	71	74
158	80	71	74
159	79	71	74
159	79	71	73
160	79	71	74
160	77	71	74
161	77	70	74
161	76	71	75
162	77	71	73
163	76	71	73
163	76	70	73
164	76	70	73
164	75	70	73
165	76	70	74
166	76	70	74
167	77	70	74
168	76	70	73
169	78	69	73
169	78	70	74
169	78	70	73
170	79	70	74
170	79	70	73
171	78	71	73
172	78	70	74
171	78	71	73
171	79	70	72
172	78	70	73
172	79	70	72
172	78	71	71
173	79	70	72
172	79	70	72
173	80	70	73
172	80	70	73
172	81	70	73
171	81	70	73
171	82	70	73
171	82	70	73
170	82	70	73
170	83	70	73
169	83	69	72
169	84	69	72
169	85	69	73
169	85	69	73
168	85	69	73
168	85	69	74
168	86	69	73
168	86	68	74
167	87	69	73
168	88	69	74
168	87	68	74
167	89	68	73
167	89	69	73
167	90	68	74
167	91	68	73
167	91	68	74
167	92	68	74
168	93	68	74
167	95	68	73
168	95	69	73
168	96	68	72
168	97	68	73
168	97	68	72
167	97	68	71
168	98	69	71
168	99	67	72
167	100	68	71
167	101	68	72
167	102	68	72
167	102	68	72
166	102	69	71
166	102	68	72
165	102	68	71
165	102	69	71
165	101	68	71
165	101	69	72
165	100	68	72
164	99	68	72
164	99	69	72
164	99	69	73
164	99	69	73
164	98	69	73
164	98	69	74
163	98	68	73
163	97	69	74
163	97	69	73
163	97	69	73
163	96	69	74
163	96	69	74
163	96	70	74
162	95	70	74
162	94	70	74
162	94	70	73
162	93	70	72
163	93	69	72
162	93	70	73
163	92	70	72
163	92	70	72
163	91	69	72
164	92	70	72
164	92	70	72
164	92	70	72
164	91	70	72
164	92	70	72
164	91	70	73
165	91	70	72
164	90	70	73
165	90	70	72
164	90	69	73
164	90	70	73
164	90	70	73
164	91	70	73
163	90	70	72
163	90	71	72
162	90	71	73
160	90	72	73
160	89	72	73
157	89	72	74
154	88	72	74
151	87	74	75
150	87	75	75
147	86	76	73
145	86	75	72
145	86	75	74
144	87	74	73
144	87	75	74
143	89	75	74
145	89	74	75
145	91	76	74
146	91	77	75
148	92	76	75
148	92	75	75
149	93	77	74
149	92	75	74
150	92	77	75
151	91	76	75
150	89	76	74
149	86	77	73
149	83	76	74
149	80	76	74
149	78	75	72
149	78	75	71
150	78	76	73
149	79	74	72
149	83	75	73
149	86	75	72
150	88	75	73
149	91	74	73
148	92	75	73
148	92	74	74
147	92	74	73
146	92	74	73
144	92	75	74
144	91	76	74
144	90	75	74
143	90	76	73
143	91	75	73
143	91	76	73
145	91	77	74
146	91	78	74
146	91	79	75
147	92	78	75
148	92	79	75
149	92	78	75
150	91	77	76
151	91	77	76
152	92	78	77
153	92	79	75
154	92	79	76
154	92	79	75
155	91	78	75
156	91	78	74
155	91	76	75
155	90	78	75
154	89	77	76
154	88	78	77
153	88	79	76
152	88	79	77
152	88	78	77
151	87	78	76
151	87	78	76
151	88	78	80
151	87	77	81
150	87	77	81
150	88	77	82
150	88	77	80
150	88	76	80
150	88	76	80
151	89	76	78
151	90	75	77
152	90	75	77
154	91	74	77
155	92	74	77
155	93	74	77
155	93	74	77
155	94	74	76
156	96	74	75
156	97	74	76
156	99	74	75
156	101	74	75
155	104	73	75
154	107	74	74
154	110	74	75
153	114	73	75
152	118	71	75
151	121	69	75
149	126	70	74
146	130	70	75
146	135	70	73
144	140	71	74
144	145	71	75
143	149	71	74
140	149	71	74
137	148	70	74
132	139	72	79
126	118	69	77
122	94	72	73
120	70	73	75
120	46	74	79
121	30	75	77
123	15	75	76
124	4	75	74
125	0	74	69
127	0	74	65
127	0	73	62
129	0	72	63
130	0	72	65
130	0	72	72
129	5	72	75
130	15	72	74
128	28	75	77
130	43	74	79
129	63	74	80
129	84	74	82
130	107	75	81
130	126	75	77
130	143	74	76
128	156	76	77
127	166	76	77
126	173	75	76
125	178	74	78
122	180	75	76
120	182	73	74
119	183	74	73
118	183	73	73
113	182	75	74
113	180	75	74
112	180	75	74
111	178	75	73
111	176	73	74
111	174	75	74
111	171	75	74
111	170	76	75
110	167	75	75
109	165	76	75
109	163	74	74
108	160	75	74
108	158	75	74
108	155	73	75
108	152	75	76
107	151	75	75
108	149	74	75
107	151	74	75
107	153	74	76
107	160	74	75
105	169	74	77
108	181	71	78
108	197	72	80
111	212	73	77
120	226	72	76
133	238	72	75
147	246	71	74
164	250	71	74
181	253	72	74
200	252	75	73
216	249	72	71
232	247	73	74
244	245	74	76
255	244	74	74
271	247	70	72
283	246	67	72
290	246	67	71
296	247	68	70
299	247	67	68
303	248	68	68
304	246	67	68
304	243	66	68
306	243	67	68
306	242	66	68
309	243	65	67
310	242	64	65
311	240	63	64
313	238	62	64
313	236	62	63
313	233	62	62
312	230	62	63
313	227	63	64
312	225	63	64
311	224	63	65
309	223	63	65
307	222	63	66
306	223	63	65
306	222	62	63
306	220	62	64
305	220	62	63
304	219	63	63
305	217	62	62
306	216	62	63
306	216	62	64
307	215	61	63
307	215	62	64
308	216	63	64
308	217	63	63
308	216	63	64
309	217	63	64
308	217	63	64
308	218	62	63
308	217	63	64
306	218	63	64
305	218	63	64
304	219	63	63
303	220	63	65
301	220	64	66
301	220	64	65
300	221	64	65
299	220	64	65
298	221	63	66
297	221	64	66
296	220	63	66
294	222	64	66
293	221	65	66
291	222	64	66
290	221	65	66
289	222	65	66
288	221	65	67
287	221	65	66
286	220	65	67
286	220	64	66
285	220	65	67
285	220	64	66
286	220	64	66
286	220	65	67
286	220	65	66
288	221	64	67
288	221	64	67
288	221	65	67
288	222	66	67
290	220	65	65
290	220	66	65
291	220	64	65
291	220	65	65
292	220	64	65
292	220	65	64
293	220	66	65
294	220	65	64
296	220	63	65
296	219	63	63
297	219	63	65
297	219	63	64
298	219	63	65
298	219	63	62
298	220	63	65
297	220	64	65
297	220	64	64
297	221	64	65
296	223	64	65
295	224	64	64
295	223	63	64
294	222	64	64
293	220	66	62
293	218	65	62
291	217	65	62
291	216	64	63
291	217	63	63
291	219	63	62
291	220	62	63
290	223	62	63
290	225	64	63
290	227	63	63
290	228	62	63
290	229	61	63
289	231	62	63
288	230	63	62
289	232	62	62
288	232	63	63
288	233	62	62
287	234	63	62
288	235	62	62
288	235	62	62
289	235	62	62
287	236	63	62
288	236	62	63
287	237	63	62
288	238	62	63
288	238	62	63
289	238	62	63
289	239	62	63
290	239	62	63
290	240	63	63
291	240	62	63
291	240	61	62
291	241	62	63
292	241	62	63
292	241	62	63
292	241	61	63
292	241	61	63
293	242	60	63
294	242	60	63
293	242	60	62
293	242	60	62
293	242	60	62
293	242	60	62
294	242	60	62
294	243	60	62
294	242	61	61
294	242	61	62
293	242	61	61
294	241	61	62
293	241	61	62
293	242	61	62
293	242	61	62
294	242	61	62
293	243	61	61
292	243	62	61
293	243	61	62
292	243	62	62
293	243	61	62
293	244	62	63
294	247	61	62
293	250	61	65
293	255	62	67
291	269	63	63
293	276	63	62
294	279	63	63
295	284	64	63
295	289	66	63
294	293	65	65
288	295	67	63
281	296	67	62
275	294	64	63
266	290	66	67
256	284	68	70
249	275	71	72
242	264	69	75
236	252	72	73
229	240	73	72
226	232	76	71
221	222	76	76
218	215	73	76
216	212	71	73
214	211	72	72
213	211	72	72
211	209	71	73
208	206	71	72
206	203	70	73
203	201	70	73
200	199	69	72
198	195	69	72
197	190	68	72
193	187	70	72
192	182	71	72
190	178	68	72
189	175	67	72
187	172	66	72
184	167	69	72
180	164	69	72
176	160	70	74
173	156	71	74
168	154	71	72
166	152	71	73
164	149	70	74
160	148	72	74
159	144	73	74
157	142	70	71
154	139	70	70
152	137	69	70
152	135	68	69
152	133	68	68
151	133	70	67
151	132	69	67
152	131	69	67
152	132	68	65
153	132	67	66
154	132	67	66
155	133	68	66
156	133	68	66
156	134	68	66
157	134	67	67
158	135	68	67
158	135	69	68
159	135	69	67
160	136	69	67
159	137	70	69
159	137	69	68
159	138	69	68
159	138	69	68
158	138	70	68
157	138	69	68
156	137	70	68
156	137	70	68
155	137	70	68
154	137	69	68
153	137	69	68
152	137	69	68
151	136	68	69
151	136	69	68
150	137	68	67
150	137	68	67
150	137	68	67
150	137	68	67
150	137	69	67
151	137	68	67
151	137	69	66
152	138	68	66
152	137	68	66
152	138	67	66
150	137	68	66
150	137	67	66
149	137	68	66
149	136	67	66
148	137	69	67
147	137	69	67
148	137	68	67
147	137	68	67
147	138	67	68
148	137	67	68
148	138	67	69
148	138	67	71
149	139	66	71
150	140	66	70
149	141	67	71
150	142	66	69
150	143	65	68
150	144	65	68
151	145	65	68
152	146	66	67
151	148	66	68
152	149	66	67
152	151	66	66
152	153	65	66
151	155	66	66
152	158	66	66
152	161	65	66
152	165	65	68
152	169	65	68
152	172	64	69
147	175	65	70
143	176	65	68
139	171	63	68
131	156	63	69
118	135	70	75
117	112	70	69
118	90	69	72
119	68	68	71
119	50	69	71
121	36	70	70
121	24	69	69
122	14	68	67
123	8	67	67
124	4	67	68
125	4	66	67
126	4	65	66
127	8	66	68
128	14	64	66
130	22	65	66
130	33	64	68
129	46	65	69
129	62	67	71
130	81	64	71
132	104	64	71
131	127	64	66
135	145	65	65
140	161	63	64
142	174	62	66
143	182	62	62
143	188	62	61
144	192	62	65
144	194	62	64
145	193	61	64
145	192	61	64
146	190	60	64
143	188	63	65
144	186	64	64
143	183	64	65
144	179	64	66
145	176	62	66
145	173	63	67
145	169	63	66
145	165	64	66
143	162	65	66
144	159	65	66
144	155	64	65
145	153	63	66
142	150	66	66
142	147	65	67
141	144	66	67
141	142	65	66
139	140	65	66
138	139	64	66
137	137	65	66
136	136	66	66
135	134	65	66
133	133	66	66
133	131	65	67
133	130	66	67
131	128	66	67
130	127	65	67
130	125	65	67
130	124	65	67
130	122	65	67
128	121	67	67
128	121	67	68
128	120	66	68
127	120	67	68
127	119	67	68
126	119	67	68
127	118	67	68
126	118	67	68
127	117	68	69
126	117	68	69
125	115	70	70
127	116	69	70
127	114	70	71
127	115	71	71
125	114	71	72
126	115	72	73
126	114	72	74
125	114	72	74
125	114	73	74
123	114	74	75
125	114	73	75
123	114	75	76
122	113	74	77
122	113	75	77
122	113	76	77
122	114	76	77
120	113	77	78
119	114	77	78
118	114	77	78
119	114	77	78
117	114	79	80
118	113	78	79
117	113	78	80
116	113	79	80
116	113	80	81
114	114	81	81
116	113	78	81
111	113	83	82
112	113	81	82
110	114	82	83
110	113	83	83
108	114	83	84
106	114	85	83
105	114	86	84
104	113	85	84
105	114	84	85
102	113	86	85
103	113	85	86
101	114	86	86
101	113	86	86
101	114	86	87
99	113	87	87
98	115	87	87
97	115	88	88
94	114	90	88
93	115	89	89
91	115	90	90
92	115	90	90
91	115	90	91
93	115	88	91
91	115	89	92
89	114	91	92
89	115	91	93
90	114	90	92
91	115	89	94
91	116	89	94
91	116	90	94
90	116	92	95
89	115	92	95
89	114	90	96
89	114	91	96
90	115	92	95
89	114	93	95
89	114	94	96
90	114	94	97
90	114	94	99
92	115	94	98
93	115	95	99
93	115	94	98
92	115	96	100
91	115	96	100
92	114	96	100
91	115	97	100
93	115	95	100
91	116	97	100
90	116	98	100
90	116	98	100
89	117	99	101
86	117	101	100
86	116	100	100
84	115	100	101
83	114	101	102
81	112	102	103
79	111	103	104
77	109	102	105
76	107	103	106
75	104	104	107
73	104	106	108
73	102	106	109
73	101	105	109
72	101	105	109
73	100	106	110
73	99	106	110
72	99	107	111
71	98	108	112
70	99	108	112
70	98	109	112
69	98	110	112
70	98	109	112
70	97	109	113
67	96	111	113
68	96	110	114
67	96	111	115
65	94	113	116
63	93	114	117
62	93	114	118
61	92	115	119
60	90	116	120
58	88	117	119
59	86	116	119
57	85	118	120
55	83	118	121
54	81	119	121
50	79	121	121
49	76	120	121
47	74	120	121
45	71	121	121
42	68	122	121
40	65	122	121
38	62	123	124
37	58	124	126
35	56	125	126
34	53	125	127
35	50	126	127
35	47	128	127
36	45	127	128
36	44	127	128
35	42	129	128
35	41	129	128
34	40	129	129
35	39	130	130
35	39	131	132
32	41	132	132
33	42	132	132
34	44	131	132
32	46	133	133
33	47	133	132
34	48	133	133
35	50	133	134
35	51	134	133
36	52	135	134
37	53	135	133
37	54	135	136
37	56	136	137
38	57	136	137
39	59	136	137
39	60	136	136
40	60	136	136
41	61	136	137
40	62	136	137
40	63	137	136
40	61	137	137
41	62	138	136
41	62	138	136
43	61	136	136
41	61	138	137
42	60	139	137
43	59	138	138
45	57	138	137
45	56	138	137
46	55	136	139
46	55	139	138
48	55	138	138
49	55	138	137
51	56	137	136
53	56	136	136
54	57	136	137
56	59	137	137
58	59	136	137
61	60	136	138
62	60	137	137
64	61	136	137
66	61	135	137
68	60	137	137
69	60	138	136
73	61	136	137
72	60	137	136
76	60	134	135
77	61	134	136
77	62	136	136
78	63	135	135
79	62	135	136
79	61	136	136
80	61	136	137
81	62	136	137
82	62	136	137
82	62	136	136
83	62	136	137
84	63	136	137
87	64	134	135
85	64	136	136
84	65	137	135
84	65	136	135
85	65	136	136
86	65	135	135
86	65	136	135
87	65	135	135
87	65	134	135
87	66	136	136
88	65	135	135
87	65	135	135
86	64	136	136
86	64	135	135
86	64	137	137
86	63	136	137
85	65	136	138
84	70	137	138
83	80	138	143
80	99	139	144
80	122	139	146
77	150	138	144
74	185	140	147
78	223	137	136
81	256	138	103
86	282	138	76
92	296	137	63
94	299	137	59
98	295	140	63
99	284	141	74
100	267	143	91
101	247	139	111
102	225	139	131
103	205	142	140
105	183	141	144
108	166	143	143
109	151	144	144
111	139	145	142
115	130	142	142
117	120	142	142
118	113	142	141
117	106	142	139
116	99	141	140
114	91	142	141
112	85	140	138
110	79	140	133
108	72	138	139
105	63	138	143
105	56	137	137
105	47	136	137
107	36	131	133
103	27	131	136
96	17	131	137
83	8	136	137
72	0	136	128
56	0	137	96
47	0	146	72
57	0	131	39
85	0	87	23
146	40	54	75
130	50	40	158
235	236	100	78
244	282	143	76
124	163	52	97
247	293	70	66
250	294	139	64
236	292	149	66
252	289	130	70
253	295	131	63
252	297	131	62
100	111	92	32
90	63	109	116
95	110	103	118
99	163	100	111
104	215	96	104
106	273	93	85
111	330	88	28
231	240	42	63
252	272	101	78
227	236	62	72
252	275	96	81
108	270	245	80
231	167	111	172
239	149	94	170
247	149	93	189
238	145	58	69
272	297	57	32
245	300	86	57
245	298	80	58
120	334	69	24
113	305	73	53
112	282	75	69
112	264	76	70
115	248	76	74
119	239	78	73
123	230	79	75
127	224	79	78
131	223	80	80
133	224	80	80
136	223	81	79
138	222	81	79
142	223	81	79
145	223	80	78
148	224	78	78
151	226	76	78
154	226	77	77
156	225	77	76
157	223	77	76
158	219	79	75
159	212	80	74
159	203	77	74
159	189	76	77
159	176	77	75
160	162	76	76
160	149	75	76
162	138	71	77
163	126	72	76
163	115	70	75
162	106	71	77
160	98	73	78
159	92	73	75
158	85	73	76
158	81	75	77
158	78	70	77
157	77	73	76
158	77	74	75
159	78	75	76
160	78	73	77
160	80	74	75
161	80	74	77
162	81	74	77
164	82	73	77
163	82	71	77
164	81	72	78
164	80	72	78
162	79	72	77
161	78	73	76
159	77	74	75
159	76	72	73
159	76	71	72
158	76	71	71
157	75	71	71
156	75	71	71
156	77	71	70
155	76	70	70
153	77	70	70
152	78	69	69
153	80	68	67
151	82	70	71
152	87	67	72
151	93	68	72
153	98	67	73
152	104	67	71
149	108	69	73
147	109	68	72
142	103	66	74
129	89	70	78
126	73	71	70
126	55	72	67
125	40	73	74
125	25	74	74
126	16	78	74
126	9	76	74
127	7	75	74
128	7	75	73
129	9	75	75
129	15	80	75
130	25	78	78
131	36	76	78
131	52	76	78
132	69	75	77
133	88	75	76
132	104	74	77
130	119	73	77
127	128	75	77
126	136	75	76
127	140	74	75
126	142	75	74
126	142	74	75
125	141	74	74
123	140	73	74
122	139	72	73
120	138	72	73
117	136	73	73
116	134	73	73
116	133	73	72
115	133	74	73
115	132	74	73
115	131	74	74
116	131	74	73
116	130	73	73
116	129	73	74
116	128	73	74
116	127	74	74
117	126	73	75
116	125	73	74
117	123	73	75
117	122	74	75
118	120	74	75
118	118	74	76
119	116	74	76
120	115	75	75
122	113	74	78
123	112	74	76
123	111	75	75
125	109	74	76
124	106	74	78
124	105	75	78
125	104	74	77
126	103	73	78
125	102	75	78
126	101	76	75
128	101	75	74
130	101	73	76
131	100	73	76
132	100	75	75
134	99	74	75
133	99	75	74
134	98	73	74
134	98	74	74
135	98	73	74
136	97	74	74
135	98	74	75
136	98	74	75
137	98	74	75
137	97	74	75
138	96	74	75
138	97	74	75
139	97	75	75
139	95	75	75
141	95	75	75
141	95	75	75
142	94	76	75
142	93	76	75
143	93	76	76
144	93	77	75
146	93	76	75
146	93	76	75
148	93	76	74
150	94	75	75
152	93	73	75
152	93	73	75
152	92	74	75
154	91	74	75
155	92	75	75
155	91	76	76
155	90	75	76
155	91	76	76
156	90	76	76
156	90	77	76
156	89	76	77
155	90	78	76
157	89	76	77
157	89	77	77
156	89	76	76
156	90	77	76
157	89	77	76
155	90	79	77
155	91	78	77
155	90	78	77
155	90	79	76
156	90	77	77
154	89	78	76
154	89	78	77
155	89	77	77
156	89	77	78
155	88	77	76
155	87	77	78
156	86	76	77
156	86	76	77
157	85	75	77
158	85	76	78
160	84	75	77
161	84	75	76
162	81	75	77
164	78	75	76
166	78	75	77
167	77	75	77
168	77	76	75
170	76	77	77
172	75	76	77
173	75	76	77
176	75	76	78
177	75	75	79
178	75	76	80
180	74	76	78
181	75	77	78
182	75	76	78
183	74	77	78
184	74	78	79
186	75	77	78
187	74	76	77
186	74	77	78
186	73	77	78
186	73	77	79
185	72	78	80
184	71	78	81
184	69	78	81
185	68	78	80
185	67	78	79
185	68	78	77
185	67	78	80
187	66	78	80
187	66	78	78
187	66	78	78
187	65	78	78
186	65	77	79
187	64	78	80
187	64	78	78
188	65	77	77
187	65	77	78
186	64	77	78
187	64	77	78
187	65	77	78
186	65	77	77
186	65	77	78
186	65	77	78
186	66	77	77
186	66	77	77
186	67	77	77
186	68	76	77
187	68	77	77
188	69	76	76
190	69	75	75
189	70	76	77
189	70	77	77
191	71	76	77
192	72	76	76
193	73	75	75
194	73	75	77
194	72	75	77
195	73	75	76
195	74	75	76
194	74	76	77
194	74	75	76
194	75	76	77
194	74	76	77
195	75	75	76
193	74	77	77
193	74	76	77
193	74	76	76
193	73	76	75
193	74	75	74
192	74	76	75
192	73	75	75
192	74	75	75
191	74	75	74
191	74	74	74
189	75	75	75
190	74	75	75
190	74	75	75
190	74	75	74
189	75	74	74
187	74	74	75
186	74	74	73
185	75	73	74
184	75	73	73
183	75	73	73
180	75	75	74
179	75	74	74
178	75	74	73
177	75	75	73
175	75	75	74
173	74	73	73
171	74	73	73
170	74	73	73
168	74	73	73
166	73	74	73
163	74	73	74
161	73	73	74
160	73	73	74
160	73	73	73
158	75	72	73
158	76	71	71
157	76	71	71
155	77	71	71
154	76	72	73
153	77	73	73
151	76	73	72
149	76	74	73
147	75	75	73
147	74	74	73
145	73	73	74
144	73	73	73
142	72	73	72
141	71	73	74
140	70	73	73
139	69	73	74
138	69	73	74
137	68	74	73
137	69	73	72
135	68	73	73
134	67	73	72
133	67	74	73
132	67	73	72
131	68	73	72
130	68	73	72
129	67	73	73
129	67	73	73
130	68	74	74
130	68	73	74
129	68	75	74
129	68	73	74
129	67	74	75
128	67	75	75
128	66	76	75
129	66	77	76
128	66	77	76
127	65	78	77
128	63	79	79
128	64	79	79
126	63	81	80
126	63	82	81
126	62	83	81
126	62	82	82
126	61	83	83
126	60	85	84
127	61	85	84
127	60	86	85
128	61	86	85
127	60	87	86
127	59	88	87
127	59	89	89
127	58	89	90
128	58	90	91
127	57	91	91
125	57	92	92
124	56	94	94
125	55	94	95
125	54	95	96
124	54	96	96
123	54	97	97
121	54	97	98
118	52	99	100
116	51	100	101
114	50	101	102
112	49	103	103
110	48	104	104
109	48	105	105
107	48	106	106
104	47	107	108
102	47	109	110
100	46	110	110
98	46	112	111
95	45	113	112
93	44	113	114
90	43	115	116
87	44	116	117
87	43	117	118
85	43	119	119
85	43	121	120
83	42	123	121
82	41	124	124
82	40	125	125
83	41	126	126
83	42	127	127
85	42	128	127
86	42	128	127
87	42	128	128
86	41	128	130
86	41	128	131
86	41	130	132
86	41	131	132
86	41	133	134
86	40	135	133
85	40	133	134
84	38	134	135
83	38	134	137
81	39	136	138
79	38	137	138
77	38	138	138
74	38	140	138
71	38	138	139
67	36	139	140
64	36	138	141
59	34	140	142
52	35	142	144
47	36	142	142
42	35	144	144
36	35	144	146
32	35	144	146
28	35	144	146
24	36	145	148
21	37	145	148
18	37	146	147
15	38	147	150
12	38	146	151
4	41	147	155
1	48	146	155
0	64	143	159
0	86	142	163
0	117	135	167
0	154	132	163
0	200	123	157
0	251	118	107
0	295	116	63
227	127	32	91
196	225	133	74
172	273	51	85
174	278	61	80
175	294	193	65
174	259	168	98
185	275	204	83
217	302	169	56
199	296	195	63
232	300	165	59
197	290	197	69
232	298	167	60
81	335	129	23
76	330	106	28
71	310	141	48
72	289	151	70
78	267	149	91
82	251	150	107
86	239	149	119
89	227	148	131
89	213	150	143
89	198	152	150
90	181	152	154
90	163	152	153
90	147	151	154
94	132	149	147
94	120	150	151
94	111	149	153
94	104	146	152
94	97	146	152
93	93	144	146
91	89	142	145
89	88	140	143
89	90	137	133
89	92	133	130
89	95	129	125
91	97	124	123
91	99	120	121
91	101	115	116
93	103	106	112
93	104	104	102
93	106	101	99
96	107	98	98
99	109	95	100
103	113	91	95
109	117	87	91
112	119	84	89
111	120	83	89
109	117	82	84
103	107	81	80
102	87	77	83
104	65	79	81
109	48	77	76
117	33	75	75
122	22	74	74
127	13	74	74
132	8	72	72
136	6	71	71
139	5	71	70
142	7	71	70
145	11	70	71
148	18	70	72
150	27	71	73
152	39	71	72
154	54	70	74
157	72	69	72
159	93	71	75
159	111	72	73
160	124	69	75
158	136	69	74
156	142	70	74
154	147	69	72
150	148	70	73
146	147	70	72
143	147	71	72
141	145	70	72
139	144	69	72
136	142	70	72
134	140	69	72
133	139	69	72
129	138	68	70
127	136	68	71
124	134	68	72
120	133	70	72
119	133	69	71
118	131	69	72
115	130	70	72
111	128	71	72
111	128	70	72
110	126	70	72
110	125	69	72
109	124	68	72
107	123	68	71
104	121	71	72
103	120	72	72
102	119	71	72
101	117	70	72
101	116	70	72
100	114	70	72
98	113	70	72
99	110	70	72
98	108	70	72
98	106	70	72
97	105	71	71
98	103	71	72
98	100	72	72
99	99	72	73
99	98	72	72
100	96	72	73
102	95	72	74
104	94	72	74
103	93	73	75
104	92	73	75
106	91	74	75
107	91	72	75
109	91	72	74
109	90	72	75
112	90	73	75
112	90	73	75
113	89	71	74
113	89	72	75
115	88	73	75
115	88	73	76
115	88	73	76
116	87	73	76
116	86	75	76
116	85	73	77
116	85	74	76
117	84	74	77
117	83	75	77
116	83	73	76
116	83	74	76
116	81	74	76
115	81	76	76
115	81	75	76
115	80	74	76
115	80	74	76
114	80	76	76
115	81	74	76
115	81	73	75
114	81	75	76
115	81	76	76
114	81	75	75
115	81	74	75
115	81	75	76
115	81	76	77
116	80	74	75
116	80	75	76
117	80	74	76
117	80	75	76
118	80	73	75
118	80	74	75
119	79	75	76
119	79	74	76
119	78	74	75
119	77	75	75
120	78	75	76
120	78	75	76
120	78	75	76
121	79	74	76
122	79	73	76
124	79	73	76
123	79	73	76
124	79	74	76
124	79	74	76
126	78	73	76
125	79	74	76
125	79	74	76
126	80	74	76
126	79	74	77
125	79	75	77
126	80	74	77
126	79	75	77
126	80	75	77
126	80	76	77
125	79	76	77
125	80	76	76
126	81	77	77
128	81	76	77
127	82	75	77
127	82	76	77
128	82	75	77
129	82	75	78
128	83	77	78
129	83	75	76
128	84	76	75
128	84	76	76
131	85	75	76
127	85	76	76
128	86	75	76
129	86	75	76
130	85	74	76
128	85	76	76
129	86	74	75
127	87	75	74
128	87	75	76
128	88	75	75
126	89	76	75
126	90	75	76
126	90	75	75
126	90	75	76
126	91	75	76
127	91	74	75
127	93	74	75
127	92	75	75
127	92	75	75
126	93	75	75
127	93	75	74
127	93	75	74
127	92	75	74
127	92	76	75
128	92	75	75
128	91	76	75
128	91	77	75
130	90	76	75
129	91	77	75
130	91	76	75
131	91	75	75
134	91	76	75
136	91	75	75
140	92	72	76
142	92	73	76
144	92	73	75
146	92	74	76
150	91	73	76
152	92	75	76
155	92	75	76
158	92	74	75
161	92	73	75
163	92	74	75
167	93	73	75
170	93	72	75
174	93	73	75
177	92	74	76
175	92	73	74
173	91	72	74
171	89	70	73
169	87	72	75
169	86	71	75
167	85	72	75
167	85	72	73
168	85	71	74
170	85	71	74
172	84	71	74
170	84	73	74
170	83	72	73
169	83	72	74
172	82	69	75
169	82	71	74
169	83	71	73
168	83	71	73
169	83	70	73
169	84	70	74
168	85	72	72
167	86	72	72
167	85	72	74
166	85	69	74
163	85	70	73
160	85	68	73
157	84	70	72
154	85	70	73
152	85	73	73
150	86	72	72
149	86	71	73
149	86	70	74
147	87	74	74
147	88	72	73
146	87	71	72
146	86	72	74
145	87	74	74
146	87	73	73
145	88	74	74
145	90	73	75
145	90	73	75
145	93	74	74
145	95	74	75
147	94	74	75
148	95	74	75
148	95	75	76
145	95	75	77
142	93	77	77
139	92	76	78
133	91	79	78
131	90	78	78
129	90	77	79
128	89	78	80
127	88	79	81
127	88	79	80
