0.051152
0.081965
0.087794
0.050709
0.088958
0.088459
0.040856
0.057071
0.077863
0.042403
0.074818
0.050839
0.054335
0.077762
0.066171
0.046154
0.068031
0.049608
0.074437
0.079447
0.057307
0.052196
0.087358
0.052081
0.055900
0.088113
0.058435
0.063204
0.067796
0.114864
0.041373
0.072449
0.043435
0.057224
0.086673
0.065984
0.055408
0.077221
0.074562
0.042410
0.062731
0.044106
0.054211
0.065772
0.049761
0.064952
0.057283
0.053095
0.094740
0.045622
0.045004
0.053540
0.045320
0.087234
0.058791
0.052714
0.078161
0.061888
0.041967
0.058221
0.044198
0.040748
0.116124
0.060193
0.055508
0.040914
0.063778
0.071024
0.051942
0.066156
0.060993
0.048435
0.050684
0.047784
0.085056
0.048616
0.062771
0.075506
0.059617
0.048079
0.068683
0.048770
0.046675
0.048943
0.074968
0.054432
0.048737
0.077312
0.049929
0.050850
0.051007
0.047165
0.083249
0.041033
0.059682
0.083927
0.112795
0.070228
0.051180
0.074148
0.059188
0.047232
0.061557
0.041574
0.068644
0.067891
0.051537
0.075006
0.049664
0.054561
0.062048
0.050212
0.064387
0.053102
0.070758
0.056026
0.058730
0.077520
0.079236
0.051712
0.051537
0.045873
0.066734
0.052588
0.052154
0.083721
0.080348
0.043635
0.050227
0.072226
0.037233
0.184289
0.043985
0.073294
0.073978
0.052061
0.058503
0.043034
0.069553
0.074400
0.051179
0.053659
0.052139
0.048143
0.072365
0.047248
0.046134
0.089853
0.068981
0.054579
0.054718
0.050808
0.070038
0.063665
0.044541
0.077785
0.061631
0.056535
0.072851
0.047443
0.056455
0.081212
0.037476
0.123563
0.050512
0.057988
0.066905
0.041412
0.052376
0.044961
0.078094
0.068601
0.053134
0.070435
0.039901
0.050582
0.047863
0.059907
0.045623
0.051615
0.067722
0.054549
0.057244
0.053234
0.057291
0.083534
0.046371
0.050169
0.064801
0.044683
0.044398
0.052847
0.085906
0.062340
0.054620
0.175857
0.064900
0.043492
0.057046
0.058384
0.096223
0.070932
0.085263
0.083390
0.093260
0.049298
0.086717
0.045521
0.053511
0.071028
0.049054
0.055202
0.075195
0.048485
0.069495
0.067266
0.035814
0.078561
0.096680
0.046791
0.051131
0.063730
0.042114
0.087721
0.059507
0.050299
0.165074
0.053906
0.072514
0.062100
0.050470
0.074763
0.054042
0.059180
0.082507
0.075142
0.057728
0.056834
0.046329
0.048692
0.073968
0.045721
0.065101
0.072949
0.049939
0.066572
0.049839
0.067923
0.068430
0.042975
0.079124
0.077547
0.050312
0.049365
0.048709
0.060022
0.072790
0.046900
0.055450
0.178270
0.045005
0.061658
0.055063
0.070990
0.057467
0.054047
0.070459
0.049602
0.063118
0.047933
0.057852
0.077530
0.049530
0.056935
0.069735
0.047626
0.041486
0.039961
0.073459
0.060792
0.049410
0.078582
0.046244
0.059536
0.061157
0.048257
0.067666
0.046620
0.069449
0.056415
0.102475
0.111917
0.049311
0.081283
0.075065
0.044741
0.082315
0.096650
0.067147
0.047556
0.053090
0.040042
0.060349
0.065200
0.041822
0.077652
0.055310
0.057090
0.082627
0.068695
0.045472
0.066144
0.048585
0.064243
0.066724
0.052170
0.088570
0.059833
0.042339
0.048901
0.057500
0.085286
0.052340
0.053981
0.073006
0.103436
0.104745
0.056982
0.046692
0.082679
0.050973
0.049923
0.055696
0.051567
0.064339
0.057049
0.074019
0.056418
0.052619
0.077330
0.083513
0.053114
0.057333
0.078817
0.078403
0.054105
0.080215
0.076435
0.050626
0.073068
0.058855
0.050476
0.061875
0.043244
0.044798
0.068918
0.050051
0.049767
0.042165
0.137331
0.049989
0.065531
0.051729
0.077025
0.077762
0.050865
0.057047
0.065964
0.050563
0.069333
0.064215
0.041685
0.036854
0.049145
0.088865
0.075971
0.046981
0.061929
0.070661
0.046921
0.052300
0.042203
0.057380
0.043602
0.072492
0.040915
0.060503
0.072953
0.042677
0.068253
0.047289
0.068229
0.065013
0.056231
0.160635
0.068187
0.047516
0.069759
0.047120
0.075328
0.081774
0.071423
0.036601
0.077237
0.041110
0.078225
0.076167
0.049262
0.060292
0.066772
0.050135
0.089404
0.052289
0.046949
0.073138
0.047675
0.063332
0.053591
0.051129
0.092482
0.049306
0.053582
0.074371
0.067481
0.098678
0.100750
0.043775
0.049459
0.055593
0.074653
0.061388
0.058485
0.086830
0.054066
0.052771
0.080894
0.062827
0.043809
0.082113
0.073319
0.048479
0.048411
0.040997
0.063664
0.088128
0.089718
0.051958
0.058610
0.075910
0.041485
0.061390
0.042669
0.045632
0.108294
0.046751
0.047856
0.082912
0.093348
0.053326
0.093583
0.062877
0.041727
0.075426
0.048074
0.052891
0.080123
0.067443
0.054393
0.066816
0.048858
0.049999
0.081307
0.041115
0.042112
0.053370
0.074306
0.053459
0.054502
0.055692
0.050240
0.082598
0.050189
0.046809
0.081152
0.050720
0.058543
0.053811
0.056608
0.068074
0.048049
0.149893
0.071356
0.047379
0.073658
0.035825
0.079787
0.053139
0.045129
0.052092
0.044589
0.059476
0.048651
0.074026
0.040806
0.058927
0.071645
0.047312
0.078340
0.084748
0.047706
0.062885
0.060623
0.043250
0.078424
0.044706
0.046191
0.046060
0.077287
0.087976
0.054675
0.057320
0.067843
0.067881
0.040228
0.153572
0.041515
0.070295
0.045786
0.083279
0.051558
0.048303
0.083345
0.059190
0.052493
0.070776
0.048693
0.058711
0.060800
0.060204
0.077153
0.061335
0.034124
0.052235
0.046309
0.087927
0.050915
0.052671
0.060058
0.041974
0.077192
0.041176
0.070848
0.045277
0.058774
0.085234
0.055687
0.057522
0.126315
0.053507
0.049314
0.073205
0.055657
0.064804
0.090705
0.057807
0.038959
0.060031
0.049801
0.057779
0.035003
0.073318
0.044433
0.042027
0.055384
0.065676
0.065465
0.049537
0.061197
0.056894
0.072560
0.063747
0.045723
0.070924
0.053846
0.051589
0.086998
0.099673
0.056422
0.055061
0.102287
0.142287
0.058605
0.048202
0.069746
0.055328
0.055814
0.058237
0.050943
0.060747
0.055614
0.084106
0.054251
0.045312
0.081887
0.061292
0.045911
0.043766
0.058463
0.088794
0.082882
0.045638
0.047096
0.050037
0.065606
0.073505
0.041652
0.059287
0.066484
0.051745
0.087730
0.058539
0.110757
0.048768
0.052597
0.041114
0.038677
0.046719
0.064920
0.083763
0.050205
0.059994
0.051438
0.045000
0.070498
0.077556
0.044482
0.046361
0.061162
0.068049
0.054195
0.062426
0.085595
0.052679
0.062863
0.058671
0.036219
0.042894
0.045715
0.071115
0.051846
0.060961
0.048336
0.050518
0.067114
0.059929
0.063809
0.054459
0.046417
0.046615
0.049120
0.077935
0.055828
0.062962
0.073925
0.048501
0.051676
0.049157
0.058534
0.077926
0.044960
0.047100
0.042427
0.077968
0.058240
0.052379
0.083053
0.072335
0.053504
0.058472
0.045409
0.070530
0.061490
0.046551
0.079406
0.074083
0.044364
0.079111
0.083614
0.051666
0.049688
0.058094
0.044617
0.058961
0.048463
0.062104
0.039293
0.036689
0.035937
0.036939
0.039087
0.035447
0.053578
0.056390
0.062471
0.037454
0.037447
0.036401
0.042279
0.037358
0.056218
0.044400
0.040548
0.043039
0.041206
0.044653
0.043864
0.087314
0.067532
0.037426
0.052299
0.076875
0.081474
0.039084
0.052874
0.037903
0.070907
0.034298
0.092665
0.087151
0.087528
0.091942
0.081279
0.109942
0.109504
0.080077
0.037744
0.039958
0.069466
0.034031
0.065402
0.100613
0.113538
0.042886
0.044623
0.042261
0.038506
0.038579
0.061405
0.043127
0.057802
0.038868
0.055889
0.037737
0.037399
0.038284
0.065042
0.109537
0.167838
0.106215
0.042802
0.044604
0.036242
0.067671
0.039086
0.077564
0.041875
0.058404
0.077050
0.051530
0.069242
0.066796
0.041184
0.064139
0.053398
0.061890
0.072386
0.065365
0.058685
0.093986
0.059794
0.077430
0.078671
0.053050
0.070225
0.057859
0.052539
0.078316
0.064687
0.048278
0.049654
0.047757
0.060961
0.046652
0.066007
0.049208
0.052440
0.089498
0.061120
0.045713
0.066698
0.075191
0.059202
0.077060
0.060701
0.042877
0.055036
0.048803
0.092731
0.054473
0.111148
0.130535
0.079196
0.059868
0.045114
0.066964
0.038285
0.093105
0.066839
0.050574
0.063660
0.079150
0.053392
0.059825
0.044207
0.059195
0.079002
0.038575
0.064132
0.050029
0.061660
0.062720
0.040918
0.046345
0.050259
0.077996
0.048586
0.049812
0.066620
0.052052
0.060107
0.063029
0.051385
0.057904
0.183243
0.056579
0.082908
0.071756
0.052588
0.046540
0.042439
0.070062
0.039328
0.073226
0.074881
0.042380
0.064125
0.079505
0.058297
0.057758
0.083665
0.056571
0.069065
0.077967
0.061362
0.050660
0.050534
0.048870
0.086950
0.053262
0.045497
0.058375
0.040671
0.072529
0.043772
0.045800
0.124757
0.095137
0.046101
0.058399
0.096604
0.084346
0.068331
0.055654
0.064793
0.049131
0.048646
0.069403
0.052988
0.064175
0.053475
0.048553
0.066648
0.052945
0.042088
0.039026
0.060852
0.052425
0.071659
0.079509
0.072944
0.042493
0.037205
0.055535
0.063158
0.043269
0.071402
0.044637
0.041605
0.070210
0.105899
0.089877
0.042867
0.076480
0.075310
0.052618
0.067847
0.064812
0.047556
0.087616
0.081298
0.057359
0.058103
0.085383
0.051154
0.055997
0.057580
0.047446
0.066441
0.042781
0.063351
0.046893
0.067094
0.074864
0.048555
0.068091
0.060076
0.044952
0.054608
0.040056
0.059277
0.057044
0.076042
0.067072
0.045742
0.073987
0.054904
0.073146
0.095557
0.059325
0.055650
0.075549
0.076164
0.056096
0.060291
0.072044
0.048104
0.061880
0.044512
0.044227
0.055277
0.043061
0.077648
0.050727
0.064648
0.058250
0.039789
0.050312
0.071781
0.058218
0.039577
0.069276
0.054400
0.048151
0.068653
0.036425
0.076174
0.186959
0.069992
0.051230
0.066890
0.042676
0.075682
0.069804
0.046911
0.061373
0.034013
0.071812
0.043963
0.042637
0.084499
0.043198
0.041942
0.048584
0.077046
0.079317
0.052416
0.053927
0.039018
0.074054
0.081046
0.084973
0.072113
0.059197
0.088505
0.073184
0.054387
0.057265
0.074932
0.087111
0.137667
0.055602
0.042019
0.080778
0.049956
0.053102
0.083453
0.070381
0.054625
0.050252
0.042698
0.044806
0.061926
0.051187
0.080659
0.037802
0.046624
0.058617
0.041987
0.071317
0.086664
0.047516
0.072969
0.048238
0.052997
0.063778
0.044027
0.072847
0.051843
0.061047
0.075681
0.037733
0.080934
0.079861
0.121270
0.071621
0.049250
0.060210
0.040950
0.066146
0.063788
0.042468
0.045892
0.056799
0.058164
0.079388
0.054976
0.049461
0.063655
0.047901
0.046911
0.046472
0.080482
0.095509
0.089662
0.058762
0.046876
0.080783
0.077266
0.043410
0.089080
0.068356
0.047904
0.070664
0.036843
0.101573
0.129896
0.077352
0.037877
0.061276
0.049833
0.069050
0.080417
0.044527
0.079835
0.063772
0.042746
0.066823
0.070999
0.054769
0.076955
0.078653
0.041739
0.053885
0.052236
0.081273
0.064612
0.037426
0.078687
0.065015
0.054766
0.084572
0.087560
0.080091
0.076492
0.049789
0.079632
0.064510
0.050155
0.077903
0.165641
0.104409
0.045234
0.055387
0.046155
0.078199
0.053986
0.054656
0.080652
0.071341
0.046518
0.070854
0.094342
0.038216
0.062320
0.063290
0.049260
0.071289
0.042482
0.074115
0.036933
0.050943
0.053096
0.045974
0.080484
0.061081
0.038352
0.054311
0.061191
0.088372
0.071746
0.057131
0.068604
0.081059
0.170171
0.054012
0.076234
0.060869
0.051606
0.059719
0.049508
0.061935
0.061180
0.051134
0.060448
0.037380
0.045267
0.055128
0.070749
0.035110
0.069525
0.068080
0.053624
0.076117
0.079185
0.052435
0.053744
0.055893
0.052841
0.062891
0.046944
0.057887
0.038486
0.039860
0.051618
0.053812
0.083879
0.053793
0.055400
0.066796
0.104995
0.073813
0.045979
0.039582
0.045599
0.085857
0.052846
0.052106
0.072204
0.051493
0.056401
0.069163
0.043375
0.067399
0.039128
0.072975
0.061686
0.037285
0.057553
0.041571
0.070456
0.088684
0.043617
0.091192
0.064839
0.037221
0.068383
0.055292
0.063076
0.068721
0.047071
0.083020
0.052960
0.046763
0.073590
0.050643
0.074263
0.060571
0.054797
0.068196
0.043996
0.045509
0.036287
0.066302
0.074299
0.042578
0.064605
0.084960
0.045431
0.061382
0.072281
0.045381
0.083399
0.078186
0.040781
0.066250
0.064136
0.054761
0.078836
0.057546
0.043122
0.037291
0.061749
0.054729
0.043344
0.040644
0.055782
0.049215
0.037131
0.040779
0.124307
0.053585
0.033849
0.046806
0.049321
0.046253
0.060183
0.037434
0.060518
0.035647
0.049366
0.048539
0.058434
0.042591
0.046819
0.043033
0.061613
0.041472
0.055714
0.041293
0.066438
0.049111
0.055283
0.068158
0.044191
0.047543
0.053598
0.074191
0.077671
0.041354
0.047680
0.056718
0.065597
0.047559
0.038339
0.052665
0.117359
0.101297
0.055029
0.063334
0.059282
0.057645
0.094615
0.078496
0.061410
0.043324
0.034898
0.066649
0.078970
0.048863
0.043952
0.038296
0.057425
0.052163
0.049101
0.048900
0.063348
0.042420
0.043304
0.048878
0.066603
0.062398
0.052819
0.043760
0.037778
0.055763
0.052257
0.050803
0.048598
0.054739
0.075506
0.107905
0.085555
0.051702
0.070024
0.069191
0.052259
0.091174
0.106520
0.093078
0.053579
0.084892
0.088897
0.046508
0.054387
0.083911
0.096011
0.087531
0.038962
0.053692
0.070932
0.075600
0.104636
0.043443
0.074282
0.059449
0.046673
0.055153
0.044730
0.042319
0.042846
0.040200
0.047438
0.051382
0.113599
0.108328
0.192253
0.127136
0.036342
0.066082
0.052959
0.052577
0.078754
0.055467
0.048008
0.067324
0.048327
0.052614
0.050099
0.055734
0.052345
0.056234
0.075412
0.046222
0.062275
0.067333
0.043380
0.068631
0.047273
0.072423
0.048368
0.053765
0.081017
0.047410
0.060815
0.084110
0.050135
0.062668
0.056808
0.047915
0.080605
0.039290
0.045225
0.049870
0.068408
0.044952
0.050265
0.037380
0.072719
0.050279
0.049418
0.074683
0.051309
0.076134
0.086771
0.050050
0.049199
0.052980
0.052037
0.079827
0.063702
0.038340
0.047315
0.054278
0.054996
0.049013
0.049199
0.050121
0.065940
0.047014
0.051448
0.050555
0.071750
0.079766
0.119842
0.073588
0.045456
0.044634
0.041438
0.078345
0.050183
0.054801
0.073563
0.050431
0.056296
0.050910
0.054655
0.065096
0.039664
0.087254
0.048598
0.041139
0.057908
0.046912
0.082751
0.047564
0.045768
0.043316
0.063216
0.059129
0.063736
0.075281
0.053366
0.048033
0.079564
0.066242
0.050407
0.064589
0.053735
0.112531
0.048628
0.061212
0.047998
0.055105
0.041227
0.060472
0.048707
0.043365
0.057143
0.060566
0.062125
0.055827
0.051976
0.052748
0.047348
0.046516
0.041849
0.093591
0.101863
0.067632
0.051835
0.078012
0.071404
0.055222
0.073708
0.079645
0.068289
0.042720
0.085741
0.064025
0.054948
0.083966
0.092848
0.121904
0.046714
0.044414
0.039146
0.046597
0.056145
0.060009
0.055883
0.049856
0.050040
0.111931
0.111644
0.096093
0.050539
0.058286
0.060574
0.048415
0.063766
0.069512
0.056072
0.053770
0.045118
0.066052
0.084460
0.043777
0.056109
0.047982
0.072132
0.070658
0.046947
0.081941
0.057403
0.052667
0.129685
0.046120
0.069617
0.048100
0.072884
0.085265
0.055754
0.039629
0.065464
0.060480
0.078306
0.068894
0.052550
0.055665
0.034678
0.089083
0.082674
0.048163
0.048707
0.042189
0.064093
0.074755
0.044866
0.067196
0.041364
0.048274
0.049107
0.047524
0.075398
0.042538
0.047301
0.052586
0.072803
0.093819
0.088059
0.104278
0.087470
0.048920
0.060236
0.062325
0.040565
0.066157
0.045772
0.059931
0.050947
0.061582
0.077513
0.048052
0.051133
0.047084
0.042434
0.045282
0.065153
0.065892
0.041606
0.041743
0.048749
0.063439
0.040653
0.058197
0.046695
0.064416
0.049497
0.054384
0.061982
0.045495
0.116882
0.038941
0.045281
0.041195
0.067686
0.050846
0.052018
0.047147
0.065146
0.079669
0.073466
0.056152
0.075674
0.067300
0.041123
0.049370
0.052002
0.079303
0.073856
0.037207
0.069290
0.046402
0.073815
0.081742
0.051645
0.050226
0.045902
0.050417
0.070351
0.045656
0.040145
0.046829
0.075419
0.062091
0.107997
0.048524
0.086721
0.077644
0.050080
0.054900
0.045429
0.045813
0.065034
0.042463
0.074156
0.043399
0.053499
0.038793
0.089170
0.075545
0.041342
0.051028
0.048704
0.051642
0.085421
0.060371
0.056504
0.076294
0.054437
0.052843
0.074545
0.044847
0.047410
0.078480
0.040233
0.069307
0.049919
0.063073
0.153889
0.053864
0.086396
0.050161
0.050918
0.079181
0.057255
0.054665
0.069896
0.057063
0.052478
0.061008
0.057672
0.079072
0.076866
0.044276
0.063570
0.053204
0.040509
0.055524
0.053014
0.063957
0.054158
0.065892
0.065268
0.053914
0.078786
0.062145
0.036483
0.042927
0.057855
0.086221
0.117290
0.086043
0.059587
0.041606
0.064017
0.049039
0.043206
0.042562
0.068662
0.041347
0.059853
0.049504
0.052094
0.075456
0.047797
0.043762
0.042531
0.079766
0.067070
0.056949
0.057024
0.046297
0.038593
0.035076
0.049409
0.048738
0.044930
0.040280
0.042476
0.064227
0.068300
0.054693
0.059556
0.058241
0.128297
0.042229
0.082005
0.073053
0.057235
0.042274
0.064533
0.052602
0.074819
0.045265
0.056590
0.067478
0.051026
0.071229
0.069685
0.045177
0.049526
0.066499
0.054193
0.054358
0.040299
0.081586
0.071159
0.046480
0.066324
0.060732
0.044374
0.035529
0.049392
0.056587
0.048231
0.035907
0.052088
0.064117
0.101915
0.039418
0.072160
0.058449
0.052597
0.045737
0.046846
0.037438
0.045912
0.050041
0.053293
0.038678
0.059371
0.071348
0.047668
0.056752
0.050343
0.045784
0.061583
0.044521
0.074684
0.050187
0.058412
0.071580
0.045818
0.064229
0.039634
0.060284
0.055565
0.040245
0.051765
0.051555
0.063563
0.091196
0.115074
0.041938
0.069769
0.043771
0.055572
0.054578
0.043236
0.083969
0.066570
0.060877
0.074978
0.059489
0.049749
0.051164
0.036618
0.054649
0.044763
0.067247
0.046055
0.041116
0.035883
0.063138
0.042425
0.056638
0.043036
0.059421
0.054136
0.062534
0.068494
0.045017
0.074118
0.087719
0.085824
0.051847
0.055238
0.042637
0.070112
0.064744
0.039774
0.053735
0.052394
0.069119
0.055294
0.051941
0.055382
0.051445
0.058539
0.054972
0.068611
0.070255
0.042738
0.040031
0.048021
0.074881
0.075195
0.051143
0.060330
0.046157
0.060237
0.037603
0.087286
0.082832
0.084251
0.092747
0.112971
0.061816
0.054949
0.075488
0.080515
0.043022
0.083000
0.054170
0.044173
0.057500
0.042487
0.071599
0.051805
0.062613
0.081459
0.047235
0.050516
0.051577
0.050947
0.051926
0.047386
0.070936
0.041018
0.075820
0.055201
0.049183
0.083062
0.046767
0.061860
0.051057
0.051330
0.078870
0.052990
0.053201
0.153008
0.047563
0.065320
0.040173
0.062043
0.054128
0.071608
0.088858
0.068084
0.051548
0.069684
0.036972
0.073013
0.086473
0.070349
0.051897
0.069313
0.059800
0.045185
0.052122
0.055919
0.060313
0.044489
0.067255
0.077837
0.049106
0.035298
0.042581
0.085956
0.061263
0.047131
0.065102
0.085114
0.133741
0.086426
0.048986
0.041325
0.053615
0.051458
0.051251
0.058127
0.069436
0.048575
0.055114
0.069822
0.051757
0.057192
0.053734
0.064733
0.048846
0.051325
0.047650
0.063632
0.075296
0.046907
0.058256
0.069793
0.052420
0.084627
0.067552
0.037924
0.047490
0.038426
0.057514
0.044282
0.069336
0.039129
0.072537
0.055549
0.057510
0.048167
0.095575
0.092903
0.046986
0.049460
0.055422
0.069748
0.036885
0.049041
0.054106
0.066704
0.096402
0.070488
0.062929
0.061544
0.073126
0.043941
0.036691
0.049043
0.068702
0.048126
0.053282
0.048730
0.071552
0.077638
0.053195
0.056340
0.060388
0.044425
0.077200
0.044642
0.062352
0.064615
0.107899
0.038029
0.083411
0.059031
0.046005
0.054722
0.066066
0.066863
0.056949
0.041802
0.048888
0.041671
0.071510
0.044679
0.046648
0.035740
0.082806
0.083935
0.047324
0.048119
0.048045
0.065362
0.042268
0.049199
0.084943
0.036762
0.058372
0.045283
0.062479
0.051899
0.042748
0.039146
0.136497
0.051790
0.069584
0.038194
0.055827
0.074837
0.047179
0.044721
0.043431
0.036101
0.056465
0.064883
0.042593
0.073011
0.051064
0.055200
0.061795
0.053165
0.040719
0.045180
0.036991
0.058252
0.080839
0.051359
0.048872
0.073360
0.054136
0.068869
0.075201
0.046253
0.065262
0.058317
0.033762
0.062536
0.049353
0.101456
0.054008
0.049062
0.055429
0.043378
0.040855
0.045417
0.055207
0.049925
0.049529
0.043507
0.069277
0.034885
0.049184
0.048971
0.051801
0.040543
0.042413
0.045170
0.062471
0.040015
0.070265
0.046115
0.047621
0.043604
0.039628
0.053823
0.068958
0.048729
0.048858
0.057909
0.041847
0.050736
0.046572
0.048249
0.041501
0.049315
0.041649
0.042748
0.046270
0.048746
0.040252
0.041074
0.067219
0.050143
0.049286
0.045037
0.041256
0.037269
0.069507
0.049935
0.048362
0.041741
0.053214
0.072309
0.047964
0.065937
0.042175
0.063733
0.055680
0.052853
0.068888
0.046938
0.061495
0.046834
0.055108
0.065189
0.040735
0.053098
0.052532
0.067081
0.056011
0.051803
0.062216
0.037854
0.046448
0.060355
0.052061
0.039894
0.047216
0.051452
0.046438
0.051464
0.044810
0.045566
0.061046
0.051289
0.057960
0.054996
0.056519
0.048030
0.055611
0.076779
0.047578
0.052574
0.053899
0.054270
0.060062
0.043593
0.047275
0.044072
0.066979
0.048718
0.043662
0.038591
0.042466
0.048939
0.050813
0.045927
0.041750
0.057264
0.044323
0.040845
0.061672
0.051981
0.049471
0.037894
0.051543
0.048233
0.052133
0.044518
0.045764
0.051809
0.076551
0.039437
0.055141
0.050076
0.132179
0.122202
0.055712
0.052017
0.086013
0.060858
0.050581
0.059154
0.054385
0.066998
0.058826
0.053179
0.069253
0.048371
0.061357
0.059278
0.043815
0.037001
0.048882
0.068356
0.038302
0.070623
0.037408
0.079170
0.066529
0.040427
0.073318
0.046803
0.047611
0.071748
0.049335
0.065200
0.046372
0.066527
0.064741
0.051563
0.070228
0.077860
0.137374
0.070756
0.038089
0.055491
0.049116
0.045165
0.047642
0.053200
0.041794
0.058570
0.041057
0.059225
0.045164
0.054943
0.047171
0.045204
0.040652
0.058147
0.050638
0.054676
0.037476
0.042958
0.059348
0.046712
0.044167
0.037663
0.062021
0.045979
0.049486
0.039554
0.058495
0.049309
0.068820
0.042069
0.075214
0.046274
0.104488
0.038505
0.055408
0.054983
0.050568
0.051805
0.063127
0.045943
0.050603
0.069775
0.046568
0.065725
0.043057
0.037345
0.041893
0.040297
0.050196
0.049990
0.047739
0.043388
0.052019
0.052011
0.038837
0.060309
0.050037
0.050214
0.047594
0.054319
0.044370
0.080666
0.039604
0.062876
0.052118
0.042980
0.035977
0.063483
0.062583
0.073659
0.046177
0.053411
0.055824
0.047433
0.052736
0.047616
0.050209
0.052923
0.075119
0.045370
0.067574
0.070367
0.065145
0.045570
0.051177
0.054278
0.049657
0.047653
0.061213
0.049885
0.043788
0.048871
0.071510
0.069407
0.051681
0.081104
0.051806
0.054560
0.158922
0.054567
0.062854
0.038748
0.049237
0.115828
0.042903
0.063139
0.060893
0.057965
0.054525
0.052155
0.035952
0.071291
0.055623
0.041435
0.045439
0.055092
0.058784
0.060111
0.070276
0.043113
0.084886
0.062108
0.061620
0.051009
0.049626
0.064836
0.062744
0.045906
0.074533
0.114534
0.091973
0.073159
0.047128
0.074683
0.066369
0.055274
0.054949
0.053230
0.053323
0.072989
0.054850
0.076487
0.064834
0.053045
0.062243
0.052599
0.054119
0.055758
0.047725
0.045957
0.041341
0.077085
0.065776
0.047674
0.066751
0.052573
0.070665
0.058682
0.040138
0.059285
0.047884
0.111262
0.044632
0.050433
0.050024
0.071719
0.046678
0.038818
0.068782
0.045742
0.077747
0.063023
0.044058
0.076596
0.046779
0.066172
0.064884
0.042662
0.076797
0.048584
0.042084
0.059403
0.042677
0.053794
0.050940
0.097967
0.091598
0.055742
0.054666
0.084456
0.071047
0.052660
0.071247
0.065168
0.115743
0.083465
0.049276
0.053782
0.051634
0.048616
0.051542
0.052670
0.039536
0.047511
0.064394
0.049393
0.051009
0.038345
0.052185
0.046205
0.044357
0.049656
0.077618
0.054633
0.053176
0.048262
0.052953
0.053583
0.051799
0.066193
0.071221
0.053205
0.073964
0.101250
0.096171
0.067223
0.043440
0.062761
0.051841
0.076568
0.053015
0.048884
0.062689
0.037352
0.050410
0.037113
0.063720
0.051459
0.073744
0.047773
0.060436
0.066987
0.048675
0.062399
0.039063
0.063304
0.059532
0.043191
0.053524
0.039451
0.062125
0.049301
0.053065
0.036923
0.044724
0.056946
0.066949
0.046870
0.042819
0.042745
0.151274
0.084198
0.055023
0.068233
0.053601
0.055454
0.053607
0.049846
0.052617
0.042936
0.066422
0.039275
0.056293
0.050020
0.074298
0.053940
0.049051
0.073080
0.053353
0.060560
0.053545
0.055737
0.055413
0.047791
0.043139
0.054495
0.069898
0.052606
0.053568
0.081767
0.050044
0.047777
0.105019
0.117058
0.062714
0.048406
0.056192
0.057281
0.053426
0.052665
0.054356
0.057751
0.035441
0.040565
0.051142
0.067927
0.049872
0.053108
0.036980
0.034902
0.052495
0.051326
0.044303
0.044559
0.065077
0.053677
0.051950
0.050466
0.050678
0.043875
0.049362
0.059077
0.045716
0.054214
0.042471
0.043054
0.047619
0.051373
0.054865
0.055234
0.053015
0.050045
0.047630
0.044612
0.043389
0.040826
0.039231
0.056397
0.054804
0.052552
0.044985
0.041977
0.037611
0.061594
0.052317
0.048917
0.047347
0.044988
0.044960
0.044860
0.050221
0.045218
0.038028
0.061661
0.060676
0.051249
0.035776
0.051529
0.056844
0.050496
0.056003
0.052610
0.062781
0.051030
0.053889
0.049865
0.054740
0.067104
0.038421
0.051204
0.075783
0.051816
0.083916
0.046550
0.040289
0.047602
0.071344
0.067750
0.052574
0.073042
0.067117
0.055601
0.084312
0.058840
0.053013
0.045893
0.037804
0.073787
0.044730
0.047813
0.044173
0.053044
0.051885
0.055939
0.047192
0.047344
0.071900
0.045358
0.038759
0.042880
0.054122
0.056942
0.070018
0.051109
0.055399
0.068800
0.052123
0.072968
0.056281
0.053124
0.084449
0.051828
0.052092
0.075238
0.053854
0.054483
0.086553
0.096490
0.042876
0.055449
0.040662
0.061621
0.050071
0.060848
0.085029
0.060339
0.060822
0.063846
0.046337
0.043647
0.059937
0.061388
0.060349
0.050377
0.059132
0.046418
0.062513
0.060484
0.057994
0.088219
0.055515
0.057323
0.043603
0.046833
0.070741
0.042769
0.077252
0.040640
0.063851
0.084686
0.156369
0.042376
0.053096
0.048738
0.055329
0.047662
0.053257
0.034858
0.037050
0.036367
0.037775
0.037431
0.048831
0.044916
0.036287
0.055525
0.041752
0.051644
0.038848
0.055826
0.041508
0.040534
0.043737
0.046469
0.044633
0.050640
0.053863
0.039273
0.037116
0.037465
0.058660
0.068241
0.035824
0.071738
0.035290
0.073882
0.040876
0.041833
0.035423
0.057755
0.077761
0.077470
0.035915
0.084146
0.069612
0.046971
0.067229
0.035477
0.065675
0.038316
0.037220
0.036844
0.035724
0.039776
0.036422
0.035037
0.037055
0.035618
0.047300
0.036066
0.051349
0.054218
0.121600
0.125895
0.122824
0.054027
0.031696
0.032169
0.037470
0.049529
0.034712
0.051325
0.075362
0.046995
0.047843
0.041433
0.052481
0.044248
0.061352
0.052969
0.060069
0.046839
0.038251
0.041658
0.038986
0.045195
0.060870
0.058545
0.039957
0.042307
0.052267
0.053472
0.049590
0.068959
0.050608
0.049389
0.051759
0.048846
0.049420
0.046081
0.046743
0.055643
0.054413
0.054659
0.065975
0.049612
0.053344
0.048632
0.062100
0.049983
0.050247
0.074428
0.042571
0.039718
0.044155
0.061255
0.037554
0.070177
0.041705
0.037330
0.094497
0.043482
0.043111
0.051941
0.077317
0.056687
0.116962
0.129080
0.053399
0.052694
0.083269
0.060187
0.053125
0.084263
0.056931
0.044141
0.075213
0.041239
0.041829
0.079998
0.083475
0.050121
0.069728
0.050161
0.055616
0.061711
0.038693
0.045072
0.054992
0.054039
0.052561
0.060489
0.049295
0.066940
0.057881
0.056213
0.036542
0.041244
0.065381
0.042053
0.043473
0.117105
0.054628
0.046460
0.065521
0.042355
0.054911
0.041860
0.049472
0.047297
0.080884
0.048497
0.045323
0.045468
0.045038
0.043501
0.046677
0.088154
0.048936
0.056910
0.060947
0.041315
0.046103
0.050442
0.069390
0.046914
0.062371
0.062541
0.051319
0.068977
0.048331
0.076500
0.061193
0.041318
0.080460
0.056552
0.109968
0.047459
0.055965
0.049250
0.063092
0.066388
0.049822
0.081618
0.056508
0.055667
0.074690
0.053457
0.049423
0.070386
0.047303
0.046319
0.044567
0.062227
0.054852
0.051909
0.040387
0.044561
0.056334
0.051613
0.046490
0.052612
0.062308
0.048647
0.048087
0.046510
0.078005
0.053693
0.045394
0.060236
0.036527
0.186760
0.049361
0.045536
0.035587
0.068691
0.045671
0.065799
0.073699
0.048336
0.063625
