0.026348
0.068436
0.052411
0.062983
0.043555
0.063283
0.038604
0.069934
0.056415
0.082769
0.090680
0.049896
0.064952
0.071169
0.041349
0.084059
0.064813
0.046962
0.077170
0.050642
0.051368
0.091301
0.051663
0.050931
0.064998
0.047860
0.070862
0.040674
0.069374
0.093956
0.053600
0.051613
0.080589
0.052198
0.054387
0.071151
0.037105
0.065033
0.046907
0.064126
0.056299
0.048854
0.068406
0.101779
0.107663
0.062932
0.052278
0.078962
0.050463
0.051196
0.057449
0.047896
0.079019
0.058375
0.052857
0.053101
0.050176
0.076825
0.058567
0.048937
0.081097
0.050742
0.055445
0.047080
0.056942
0.071012
0.044552
0.057294
0.047171
0.070719
0.089568
0.046939
0.044845
0.042774
0.061352
0.063602
0.041271
0.095133
0.096072
0.060790
0.046779
0.068367
0.047523
0.076760
0.085963
0.071994
0.048314
0.037396
0.041310
0.055768
0.054631
0.075521
0.073960
0.046450
0.052848
0.049947
0.054944
0.045271
0.070530
0.057715
0.042766
0.089342
0.051008
0.053381
0.081672
0.049943
0.057153
0.063530
0.037743
0.071249
0.043814
0.060478
0.111651
0.059772
0.050510
0.079125
0.046323
0.046364
0.058930
0.045318
0.078940
0.041063
0.044702
0.054645
0.052775
0.076593
0.051938
0.062084
0.074415
0.051758
0.066406
0.085276
0.056380
0.061466
0.084815
0.052316
0.053563
0.076068
0.049519
0.054437
0.045219
0.061471
0.078393
0.044404
0.076788
0.074495
0.093866
0.040569
0.074903
0.078279
0.038425
0.081593
0.073508
0.048854
0.055279
0.057100
0.052959
0.060259
0.054800
0.073809
0.048772
0.061433
0.074929
0.046694
0.055733
0.043622
0.044585
0.041490
0.054482
0.077746
0.048244
0.051317
0.062779
0.045610
0.070677
0.042651
0.078615
0.060838
0.047853
0.152309
0.042447
0.056947
0.052745
0.083602
0.094172
0.054754
0.047651
0.058851
0.049417
0.051911
0.054428
0.068543
0.086078
0.052057
0.060285
0.079218
0.046423
0.049918
0.046700
0.053241
0.070737
0.082882
0.044386
0.052744
0.047059
0.075122
0.063396
0.049922
0.071413
0.047663
0.070444
0.078225
0.046730
0.145370
0.057802
0.062428
0.066010
0.043001
0.078930
0.053672
0.053451
0.062967
0.049107
0.067218
0.068114
0.049476
0.055451
0.056585
0.086808
0.065885
0.051211
0.066921
0.078734
0.047247
0.049150
0.073503
0.050447
0.075245
0.066234
0.053021
0.085278
0.066889
0.053658
0.070258
0.082474
0.185829
0.053893
0.065576
0.066021
0.049919
0.089390
0.069923
0.055020
0.084258
0.054364
0.059060
0.085350
0.084410
0.072730
0.077422
0.047815
0.065509
0.059044
0.069844
0.062374
0.049184
0.074162
0.046394
0.057162
0.074240
0.049656
0.071172
0.080019
0.056386
0.071646
0.092957
0.075541
0.069771
0.122837
0.082944
0.046272
0.075982
0.063932
0.058046
0.084198
0.085973
0.071669
0.047571
0.081595
0.054304
0.046811
0.085500
0.055457
0.053121
0.070066
0.047658
0.069651
0.089737
0.053532
0.057139
0.096996
0.042222
0.060975
0.083108
0.052003
0.059198
0.066323
0.053670
0.069509
0.079691
0.115707
0.054981
0.055727
0.091193
0.077559
0.055104
0.068250
0.082029
0.056370
0.050082
0.099785
0.046111
0.056340
0.068292
0.069973
0.060600
0.072686
0.069064
0.059511
0.072829
0.077554
0.041513
0.049649
0.060842
0.068628
0.064797
0.046395
0.081801
0.064784
0.057583
0.072052
0.175440
0.051997
0.065871
0.085675
0.053360
0.054510
0.089136
0.055206
0.044155
0.068119
0.049224
0.082404
0.087186
0.053886
0.053930
0.072093
0.052151
0.061496
0.061828
0.043997
0.076391
0.048254
0.046831
0.047616
0.054431
0.073977
0.045866
0.050893
0.042570
0.088521
0.063425
0.046392
0.078449
0.159742
0.047943
0.055195
0.046412
0.076117
0.068731
0.057426
0.086189
0.071990
0.055517
0.076567
0.083778
0.068385
0.037752
0.050371
0.042725
0.061495
0.053842
0.069559
0.055653
0.049146
0.063798
0.045084
0.076545
0.046854
0.054904
0.118440
0.066347
0.059418
0.094382
0.056655
0.082172
0.073212
0.135550
0.074925
0.044736
0.068163
0.074113
0.055291
0.055023
0.036685
0.048404
0.073436
0.056086
0.058161
0.058931
0.051938
0.075428
0.050473
0.068690
0.057740
0.054567
0.080153
0.056285
0.093338
0.051020
0.071683
0.054017
0.066856
0.084650
0.079205
0.055149
0.065903
0.088038
0.048187
0.141633
0.049587
0.049067
0.085458
0.075253
0.043730
0.080795
0.062669
0.044677
0.079448
0.050813
0.064370
0.057350
0.048460
0.061831
0.050442
0.068910
0.075931
0.055109
0.072568
0.074870
0.052920
0.047650
0.070016
0.064250
0.048301
0.077956
0.071059
0.047218
0.060387
0.042815
0.059959
0.042779
0.074775
0.089970
0.119753
0.051684
0.054108
0.075292
0.087073
0.041908
0.070158
0.051791
0.055559
0.049707
0.051257
0.165363
0.051292
0.063189
0.070927
0.053694
0.049514
0.077477
0.049901
0.068667
0.076674
0.057165
0.065969
0.078705
0.064393
0.051428
0.080490
0.070409
0.046241
0.069323
0.047977
0.074851
0.170180
0.058846
0.053956
0.073399
0.040922
0.066346
0.037765
0.059065
0.046538
0.064393
0.064767
0.045929
0.083374
0.072912
0.048057
0.072328
0.065316
0.050022
0.070549
0.050051
0.048379
0.066993
0.046855
0.055920
0.046053
0.062532
0.076536
0.050766
0.072800
0.070081
0.056114
0.070328
0.107437
0.084210
0.051800
0.067347
0.059701
0.056887
0.069606
0.064456
0.051188
0.088674
0.056078
0.053825
0.079889
0.056412
0.049327
0.082950
0.049937
0.060199
0.048389
0.040525
0.039074
0.054841
0.074179
0.075418
0.058762
0.072288
0.056613
0.043003
0.068660
0.051332
0.071394
0.079284
0.180633
0.041651
0.053883
0.055819
0.087682
0.050723
0.052009
0.086881
0.053612
0.058397
0.088053
0.056821
0.050570
0.069486
0.076142
0.045426
0.058485
0.048122
0.060569
0.045052
0.052158
0.068712
0.041599
0.079914
0.080393
0.055860
0.063919
0.087206
0.049217
0.050730
0.084626
0.059209
0.202629
0.048089
0.060942
0.081775
0.043105
0.083074
0.052028
0.066916
0.067164
0.054452
0.073980
0.083147
0.070248
0.055471
0.073605
0.064825
0.048107
0.069020
0.058587
0.061604
0.051147
0.049072
0.102861
0.048779
0.040551
0.073400
0.043362
0.069064
0.072675
0.040567
0.067706
0.105407
0.063810
0.046801
0.060312
0.052736
0.078490
0.073971
0.046021
0.071971
0.076406
0.049203
0.047745
0.075637
0.052094
0.083053
0.070218
0.050957
0.085876
0.083532
0.053358
0.052542
0.076175
0.059001
0.068629
0.090504
0.062620
0.054707
0.067687
0.070194
0.045545
0.056355
0.039235
0.128502
0.048066
0.059554
0.042846
0.066211
0.077406
0.058768
0.075982
0.054505
0.075682
0.052161
0.066627
0.085108
0.056997
0.064009
0.068579
0.043330
0.040225
0.049053
0.064348
0.054183
0.077629
0.044732
0.054988
0.075486
0.045237
0.070810
0.064953
0.050916
0.074312
0.074796
0.098854
0.127348
0.057908
0.063019
0.083470
0.087189
0.049829
0.058972
0.069419
0.046073
0.079057
0.075178
0.073103
0.058044
0.077479
0.066620
0.046374
0.050297
0.053996
0.081420
0.087523
0.062064
0.052056
0.067001
0.048451
0.048697
0.049731
0.045723
0.040918
0.068860
0.048778
0.049444
0.174205
0.062050
0.063137
0.082841
0.062221
0.060812
0.076699
0.067355
0.041311
0.047724
0.041920
0.056205
0.047354
0.079380
0.045491
0.045100
0.088328
0.047436
0.061520
0.067335
0.042699
0.055783
0.081874
0.053104
0.068599
0.050882
0.060301
0.061592
0.050637
0.068299
0.053624
0.069107
0.080602
0.099783
0.104070
0.041939
0.061987
0.097021
0.056505
0.052355
0.058609
0.054149
0.068675
0.068330
0.049109
0.050721
0.049850
0.072834
0.050151
0.052258
0.068118
0.055268
0.053734
0.067117
0.047538
0.050538
0.050333
0.081776
0.059016
0.053274
0.081093
0.051385
0.056257
0.073703
0.055770
0.072735
0.133378
0.053083
0.056642
0.085462
0.055994
0.057391
0.108473
0.049140
0.047242
0.079221
0.084760
0.066015
0.046334
0.069121
0.053442
0.070309
0.069354
0.052827
0.076708
0.076396
0.084485
0.052028
0.064232
0.066472
0.051181
0.079318
0.048187
0.059045
0.081510
0.037980
0.061308
0.055980
0.057520
0.097064
0.100870
0.073030
0.050197
0.076775
0.062614
0.087216
0.048461
0.073969
0.080541
0.049448
0.069151
0.048223
0.047051
0.049070
0.054958
0.080739
0.051291
0.062732
0.099306
0.073848
0.048958
0.054537
0.084239
0.048873
0.051357
0.068562
0.048508
0.049315
0.048894
0.050248
0.050465
0.080786
0.182279
0.047597
0.067360
0.073536
0.052513
0.061794
0.069036
0.050904
0.083803
0.054006
0.048892
0.051857
0.054344
0.076949
0.054849
0.057249
0.070916
0.053073
0.045529
0.070127
0.054795
0.078068
0.052482
0.057123
0.062813
0.049945
0.068511
0.067583
0.058212
0.086427
0.057924
0.092988
0.080057
0.079707
0.053892
0.068182
0.058792
0.047226
0.077212
0.047161
0.060641
0.044173
0.065233
0.069778
0.073358
0.050008
0.061024
0.049346
0.076484
0.077545
0.046829
0.069154
0.068496
0.042871
0.088587
0.050095
0.051899
0.062181
0.047163
0.134278
0.054538
0.085300
0.057936
0.050667
0.080395
0.064384
0.045077
0.087341
0.044240
0.059495
0.087540
0.053840
0.057313
0.082368
0.054569
0.057786
0.069475
0.048633
0.058814
0.061266
0.059080
0.084354
0.053897
0.046827
0.068082
0.040437
0.054882
0.049320
0.081949
0.094533
0.058650
0.114118
0.050516
0.069087
0.067867
0.058316
0.078039
0.063739
0.046868
0.074445
0.064767
0.057646
0.058224
0.044598
0.062860
0.082617
0.049610
0.042680
0.041324
0.075870
0.044067
0.055776
0.067474
0.086011
0.054354
0.076465
0.063507
0.057524
0.139463
0.104265
0.054624
0.065078
0.071358
0.054532
0.068979
0.051960
0.067793
0.082707
0.050348
0.065571
0.066757
0.050636
0.055032
0.050286
0.057789
0.076377
0.073720
0.049415
0.050803
0.055201
0.092786
0.054690
0.049567
0.051027
0.035419
0.079707
0.045952
0.064835
0.081252
0.086098
0.046576
0.137646
0.053811
0.087634
0.070672
0.089438
0.058544
0.062843
0.036448
0.084101
0.067604
0.052150
0.056391
0.050309
0.056257
0.064144
0.052561
0.081769
0.076011
0.056785
0.062480
0.083608
0.054727
0.053093
0.083539
0.048859
0.046797
0.071028
0.044374
0.052426
0.057102
0.073092
0.053160
0.146780
0.099349
0.040089
0.055754
0.061340
0.047345
0.091915
0.081354
0.046041
0.049496
0.051539
0.051156
0.078141
0.046326
0.053437
0.094525
0.064369
0.045257
0.067027
0.049862
0.052583
0.085930
0.058943
0.044019
0.053324
0.054863
0.079119
0.045804
0.058304
0.080325
0.086287
0.104104
0.048565
0.072672
0.055595
0.054152
0.096279
0.053688
0.049323
0.062251
0.048950
0.049013
0.047106
0.046640
0.041690
0.063567
0.070403
0.050237
0.069677
0.052667
0.064207
0.062285
0.051740
0.081358
0.059990
0.051724
0.082390
0.051812
0.052208
0.069205
0.056766
0.062452
0.074487
0.192054
0.050704
0.049438
0.038419
0.080735
0.056047
0.051698
0.072903
0.068150
0.048245
0.047425
0.054460
0.071160
0.048627
0.061176
0.075819
0.048472
0.047867
0.047675
0.067338
0.058442
0.055849
0.081100
0.061593
0.050771
0.086403
0.066669
0.043836
0.041925
0.054775
0.074862
0.052306
0.055542
0.055465
0.055863
0.175786
0.103665
0.045200
0.057019
0.065299
0.044099
0.047484
0.049599
0.071547
0.046271
0.068443
0.064628
0.046406
0.069853
0.050914
0.055698
0.061983
0.043811
0.084902
0.060724
0.057489
0.080392
0.060032
0.049557
0.082397
0.070355
0.092860
0.046095
0.077675
0.050465
0.067040
0.063655
0.055376
0.140716
0.082320
0.052500
0.077449
0.049310
0.056838
0.071543
0.059003
0.067725
0.088022
0.056040
0.052851
0.075738
0.064980
0.047897
0.073290
0.046592
0.049668
0.089252
0.039933
0.042510
0.062174
0.050961
0.070990
0.048904
0.049911
0.096461
0.047067
0.073470
0.074211
0.051337
0.061062
0.180902
0.053646
0.053091
0.065667
0.049886
0.070673
0.052268
0.060694
0.070371
0.055512
0.070996
0.088657
0.050703
0.044582
0.072433
0.056439
0.052589
0.081522
0.050368
0.057151
0.062591
0.050397
0.078158
0.082480
0.059631
0.059164
0.075508
0.073614
0.048413
0.086473
0.117044
0.084853
0.081164
0.051792
0.052769
0.075533
0.074470
0.054652
0.066072
0.071591
0.045956
0.050414
0.043031
0.068884
0.054211
0.068463
0.052604
0.054779
0.084935
0.086585
0.042796
0.062803
0.055946
0.055429
0.058027
0.057185
0.077776
0.058744
0.041018
0.050876
0.046626
0.065103
0.050400
0.158827
0.054718
0.055063
0.076628
0.047526
0.062155
0.071116
0.040259
0.079433
0.051510
0.058210
0.048532
0.052275
0.081955
0.049708
0.053085
0.083710
0.049697
0.058885
0.063407
0.039468
0.054973
0.059829
0.084216
0.062342
0.050042
0.086185
0.039224
0.047498
0.077686
0.121306
0.071759
0.050004
0.050284
0.051189
0.072935
0.053247
0.055897
0.079889
0.058897
0.043522
0.082119
0.045479
0.068241
0.050026
0.053203
0.080286
0.065069
0.055686
0.087480
0.058114
0.055762
0.072192
0.060328
0.045258
0.057464
0.042807
0.065865
0.047409
0.068796
0.060757
0.049923
0.076292
0.093222
0.123629
0.086054
0.052792
0.053530
0.061800
0.055339
0.063205
0.070960
0.042723
0.044042
0.053340
0.086688
0.059213
0.055713
0.075210
0.059452
0.061219
0.053493
0.048115
0.076149
0.054261
0.059414
0.060947
0.045775
0.070418
0.071479
0.043200
0.043350
0.043905
0.076917
0.050137
0.045548
0.039927
0.151750
0.072469
0.059001
0.061481
0.047848
0.069996
0.067496
0.048779
0.081313
0.054893
0.051679
0.067679
0.052835
0.054474
0.047861
0.054255
0.070948
0.050375
0.062949
0.050308
0.060351
0.064314
0.044480
0.073769
0.067331
0.056800
0.066084
0.051670
0.050323
0.068063
0.046011
0.135498
0.121243
0.044859
0.122271
0.056837
0.068211
0.070969
0.053176
0.052228
0.051957
0.058762
0.042726
0.069799
0.043506
0.058630
0.095570
0.061551
0.060273
0.079013
0.083854
0.056764
0.054299
0.075861
0.049803
0.060547
0.061285
0.053555
0.049690
0.050215
0.074346
0.053738
0.058996
0.053507
0.091741
0.069788
0.056777
0.069638
0.056629
0.052866
0.077518
0.045892
0.052273
0.057023
0.056870
0.079652
0.067322
0.048427
0.073387
0.057878
0.044566
0.084787
0.060255
0.052528
0.094768
0.053364
0.043989
0.054813
0.050423
0.075649
0.067061
0.056759
0.083019
0.071453
0.105160
0.077286
0.048359
0.069307
0.047264
0.072723
0.065043
0.049769
0.086178
0.079519
0.078614
0.045724
0.045097
0.059631
0.049915
0.070574
0.055191
0.050706
0.077820
0.058006
0.072623
0.072171
0.072407
0.038710
0.093295
0.043790
0.061334
0.074106
0.058716
0.053391
0.152002
0.059689
0.068123
0.067514
0.062892
0.060615
0.085079
0.046948
0.077769
0.058223
0.050200
0.062920
0.045604
0.071473
0.064236
0.049376
0.066834
0.071138
0.055344
0.055459
0.052081
0.046509
0.040926
0.074106
0.063763
0.053051
0.062528
0.051584
0.075499
0.052026
0.056005
0.072114
0.051842
0.109908
0.091090
0.057433
0.088331
0.068791
0.054424
0.063551
0.064730
0.043556
0.083955
0.057829
0.052290
0.055732
0.056182
0.078501
0.084826
0.051553
0.058269
0.082196
0.051255
0.063831
0.060989
0.060699
0.071430
0.067438
0.049437
0.043718
0.044394
0.061120
0.041058
0.074457
0.051438
0.055640
0.115764
0.050679
0.054724
0.048217
0.072233
0.069877
0.044161
0.042156
0.050245
0.092968
0.064263
0.050702
0.062183
0.053703
0.064523
0.071305
0.051538
0.063518
0.079672
0.057876
0.059160
0.070973
0.049206
0.072587
0.055767
0.051822
0.079780
0.076033
0.055164
0.066065
0.082263
0.037565
0.065195
0.106928
0.084614
0.060886
0.052690
0.076967
0.073538
0.052175
0.067134
0.069961
0.057114
0.055568
0.065244
0.055475
0.089307
0.060086
0.060395
0.075775
0.082699
0.068037
0.053123
0.089377
0.059557
0.053998
0.075050
0.068902
0.049221
0.049782
0.057233
0.065018
0.048873
0.118255
0.095895
0.055152
0.073892
0.065521
0.049532
0.076064
0.058981
0.049219
0.056896
0.049265
0.069053
0.048465
0.043061
0.040592
0.070180
0.055543
0.049623
0.062879
0.056586
0.079374
0.051348
0.051305
0.084984
0.067390
0.048991
0.061533
0.046279
0.072747
0.091701
0.046445
0.052894
0.177604
0.051643
0.073418
0.069634
0.078982
0.049558
0.062409
0.044051
0.061000
0.044150
0.074587
0.068560
0.037817
0.075952
0.053901
0.051059
0.066931
0.047250
0.082281
0.059865
0.054588
0.060760
0.050152
0.065374
0.067692
0.044919
0.073310
0.085218
0.045229
0.042356
0.048107
0.066040
0.046514
0.066242
0.157557
0.057050
0.087317
0.056756
0.052012
0.080381
0.057476
0.052687
0.082169
0.057291
0.052790
0.071268
0.055278
0.057779
0.075676
0.071877
0.043762
0.071596
0.042092
0.063067
0.047274
0.064095
0.074080
0.043949
0.080315
0.063514
0.051957
0.075955
0.056118
0.051227
0.067269
0.120557
0.098252
0.085704
0.065527
0.052014
0.069050
0.068573
0.054791
0.072558
0.050076
0.061253
0.067172
0.044537
0.048693
0.048184
0.067649
0.073453
0.042742
0.054108
0.052781
0.091585
0.065079
0.052595
0.077560
0.059057
0.049384
0.086351
0.072572
0.054214
0.065349
0.083557
0.112027
0.036719
0.042252
0.069744
0.099882
0.045245
0.053449
0.047493
0.039762
0.041347
0.062071
0.050109
0.040588
0.047993
0.062544
0.043591
0.040177
0.043814
0.040264
0.047506
0.039663
0.051278
0.080605
0.043648
0.078578
0.067607
0.036548
0.080394
0.038000
0.075994
0.093235
0.038327
0.069021
0.099585
0.078601
0.035365
0.076117
0.101920
0.080877
0.059156
0.073353
0.035687
0.061737
0.036722
0.044373
0.042296
0.039265
0.035464
0.040004
0.045146
0.035672
0.035674
0.046097
0.073966
0.105019
0.182360
0.191881
0.055853
0.052499
0.039219
0.042832
0.050980
0.058144
0.051771
0.075850
0.082464
0.046864
0.052279
0.072186
0.045103
0.068339
0.038489
0.053207
0.088927
0.089762
0.041981
0.086918
0.060172
0.046283
0.078427
0.052054
0.068508
0.079219
0.054858
0.054971
