0.035522
0.062567
0.042599
0.072122
0.039150
0.045615
0.080827
0.054194
0.052455
0.134064
0.073921
0.089824
0.045991
0.055854
0.062045
0.040397
0.064134
0.044606
0.070232
0.071832
0.056762
0.054201
0.081635
0.055375
0.051646
0.062815
0.052390
0.052873
0.070307
0.048558
0.065191
0.072281
0.046462
0.057212
0.069477
0.049284
0.059777
0.068678
0.038454
0.132270
0.071755
0.053994
0.067935
0.081885
0.049673
0.055409
0.077044
0.062393
0.056342
0.071561
0.062702
0.050847
0.046007
0.040295
0.064394
0.037056
0.046043
0.051304
0.054040
0.059142
0.068976
0.043058
0.039851
0.046426
0.083606
0.085505
0.071707
0.047078
0.055975
0.182625
0.048749
0.048225
0.047809
0.045954
0.077869
0.072584
0.055002
0.044703
0.069116
0.041376
0.040050
0.036021
0.061435
0.052943
0.047665
0.052693
0.046376
0.048199
0.050466
0.067523
0.067758
0.046876
0.047833
0.042016
0.073537
0.052787
0.045536
0.061336
0.067253
0.046481
0.053336
0.043629
0.070567
0.165820
0.047649
0.064308
0.045123
0.058447
0.063568
0.037500
0.060537
0.058555
0.054948
0.074425
0.058836
0.049069
0.058903
0.051375
0.055045
0.079939
0.073253
0.046020
0.074098
0.059203
0.041534
0.079144
0.083126
0.048889
0.048569
0.060971
0.052653
0.074606
0.045296
0.042311
0.081818
0.045746
0.069573
0.067418
0.055844
0.075033
0.096309
0.059342
0.063276
0.056572
0.066500
0.042950
0.051356
0.046400
0.056258
0.075077
0.055839
0.060530
0.062545
0.073301
0.046955
0.059131
0.090002
0.060483
0.067709
0.108429
0.111110
0.120118
0.084852
0.081329
0.054367
0.054010
0.088089
0.066249
0.049456
0.064740
0.045013
0.054281
0.076356
0.058487
0.053058
0.071151
0.061347
0.057827
0.072809
0.069249
0.047974
0.070330
0.067837
0.048924
0.066869
0.078004
0.059340
0.058094
0.133552
0.049066
0.053734
0.077389
0.093425
0.063807
0.060730
0.063558
0.044957
0.061938
0.054183
0.057823
0.120065
0.045709
0.052374
0.042657
0.082054
0.067979
0.091245
0.055923
0.072690
0.085742
0.081885
0.059326
0.057956
0.088025
0.055000
0.056682
0.069138
0.168619
0.051505
0.055586
0.044541
0.076930
0.063522
0.089910
0.056916
0.052539
0.063596
0.077848
0.052050
0.072013
0.083843
0.071042
0.079207
0.056509
0.077628
0.059992
0.087508
0.091430
0.094484
0.061409
0.052615
0.071966
0.053702
0.049277
0.086108
0.092777
0.048080
0.088926
0.048060
0.057723
0.083108
0.070852
0.054802
0.044708
0.055538
0.054578
0.049083
0.049646
0.061051
0.064732
0.044738
0.051484
0.078313
0.053735
0.044760
0.064529
0.052730
0.056819
0.050551
0.051091
0.054168
0.054893
0.053305
0.079675
0.053909
0.053257
0.147166
0.053959
0.055151
0.061255
0.053872
0.071239
0.052968
0.053701
0.063758
0.048388
0.053621
0.052037
0.057886
0.068964
0.054198
0.050407
0.063312
0.046161
0.069740
0.060775
0.051014
0.051197
0.086438
0.048290
0.048908
0.065650
0.035403
0.043131
0.039813
0.077646
0.066836
0.121175
0.065641
0.073402
0.050823
0.076735
0.051558
0.054837
0.072655
0.065274
0.057616
0.075748
0.050141
0.048620
0.050482
0.045169
0.064149
0.066935
0.051293
0.065858
0.054216
0.054639
0.058956
0.048379
0.049387
0.067430
0.047490
0.058128
0.062184
0.054879
0.076555
0.056748
0.051794
0.125337
0.044506
0.071287
0.039908
0.054238
0.071180
0.045513
0.059814
0.044003
0.052576
0.068844
0.052608
0.054828
0.071414
0.053997
0.049170
0.068466
0.053394
0.060064
0.050041
0.044917
0.079538
0.062213
0.042446
0.068826
0.069842
0.061001
0.066881
0.080114
0.048433
0.049628
0.138619
0.120769
0.050254
0.050007
0.054055
0.050373
0.074086
0.049611
0.048211
0.063435
0.056671
0.063838
0.059329
0.057028
0.054467
0.053849
0.052229
0.074153
0.055297
0.045442
0.063777
0.045681
0.052589
0.045767
0.054993
0.064709
0.041820
0.066879
0.064511
0.091977
0.072223
0.051452
0.075250
0.048950
0.063431
0.054359
0.050336
0.063791
0.067560
0.051276
0.061479
0.062514
0.047199
0.055331
0.067230
0.046699
0.069558
0.056113
0.045837
0.040671
0.042385
0.040408
0.050691
0.040572
0.036731
0.035649
0.046152
0.036706
0.037655
0.041362
0.071505
0.068025
0.043204
0.064420
0.050293
0.045320
0.083814
0.098574
0.034446
0.061177
0.079659
0.035881
0.078433
0.089737
0.074998
0.034582
0.071375
0.083831
0.061410
0.041712
0.076255
0.044144
0.044595
0.076672
0.075133
0.051078
0.065292
0.036817
0.040875
0.084894
0.038270
0.038491
0.034712
0.045784
0.040611
0.051920
0.038367
0.076947
0.054717
0.041478
0.037253
0.037462
0.094246
0.042672
0.113487
0.039635
0.035388
0.036575
0.042141
0.045950
0.070493
0.038706
0.093446
0.042472
0.044153
0.085538
0.091255
0.048564
0.049163
0.071501
0.061192
0.041232
0.059755
0.044936
0.064466
0.058479
0.046585
0.076392
0.041140
0.210479
0.042196
0.077015
0.066710
0.048361
0.063493
0.050037
0.064599
0.046052
0.080469
0.044611
0.059983
0.043780
0.055418
0.086770
0.091418
0.070476
0.041235
0.064566
0.065598
0.047200
0.076436
0.052936
0.049859
0.067096
0.072906
0.043375
0.056800
0.044168
0.070404
0.064078
0.095026
0.115614
0.052305
0.056970
0.079812
0.099965
0.051253
0.072931
0.050076
0.057409
0.051278
0.044290
0.042402
0.056367
0.045122
0.080566
0.087032
0.074760
0.052191
0.054531
0.059025
0.046285
0.071579
0.053550
0.052936
0.064835
0.052660
0.054966
0.065814
0.054648
0.050694
0.061465
0.045334
0.152724
0.040135
0.078254
0.057271
0.044610
0.062288
0.046021
0.064596
0.048529
0.049858
0.070037
0.056048
0.053135
0.066712
0.074506
0.053284
0.074898
0.065973
0.051773
0.044987
0.055055
0.046838
0.074984
0.046328
0.050345
0.073026
0.083017
0.051558
0.058252
0.061732
0.090688
0.132128
0.056687
0.056180
0.081083
0.048257
0.051059
0.100455
0.054000
0.049054
0.062645
0.080204
0.067616
0.047730
0.052619
0.072838
0.044160
0.073479
0.051675
0.050385
0.078966
0.085425
0.047626
0.058051
0.076098
0.071347
0.043723
0.054418
0.039366
0.080779
0.053736
0.102185
0.107794
0.046892
0.048199
0.059584
0.053945
0.073046
0.062834
0.045698
0.048699
0.039060
0.074369
0.055505
0.055993
0.064540
0.056656
0.050840
0.051709
0.053730
0.043943
0.056125
0.052213
0.055942
0.041540
0.072750
0.074356
0.043423
0.061927
0.075972
0.049934
0.053225
0.082998
0.046729
0.051111
0.049612
0.104940
0.053825
0.072538
0.094438
0.089472
0.052180
0.053248
0.072977
0.081641
0.076263
0.042646
0.070669
0.066165
0.052064
0.063894
0.063649
0.041949
0.070046
0.064729
0.047324
0.072606
0.038862
0.042124
0.047633
0.042184
0.048107
0.045507
0.076222
0.067552
0.052746
0.134587
0.056263
0.047890
0.070654
0.058047
0.047516
0.050580
0.045401
0.046197
0.069143
0.046438
0.044054
0.049495
0.046481
0.073046
0.047699
0.045131
0.056999
0.044249
0.089661
0.074510
0.057803
0.051824
0.065933
0.063201
0.040253
0.039219
0.048693
0.074761
0.047229
0.056512
0.096390
0.084887
0.097739
0.049568
0.045933
0.071814
0.062788
0.041004
0.081605
0.072733
0.041025
0.071752
0.061456
0.044691
0.067116
0.060051
0.056706
0.061999
0.065806
0.046432
0.075077
0.043279
0.054763
0.071687
0.072236
0.046111
0.048156
0.048138
0.068476
0.051728
0.044700
0.063723
0.047828
0.133384
0.068354
0.049192
0.053807
0.051012
0.064595
0.092432
0.084850
0.059108
0.053111
0.077552
0.048702
0.047269
0.078243
0.060017
0.051570
0.075091
0.065718
0.040333
0.068973
0.058831
0.049191
0.067322
0.062868
0.048927
0.056108
0.044407
0.053284
0.048809
0.054482
0.070627
0.052420
0.107785
0.047276
0.082152
0.066655
0.068087
0.049875
0.079002
0.076103
0.053957
0.061954
0.054942
0.054821
0.066821
0.045162
0.047387
0.094361
0.068571
0.057927
0.057398
0.071954
0.051609
0.050980
0.057218
0.047485
0.065046
0.062035
0.052154
0.084362
0.072836
0.040603
0.049133
0.052527
0.065853
0.073281
0.053874
0.073467
0.068243
0.037878
0.086598
0.060997
0.043361
0.046246
0.055595
0.044638
0.068270
0.042676
0.061163
0.055468
0.052963
0.066523
0.066428
0.045616
0.067233
0.055844
0.051472
0.079587
0.050641
0.040198
0.059083
0.034521
0.085103
0.059978
0.087724
0.127600
0.058317
0.051676
0.074671
0.043380
0.054971
0.051569
0.083825
0.041619
0.046084
0.044572
0.066652
0.042475
0.045915
0.082078
0.043227
0.054668
0.076238
0.060707
0.047641
0.069252
0.051009
0.052848
0.062189
0.046913
0.042226
0.051194
0.044513
0.081882
0.055617
0.048874
0.120920
0.058533
0.054658
0.075042
0.074925
0.049065
0.068074
0.078897
0.041115
0.071916
0.074530
0.054014
0.045328
0.052494
0.045911
0.063597
0.045324
0.047556
0.057825
0.053388
0.079364
0.084672
0.055236
0.048116
0.057433
0.044623
0.064306
0.038619
0.047745
0.081180
0.093173
0.058277
0.072540
0.052840
0.045784
0.084846
0.076774
0.064194
0.050820
0.084928
0.054029
0.043080
0.081887
0.052790
0.053719
0.061679
0.050424
0.057573
0.051655
0.047716
0.073595
0.075257
0.044451
0.044722
0.054455
0.060477
0.065420
0.089692
0.065948
0.045444
0.144438
0.044587
0.071082
0.062115
0.045574
0.060947
0.041837
0.043819
0.081760
0.051337
0.057377
0.076196
0.062354
0.051936
0.076428
0.055557
0.057203
0.068353
0.070548
0.055415
0.046623
0.083177
0.091974
0.053845
0.046638
0.063736
0.081000
0.046916
0.073449
0.069350
0.046543
0.128737
0.069697
0.050227
0.061356
0.074632
0.083050
0.053490
0.072014
0.082299
0.046960
0.048983
0.063849
0.053592
0.066279
0.097894
0.059853
0.046162
0.065480
0.090852
0.057519
0.048286
0.076081
0.042834
0.045273
0.061960
0.053483
0.070622
0.048519
0.046079
0.072948
0.194650
0.061805
0.055515
0.059148
0.076132
0.078761
0.068677
0.045770
0.072185
0.047410
0.048302
0.059080
0.046368
0.046581
0.062971
0.076272
0.056383
0.085001
0.065792
0.089800
0.047408
0.072788
0.086205
0.082588
0.058700
0.055733
0.076695
0.069223
0.099015
0.052318
0.071378
0.043873
0.050219
0.083859
0.052410
0.069322
0.063280
0.053596
0.047816
0.062191
0.046745
0.055731
0.094574
0.078544
0.058489
0.087826
0.041732
0.041222
0.051514
0.082664
0.076464
0.056037
0.054410
0.060077
0.043959
0.061436
0.075852
0.055486
0.060845
0.154267
0.037303
0.043699
0.067583
0.043633
0.054688
0.038380
0.050435
0.046483
0.044959
0.059860
0.049911
0.056289
0.067602
0.075930
0.041240
0.085975
0.051400
0.048652
0.066327
0.057402
0.058416
0.091920
0.061590
0.049572
0.071238
0.080436
0.071511
0.075877
0.058695
0.068352
0.070321
0.085202
0.125029
0.077226
0.044453
0.050409
0.050973
0.049397
0.049269
0.049965
0.047379
0.084217
0.056592
0.063179
0.074487
0.053585
0.052590
0.079867
0.073607
0.058544
0.046194
0.075855
0.056751
0.049455
0.067930
0.054828
0.056543
0.075759
0.057303
0.051778
0.050299
0.050755
0.125411
0.088665
0.043524
0.067604
0.046217
0.045498
0.080698
0.041753
0.046131
0.056060
0.051584
0.051314
0.051428
0.045188
0.076679
0.045704
0.042998
0.052545
0.050251
0.063393
0.076323
0.056610
0.049303
0.066232
0.048090
0.079047
0.044352
0.058164
0.072103
0.045672
0.046202
0.090328
0.086687
0.067830
0.049525
0.068947
0.049482
0.053757
0.085051
0.055945
0.056738
0.067425
0.056392
0.041925
0.053850
0.043146
