144	144	337	339
146	140	333	338
146	142	332	337
146	143	330	338
146	143	328	340
145	143	329	339
145	141	328	340
145	141	326	340
146	139	326	342
147	139	324	342
148	139	323	342
147	139	322	341
147	139	323	342
148	139	322	343
150	141	318	342
150	141	318	341
152	141	316	341
153	141	315	339
152	141	316	340
155	142	313	340
156	144	313	338
161	144	307	340
155	146	313	340
160	146	308	338
157	146	310	341
158	144	309	340
160	146	307	341
158	144	308	339
160	142	307	341
163	144	301	341
156	143	308	339
162	141	302	342
158	141	307	340
163	140	302	342
161	139	304	338
163	137	302	343
162	137	305	340
165	136	302	343
164	136	304	342
168	135	301	341
166	135	303	341
169	135	301	343
169	135	302	343
172	136	301	341
172	136	300	341
174	137	299	340
172	138	302	341
170	137	304	341
171	137	304	341
173	140	301	339
165	138	307	341
168	141	304	337
161	138	310	339
165	140	307	336
160	140	310	338
157	139	314	338
160	139	312	337
157	140	314	338
154	139	318	339
155	138	316	340
155	139	315	339
154	138	316	340
155	139	316	339
154	138	316	339
154	139	317	340
154	139	315	339
153	139	317	339
153	139	317	340
154	140	314	338
151	141	318	338
149	142	320	338
147	145	322	336
145	145	324	337
143	148	326	334
142	151	327	332
139	151	330	333
136	154	332	331
134	155	334	331
133	156	336	332
130	158	338	331
128	159	340	329
124	159	342	331
123	161	344	331
118	162	347	329
116	162	350	330
113	164	352	328
110	164	356	328
108	164	358	329
104	164	360	327
100	164	363	328
99	162	363	329
96	163	367	327
93	162	369	327
92	162	372	325
89	162	373	325
88	162	375	323
84	162	377	325
82	161	380	324
80	161	380	323
78	160	381	320
76	159	382	319
74	159	384	319
72	159	383	317
71	160	388	316
68	159	387	316
66	158	388	317
64	158	389	317
63	158	391	315
61	157	389	317
60	157	391	315
59	157	392	315
58	157	391	314
56	157	392	316
56	157	393	314
55	156	389	315
53	156	390	315
54	156	387	315
51	156	389	317
49	156	385	317
47	156	386	318
46	156	385	319
46	158	382	317
44	156	381	319
47	156	378	320
45	156	378	320
45	156	376	321
43	156	376	320
42	157	376	319
43	156	374	320
44	155	371	321
43	155	370	320
44	155	369	320
43	153	367	322
44	154	367	321
44	152	366	321
44	152	365	318
45	151	361	324
46	150	361	321
48	149	358	324
48	149	359	325
48	149	357	325
49	148	356	325
49	149	353	322
49	148	354	324
50	148	352	321
50	147	352	325
50	146	352	325
50	147	350	325
53	145	347	328
53	144	345	329
50	146	346	324
52	143	345	328
50	145	345	325
51	144	345	326
51	145	345	326
52	145	343	325
50	147	345	326
52	145	344	327
49	147	345	326
52	149	344	326
53	148	342	327
53	149	343	325
53	150	344	326
54	150	343	325
53	152	345	326
56	152	344	326
54	155	346	323
56	156	345	323
57	155	346	323
57	156	347	323
57	157	346	324
58	158	347	323
58	159	348	323
58	159	349	324
60	159	350	319
61	159	351	323
60	158	353	322
62	159	354	323
62	160	356	323
63	161	356	321
65	161	358	322
63	160	362	322
64	162	362	316
66	161	362	321
65	161	368	320
68	162	366	318
68	162	369	319
67	162	370	318
70	162	369	318
70	163	369	318
72	162	373	317
72	162	375	317
71	161	378	319
76	161	377	318
75	162	380	316
75	163	382	317
75	163	381	316
80	163	382	317
79	163	382	316
79	164	386	316
81	164	385	314
87	163	384	312
88	163	385	313
89	163	386	312
91	163	387	313
95	162	386	313
99	162	383	313
103	162	381	312
104	162	383	313
104	161	382	313
106	161	382	314
108	161	381	316
112	161	378	317
114	162	377	316
117	160	375	319
119	160	374	319
122	159	371	319
124	158	371	321
127	159	370	321
129	158	369	321
133	158	366	320
137	158	364	321
140	158	362	322
144	159	361	321
146	159	360	320
148	158	359	321
151	158	356	323
155	158	353	322
156	156	351	323
159	157	349	322
161	153	347	325
164	156	347	323
166	154	343	324
168	153	342	326
170	153	340	326
171	153	339	325
174	153	335	325
178	152	333	327
179	153	332	324
181	152	330	326
184	152	327	327
186	151	325	328
188	150	324	328
187	150	323	328
190	150	321	328
190	148	320	330
190	148	319	330
190	148	318	330
192	147	317	331
193	148	315	331
193	146	317	332
194	147	316	332
196	147	313	332
197	146	313	332
197	145	313	333
198	145	313	333
199	145	310	334
199	145	310	333
201	145	310	332
201	145	309	333
202	145	309	332
203	145	308	332
203	145	307	331
205	145	307	333
205	143	306	332
206	144	304	334
207	143	304	333
211	142	300	334
211	142	300	335
212	142	299	335
213	142	300	335
214	142	299	336
214	143	301	335
214	142	300	336
217	143	298	334
215	143	300	335
217	143	299	335
219	144	297	335
218	144	299	334
217	144	299	335
217	143	300	335
216	144	300	334
216	146	299	333
216	145	299	335
213	144	301	335
216	146	297	334
213	146	302	333
212	147	301	333
213	147	300	334
209	147	304	334
209	148	303	333
207	147	305	333
207	148	303	333
205	149	305	333
204	149	306	331
202	150	306	331
200	151	308	330
197	151	310	330
198	151	309	331
195	150	311	331
196	150	310	331
195	150	310	332
195	150	310	331
194	150	310	332
194	150	311	332
194	149	311	332
194	149	311	332
193	149	311	332
192	149	312	332
191	150	313	332
190	150	313	333
188	150	315	332
186	151	317	332
184	153	320	330
181	153	322	330
180	154	323	329
179	154	325	328
176	155	327	327
174	155	330	328
174	155	330	327
172	155	332	326
172	155	333	327
169	156	336	326
167	157	339	326
165	159	341	324
165	161	343	323
161	159	347	324
158	161	350	322
156	162	352	322
153	161	354	323
152	163	355	321
149	162	358	322
147	162	359	321
146	163	361	321
144	164	363	320
143	164	365	319
139	163	368	320
139	164	368	319
138	165	369	316
136	165	371	317
134	166	372	317
132	167	374	316
131	167	374	315
130	166	375	315
128	166	376	315
124	166	378	313
123	166	380	312
121	165	380	311
121	165	382	310
119	164	382	312
119	165	381	311
117	165	382	312
116	165	381	312
114	165	381	311
113	165	382	312
114	165	381	312
112	164	381	312
109	164	378	311
108	163	379	314
107	163	380	314
106	162	376	312
106	162	378	315
104	162	373	316
103	162	377	317
103	161	370	317
105	162	370	315
104	162	369	317
104	163	365	315
104	164	365	315
105	164	365	314
105	165	362	315
106	165	360	314
106	165	360	314
107	165	357	315
106	163	357	317
107	163	354	318
106	164	352	315
107	163	351	317
109	162	349	316
108	161	347	321
109	162	346	316
110	162	345	320
110	162	344	320
112	163	342	319
112	163	342	319
113	161	340	321
113	161	339	319
116	160	336	318
115	160	338	320
116	160	335	319
119	158	334	321
119	158	333	322
118	157	331	321
119	158	332	321
119	157	331	322
118	156	331	322
119	156	332	322
118	156	331	322
119	155	331	322
118	155	331	322
118	155	331	322
117	154	330	322
118	156	330	321
117	155	330	322
117	156	329	321
118	157	329	320
117	157	331	321
117	156	331	321
115	159	332	318
117	158	331	320
117	160	332	319
117	158	332	321
114	161	336	317
117	161	333	319
116	162	336	319
116	163	339	320
118	164	338	318
118	164	341	318
119	165	342	317
119	166	343	318
121	166	344	320
121	167	344	319
122	169	345	317
121	169	347	315
122	169	351	315
122	171	350	315
123	170	353	315
125	172	353	315
123	171	358	314
124	172	358	313
123	172	360	314
125	173	360	312
126	173	364	313
127	173	367	311
128	173	367	312
127	175	371	311
129	172	373	312
129	176	375	310
131	174	373	311
131	175	374	309
131	174	375	309
132	174	376	309
132	175	376	309
133	175	377	309
134	176	379	309
137	175	378	310
138	178	375	309
142	176	376	311
143	176	373	310
143	176	373	310
143	176	375	310
144	176	373	311
147	176	370	313
150	177	369	310
151	177	368	311
154	176	365	314
155	175	364	313
156	175	364	312
157	175	363	313
159	175	360	315
161	173	358	317
163	174	358	317
164	173	356	317
165	172	354	318
167	173	354	317
168	172	351	318
169	172	350	317
171	172	349	317
172	172	347	317
174	171	345	319
175	170	344	321
177	170	343	319
178	170	340	319
179	170	341	320
180	169	338	321
182	168	335	322
184	166	332	322
187	165	330	323
189	165	328	322
190	164	327	322
191	163	326	323
192	163	324	324
193	162	324	325
194	161	322	325
196	158	319	327
197	158	318	327
197	158	318	328
199	157	316	329
199	156	316	329
200	155	314	329
200	155	314	330
199	153	314	330
200	151	313	332
199	151	312	331
200	151	313	332
200	150	312	333
199	149	312	333
200	149	311	332
200	147	309	334
200	148	311	333
200	147	309	334
200	148	308	334
201	149	309	333
201	149	306	334
202	149	305	333
202	149	305	333
202	150	304	334
202	150	304	334
202	151	304	334
203	151	303	334
203	151	303	335
203	151	303	335
203	153	302	335
203	151	303	336
203	153	302	335
203	153	302	335
203	154	301	335
203	153	301	335
203	154	301	335
204	155	301	334
204	156	301	334
204	155	301	335
205	154	301	335
203	154	301	335
202	156	302	334
207	154	298	335
203	154	302	335
204	154	301	335
205	155	301	334
207	154	300	335
203	154	305	334
206	152	302	335
202	153	306	333
204	153	304	334
202	152	306	334
201	152	307	333
201	151	308	333
201	151	308	334
201	150	310	334
200	150	310	334
200	149	312	334
200	149	312	334
200	148	311	334
199	148	313	335
199	148	312	335
200	148	313	335
199	148	313	335
199	148	313	335
200	147	311	335
199	147	314	335
198	147	314	335
196	149	316	333
195	149	318	335
194	150	318	333
192	152	321	333
191	153	323	332
189	153	324	330
188	155	325	330
186	156	327	329
184	156	330	329
182	156	331	328
182	157	332	328
179	158	335	326
176	158	338	327
174	159	340	325
173	162	342	323
168	162	345	324
165	165	348	322
163	165	349	323
161	166	351	324
160	166	352	324
157	167	355	321
155	167	356	321
153	168	357	321
151	169	360	322
148	169	361	322
147	170	364	321
144	170	366	322
142	171	366	317
140	172	368	317
137	173	371	317
134	172	373	319
132	173	374	318
129	173	376	317
128	173	376	317
128	173	375	315
124	174	379	314
122	174	379	316
122	174	379	314
120	174	379	312
118	175	383	313
118	175	381	314
117	175	381	312
116	176	380	310
113	176	380	310
114	177	382	308
111	176	380	311
110	178	379	311
109	178	380	311
108	179	379	309
107	179	378	311
107	179	376	311
106	179	374	312
105	179	370	312
104	180	372	315
103	179	368	313
103	179	367	312
103	179	364	314
102	180	363	313
102	180	362	311
101	180	361	314
100	181	359	311
100	181	361	311
99	181	357	311
99	180	359	314
99	180	356	313
99	181	354	315
101	178	352	310
98	180	353	315
101	178	350	315
102	178	348	315
103	178	347	316
102	177	343	316
103	178	344	317
103	178	344	318
101	179	343	316
101	177	341	319
104	177	339	319
102	175	340	321
102	176	338	318
105	174	335	318
104	175	334	318
105	174	334	318
105	174	334	319
105	172	332	320
103	174	334	318
106	171	332	321
103	174	333	318
107	171	331	321
103	172	332	318
105	171	331	320
105	173	332	319
106	171	332	321
105	174	331	318
106	172	332	321
104	173	331	319
107	174	331	319
105	172	332	320
106	175	332	318
106	173	333	320
105	175	335	319
104	174	335	318
105	176	335	318
104	174	335	317
107	175	336	318
107	177	337	316
107	177	340	316
107	177	342	318
107	177	344	320
107	177	346	317
109	177	344	318
111	177	344	316
109	177	348	316
111	180	347	314
111	179	351	315
111	180	353	314
112	180	354	315
108	181	357	312
113	181	354	313
110	182	358	313
112	181	358	311
110	181	364	313
114	181	361	313
111	180	367	312
111	182	369	311
112	181	373	310
113	183	372	312
113	183	374	310
113	182	373	310
114	181	378	313
114	183	376	309
114	183	377	311
116	183	379	310
116	183	379	309
116	185	381	307
118	184	382	308
121	182	382	310
120	183	383	311
124	181	379	311
124	183	379	313
126	182	377	312
126	182	378	312
127	182	376	314
128	182	375	314
131	181	374	313
132	182	372	316
136	182	371	313
137	182	370	314
138	182	369	315
141	181	366	317
142	180	364	317
144	180	363	317
146	178	362	320
148	179	359	320
149	179	359	319
152	178	355	321
153	178	355	319
154	178	354	320
156	177	352	321
158	175	350	322
161	176	347	321
160	176	349	320
164	174	345	323
164	172	343	324
166	172	342	325
167	171	340	327
170	170	337	326
173	169	335	326
174	168	335	327
176	168	333	328
177	168	332	327
179	166	328	328
183	167	327	327
185	166	324	328
187	167	321	329
189	167	320	329
189	166	320	330
190	166	320	330
192	166	319	331
193	165	317	330
195	166	316	330
195	164	315	331
194	165	315	331
196	163	314	332
196	165	315	331
199	164	312	332
198	163	312	333
200	162	310	332
199	163	311	332
200	162	310	332
202	163	308	333
203	162	307	333
205	162	306	334
205	162	306	334
205	162	305	334
206	163	305	334
206	163	305	333
208	163	303	333
209	162	302	333
209	162	302	333
209	163	302	332
209	160	303	335
209	162	302	333
209	161	302	334
210	159	301	335
209	160	302	333
209	161	301	333
213	159	298	335
211	158	301	335
210	160	301	332
210	161	301	332
211	159	301	335
211	160	301	334
212	159	301	336
212	159	301	335
212	161	301	333
211	159	301	334
211	161	302	333
213	160	301	335
211	160	303	334
212	161	302	334
212	160	302	335
212	162	303	334
213	161	302	334
210	162	305	332
210	163	304	332
209	163	305	332
208	163	306	332
207	164	307	333
208	163	306	332
205	164	309	333
205	164	309	332
204	165	309	333
203	165	310	333
203	165	309	332
202	165	310	333
203	165	309	332
201	166	310	332
201	166	309	332
200	166	310	332
199	168	311	332
198	167	311	332
197	168	310	331
194	167	313	332
190	169	316	330
190	170	317	330
189	172	319	330
187	172	321	329
183	173	324	328
182	173	324	327
179	173	326	327
177	173	328	327
174	173	330	326
172	174	334	326
170	174	337	325
164	176	341	324
163	176	342	323
159	177	346	324
157	177	348	323
156	178	350	323
155	178	351	323
153	178	351	321
151	179	355	321
149	180	357	319
146	180	360	320
146	179	360	321
143	179	363	321
141	180	365	322
139	180	365	321
137	182	368	318
136	181	368	316
133	182	371	318
130	182	373	317
128	182	375	317
126	183	376	316
125	182	375	315
124	182	376	313
122	182	376	312
120	182	378	313
118	184	379	315
118	184	379	310
117	184	378	311
117	185	379	310
116	185	379	309
116	186	378	307
112	187	379	307
113	188	377	307
114	186	376	309
111	186	379	309
112	185	377	310
111	186	377	310
109	185	377	310
108	187	375	309
108	185	376	313
108	185	371	311
107	184	374	314
107	184	368	312
107	184	369	310
108	183	366	312
108	183	362	311
107	183	363	314
106	183	361	312
106	183	361	313
105	183	358	311
106	183	359	312
105	182	357	310
106	182	358	312
105	182	355	312
105	181	353	314
105	182	352	312
104	179	351	313
103	180	352	316
105	179	346	314
104	178	349	317
104	178	345	317
104	179	343	318
104	179	342	317
104	178	340	317
105	179	339	316
103	178	339	314
105	177	336	315
102	178	337	316
103	175	335	317
104	177	335	317
105	175	334	318
104	178	333	316
105	175	333	320
103	177	333	317
105	174	332	319
103	177	334	317
106	175	332	319
104	177	332	316
105	176	333	319
105	176	333	318
103	177	334	318
108	176	331	317
105	178	334	316
104	177	335	319
107	177	333	316
106	178	333	316
107	175	334	317
105	178	336	316
107	176	335	317
106	178	336	316
107	176	336	317
106	178	338	314
104	179	342	314
106	178	341	316
105	178	344	316
105	178	346	316
104	177	347	316
104	177	349	316
105	177	348	317
104	177	352	317
105	177	352	313
105	178	355	313
105	178	356	316
105	178	358	311
105	178	360	314
106	178	361	312
105	177	364	312
106	177	364	312
107	177	364	313
108	178	364	311
108	177	369	312
109	178	369	310
110	179	372	311
112	179	374	314
113	178	374	313
115	180	375	312
117	180	376	312
118	180	376	310
119	181	377	310
120	181	379	309
121	182	377	307
124	183	380	307
125	183	381	309
127	183	381	309
129	181	379	310
131	181	378	310
133	182	376	312
135	181	377	312
136	181	375	311
137	181	376	311
140	181	373	312
142	180	372	313
145	180	371	314
148	180	368	315
149	180	367	314
150	180	365	315
152	179	365	315
153	179	365	315
155	179	363	315
159	177	361	318
161	176	359	320
164	176	357	319
167	175	354	319
166	176	354	318
169	176	352	321
170	174	350	319
173	174	347	320
176	172	345	321
174	172	346	321
177	172	343	322
179	170	342	324
181	169	336	324
183	169	336	323
183	168	335	325
186	167	332	325
186	167	331	326
188	167	329	326
189	166	327	327
190	166	326	327
191	165	323	327
193	165	322	327
194	165	320	328
196	164	317	328
196	164	316	330
198	162	315	331
198	162	316	331
198	163	315	331
199	161	313	332
199	161	313	333
200	161	313	332
200	159	312	334
200	159	311	333
200	159	311	334
199	158	311	334
202	158	308	334
200	157	310	335
203	157	308	335
201	157	310	335
204	156	307	336
200	156	310	335
203	156	307	335
203	156	306	335
203	156	305	335
204	157	305	334
204	156	304	335
204	156	303	334
204	153	303	337
204	155	304	335
203	155	304	335
204	152	303	337
204	154	302	336
203	153	303	336
203	154	303	335
205	154	302	336
205	154	301	336
204	152	303	337
205	154	301	336
203	154	303	334
204	155	302	334
203	154	302	335
205	155	301	335
204	154	303	335
205	155	302	334
204	155	303	334
205	156	302	334
204	156	303	333
203	156	304	333
204	156	303	334
204	156	304	333
205	157	303	333
205	157	303	333
204	157	306	333
203	156	307	334
204	156	307	333
204	157	306	332
204	157	308	333
204	157	309	333
204	159	309	332
204	158	311	333
203	159	310	333
203	160	310	332
205	159	310	333
206	160	309	332
206	159	309	333
206	160	310	333
205	160	310	333
206	159	309	333
205	162	310	330
204	161	312	333
203	163	312	331
201	162	312	331
199	164	316	330
198	165	318	329
197	166	319	329
195	167	321	329
193	168	322	328
190	169	324	327
189	171	324	327
186	171	327	326
185	172	329	326
180	175	334	323
177	175	337	325
174	178	339	323
172	179	341	320
169	181	344	321
166	182	347	321
165	183	348	320
163	183	350	321
161	184	351	320
159	185	353	319
156	185	355	318
154	186	358	318
152	187	359	318
150	187	359	318
146	188	362	317
144	190	364	317
143	190	365	317
140	191	366	314
137	191	369	317
134	191	371	315
132	191	372	314
131	192	372	313
129	192	374	313
127	191	373	313
124	191	375	310
124	191	375	311
121	192	377	309
120	193	377	309
118	191	377	310
117	194	376	307
114	192	380	308
114	193	375	306
112	192	379	308
112	194	377	306
111	193	376	307
109	192	378	307
109	193	375	308
107	193	376	309
108	193	376	309
107	193	373	309
106	192	372	310
105	193	373	310
104	192	368	312
104	192	370	313
102	194	365	310
102	192	366	311
103	193	365	312
102	193	363	311
102	194	362	313
101	194	361	311
101	194	360	310
100	194	358	311
100	194	355	311
101	194	357	310
99	194	355	311
99	194	353	311
100	194	352	314
101	194	350	311
100	195	349	315
102	194	347	312
100	193	344	313
101	193	344	316
101	193	342	316
102	193	340	315
102	193	339	316
102	193	337	315
104	194	335	316
102	195	336	316
103	193	335	316
104	194	334	316
102	193	335	318
103	193	333	317
105	194	333	317
104	194	332	316
103	194	332	315
104	194	332	317
105	192	331	318
104	194	332	316
106	193	331	317
105	195	331	316
106	194	331	316
104	194	332	315
108	196	329	316
105	193	331	318
105	195	331	316
107	193	332	317
105	196	331	314
105	194	333	317
105	195	333	314
105	194	333	316
104	195	334	314
103	194	335	315
103	195	336	313
103	196	337	313
103	195	340	314
102	195	342	315
102	194	344	316
100	194	347	317
100	193	346	317
102	193	346	318
101	193	349	315
100	193	350	314
100	193	353	314
98	193	355	317
101	193	355	312
99	193	358	315
99	193	360	312
100	193	361	310
100	192	362	311
101	191	362	310
101	193	365	312
102	192	365	311
102	193	369	309
104	192	370	310
105	191	372	312
106	192	374	309
107	192	374	311
108	193	375	311
110	192	375	312
111	193	375	311
111	194	379	309
113	193	378	309
114	193	381	309
115	193	380	309
118	193	380	310
118	192	379	310
119	192	379	310
121	192	378	312
122	192	377	311
123	192	376	312
123	191	375	314
126	191	374	314
127	192	372	312
130	192	372	313
132	191	370	316
134	192	369	316
135	192	368	315
136	191	365	316
137	192	365	315
138	191	365	317
140	190	364	320
142	191	362	320
144	190	359	321
147	190	358	321
147	189	356	321
150	190	354	321
151	190	353	320
155	190	348	320
156	189	348	321
158	190	346	320
160	190	343	321
163	188	342	324
165	187	338	325
166	186	338	325
167	186	335	324
169	187	335	324
171	185	332	325
173	184	330	326
174	184	329	325
177	184	327	325
179	183	325	327
179	182	324	327
183	182	320	326
184	182	319	327
185	182	318	328
187	181	316	328
186	181	316	328
189	179	313	329
191	178	312	330
190	179	314	328
190	178	312	329
191	178	312	330
192	176	311	331
193	178	310	330
193	176	311	332
193	178	310	331
194	176	309	331
194	176	309	333
196	175	307	333
195	174	306	333
197	174	305	333
197	173	305	333
196	172	306	333
198	173	304	333
197	173	304	333
198	173	303	333
199	173	303	333
199	173	303	332
199	172	302	332
200	172	302	335
198	173	303	332
198	172	303	333
200	172	302	334
199	171	302	333
199	171	303	333
200	171	301	334
199	171	302	333
200	171	301	334
199	169	303	335
201	169	300	334
200	170	301	334
199	170	301	334
198	169	303	335
199	169	302	335
200	170	301	334
199	169	301	334
199	170	302	333
198	171	303	332
198	171	302	332
198	171	302	333
198	171	303	332
196	171	305	331
196	170	305	331
196	170	305	334
195	170	307	333
194	170	308	332
192	171	310	332
193	172	309	331
192	172	309	333
191	173	310	332
191	172	310	333
191	172	310	333
191	173	310	332
191	174	310	332
191	173	310	333
190	172	311	332
190	175	311	331
190	173	310	332
190	175	311	331
189	175	310	331
188	174	312	332
187	175	312	329
185	177	316	330
184	178	317	329
182	178	319	329
181	179	321	329
179	180	323	328
177	180	325	328
175	180	326	328
174	181	328	327
171	182	332	325
169	183	335	324
166	184	337	325
164	185	340	324
162	188	342	321
159	187	345	321
158	189	347	322
155	189	350	321
153	189	352	321
152	189	353	322
151	190	354	321
148	190	356	320
145	190	359	320
143	191	360	319
141	192	362	319
138	192	364	319
136	193	365	318
133	193	366	319
131	194	370	318
130	195	369	315
128	194	371	316
126	195	372	316
123	195	373	314
121	196	375	314
118	195	376	314
117	195	375	311
116	196	377	312
114	196	377	310
111	195	378	311
110	197	379	312
107	197	380	308
105	199	379	307
104	197	379	309
103	198	378	307
102	197	381	309
100	198	380	310
100	197	381	311
97	197	378	310
96	198	380	309
96	196	379	308
93	197	377	309
92	197	377	311
94	195	373	312
90	195	374	313
90	196	374	314
91	196	370	310
91	196	369	310
90	195	367	311
90	195	365	312
89	195	365	310
87	196	366	311
87	195	363	309
86	194	363	314
86	194	361	314
88	195	359	312
86	195	358	316
86	196	356	315
86	195	356	313
86	196	353	310
84	196	352	315
84	195	350	314
84	195	349	317
83	195	348	315
87	193	344	318
83	194	344	319
84	194	344	319
85	194	341	318
83	195	340	316
85	195	339	316
82	195	339	318
83	195	338	316
84	195	336	318
86	193	334	318
85	194	333	315
84	195	334	315
84	192	334	317
85	194	333	316
84	194	333	317
84	193	334	318
85	192	332	318
84	194	333	316
86	191	333	319
85	194	335	317
86	191	333	318
85	193	336	317
85	192	336	317
86	193	335	318
86	194	336	317
87	191	336	320
89	193	334	318
89	194	336	318
89	195	337	318
91	194	336	318
91	194	337	317
91	195	338	316
92	195	340	317
92	195	343	317
93	195	344	318
93	195	347	318
92	194	348	319
94	194	347	317
90	195	353	316
92	196	351	314
93	196	354	314
91	197	356	314
95	197	355	314
94	197	357	314
92	198	361	313
94	198	361	313
92	198	364	311
93	198	364	314
96	198	363	310
95	200	367	313
95	199	369	311
95	200	370	309
97	200	373	311
98	200	374	311
99	201	374	309
101	200	375	310
101	200	379	311
103	201	378	309
104	200	379	310
105	201	379	308
106	200	382	309
108	198	381	308
110	198	381	308
112	198	379	310
113	197	379	310
116	196	377	312
115	194	379	315
117	195	377	312
116	193	377	313
119	194	375	313
120	194	375	312
123	193	374	312
125	193	374	315
128	192	371	315
128	191	371	314
129	191	370	315
131	191	369	316
133	190	366	316
136	190	365	318
138	187	365	318
140	189	361	317
142	187	360	320
144	187	357	319
145	186	356	321
148	185	354	322
148	185	353	323
152	184	348	322
153	183	348	321
156	183	344	323
157	181	343	325
160	182	340	322
160	180	339	324
162	181	338	323
164	179	335	325
166	179	334	325
167	178	333	327
170	177	330	327
171	177	329	327
173	177	327	327
174	176	326	327
178	175	322	328
179	175	321	329
181	175	319	329
182	175	318	328
184	175	316	329
185	173	315	330
186	173	315	329
187	173	314	330
187	173	314	330
188	173	313	330
189	172	313	330
189	172	312	331
191	170	312	331
191	172	311	332
192	169	311	332
192	171	310	332
195	170	308	333
195	169	307	333
196	170	305	333
196	169	306	332
196	168	306	333
196	169	304	334
197	169	303	333
197	169	303	334
198	169	302	333
196	169	304	333
197	169	302	333
197	170	302	332
197	170	302	333
197	171	302	332
197	171	301	333
197	170	300	332
196	170	300	333
195	171	302	332
196	171	301	333
195	170	301	332
196	170	301	332
196	170	300	332
196	170	300	333
196	171	300	333
196	170	301	332
196	169	301	332
196	170	300	333
196	170	301	333
196	169	301	333
196	170	300	334
194	169	302	333
195	169	301	332
194	170	301	335
194	170	302	332
194	170	303	331
194	169	303	332
192	169	304	333
192	169	305	332
191	169	305	334
190	169	307	332
190	169	308	331
190	170	307	330
189	170	309	332
188	170	309	333
188	170	309	333
187	170	310	333
187	169	310	334
187	171	310	332
187	170	310	333
186	170	310	333
186	170	310	333
185	170	311	333
185	172	310	332
183	170	312	332
181	172	315	332
180	173	316	331
177	173	318	330
176	174	320	330
173	175	323	329
170	175	324	329
168	175	328	329
166	176	329	326
163	177	333	325
160	178	335	325
158	178	338	327
157	178	339	326
154	181	342	324
152	180	345	324
151	182	347	323
148	182	350	321
147	183	351	321
145	182	353	322
143	183	354	322
142	184	356	322
141	183	357	322
138	183	361	322
136	183	362	320
133	185	364	320
131	185	368	321
130	184	369	321
128	185	370	318
126	186	372	319
124	186	373	317
122	186	374	316
120	187	375	316
118	187	376	317
117	187	376	315
116	187	377	314
114	187	378	313
112	189	379	310
107	190	382	310
108	191	380	310
104	190	382	311
104	192	379	309
102	190	381	310
102	192	378	310
99	192	379	308
98	193	381	309
97	193	380	308
97	195	379	309
95	194	378	308
95	194	377	308
93	195	377	309
93	194	376	309
92	194	375	311
91	194	371	312
90	194	374	312
89	195	372	309
88	195	371	309
87	194	370	311
87	194	368	309
88	194	367	311
87	194	364	307
88	194	363	310
87	193	362	312
87	193	360	314
87	194	359	315
86	194	360	314
86	194	357	312
86	193	355	313
86	191	352	315
85	191	351	313
85	190	351	318
84	189	348	317
87	189	346	317
84	189	344	317
84	189	345	318
85	189	343	318
87	189	341	317
82	190	342	316
84	190	340	316
85	190	338	315
83	189	339	317
84	189	337	316
84	189	336	316
83	189	335	316
83	189	336	316
83	187	336	319
