382	14	190	396
377	11	187	386
367	10	188	376
355	4	189	369
338	3	188	381
341	2	187	384
328	0	192	399
310	1	193	400
289	2	199	392
281	0	199	373
282	0	201	371
271	0	200	362
265	0	204	374
295	0	218	395
312	0	214	390
309	0	212	390
307	0	211	374
310	0	214	365
318	0	213	401
316	0	218	431
317	0	218	429
317	0	232	471
298	0	270	481
262	0	311	471
250	0	329	461
249	0	328	461
248	0	341	468
235	2	360	513
193	0	400	564
95	0	519	590
78	0	537	593
98	0	527	567
90	4	531	545
75	14	554	524
54	13	586	574
57	14	583	571
70	5	598	604
60	0	601	592
46	0	614	568
60	2	642	560
69	6	634	557
98	2	639	641
128	9	648	675
196	3	651	667
258	1	637	657
260	0	640	663
307	4	643	638
390	2	618	625
440	8	616	632
473	9	636	607
482	5	648	610
501	0	611	591
537	0	622	588
568	0	653	597
593	0	668	603
594	1	667	606
632	0	643	616
682	3	597	616
723	0	552	617
749	0	530	611
750	0	529	611
773	0	506	609
777	0	502	607
798	0	481	605
816	0	463	619
820	0	459	619
853	8	426	647
868	29	411	658
888	42	391	660
912	54	367	661
911	57	368	659
924	78	355	636
919	103	360	610
962	136	317	579
975	133	304	582
976	130	303	585
973	120	304	597
1013	117	265	598
1019	113	260	606
1019	112	260	607
987	117	291	602
985	125	294	592
969	111	310	608
956	114	323	604
958	115	321	600
952	116	327	594
936	124	343	592
926	115	353	598
914	92	365	620
917	100	362	611
906	92	373	620
904	86	375	620
783	98	493	613
817	71	462	639
0	503	362	216
0	487	366	232
0	467	401	252
784	80	158	630
108	426	446	291
783	40	391	673
736	65	542	646
701	72	577	637
699	89	580	622
730	80	549	637
731	75	548	642
712	56	567	663
693	38	586	674
701	28	578	688
698	19	581	697
700	17	579	697
688	19	591	692
678	27	601	684
670	42	609	671
660	44	618	658
659	47	616	656
640	75	631	619
647	88	630	614
670	103	603	603
332	206	367	504
689	107	587	597
694	114	582	590
693	114	583	584
708	111	568	596
715	119	562	592
714	119	561	595
699	105	575	607
680	88	599	623
690	80	584	628
690	79	582	633
691	79	582	635
657	107	616	608
653	108	625	601
643	102	636	601
614	112	661	596
614	115	663	588
611	114	665	589
607	127	667	586
591	151	681	566
591	161	685	548
580	163	699	552
587	164	692	552
588	161	690	551
583	156	696	548
583	154	696	552
585	152	694	555
592	153	681	561
597	151	682	566
593	155	686	555
566	173	708	545
564	163	715	547
565	147	711	569
563	176	716	536
576	167	703	540
578	143	700	565
582	148	696	566
575	132	699	577
566	119	706	593
563	103	711	614
566	82	713	635
566	85	710	626
573	61	701	657
589	42	682	672
598	36	681	677
600	35	676	674
599	33	676	684
615	33	658	679
624	41	652	674
626	42	653	675
638	57	635	662
638	47	638	672
644	44	627	675
673	23	605	689
696	0	581	715
377	181	377	535
696	0	581	714
414	186	323	532
724	11	555	694
452	184	283	535
703	37	572	660
455	182	307	526
709	55	568	634
683	62	596	646
671	84	608	613
671	92	608	617
673	93	606	616
661	93	618	615
645	85	634	624
647	59	628	646
647	42	629	655
648	49	631	642
658	39	618	654
662	35	607	653
682	34	594	662
693	37	585	652
692	39	581	652
696	43	579	639
696	39	578	623
698	37	572	607
701	50	571	571
701	52	575	574
691	52	573	540
699	33	543	537
709	20	512	539
706	2	501	529
704	1	503	524
690	0	480	548
664	0	465	559
652	0	459	566
632	0	453	557
624	0	465	558
569	0	515	527
591	1	515	520
611	8	487	515
627	0	484	546
623	0	488	541
647	0	491	590
660	0	501	608
681	0	499	591
699	0	542	580
697	0	574	577
710	0	563	556
705	0	564	559
674	0	583	544
689	0	576	533
686	0	578	537
684	0	589	516
682	0	586	544
678	0	589	563
670	0	602	566
668	0	605	562
677	0	597	574
687	0	589	571
704	0	574	556
685	0	582	553
687	0	586	553
681	0	590	554
738	0	541	555
773	0	506	552
787	0	492	580
786	0	493	580
822	0	457	609
842	0	437	651
858	0	421	687
876	3	403	710
876	1	403	703
910	2	369	703
943	2	336	711
959	6	320	705
962	21	317	689
965	21	314	691
959	50	320	658
980	61	299	641
988	66	291	626
993	68	286	580
992	68	287	588
1024	49	255	661
1040	52	239	665
1064	48	215	667
1087	28	192	684
1081	28	198	686
1071	14	208	694
1059	16	218	672
249	0	263	391
229	0	241	320
227	0	241	312
238	0	246	281
302	0	237	256
359	1	211	232
407	0	209	223
401	2	212	217
462	3	195	195
501	0	180	165
539	0	184	160
583	0	172	158
583	0	173	156
604	0	173	137
634	0	166	113
962	0	76	143
748	0	111	111
706	0	151	105
730	0	156	97
762	0	154	103
791	0	161	111
809	0	152	123
809	0	164	126
826	0	399	397
861	0	418	597
870	0	409	571
841	0	438	549
837	0	442	545
819	0	460	535
830	0	449	518
823	0	456	512
839	0	440	527
837	0	442	532
837	0	442	539
828	0	451	530
821	0	458	510
798	0	479	504
796	0	478	502
773	0	505	507
747	0	530	526
739	0	531	530
732	0	545	528
734	0	545	532
711	0	562	519
703	0	575	511
696	0	581	496
693	0	586	488
690	2	589	486
681	0	598	480
671	8	605	466
684	8	590	456
660	6	613	435
660	3	608	440
644	3	599	429
676	6	600	418
677	9	594	415
680	23	591	399
680	21	585	402
694	15	579	410
691	17	576	435
693	12	571	451
694	26	574	444
696	23	572	447
700	45	571	438
689	63	582	428
692	81	575	414
694	85	573	410
681	106	568	388
677	122	560	370
669	124	554	358
669	120	543	363
672	121	537	361
677	114	522	367
676	116	505	363
666	118	499	361
657	123	494	356
665	121	486	357
668	121	485	347
667	118	480	338
659	121	466	330
670	121	443	354
670	120	443	350
685	95	424	362
686	82	408	384
677	78	405	377
703	72	402	372
705	69	397	379
720	67	390	371
724	67	389	363
728	67	387	357
736	73	377	357
729	72	384	357
744	74	377	382
766	70	369	401
777	55	385	413
777	75	367	388
779	71	364	394
751	84	362	377
730	87	367	368
746	79	361	383
743	79	354	410
742	79	353	413
731	76	341	430
730	74	338	434
718	74	339	425
691	77	342	418
687	75	344	421
690	77	351	406
692	75	348	392
660	82	336	408
673	68	339	438
671	67	338	439
672	57	363	450
660	48	362	449
610	44	395	440
609	37	385	436
612	39	388	437
579	44	383	429
572	46	389	439
563	28	391	479
545	18	392	505
546	23	389	497
544	19	394	502
523	31	398	488
502	46	412	466
485	54	414	452
483	55	417	451
456	70	414	439
457	76	411	423
463	73	405	422
430	62	399	455
427	64	404	457
434	73	407	453
463	76	398	444
469	76	396	450
476	93	396	428
474	97	401	425
497	104	396	417
508	97	391	412
504	94	393	408
505	89	392	416
504	89	392	411
502	88	392	435
509	92	396	435
504	96	399	423
507	92	397	420
505	98	398	414
499	95	397	413
489	81	397	411
460	68	401	419
455	64	404	395
460	66	396	390
469	62	391	388
444	69	394	339
433	62	381	324
421	56	379	309
420	55	378	297
373	61	387	278
344	57	381	298
326	73	376	394
288	82	383	381
289	81	390	395
228	57	419	420
224	57	396	389
218	44	396	382
184	33	399	377
177	34	407	380
186	10	401	400
196	0	407	415
151	0	415	433
132	0	396	421
136	0	384	424
167	0	360	420
169	0	361	430
150	0	360	434
155	0	347	448
155	0	347	449
155	7	333	466
149	23	334	484
174	18	315	527
156	15	312	544
160	18	305	538
171	15	304	526
195	2	289	525
177	6	277	523
148	18	280	508
148	17	287	508
136	34	285	499
144	60	268	486
159	84	248	475
170	78	241	530
170	77	240	532
212	93	245	531
259	77	224	525
250	64	229	515
254	55	234	498
254	60	236	491
277	49	250	485
267	53	268	463
260	39	273	461
244	31	280	501
241	33	284	499
235	21	290	544
222	18	300	576
216	39	292	522
252	14	290	524
248	17	289	523
249	19	308	536
239	48	311	508
240	60	297	485
241	52	287	480
241	51	287	478
232	33	284	484
225	13	292	506
235	0	265	506
230	4	270	509
230	1	270	509
223	17	268	497
248	27	271	481
254	22	284	469
250	22	298	453
251	23	296	453
254	11	309	453
242	1	306	455
226	0	301	451
216	0	304	447
216	0	300	445
203	0	292	460
197	0	279	516
212	44	248	461
242	7	244	473
243	6	244	475
244	7	246	472
250	15	241	467
243	31	249	450
232	39	248	425
232	40	248	427
222	37	258	420
218	50	272	424
216	78	284	405
221	74	298	421
222	75	298	418
222	77	324	415
235	83	347	402
209	64	365	408
195	42	365	411
198	47	371	401
196	23	362	411
185	18	367	414
171	18	375	419
149	24	383	422
148	23	387	425
122	49	394	429
112	87	394	434
111	130	398	418
98	157	409	397
102	153	407	400
103	157	409	388
90	152	426	374
84	148	434	363
79	144	439	358
80	138	437	364
69	137	450	362
57	148	465	366
83	165	466	356
84	173	460	351
87	173	453	354
93	183	442	334
129	179	420	322
122	169	411	323
131	163	385	313
131	161	381	318
155	145	368	317
157	137	365	323
158	132	357	325
178	125	346	323
178	130	348	319
177	132	353	320
185	147	337	312
206	150	343	316
216	159	340	315
215	158	336	317
225	166	331	314
255	172	325	310
261	176	326	310
275	181	320	314
273	179	329	316
287	185	324	318
293	193	330	322
299	194	339	322
301	178	348	326
301	177	346	332
276	160	351	342
263	149	352	351
266	143	355	352
268	136	363	355
269	136	365	356
260	129	371	357
253	114	374	367
243	117	382	366
233	119	383	363
231	117	390	362
229	117	386	366
225	117	394	367
215	118	393	371
201	122	397	368
197	118	413	373
180	122	402	382
170	133	406	385
163	150	411	374
168	156	420	367
169	156	412	369
138	161	436	370
129	158	425	372
127	160	436	370
128	157	436	376
129	161	436	371
138	152	437	372
137	150	445	364
121	141	445	370
120	144	449	367
116	135	456	364
114	127	456	368
113	128	464	367
115	129	466	366
114	130	467	362
112	130	472	369
105	134	479	375
112	140	485	373
120	147	486	381
119	146	487	381
115	156	492	381
129	153	496	384
137	153	504	389
129	156	513	400
133	158	507	401
137	155	524	403
159	143	517	405
151	132	517	416
146	92	506	442
143	93	506	440
125	40	519	493
114	2	559	532
102	0	541	537
92	0	537	540
93	0	532	540
68	0	547	548
35	0	552	568
38	9	534	578
52	23	514	569
56	22	512	573
75	60	503	585
131	99	455	598
188	153	457	544
228	200	439	509
228	195	424	511
258	260	419	439
302	242	389	470
308	262	347	455
304	272	329	444
306	270	323	446
309	273	305	445
269	271	318	444
252	266	335	452
252	257	373	461
253	258	367	455
241	249	422	466
243	254	441	463
254	260	476	458
212	257	520	454
213	250	516	466
144	247	584	470
124	236	611	479
72	230	659	486
0	219	723	496
6	164	722	549
0	223	714	494
0	247	719	464
3	266	736	448
0	258	736	458
2	255	732	460
1	231	671	482
0	221	674	494
0	213	676	501
0	203	664	508
0	204	666	509
4	193	655	519
1	189	671	519
1	188	660	519
0	192	684	523
2	191	661	525
0	199	675	513
1	204	683	508
0	209	693	500
3	204	675	504
1	203	678	509
0	199	666	518
0	203	699	514
1	201	689	514
0	204	710	507
0	205	711	506
0	210	714	500
0	221	727	490
0	237	750	471
0	255	770	459
0	255	776	461
0	263	785	445
1	263	751	451
0	252	737	462
0	261	741	450
2	267	727	444
0	266	754	444
0	253	747	462
0	241	747	474
0	223	735	489
0	220	729	492
0	202	705	508
0	190	705	522
0	172	712	539
1	164	714	554
3	165	714	552
4	165	719	548
0	166	740	552
0	162	745	556
0	147	745	572
2	152	743	564
0	139	756	576
3	129	761	585
3	111	777	608
6	99	765	615
2	95	767	620
0	105	769	610
0	112	809	604
0	119	806	597
0	118	840	600
0	122	851	590
19	127	895	591
46	122	859	587
81	126	827	593
124	133	801	579
118	121	803	595
163	129	776	587
192	122	759	593
211	114	749	604
224	105	743	611
225	104	743	607
234	95	738	623
237	88	740	631
243	85	733	634
241	85	725	633
242	84	725	631
243	76	716	638
245	80	712	639
250	79	701	633
260	79	689	637
257	82	690	633
261	83	684	633
272	81	673	635
283	87	661	625
289	85	642	632
290	88	639	628
296	90	628	626
308	103	594	611
322	108	559	610
326	113	559	599
327	110	557	609
336	120	550	592
348	127	549	591
364	135	540	579
373	142	534	573
374	143	535	569
380	149	532	570
394	154	524	561
406	157	520	554
414	162	516	557
414	163	520	551
422	164	514	548
426	166	512	553
434	170	501	545
438	170	492	549
439	174	491	545
444	168	479	546
446	176	473	539
452	174	459	539
451	174	451	542
452	176	449	541
455	180	444	536
473	180	427	534
489	185	406	532
501	185	384	531
500	183	386	532
507	181	361	536
512	187	345	531
523	196	329	516
524	198	318	514
526	203	317	510
526	206	310	510
529	210	297	505
526	218	293	498
521	217	297	496
526	223	292	493
525	222	290	491
517	232	293	484
511	236	299	479
506	239	302	475
507	239	301	474
500	245	307	467
497	247	310	467
497	250	309	462
497	253	305	463
499	252	302	462
503	253	297	463
511	254	288	462
518	252	278	461
519	254	268	457
520	254	267	458
518	255	263	457
516	255	261	462
511	250	262	464
504	252	277	464
503	257	278	457
498	257	298	457
491	255	321	461
480	252	345	461
470	256	369	457
470	254	367	462
466	254	384	463
447	244	412	471
436	217	429	501
431	204	442	507
433	209	441	507
431	214	446	498
430	125	448	592
420	8	453	711
406	223	462	492
406	229	465	480
392	186	474	529
392	197	471	517
383	221	475	493
374	208	477	503
376	249	474	467
368	125	477	586
361	82	478	633
349	122	483	594
342	246	490	466
342	111	486	602
333	253	494	462
323	255	496	456
313	252	500	465
303	245	504	468
302	246	507	467
294	243	509	469
284	242	516	476
272	240	516	475
260	239	516	474
258	240	519	471
248	238	512	472
243	238	504	477
235	236	494	475
230	234	485	477
231	234	484	484
226	235	490	478
220	232	486	480
240	224	443	494
243	226	455	491
250	217	413	494
247	199	384	517
242	183	377	531
242	177	371	535
242	176	374	538
250	177	360	535
255	179	356	532
249	178	336	539
245	182	348	531
244	183	350	534
249	185	358	527
250	187	353	526
245	189	377	522
240	188	381	525
241	188	378	528
236	189	431	528
240	190	449	526
235	192	474	527
226	192	519	527
225	191	523	522
212	200	575	517
221	199	633	518
209	180	676	528
173	167	690	550
179	177	687	536
151	169	735	544
141	175	763	534
129	196	788	517
103	210	813	505
104	178	805	533
86	223	834	489
79	245	857	469
85	258	891	458
94	273	916	446
91	271	922	446
91	282	937	434
87	286	962	433
100	299	1000	417
129	300	1012	419
125	303	1008	411
140	288	1017	431
145	260	1023	449
139	247	1033	469
151	244	1049	467
152	239	1049	476
170	232	1060	477
180	226	1063	487
182	226	1066	489
184	226	1074	492
184	228	1073	482
189	224	1072	491
190	240	1076	474
204	248	1069	463
214	264	1063	446
206	266	1066	447
204	285	1070	430
210	284	1065	427
203	295	1067	423
203	313	1047	405
202	312	1048	407
206	312	1040	407
211	319	1033	400
219	342	1011	377
232	360	988	354
228	356	987	356
247	372	964	347
258	386	941	332
250	403	937	315
249	417	913	295
249	411	913	308
257	423	894	291
262	426	879	293
272	435	847	278
279	433	833	286
283	432	827	284
292	435	808	284
298	436	792	283
312	440	767	279
327	439	744	278
318	437	753	281
333	443	728	270
333	443	720	273
331	444	716	275
323	432	717	281
325	429	720	285
319	421	715	293
312	418	709	299
313	408	700	308
308	402	696	312
308	403	697	313
301	398	682	314
303	389	674	326
305	385	669	328
301	385	659	333
301	388	659	324
306	387	649	330
313	384	642	329
308	384	641	330
319	382	629	333
320	383	629	331
329	376	621	338
337	372	616	344
355	374	598	345
372	371	593	347
371	368	590	348
376	361	588	352
386	357	574	358
404	355	562	359
409	353	557	366
412	351	556	362
423	348	548	368
434	344	540	371
435	252	532	464
435	302	523	413
436	158	524	560
445	186	513	527
435	78	504	634
436	299	489	412
431	68	485	643
430	297	489	409
416	80	484	632
404	262	478	450
397	291	468	423
372	296	475	419
383	293	466	422
371	280	461	434
371	216	458	500
367	301	453	416
362	295	450	421
354	261	456	452
361	292	448	424
355	202	465	511
361	315	465	401
384	246	468	468
411	314	437	404
417	304	464	413
451	301	443	413
473	291	427	426
507	280	408	433
462	280	454	401
498	273	410	438
500	260	412	453
525	244	398	471
522	235	404	479
524	235	403	479
519	225	392	487
508	222	406	491
503	214	406	503
491	207	407	506
504	207	398	507
494	200	400	512
477	200	401	515
470	195	402	517
470	197	388	518
472	200	392	514
469	198	383	517
468	193	388	518
463	201	377	512
472	200	360	516
470	200	363	512
481	202	347	511
497	202	332	510
508	202	320	511
509	202	313	513
510	202	314	509
524	201	294	512
538	198	282	514
550	197	279	517
558	197	278	517
559	196	278	523
577	195	274	521
590	195	267	521
628	198	244	516
667	201	243	514
663	201	250	513
675	194	251	521
675	192	249	524
681	183	249	531
683	170	254	543
683	168	254	545
686	157	257	557
693	142	258	573
696	134	257	579
697	127	260	589
698	126	258	590
708	122	259	594
709	118	266	599
708	120	264	594
715	117	264	600
713	119	265	593
720	124	264	592
719	138	265	574
713	143	277	571
714	139	280	575
714	138	280	574
682	144	277	570
666	139	302	578
685	123	303	592
664	116	320	593
678	117	306	594
662	114	325	601
674	104	325	606
689	106	317	606
678	105	341	604
688	105	329	606
677	108	360	607
705	115	352	596
709	126	362	588
711	132	367	584
705	132	373	582
707	143	381	571
708	158	403	556
710	155	421	561
713	151	427	565
716	149	423	567
714	148	429	568
701	152	443	565
698	149	456	566
697	146	462	571
700	147	458	570
688	147	459	571
666	152	454	562
649	171	460	545
645	184	453	532
646	187	451	529
627	200	462	517
619	221	470	493
606	240	477	471
597	258	487	458
597	258	488	453
591	256	497	459
580	249	508	463
570	239	516	472
570	228	519	489
568	235	524	477
569	234	522	477
561	236	524	478
561	239	528	473
555	246	532	467
553	247	534	469
540	261	550	449
530	267	559	446
534	281	558	430
531	299	564	412
530	297	564	412
530	302	568	414
528	312	574	402
522	319	576	397
516	322	578	389
514	316	578	399
508	315	578	395
490	311	578	404
475	307	589	402
480	306	583	409
473	299	584	414
461	292	581	424
452	283	586	432
448	278	586	437
448	281	584	432
439	282	579	429
428	279	576	438
415	277	573	435
399	279	585	435
393	276	594	436
381	265	601	445
374	242	609	476
381	222	600	494
377	209	596	497
377	205	597	507
372	191	589	508
363	174	582	515
358	156	587	509
353	149	586	513
354	148	586	518
344	144	588	510
352	144	589	511
354	135	587	505
346	131	576	497
355	129	577	505
333	121	590	500
333	109	571	504
318	103	589	508
308	91	583	510
312	94	585	516
290	81	597	522
282	75	597	532
272	67	601	543
269	57	602	551
266	59	605	542
248	48	617	558
251	43	625	566
244	40	630	581
235	40	643	597
248	43	638	600
227	51	674	601
236	60	681	599
225	50	684	609
224	42	696	629
227	44	694	624
218	35	712	641
217	31	713	650
202	16	729	670
196	16	746	688
201	16	743	681
192	15	762	693
184	11	773	692
170	4	786	689
153	0	804	694
163	0	793	690
154	0	804	702
155	0	808	698
150	0	807	697
128	0	818	701
124	0	820	679
115	5	839	673
110	6	835	668
82	7	832	672
62	17	852	661
61	14	849	662
53	16	860	658
43	13	863	665
33	13	868	663
46	7	869	665
42	5	870	672
52	2	863	662
49	0	867	646
68	0	853	652
95	0	838	658
96	0	836	655
93	0	839	646
116	1	822	652
119	0	820	666
99	0	827	681
107	2	817	670
90	6	850	697
75	0	850	696
48	3	870	699
18	1	895	697
14	0	896	701
2	0	912	698
7	0	904	701
0	0	895	690
0	0	908	671
0	0	899	673
0	0	911	669
0	0	891	644
2	0	887	648
4	0	886	636
0	0	898	656
0	0	907	662
0	0	894	658
0	0	902	647
1	0	912	647
0	0	910	652
1	0	914	655
0	0	931	675
0	0	930	697
0	0	971	700
0	0	924	693
0	0	941	701
0	0	890	697
0	0	929	702
0	1	899	699
0	0	927	709
1	3	921	705
0	0	913	705
0	4	867	697
0	0	838	706
0	0	879	710
0	0	850	709
0	0	840	708
0	0	806	703
0	0	861	712
0	0	754	711
0	3	888	716
0	2	717	705
0	0	864	719
0	2	878	699
0	0	863	700
0	0	855	695
0	0	877	704
0	0	860	703
3	0	866	701
0	0	842	696
0	3	878	701
0	0	877	701
0	0	888	695
0	0	882	691
0	0	880	696
0	0	867	682
0	0	872	693
0	0	879	699
0	0	854	698
2	0	861	707
0	0	799	701
2	0	822	705
0	0	766	714
0	3	807	704
0	3	754	709
0	5	733	712
4	1	739	715
0	0	773	715
1	0	762	709
1	0	821	715
3	1	717	707
3	2	865	717
0	0	893	705
0	0	903	714
0	0	893	708
0	0	913	707
0	0	925	708
7	0	912	710
3	0	896	710
4	0	845	707
30	3	826	702
17	0	840	717
41	0	835	715
44	0	853	713
50	1	838	714
61	0	846	717
72	0	864	718
87	13	881	701
97	27	961	688
100	22	866	697
113	39	958	679
132	55	986	653
154	58	981	650
172	74	1004	636
164	78	982	629
187	81	994	632
191	90	958	619
196	101	972	612
212	106	944	603
209	103	957	613
238	103	927	606
230	109	929	606
237	107	913	598
245	104	897	606
244	103	898	605
254	101	881	609
257	99	876	620
271	85	865	626
265	71	870	642
259	72	877	641
266	61	868	653
266	46	865	664
269	38	863	677
265	35	859	684
276	31	850	687
264	28	856	686
256	34	863	679
259	31	854	682
268	46	853	666
255	33	867	683
245	48	864	669
237	49	872	660
241	56	865	661
246	51	852	660
252	55	847	659
251	54	846	665
248	54	847	665
245	49	842	670
239	43	844	675
244	46	836	668
230	33	849	679
235	30	838	680
227	25	841	693
231	18	840	690
228	23	841	689
224	19	845	697
233	18	831	688
222	18	841	689
214	4	845	706
225	10	832	699
210	5	848	703
201	5	860	702
192	5	866	703
195	8	860	703
198	1	861	711
192	6	865	706
198	10	856	703
196	6	857	708
192	11	856	705
194	16	860	689
201	10	856	702
202	23	843	691
203	18	848	693
206	21	848	692
205	23	845	683
206	23	846	688
205	28	846	688
195	26	858	680
204	29	848	685
200	21	852	684
202	19	846	693
205	28	847	686
204	14	845	693
206	18	841	694
199	16	846	698
207	21	839	696
201	26	851	679
203	24	849	690
196	24	857	682
197	14	859	699
204	22	856	682
202	16	862	695
200	21	867	681
197	14	874	697
189	13	875	691
196	6	876	707
201	6	875	699
193	7	883	704
194	6	877	699
193	5	883	707
191	5	886	701
197	8	886	705
191	4	882	704
187	6	881	709
194	5	882	702
196	4	889	709
193	3	872	704
191	9	874	702
187	0	877	703
193	10	872	702
193	0	869	704
190	14	871	697
187	4	878	701
188	7	878	707
188	5	876	701
185	9	881	706
188	7	877	700
184	18	877	698
173	5	896	705
179	9	879	697
183	13	874	703
183	10	886	699
183	16	882	693
179	23	887	685
176	23	893	686
181	21	890	690
171	23	898	688
171	22	903	692
169	20	900	696
177	17	890	699
175	11	888	704
165	7	895	705
172	24	892	686
181	16	880	697
169	15	892	696
167	16	893	693
168	19	890	689
171	20	886	689
174	21	881	688
173	15	883	692
183	26	868	680
188	16	864	702
193	34	864	682
196	36	861	679
204	43	869	673
231	67	864	652
258	102	855	613
280	133	855	586
276	125	857	591
308	153	871	558
332	187	872	529
351	222	877	490
390	268	869	441
395	266	861	444
422	296	850	412
442	307	805	406
455	327	790	386
469	334	791	377
471	329	782	386
480	338	794	372
483	317	788	394
492	356	786	361
485	361	786	355
482	342	789	371
487	378	792	336
486	382	791	334
483	343	791	375
483	399	795	320
481	399	793	319
488	414	789	303
482	416	795	303
471	421	808	293
471	391	807	327
472	425	805	291
469	436	805	278
464	446	812	269
456	451	812	267
451	455	821	258
450	457	817	255
446	350	824	364
443	474	834	238
433	477	842	240
425	330	852	384
428	467	851	251
417	301	850	412
419	433	857	276
409	425	854	290
421	289	839	427
417	395	851	322
420	342	841	377
417	317	843	397
415	270	841	444
422	230	793	481
414	231	784	483
420	187	765	527
417	142	740	571
420	114	717	604
420	83	680	636
421	81	679	634
419	61	662	651
422	42	652	671
446	34	617	684
437	20	608	699
453	29	591	686
437	20	593	699
434	23	574	688
444	14	563	705
446	10	577	699
437	7	600	710
426	7	564	710
