0.041603
0.104106
0.058804
0.051176
0.046024
0.047351
0.048527
0.078557
0.080199
0.067460
0.136021
0.064611
0.050555
0.073703
0.073826
0.046938
0.066520
0.089539
0.082090
0.084687
0.076178
0.042246
0.076183
0.052342
0.058734
0.068381
0.065931
0.049676
0.079820
0.080907
0.081450
0.051702
0.055153
0.053940
0.052986
0.077399
0.051980
0.050465
0.051492
0.046998
0.135736
0.038126
0.053494
0.079470
0.038164
0.060016
0.083704
0.043979
0.062086
0.079061
0.051866
0.049886
0.063297
0.043939
0.062337
0.060090
0.051544
0.059284
0.088111
0.073084
0.057523
0.055699
0.077775
0.044409
0.061758
0.082988
0.060400
0.068180
0.069812
0.070496
0.092679
0.047326
0.061870
0.086748
0.046223
0.073023
0.075760
0.052845
0.044573
0.060579
0.057102
0.080347
0.077574
0.054501
0.052647
0.082532
0.088098
0.054528
0.051480
0.083182
0.093059
0.056878
0.063278
0.049228
0.058818
0.055351
0.074450
0.066269
0.092486
0.124330
0.048764
0.048139
0.072653
0.067639
0.060766
0.074705
0.083608
0.056070
0.046523
0.053073
0.081731
0.052992
0.067389
0.062721
0.053666
0.044163
0.035485
0.047915
0.048055
0.053184
0.051363
0.052990
0.052289
0.050134
0.052129
0.055887
0.056579
0.055881
0.052007
0.056470
0.125818
0.072318
0.084215
0.045066
0.052964
0.058882
0.098732
0.043143
0.087478
0.153086
0.107237
0.043971
0.082554
0.061774
0.084738
0.087644
0.087979
0.100863
0.083533
0.091412
0.080086
0.059403
0.050674
0.054840
0.047178
0.048327
0.046404
0.049641
0.064161
0.113136
0.196189
0.056517
0.063331
0.049577
0.056968
0.074026
0.058407
0.063369
0.098109
0.068604
0.043181
0.061911
0.066813
0.038944
0.045475
0.077290
0.064789
0.056370
0.060333
0.052875
0.053228
0.074804
0.052252
0.065046
0.085872
0.059860
0.043602
0.117561
0.041430
0.056818
0.046298
0.055003
0.049129
0.048158
0.052680
0.051764
0.075950
0.059693
0.058416
0.057048
0.071878
0.063384
0.061006
0.097384
0.144991
0.049178
0.085432
0.088658
0.101985
0.096244
0.095969
0.092962
0.092746
0.177125
0.095963
0.101829
0.090407
0.088225
0.107915
0.076932
0.075515
0.050815
0.056327
0.058170
0.054567
0.074720
0.051154
0.130573
0.184652
0.128923
0.075681
0.052475
0.059257
0.076656
0.061691
0.055037
0.054397
0.067572
0.063089
0.067818
0.054233
0.116477
0.097583
0.078443
0.049609
0.053676
0.041737
0.063043
0.052937
0.039328
0.077183
0.056055
0.058514
0.076126
0.049316
0.047471
0.065817
0.043437
0.042195
0.046273
0.055400
0.079092
0.054071
0.045671
0.073154
0.051432
0.059613
0.076973
0.055831
0.061407
0.082659
0.064228
0.104598
0.096258
0.051151
0.058860
0.065397
0.051604
0.066717
0.083396
0.055350
0.051769
0.095277
0.059290
0.075199
0.049706
0.045083
0.042856
0.077768
0.038664
0.048224
0.059719
0.053855
0.058107
0.060313
0.046808
0.044745
0.044421
0.042198
0.045064
0.074930
0.048390
0.053147
0.151097
0.053185
0.070331
0.068283
0.056499
0.059909
0.082318
0.052307
0.054746
0.076867
0.057393
0.056112
0.070287
0.072472
0.046229
0.064489
0.056019
0.058025
0.084495
0.055893
0.052041
0.070819
0.075020
0.055555
0.050986
0.064430
0.056729
0.054968
0.066317
0.048613
0.134572
0.055356
0.058915
0.074916
0.067236
0.039365
0.051814
0.048476
0.075941
0.071362
0.076813
0.058949
0.075725
0.072532
0.056106
0.051337
0.059647
0.050145
0.055956
0.045629
0.056924
0.060719
0.045130
0.078113
0.061726
0.058367
0.061974
0.064549
0.097130
0.092912
0.046177
0.072078
0.054802
0.056309
0.081136
0.080863
0.069917
0.043584
0.093489
0.062921
0.053808
0.059537
0.083069
0.060850
0.055364
0.049525
0.050313
0.061436
0.078943
0.084395
0.056658
0.057909
0.076865
0.051183
0.074866
0.046746
0.063489
0.121529
0.079670
0.051791
0.050757
0.079199
0.047543
0.042503
0.069589
0.045301
0.071504
0.085945
0.051427
0.052627
0.072910
0.050592
0.054659
0.075172
0.036696
0.062382
0.060690
0.055334
0.079009
0.062238
0.041445
0.055200
0.041391
0.048002
0.058759
0.051738
0.140695
0.052512
0.067211
0.082927
0.057971
0.053481
0.049105
0.076335
0.080701
0.089069
0.050438
0.047446
0.070988
0.052370
0.065465
0.058696
0.056287
0.074893
0.056874
0.058427
0.091937
0.077051
0.098742
0.045710
0.068375
0.044322
0.050263
0.171746
0.064427
0.052721
0.062366
0.077279
0.044516
0.062825
0.059092
0.055911
0.072896
0.074644
0.047056
0.054349
0.079635
0.055022
0.063683
0.073703
0.057140
0.052915
0.055626
0.048030
0.072354
0.056904
0.077404
0.065742
0.071030
0.056472
0.111072
0.112908
0.050080
0.061993
0.049733
0.049292
0.060449
0.036441
0.057266
0.043038
0.062474
0.084407
0.044274
0.059786
0.089831
0.054955
0.054696
0.076303
0.094430
0.071251
0.041449
0.055392
0.050865
0.057874
0.075854
0.051960
0.056968
0.063547
0.041638
0.059510
0.073224
0.037611
0.057154
0.056437
0.055982
0.059721
0.054753
0.052541
0.051131
0.051450
0.089464
0.056880
0.055674
0.060068
0.062801
0.052849
0.075007
0.055151
0.057013
0.077694
0.066919
0.051784
0.069916
0.069026
0.046285
0.045163
0.044272
0.058516
0.052745
0.054215
0.057169
0.078946
0.052664
0.055927
0.076958
0.058646
0.050527
0.058170
0.056355
0.057470
0.079739
0.047968
0.068320
0.062947
0.049743
0.053879
0.056477
0.052934
0.070153
0.049163
0.050839
0.053819
0.052502
0.077648
0.048661
0.048874
0.050356
0.053771
0.052569
0.045829
0.041858
0.036431
0.053946
0.039784
0.058627
0.046513
0.040720
0.059489
0.056295
0.068323
0.051541
0.058853
0.065784
0.048739
0.050124
0.051600
0.053702
0.068855
0.167175
0.053403
0.061317
0.051152
0.055547
0.060840
0.048386
0.057364
0.046813
0.048589
0.055236
0.053001
0.061737
0.070730
0.050557
0.069531
0.059910
0.036042
0.067852
0.079801
0.084856
0.048561
0.075812
0.062211
0.049856
0.068839
0.040738
0.056056
0.081359
0.089771
0.061463
0.124275
0.072604
0.053958
0.053658
0.079470
0.055660
0.053775
0.093873
0.054796
0.043356
0.068843
0.043762
0.040707
0.075498
0.048022
0.059070
0.077411
0.043319
0.064408
0.071986
0.049873
0.052292
0.067783
0.055555
0.064806
0.087718
0.053543
0.052955
0.059562
0.080647
0.115761
0.075049
0.047976
0.044336
0.069774
0.068329
0.067005
0.073006
0.076893
0.051341
0.060827
0.087793
0.091635
0.059067
0.049506
0.048097
0.090201
0.050291
0.050774
0.091226
0.085609
0.081467
0.061333
0.041682
0.073953
0.063958
0.043389
0.162812
0.092308
0.047023
0.051829
0.079214
0.058129
0.058414
0.079524
0.056929
0.058877
0.070361
0.055576
0.056768
0.075475
0.067248
0.056250
0.042472
0.064286
0.049660
0.064045
0.079215
0.050536
0.055083
0.058316
0.058889
0.058058
0.055609
0.094916
0.124211
0.065796
0.053744
0.084830
0.073750
0.063039
0.052288
0.099592
0.068048
0.056371
0.053560
0.051764
0.056113
0.071068
0.074513
0.064471
0.056214
0.061750
0.064940
0.053345
0.077161
0.069996
0.048504
0.069744
0.068931
0.073695
0.096261
0.053513
0.080424
0.058447
0.055367
0.057728
0.093219
0.042207
0.048360
0.076366
0.061833
0.058338
0.083501
0.081661
0.066010
0.057335
0.052114
0.058409
0.062085
0.083960
0.074183
0.059240
0.046604
0.066685
0.081820
0.049421
0.053983
0.051826
0.119787
0.056062
0.061712
0.067670
0.050794
0.071055
0.069081
0.051928
0.057928
0.085924
0.071914
0.044564
0.048761
0.041172
0.073206
0.081625
0.051483
0.048554
0.074548
0.058379
0.057413
0.079859
0.053983
0.055591
0.069635
0.048588
0.053593
0.154143
0.055487
0.054085
0.076425
0.053163
0.057598
0.075339
0.059529
0.060685
0.079489
0.071162
0.045910
0.070148
0.067102
0.050156
0.057503
0.063029
0.073330
0.056051
0.062679
0.056131
0.052358
0.107977
0.070475
0.090227
0.057383
0.047260
0.084122
0.169882
0.106546
0.059070
0.055240
0.082178
0.072638
0.086872
0.073080
0.053455
0.076834
0.065919
0.082484
0.093842
0.073472
0.049728
0.048999
0.037763
0.051704
0.092515
0.069273
0.087497
0.039500
0.068964
0.079104
0.048712
0.056642
0.080995
0.049800
0.054663
0.072737
0.093700
0.116718
0.076831
0.056273
0.066200
0.078793
0.085394
0.062127
0.053844
0.078854
0.079973
0.050104
0.048341
0.037574
0.042697
0.102895
0.044642
0.061499
0.072050
0.075943
0.055403
0.050495
0.068320
0.048414
0.040639
0.054764
0.049544
0.071685
0.093261
0.094653
0.047606
0.069957
0.063045
0.041916
0.046545
0.052114
0.048864
0.074884
0.053255
0.059851
0.069014
0.033812
0.060265
0.057189
0.059848
0.057150
0.081196
0.071692
0.051648
0.059963
0.073748
0.081575
0.044215
0.055939
0.047415
0.056594
0.037281
0.053538
0.099903
0.080529
0.082392
0.040844
0.046423
0.080107
0.046516
0.058137
0.068350
0.049720
0.057164
0.076758
0.051184
0.057349
0.068809
0.053430
0.053572
0.069433
0.063040
0.056605
0.071889
0.050780
0.054667
0.069578
0.050727
0.055186
0.084671
0.055676
0.049223
0.162084
0.048498
0.058496
0.052572
0.055674
0.078014
0.072190
0.055076
0.055320
0.084344
0.059469
0.060439
0.062725
0.060565
0.056786
0.086408
0.073973
0.051876
0.050518
0.074913
0.049095
0.062338
0.074565
0.049097
0.060159
0.082067
0.059471
0.053416
0.077860
0.106873
0.083981
0.071807
0.051009
0.056505
0.061437
0.047338
0.064490
0.055273
0.062639
0.070282
0.052960
0.051338
0.067486
0.056353
0.064029
0.089562
0.050704
0.055926
0.080031
0.056700
0.059927
0.065981
0.077380
0.049937
0.067966
0.086261
0.095201
0.069793
0.080625
0.045493
0.071434
0.075822
0.042881
0.061166
0.069029
0.053417
0.061238
0.052520
0.052756
0.076041
0.076621
0.049513
0.072817
0.085614
0.060922
0.060747
0.075959
0.097765
0.066262
0.073113
0.059900
0.067000
0.079258
0.075069
0.111285
0.095145
0.078600
0.039693
0.074060
0.079718
0.072790
0.056601
0.072013
0.072929
0.053064
0.065907
0.080804
0.052110
0.058591
0.057472
0.044721
0.042918
0.055765
0.045079
0.073294
0.055655
0.050222
0.080411
0.054955
0.049118
0.072667
0.068938
0.050678
0.053742
0.072052
0.096802
0.123488
0.063408
0.062730
0.054303
0.040769
0.051859
0.065166
0.051589
0.102255
0.043198
0.098458
0.048699
0.052424
0.065778
0.070454
0.052387
0.050103
0.047265
0.047041
0.075224
0.047657
0.067755
0.052910
0.045533
0.080443
0.069338
0.041943
0.050142
0.054149
0.047222
0.111046
0.086809
0.074231
0.048878
0.051049
0.063132
0.061921
0.070783
0.066977
0.054973
0.054379
0.052119
0.054736
0.075185
0.046789
0.057796
0.060617
0.032299
0.055894
0.060099
0.069004
0.084570
0.053148
0.048674
0.067319
0.045097
0.066127
0.056413
0.051679
0.077685
0.199610
0.050382
0.048141
0.061660
0.085636
0.075925
0.069347
0.062777
0.070957
0.082181
0.070247
0.045244
0.085985
0.058167
0.081902
0.061422
0.070769
0.059826
0.073436
0.048007
0.077268
0.059022
0.063182
0.072399
0.064992
0.080275
0.118326
0.083984
0.054805
0.057563
0.077854
0.050952
0.060799
0.063975
0.047756
0.047817
0.050636
0.070016
0.060317
0.058080
0.058853
0.073144
0.074339
0.059710
0.063240
0.074732
0.057870
0.070506
0.078911
0.056656
0.049504
0.071453
0.087666
0.080315
0.047778
0.076571
0.055096
0.051293
0.087443
0.076606
0.054801
0.054055
0.073664
0.052396
0.060565
0.056816
0.059866
0.067432
0.060834
0.060770
0.061549
0.066164
0.046826
0.055226
0.065944
0.046272
0.072511
0.059857
0.049424
0.071657
0.049951
0.049829
0.069888
0.048471
0.049529
0.053158
0.052636
0.086101
0.054497
0.046126
0.053541
0.045093
0.046968
0.042687
0.080379
0.054621
0.041743
0.080445
0.043766
0.047051
0.047434
0.074516
0.062654
0.083336
0.052470
0.050616
0.080387
0.056699
0.052677
0.087261
0.060290
0.048698
0.052148
0.089213
0.074572
0.063432
0.045834
0.068816
0.058239
0.054660
0.060862
0.049350
0.053918
0.088198
0.071561
0.052959
0.056630
0.054652
0.045729
0.042371
0.042785
0.094575
0.061466
0.049224
0.055249
0.066502
0.064426
0.050855
0.085301
0.059380
0.047101
0.078185
0.058494
0.055661
0.088059
0.085023
0.043935
0.062765
0.074453
0.084356
0.098290
0.049991
0.051351
0.089663
0.117313
0.051897
0.057002
0.090980
0.053781
0.075693
0.055276
0.062624
0.089042
0.060353
0.056025
0.053702
0.051124
0.071780
0.088224
0.056174
0.062475
0.066603
0.069911
0.042535
0.049725
0.058923
0.047502
0.057572
0.078524
0.050307
0.063296
0.063938
0.047626
0.043098
0.113879
0.122358
0.065570
0.054052
0.057980
0.067553
0.051569
0.067446
0.091234
0.092341
0.055787
0.049899
0.052336
0.052792
0.082996
0.051939
0.043200
0.054682
0.066530
0.071392
0.075234
0.068024
0.052213
0.068280
0.057879
0.054672
0.077609
0.160522
0.045327
0.043563
0.085374
0.075006
0.063403
0.062049
0.075795
0.072400
0.055288
0.055755
0.078067
0.062440
0.059706
0.085125
0.081338
0.060513
0.056866
0.059491
0.062243
0.051904
0.084507
0.072529
0.055118
0.057929
0.080938
0.078257
0.061177
0.052312
0.057547
0.069843
0.061963
0.056688
0.054888
0.076077
0.054111
0.046401
0.081338
0.059235
0.040420
0.057808
0.046590
0.065630
0.086958
0.052304
0.054008
0.081981
0.063281
0.051950
0.076734
0.077383
0.050112
0.055342
0.148733
0.057287
0.079783
0.087930
0.052173
0.053765
0.074408
0.050213
0.055312
0.062401
0.047730
0.061673
0.047717
0.043829
0.054630
0.059259
0.063083
0.067263
0.051378
0.060946
0.089037
0.043912
0.048817
0.068853
0.040514
0.049820
0.049325
0.071540
0.066854
0.045647
0.062113
0.070166
0.047816
0.050203
0.074142
0.051289
0.095861
0.099550
0.047287
0.048436
0.044178
0.071012
0.053303
0.051440
0.081346
0.063161
0.046328
0.057901
0.070045
0.042624
0.046146
0.054400
0.083142
0.069639
0.047823
0.065559
0.076053
0.060367
0.055719
0.074169
0.076654
0.045819
0.062695
0.066676
0.058508
0.054146
0.087075
0.052595
0.050655
0.070335
0.055773
0.060996
0.064991
0.054687
0.056783
0.073399
0.061398
0.056942
0.067260
0.086052
0.036819
0.048165
0.064468
0.059489
0.060910
0.049864
0.045065
0.060359
0.038888
0.060668
0.044242
0.056075
0.051005
0.053448
0.061867
0.043889
0.054792
0.075110
0.042554
0.055518
0.074754
0.070680
0.049541
0.055135
0.054882
0.225299
0.042283
0.091169
0.053469
0.044663
0.069160
0.038894
0.046697
0.094479
0.054488
0.085438
0.056704
0.061550
0.070603
0.048159
0.073975
0.067309
0.047887
0.047605
0.045658
0.059128
0.068249
0.043903
0.069448
0.047926
0.052449
0.076719
0.050760
0.052235
0.077059
0.074762
0.108415
0.055552
0.050768
0.075781
0.083999
0.045006
0.054474
0.070803
0.055024
0.056392
0.037777
0.052356
0.079261
0.059909
0.038372
0.043781
0.059058
0.078251
0.051124
0.047264
0.079199
0.062471
0.046094
0.080090
0.061225
0.053017
0.055039
0.046573
0.056427
0.079220
0.099200
0.099988
0.083727
0.064420
0.054842
0.070411
0.082102
0.038680
0.049083
0.055798
0.056742
0.061281
0.045029
0.059224
0.040100
0.077732
0.082608
0.053488
0.054723
0.065410
0.062537
0.051283
0.049872
0.048667
0.069931
0.062908
0.042742
0.045236
0.038692
0.064890
0.058964
0.059153
0.072029
0.055672
0.053818
0.163991
0.113093
0.077474
0.079017
0.051683
0.047693
0.075216
0.042460
0.063812
0.078996
0.045196
0.056330
0.081998
0.048160
0.066296
0.055736
0.054007
0.066517
0.055362
0.051420
0.049993
0.044844
0.067152
0.051704
0.052439
0.075972
0.072097
0.045557
0.069779
0.081000
0.112173
0.079291
0.056334
0.042434
0.076855
0.050905
0.070529
0.078528
0.078379
0.071206
0.051302
0.090006
0.092532
0.082630
0.078741
0.072103
0.062103
0.059011
0.103714
0.083921
0.077363
0.067871
0.057703
0.049383
0.063454
0.040581
0.072534
0.177187
0.049732
0.064297
0.077693
0.042791
0.060830
0.040838
0.059995
0.096593
0.051176
0.059801
0.077090
0.081640
0.053619
0.043185
0.081655
0.070079
0.048680
0.076100
0.076523
0.067186
0.044884
0.065468
0.080163
0.047325
0.075301
0.056539
0.056403
0.074225
0.071758
0.118056
0.088758
0.058484
0.055525
0.086560
0.090793
0.072491
0.058454
0.066452
0.088290
0.075749
0.064864
0.061579
0.068524
0.078338
0.078110
0.049872
0.054445
0.067860
0.046279
0.067826
0.068004
0.047855
0.072038
0.079229
0.060880
0.100815
0.119352
0.052057
0.050872
0.071674
0.051337
0.051664
0.067742
0.051646
0.059212
0.073792
0.065084
0.057130
0.066677
0.072119
0.055885
0.061386
0.082981
0.055086
0.053891
0.086255
0.069765
0.067033
0.062134
0.076469
0.071406
0.045781
0.065182
0.085503
0.055820
0.138606
0.089592
0.082255
0.058858
0.057015
0.059766
0.060029
0.057086
0.085100
0.067083
0.045956
0.057737
0.063594
0.060158
0.070813
0.067216
0.050154
0.071006
0.081971
0.054414
0.053783
0.077416
0.093501
0.060683
0.054239
0.070803
0.096541
0.126908
0.049516
0.056856
0.077166
0.076651
0.058261
0.063420
0.080691
0.063708
0.053587
0.071022
0.085222
0.068549
0.059960
0.067927
0.082684
0.091292
0.055559
0.054103
0.075530
0.070316
0.053344
0.061637
0.066515
0.052862
0.058681
0.087323
0.053721
0.116914
0.097345
0.068785
0.055772
0.067114
0.081953
0.067154
0.060599
0.054336
0.079085
0.078101
0.056791
0.058937
0.072688
0.060289
0.051060
0.087054
0.087299
0.068888
0.048622
0.052451
0.052582
0.056695
0.089751
0.061297
0.059598
0.119693
0.146754
0.048439
0.052869
0.061049
0.096046
0.065387
0.047699
0.085107
0.074853
0.067411
0.059436
0.085510
0.071754
0.103441
0.078859
0.057627
0.055617
0.088774
0.060549
0.082025
0.058025
0.069685
0.068731
0.048198
0.068925
0.083239
0.089686
0.102592
0.061313
0.059557
0.082557
0.091118
0.091863
0.062055
0.052689
0.077546
0.082083
0.079359
0.050739
0.055683
0.080234
0.054107
0.053298
0.054252
0.059314
0.075746
0.088084
0.058941
0.050803
0.070319
0.068244
0.049984
0.066207
0.076375
0.095518
0.110095
0.065660
0.088498
0.044105
0.064643
0.084287
0.059348
0.055177
0.082165
0.055603
0.047745
0.080014
0.072374
0.074175
0.053960
0.085805
0.056952
0.055327
0.068098
0.082291
0.074233
0.048141
0.065286
0.080595
0.055511
0.054859
0.084401
0.073982
0.121428
0.088046
0.102776
0.067909
0.054915
0.053765
0.080454
0.065823
0.087428
0.048934
0.062548
0.078439
0.047811
0.064999
0.075709
0.059355
0.054075
0.082037
0.065329
0.044803
0.068680
0.073676
0.049995
0.067155
0.080876
0.051133
0.064141
0.090026
0.151755
0.052529
0.074454
0.078832
0.044952
0.050599
0.053394
0.047618
0.074807
0.078918
0.054075
0.059240
0.088276
0.059506
0.060385
0.055604
0.088484
0.078887
0.088596
0.045204
0.051869
0.089372
0.053204
0.057435
0.067680
0.060911
0.055210
0.081671
0.087994
0.164851
0.057650
0.062457
0.054670
0.067086
0.056978
0.082849
0.070554
0.055820
0.064745
0.085836
0.096556
0.088787
0.064865
0.061337
0.054660
0.078314
0.108149
0.075936
0.069151
0.092438
0.054782
0.065767
0.076988
0.098930
0.095305
0.066402
0.059614
0.073817
0.070124
0.040072
0.066787
0.062585
0.053287
0.072509
0.072317
0.070021
0.047134
0.043050
0.048196
0.072549
0.049406
0.048719
0.075846
0.067723
0.043130
0.064632
0.048644
0.066440
0.061048
0.044227
0.065954
0.040597
0.051180
0.053846
0.045420
0.144646
0.084779
0.045900
0.074289
0.086484
0.054994
0.046453
0.091717
0.084819
0.051758
0.047626
0.067907
0.045575
0.073889
0.053176
0.072249
0.053457
0.062874
0.070781
0.047358
0.085600
0.053063
0.051723
0.054320
0.043252
0.070888
0.055562
0.046470
0.080191
0.160208
0.059204
0.070063
0.093572
0.085802
0.059215
0.089622
0.040751
0.078534
0.073023
0.056184
0.060887
0.066620
0.039873
0.058969
0.087056
0.075193
0.078192
0.038548
0.058470
0.038898
0.081174
0.053367
0.053736
0.077581
0.082088
0.076728
0.046500
0.117058
0.104658
0.054709
0.077026
0.088728
0.076919
0.068804
0.036369
0.089317
0.078099
0.043611
0.037454
0.052244
0.073393
0.067260
0.078124
0.041746
0.076994
0.066117
0.059285
0.065317
0.075138
0.038264
0.071694
0.084289
0.072302
0.078555
0.087785
0.060032
0.071140
0.074300
0.113647
0.083225
0.078287
0.054344
0.073351
0.069100
0.063993
0.044283
0.098644
0.058974
0.052076
0.051836
0.049483
0.046753
0.084074
0.044389
0.044079
0.086199
0.054857
0.051143
0.078469
0.045382
0.057838
0.081864
0.048055
0.047303
0.089838
0.075936
0.113832
0.082569
0.060319
0.054633
0.049673
0.046306
0.077554
0.067078
0.051051
0.051287
0.053693
0.038591
0.075674
0.055294
0.051325
0.078532
0.048416
0.046199
0.077281
0.074541
0.060619
0.059715
0.072095
0.053833
0.067957
0.094438
0.072370
0.065700
0.047782
0.098527
0.041294
0.088558
0.049021
0.044067
0.063504
0.046885
0.076223
0.041066
0.048403
0.051918
0.043348
0.069723
0.037555
0.062061
0.072805
0.038225
0.039594
0.055217
0.037820
0.080069
0.039146
0.046374
0.081733
0.047694
0.043634
0.039869
0.049919
0.083760
0.045516
0.046290
0.055392
0.045891
0.163065
0.103163
0.053845
0.050880
0.073810
0.062315
0.061105
0.064464
0.066230
0.043500
0.040593
0.034864
0.057116
0.050969
0.054718
0.049641
0.049871
0.050373
0.040260
0.056696
0.050728
0.052758
0.049609
0.071052
0.091100
0.072529
0.071289
0.052504
0.072676
0.173739
0.045658
0.076285
0.087301
0.089147
0.092101
0.102862
0.078473
0.100318
0.098274
0.096698
0.097798
0.094135
0.154771
0.047483
0.072528
0.049950
0.053553
0.065044
0.052777
0.044991
0.039888
0.112894
0.112112
0.174127
0.106931
0.082333
0.042121
0.069189
0.055432
0.057497
0.078242
0.160462
0.042439
0.063928
0.101731
0.080096
0.078439
0.063446
0.067510
0.078147
0.092266
0.081619
0.053165
0.042885
0.069159
0.065860
0.098464
0.039302
0.066947
0.048770
0.048311
0.049190
0.043982
0.068627
0.053385
0.046746
0.058835
0.043038
0.060961
0.044238
0.127676
0.082403
0.050608
0.039628
0.062755
0.057781
0.052955
0.061844
0.046110
0.067900
0.047084
0.065085
0.072917
0.047082
0.039297
0.071264
0.054485
0.053602
0.080907
0.052741
0.055749
0.079998
0.053270
0.053635
0.071686
0.058104
0.055070
0.069263
0.089072
0.119392
0.077262
0.056982
0.056068
0.081317
0.054846
0.050436
0.069282
0.039429
0.048258
0.074993
0.063583
0.044918
0.071451
0.045091
0.052275
0.066102
0.054050
0.074492
0.067007
0.048688
0.050342
0.073214
0.054373
0.059903
0.077669
0.062470
0.054746
0.160472
0.058829
0.058796
0.070204
0.066709
0.044562
0.052185
0.038178
0.071045
0.049699
0.054305
0.085236
0.061253
0.057873
0.068393
0.077191
0.052161
0.043955
0.063723
0.045681
0.068583
0.065937
0.062323
0.057480
0.075869
0.055989
0.047593
0.059749
0.038609
0.074991
0.044401
0.053302
0.048021
0.085937
0.062253
0.040411
0.057253
0.074133
0.054422
0.073462
0.081773
0.067096
0.054411
0.076747
0.053761
0.045828
0.068628
0.043612
0.045168
0.068527
0.041527
0.065029
0.069809
0.057682
0.069101
0.074825
0.053903
0.053910
0.068333
0.048755
0.070849
0.082672
0.108787
0.087189
0.088354
0.086907
0.081766
0.054179
0.069676
0.065889
0.081816
0.074467
0.061090
0.069118
0.075898
0.068689
0.053379
0.073396
0.075287
0.060564
0.066029
0.051910
0.087073
0.089804
0.055212
0.053311
0.070257
0.073336
0.047636
0.147121
0.088029
0.081189
0.048386
0.079398
0.080106
0.061184
0.049363
0.062860
0.064063
0.062377
0.075544
0.073124
0.058256
0.051480
0.078766
0.061267
0.054878
0.082057
0.060199
0.047600
0.076832
0.098273
0.049741
0.066077
0.045776
0.050169
0.053378
0.072195
0.085788
0.109758
0.063548
0.081178
0.055383
0.053704
0.072441
0.060373
0.078873
0.061653
0.053107
0.062340
0.078550
0.052977
0.049895
0.070271
0.045572
0.039528
0.047806
0.052852
0.087832
0.060907
0.059186
0.054281
0.061428
0.048335
0.062966
0.070045
0.058518
0.071932
0.074739
0.112776
0.079120
0.063030
0.047468
0.046448
0.052601
0.076735
0.068776
0.048914
0.073542
0.074619
0.065296
0.050750
0.049987
0.048441
0.060223
0.043831
0.055624
0.065888
0.043649
0.043684
0.043581
0.054857
0.078246
0.071208
0.047483
0.059093
0.083500
0.056885
0.053756
0.082371
0.105676
0.086868
0.057230
0.056188
0.081695
0.071241
0.048991
0.057514
0.068495
0.043120
0.065013
0.080166
0.050591
0.044572
0.080770
0.044436
0.072553
0.051576
0.058012
0.076048
0.079218
0.077217
0.054328
0.065803
0.067708
0.056835
0.064162
0.088291
0.079148
0.102471
0.056190
0.056073
0.075676
0.068110
0.058315
0.060901
0.090260
0.060866
0.053128
0.059685
0.069174
0.053918
0.050033
0.043926
0.058239
0.041417
0.046638
0.076951
0.067229
0.060989
0.056849
0.058177
0.051865
0.073429
0.085548
0.105569
0.086712
0.060224
0.054102
0.057364
0.054949
0.058949
0.078666
0.054935
0.054145
0.074550
0.049423
0.048369
0.034323
0.055052
0.077753
0.058609
0.053478
0.072969
0.078901
0.055759
0.049764
0.048960
0.050843
0.062609
0.055411
0.062767
0.086601
0.076387
0.109452
0.085681
0.060118
0.045773
0.082409
0.090708
0.073505
0.046289
0.058635
0.082417
0.056981
0.058215
0.084000
0.053896
0.077116
0.054059
0.063348
0.043153
0.059669
0.072810
0.051312
0.068411
0.045039
0.046842
0.086316
0.057300
0.075622
0.048720
0.080524
0.072080
0.099184
0.038803
0.075395
0.092594
0.058843
0.059796
0.074150
0.082474
0.055042
0.067099
0.062057
0.069912
0.053510
0.073147
0.089065
0.089381
0.085188
0.057183
0.054728
0.055327
0.053416
0.051293
0.079759
0.053500
0.052136
0.074862
0.047302
0.057196
0.043493
0.106645
0.080427
0.056385
0.048892
0.053459
0.080374
0.053558
0.060423
0.052229
0.063822
0.070969
0.065751
0.052612
0.082281
0.051701
0.052441
0.079673
0.052415
0.048598
0.043315
0.056082
0.048253
0.050780
0.062252
0.083453
0.067972
0.052428
0.053451
0.182007
0.054607
0.052475
0.066643
0.046584
0.052270
0.059537
0.066200
0.081239
0.077019
0.053863
0.056817
0.078225
0.054802
0.057876
0.080973
0.062137
0.040865
0.060375
0.048384
0.062387
0.052038
0.050926
0.070316
0.083892
0.053312
0.057318
0.071212
0.055781
0.128403
