414	74	32	73
413	72	33	73
414	71	32	73
414	72	32	73
415	70	32	74
414	70	32	73
413	69	32	74
409	68	31	73
403	67	31	74
404	67	32	73
398	65	31	74
395	65	31	73
390	63	31	74
384	62	31	74
374	62	31	73
374	63	31	73
369	61	31	74
362	59	31	74
355	59	31	74
348	59	31	74
343	57	31	74
344	57	31	73
339	57	31	73
333	55	31	74
329	54	31	74
322	54	31	73
318	53	31	73
318	53	31	73
315	52	30	73
310	52	30	73
305	51	31	73
297	51	31	73
292	51	30	73
292	50	31	73
287	51	30	73
278	50	31	74
272	49	31	74
264	50	31	74
256	48	31	74
257	49	31	73
249	44	32	74
242	41	31	74
233	38	31	74
227	35	31	74
215	33	31	74
214	34	31	74
204	32	31	74
196	32	31	74
188	32	31	74
179	32	31	74
173	32	31	74
173	32	32	75
166	32	31	75
160	31	31	75
150	27	33	75
139	25	34	75
131	25	33	75
131	25	33	75
124	23	33	75
118	21	33	75
112	21	33	76
106	20	33	76
103	20	33	76
102	20	34	76
100	19	34	76
98	19	33	76
97	19	34	76
98	19	33	76
98	19	34	76
98	19	33	76
99	18	34	76
99	18	33	76
100	19	33	76
101	19	33	76
104	21	33	76
103	21	34	76
108	20	33	76
115	21	32	75
120	21	32	75
126	22	32	75
132	24	31	75
132	24	32	75
138	25	32	75
146	27	31	75
154	27	31	75
161	29	31	75
167	29	32	74
168	28	32	74
180	29	31	74
189	30	31	74
198	30	31	74
211	30	31	74
220	30	31	74
221	30	32	74
233	31	31	74
246	32	32	73
257	33	31	74
267	34	31	74
277	34	31	73
276	35	31	73
286	36	31	73
295	37	31	73
303	40	31	73
309	42	30	73
314	44	31	73
313	44	31	73
319	46	31	73
320	47	31	73
324	48	31	73
326	49	31	73
327	51	31	73
327	51	32	73
330	51	31	73
331	52	32	73
332	52	32	73
334	53	32	73
335	54	32	73
335	55	32	73
336	56	31	73
339	56	31	73
340	57	31	73
341	58	31	74
343	59	32	73
343	58	31	73
344	59	31	73
346	59	31	73
346	59	31	73
347	60	31	73
347	60	31	73
348	60	31	73
349	60	32	73
350	59	32	73
350	59	32	73
350	59	32	73
351	58	31	73
351	58	31	73
352	57	32	73
352	57	32	73
354	57	31	73
353	57	31	73
356	58	32	74
356	58	32	73
360	59	32	74
365	62	31	74
370	66	31	74
377	69	31	74
386	72	32	73
385	73	32	73
394	75	31	73
403	78	31	73
410	80	31	73
419	83	31	73
426	84	32	74
426	85	32	73
434	88	32	73
444	92	32	74
455	100	32	74
465	106	32	74
473	107	32	73
473	107	33	73
479	108	33	74
484	109	33	73
491	109	33	73
495	110	33	74
502	112	33	74
502	111	33	74
503	112	33	74
504	113	33	74
506	114	34	74
508	114	34	74
513	114	34	74
513	114	34	74
517	114	34	74
521	115	34	74
522	115	34	74
525	118	34	74
526	121	34	75
526	121	34	74
527	122	33	75
526	123	34	74
527	123	33	75
527	123	34	74
527	124	34	74
526	124	34	74
526	124	33	74
526	124	34	74
525	123	34	74
525	123	33	74
524	123	34	74
525	123	33	74
523	121	34	74
523	122	34	75
523	121	33	75
523	121	33	75
523	121	34	75
523	121	33	75
524	121	33	75
524	120	33	75
524	120	33	75
525	120	33	75
528	119	33	75
530	119	32	74
532	117	32	75
533	117	32	74
533	115	32	75
533	113	32	75
533	112	32	75
534	112	32	74
534	112	32	75
533	112	32	74
533	112	33	74
533	111	32	75
533	112	33	74
533	112	33	74
534	113	32	75
533	114	33	75
533	113	32	75
531	114	33	75
531	113	32	74
531	113	33	75
531	114	33	74
531	113	33	75
531	113	33	75
531	113	33	75
530	113	33	75
531	114	33	75
530	114	33	75
530	113	33	75
527	109	33	75
528	109	33	75
528	109	33	74
528	109	33	75
527	111	33	75
530	111	33	75
530	111	33	75
530	112	33	75
531	113	33	75
531	114	33	74
531	114	33	75
530	116	33	74
530	115	33	75
529	116	33	75
527	117	33	74
527	117	33	74
526	117	33	74
525	117	33	74
524	118	33	74
520	119	33	74
518	118	33	74
518	118	33	74
517	118	33	74
516	117	33	74
514	117	33	74
514	117	32	74
513	117	33	74
512	118	33	74
512	118	32	74
513	118	32	74
512	118	33	74
513	118	32	74
512	119	32	74
513	118	32	74
513	118	32	74
513	118	32	74
515	116	32	74
517	116	32	74
517	116	32	74
518	116	32	74
513	118	32	74
509	120	32	74
509	120	32	74
511	118	32	74
512	117	32	74
512	118	32	74
513	117	32	74
511	115	33	74
514	114	32	74
512	112	33	74
512	112	32	74
512	112	33	74
513	112	32	74
512	114	33	74
513	114	32	74
511	115	33	74
511	115	32	74
511	115	32	74
511	115	33	74
511	114	32	74
510	113	33	74
507	114	33	74
505	115	32	74
506	115	32	74
505	114	33	74
502	114	33	74
500	114	33	74
498	113	32	74
493	112	32	74
493	111	32	74
490	111	32	73
487	110	33	74
486	110	32	74
485	109	32	74
485	110	32	74
485	109	32	74
484	110	32	74
484	109	32	74
485	110	32	74
485	110	32	74
484	111	32	74
485	111	32	74
485	112	32	74
485	112	32	74
484	113	32	74
485	112	32	74
484	113	32	74
484	113	32	74
483	113	32	74
483	112	32	74
482	112	32	74
482	113	32	74
481	113	32	74
481	112	32	74
479	113	32	74
479	112	32	74
478	113	32	73
477	114	31	73
476	113	32	73
476	113	32	73
475	113	32	74
474	113	32	73
475	112	32	73
473	112	32	73
474	111	32	74
474	111	31	73
474	111	32	73
473	110	32	74
473	110	32	73
474	110	32	73
473	111	32	73
474	111	32	73
474	112	32	73
473	113	32	73
473	114	32	73
473	115	32	73
473	115	32	73
473	115	32	73
472	116	32	73
472	116	32	73
472	116	32	73
471	116	32	73
471	116	32	73
470	115	32	73
470	115	32	74
470	114	32	73
470	114	32	74
471	114	32	74
470	113	32	73
471	113	32	73
471	113	32	74
470	113	31	73
469	113	32	74
468	112	31	74
463	113	31	73
463	113	31	73
459	113	31	73
460	113	31	73
459	114	32	73
459	113	32	73
460	114	31	73
459	113	31	73
460	113	31	73
460	113	32	74
461	113	31	73
462	112	31	73
463	112	31	73
463	112	31	73
464	113	31	73
465	113	31	73
465	112	31	74
466	112	31	73
466	112	31	73
466	112	31	73
466	112	31	73
466	111	31	74
466	111	32	74
467	110	31	74
467	110	31	74
466	109	31	74
467	109	31	74
466	109	31	74
467	109	31	74
467	110	31	73
467	110	32	74
468	111	31	74
467	112	31	73
467	112	31	74
466	112	31	74
466	112	31	74
464	113	31	73
463	112	31	73
461	112	31	73
459	113	31	72
452	113	31	72
447	114	31	72
437	115	31	72
437	115	30	72
426	117	31	72
412	123	31	72
398	126	30	72
383	131	31	72
367	136	31	72
368	136	30	72
351	143	31	72
337	146	30	72
322	150	31	72
307	157	31	72
295	164	30	72
295	164	31	72
281	173	31	73
269	182	30	73
256	189	30	72
245	194	30	72
236	198	30	72
236	199	30	72
229	203	30	72
220	205	30	72
213	209	30	72
206	210	31	72
200	216	31	72
201	215	31	72
196	217	30	73
192	219	30	73
186	220	30	72
183	221	31	73
179	222	30	73
179	221	30	73
176	223	31	73
174	224	31	73
170	225	31	73
168	227	31	73
163	227	30	73
163	227	30	73
159	227	31	73
153	227	31	73
150	228	31	74
147	227	31	74
145	226	31	73
145	227	31	73
144	226	31	74
140	224	31	74
138	223	31	74
136	223	31	73
135	221	30	74
135	221	31	73
135	217	30	74
134	215	30	74
137	212	31	74
143	210	31	74
148	206	30	74
147	206	31	74
152	203	31	74
157	200	30	74
161	195	30	74
166	191	30	73
170	185	30	73
170	186	30	73
174	180	30	73
175	175	30	73
178	173	30	74
180	169	30	73
183	166	30	73
183	166	30	73
186	160	30	73
187	152	30	73
187	147	30	73
187	143	30	73
182	139	31	73
182	138	30	73
181	133	30	73
178	125	30	73
174	118	31	73
172	110	31	73
169	105	31	73
168	105	30	73
163	100	30	73
157	94	31	73
154	88	31	74
150	74	30	74
149	70	31	74
149	70	31	74
146	65	31	74
143	61	31	74
144	59	31	74
144	58	31	74
144	57	31	74
144	58	31	74
143	58	31	74
143	58	31	74
142	59	31	74
146	58	31	74
148	60	31	73
148	60	31	73
151	62	31	73
155	63	30	73
159	65	31	74
162	67	30	73
165	69	30	74
164	69	31	73
167	71	30	74
170	74	30	73
170	78	31	73
171	83	30	73
173	87	30	73
173	87	30	73
176	91	30	73
181	93	31	73
189	95	30	73
192	97	30	73
199	97	30	73
199	97	31	73
207	96	30	73
218	93	31	73
229	90	31	73
239	85	31	73
250	81	31	73
249	82	31	73
261	78	31	73
273	75	31	73
282	73	31	73
291	71	31	73
302	70	31	73
302	71	31	73
311	70	31	72
325	68	31	73
336	68	31	73
348	66	31	73
358	65	31	73
358	65	31	73
371	65	32	73
384	64	31	73
396	64	32	73
406	65	32	73
414	66	31	73
415	66	32	73
425	67	32	73
431	68	32	73
437	69	32	73
444	69	32	73
447	70	32	73
448	70	32	73
451	71	32	73
453	72	32	73
455	72	32	73
454	74	32	73
455	75	32	73
455	75	32	73
454	76	32	73
453	77	32	73
452	78	32	73
452	79	31	73
451	80	32	73
451	80	32	73
450	81	32	73
449	81	32	73
449	81	32	73
449	82	32	73
449	83	32	73
448	82	32	73
448	81	32	73
449	81	32	73
449	82	33	73
449	82	32	72
450	82	32	71
450	82	32	71
449	82	31	71
450	82	30	72
451	81	30	73
451	81	30	73
451	82	30	72
451	82	29	73
452	82	29	72
452	82	29	72
451	83	30	72
451	83	30	72
451	83	30	72
451	83	29	71
452	82	29	71
452	83	29	72
451	82	29	73
451	82	29	73
450	83	29	73
450	82	29	73
450	82	30	73
449	83	31	73
448	82	32	73
447	82	33	74
447	83	33	73
447	83	33	73
447	83	33	73
447	84	33	73
447	85	35	74
448	85	35	75
537	156	46	85
447	86	36	74
487	119	68	102
447	88	37	74
447	89	38	74
447	90	62	97
291	103	34	83
285	103	40	83
282	103	40	84
282	104	39	84
280	104	41	84
279	105	41	85
280	106	41	84
280	106	40	85
281	106	39	85
282	107	38	84
281	106	38	83
280	107	38	83
277	107	40	83
279	108	39	83
279	108	38	83
279	110	38	83
279	113	38	82
280	116	39	82
285	116	38	83
284	117	39	83
284	117	42	83
284	117	43	84
287	118	42	83
290	118	40	82
292	118	38	81
291	119	38	81
290	118	39	81
291	118	38	82
294	119	37	82
294	119	38	81
295	119	39	82
295	119	38	82
295	120	39	82
298	121	39	82
300	122	41	82
302	122	43	83
303	123	43	83
304	123	43	83
307	124	41	81
309	124	38	81
310	128	37	80
309	129	36	80
309	130	36	80
308	130	37	80
308	131	36	80
309	132	36	80
309	131	37	81
308	130	38	81
309	129	38	82
308	130	39	82
306	129	40	82
309	129	37	81
308	129	37	79
308	130	35	78
305	129	36	78
306	130	36	79
304	129	35	79
302	130	35	79
301	129	35	79
299	129	35	79
298	128	35	80
298	128	36	79
298	127	36	80
297	127	37	80
297	126	37	80
298	125	35	79
298	125	34	78
298	125	34	78
295	124	33	77
296	124	33	77
295	123	32	78
295	124	32	78
294	125	32	78
294	124	32	78
294	125	32	78
294	125	33	79
294	124	33	79
294	123	34	80
295	124	34	79
295	124	33	80
296	124	34	78
298	126	33	77
299	127	32	76
299	127	33	76
300	127	34	76
300	128	33	76
299	129	35	76
300	130	36	75
300	129	39	75
302	128	39	78
301	130	39	76
299	130	40	76
303	128	41	79
301	126	38	79
303	125	41	82
302	126	42	80
300	125	40	81
300	127	41	80
297	121	42	83
297	122	39	83
296	125	39	81
296	123	40	84
294	123	40	83
296	123	40	83
294	123	41	83
292	125	40	83
290	125	42	85
290	126	43	89
289	125	45	90
289	124	44	91
287	122	47	94
282	113	52	103
281	115	54	103
279	109	58	109
278	115	54	104
278	113	56	105
278	115	52	104
275	117	55	101
274	117	54	102
273	116	55	102
273	117	49	102
272	120	48	99
270	124	49	97
271	125	48	97
271	125	49	98
271	126	49	98
272	124	48	101
273	125	48	100
272	125	49	100
271	125	50	100
269	126	50	98
268	125	50	98
265	126	51	97
264	124	52	99
263	124	51	99
262	125	50	98
261	125	48	99
261	125	47	99
259	124	46	99
260	124	45	100
257	124	47	101
254	124	49	100
252	124	52	101
253	124	53	102
252	124	53	102
252	124	51	101
251	125	50	99
248	126	47	99
244	127	47	99
241	127	47	100
240	127	48	99
239	127	48	100
240	127	47	100
239	127	45	99
238	127	48	100
236	127	53	100
235	127	51	100
235	126	51	100
232	125	52	101
231	124	51	100
231	123	50	98
228	122	48	97
224	121	46	98
225	121	46	98
223	121	45	98
223	121	44	98
222	122	43	98
221	121	44	98
219	122	43	98
219	123	43	98
218	122	43	98
217	122	44	98
217	121	42	99
217	121	40	98
217	121	39	96
217	121	38	96
216	122	38	95
213	122	40	96
209	122	43	97
208	122	43	97
207	121	43	97
207	121	43	97
206	121	43	97
204	121	43	97
204	121	45	97
203	120	46	97
206	120	44	96
205	121	44	96
204	120	45	95
203	121	46	95
203	120	47	96
202	119	48	97
201	120	46	97
202	120	45	96
202	121	45	96
201	120	46	96
201	121	47	96
200	121	48	97
200	121	49	98
200	121	48	98
200	121	49	98
202	121	49	99
203	122	48	98
203	123	49	97
203	122	50	97
202	123	51	97
203	123	50	97
204	124	48	98
204	125	48	97
203	126	49	96
202	126	48	96
202	126	48	96
202	126	47	96
204	126	45	96
205	125	42	95
207	127	41	95
205	127	43	95
206	128	43	95
205	128	43	95
203	129	45	95
204	129	44	96
204	130	44	95
204	131	43	95
204	131	43	95
204	132	43	95
203	132	44	95
204	131	45	95
204	131	45	94
205	130	45	95
206	130	44	94
207	130	44	95
208	130	43	95
207	128	43	95
208	129	43	94
206	128	44	95
206	129	44	95
206	128	46	95
205	127	46	96
205	127	49	97
205	126	49	97
205	126	50	97
205	126	50	97
205	126	52	97
205	126	53	97
206	125	51	97
207	127	50	98
208	127	48	96
209	127	49	96
208	129	49	95
206	129	51	95
203	129	53	95
200	128	55	95
200	128	54	95
201	129	54	96
201	128	55	96
201	129	55	96
204	129	53	96
204	129	53	96
205	129	53	95
205	129	53	95
205	129	53	94
205	130	52	95
207	130	51	94
205	130	53	94
203	129	54	94
205	129	53	94
205	128	54	94
205	127	56	95
211	126	52	95
214	126	50	96
215	126	51	97
214	126	52	97
216	125	51	97
219	124	48	97
218	125	48	97
221	125	46	96
222	126	45	96
222	126	46	96
222	126	46	95
222	126	46	95
225	126	46	95
228	126	45	96
231	126	44	96
231	126	43	96
234	127	43	95
233	128	46	95
233	130	46	96
232	130	45	97
229	128	46	99
228	128	44	99
228	127	45	100
228	126	46	102
227	127	45	101
226	127	44	100
225	128	42	99
225	127	42	100
224	129	42	101
223	129	42	102
224	130	42	102
223	131	43	101
223	133	44	101
223	133	44	101
224	135	44	101
224	134	45	102
223	135	49	102
221	136	48	101
222	136	44	100
221	136	45	100
222	137	44	101
223	138	44	101
224	138	44	101
223	137	46	102
223	139	45	101
222	139	47	101
224	140	46	101
224	140	48	101
222	140	47	102
221	137	47	103
220	137	48	102
220	137	47	102
220	136	47	101
222	137	46	101
222	137	46	102
224	137	45	102
225	138	45	102
224	138	46	102
226	140	44	102
226	140	47	102
225	140	50	103
223	140	48	104
221	139	48	103
223	139	44	103
221	139	46	102
221	138	46	102
222	138	48	102
360	135	39	97
360	136	39	96
360	136	39	96
361	135	38	96
360	134	39	96
359	134	40	96
358	132	40	97
357	131	42	98
356	131	42	98
230	137	44	102
230	137	84	98
228	138	50	102
227	137	49	103
228	138	49	103
228	138	49	103
225	138	50	102
227	139	48	101
227	138	49	101
226	137	49	101
226	137	50	102
225	136	50	102
230	136	50	101
229	134	52	100
228	134	55	101
228	134	54	100
229	133	54	100
228	134	54	101
228	133	56	101
227	132	57	102
225	131	59	103
226	131	59	102
226	131	61	100
224	131	61	101
226	131	63	100
226	131	64	100
225	131	64	100
228	131	62	100
232	131	58	100
233	132	57	100
235	132	58	99
241	132	57	99
245	132	57	99
249	131	57	99
253	131	58	100
253	131	57	100
382	124	38	94
257	131	54	100
385	124	41	94
260	128	168	90
387	126	44	89
388	123	44	93
267	127	55	99
276	126	49	99
398	122	45	94
282	126	51	99
289	128	46	99
282	127	53	99
288	128	52	99
411	120	43	95
411	121	41	95
284	128	59	98
384	123	66	93
411	123	42	92
282	127	59	100
280	127	62	101
312	126	60	99
386	124	70	93
304	128	107	95
411	124	45	92
284	128	57	101
284	128	56	100
285	129	56	100
282	130	56	101
279	130	56	100
281	129	55	100
277	130	57	100
279	130	55	100
277	131	57	100
278	131	56	100
279	130	55	100
280	131	54	100
280	130	56	100
281	129	55	100
285	129	54	100
285	129	53	99
283	129	54	99
282	129	54	100
281	127	55	101
278	127	57	101
282	126	52	101
280	127	54	100
281	127	56	100
280	126	57	100
285	125	54	101
284	125	56	100
283	125	56	100
285	122	57	102
290	125	52	99
286	125	56	100
288	123	55	100
289	125	53	99
293	124	52	99
286	124	54	99
281	124	60	100
289	125	52	98
281	124	60	99
292	123	52	99
287	121	59	99
295	120	50	100
288	119	58	100
296	119	51	100
290	118	58	100
297	118	51	100
293	119	55	99
295	119	53	99
293	119	54	100
293	118	55	99
293	120	54	99
291	119	58	99
295	120	55	99
295	120	56	99
296	121	56	100
297	121	55	100
298	121	56	100
297	122	56	100
299	123	54	99
298	124	52	98
294	124	55	99
295	124	56	98
292	126	55	97
290	125	58	99
289	124	59	100
286	126	60	100
285	127	60	99
285	127	60	99
285	127	60	99
286	127	59	99
287	127	58	99
291	127	57	99
290	128	57	99
290	128	56	99
292	128	55	99
292	129	53	98
291	130	54	99
289	129	56	99
286	130	57	99
287	129	58	99
287	129	55	98
286	129	58	98
291	128	52	98
292	129	52	99
292	126	54	99
290	127	55	99
291	126	55	99
292	125	54	99
294	123	54	99
294	124	55	98
295	125	55	97
297	125	53	96
297	127	51	95
298	128	51	94
296	129	51	93
292	129	54	91
290	128	67	91
285	129	64	91
283	130	141	87
294	132	55	88
286	135	60	86
391	123	48	96
292	138	55	85
390	124	48	94
391	123	45	95
390	123	45	95
390	123	45	95
390	124	42	95
389	124	43	95
389	124	43	95
387	124	44	95
387	124	44	95
385	124	45	96
385	125	45	96
385	126	44	95
385	125	44	95
383	126	45	95
383	125	44	95
381	126	45	95
380	126	44	95
380	125	43	96
380	125	43	96
381	125	41	96
382	125	40	96
382	125	39	96
382	126	38	96
381	126	38	96
382	126	38	96
381	127	39	97
381	129	39	96
381	130	39	95
381	131	38	95
382	132	36	95
382	132	34	95
383	132	34	95
383	132	33	95
384	132	32	95
383	132	33	96
383	132	33	96
383	132	33	97
383	132	34	97
382	132	34	96
382	132	35	96
382	131	35	96
380	132	37	96
380	132	37	96
379	133	38	96
378	133	39	96
376	132	40	96
375	132	40	96
375	132	40	96
375	131	40	96
375	131	40	96
374	130	40	97
373	130	39	97
372	129	40	97
372	129	40	97
373	129	40	97
372	128	40	96
371	128	40	96
369	129	41	97
368	128	42	97
367	129	42	97
367	129	42	97
368	130	42	97
372	130	43	96
378	128	43	97
381	127	43	97
384	127	42	97
384	128	42	96
385	127	42	97
387	126	41	96
387	125	42	96
386	124	43	97
385	124	43	98
385	124	44	98
385	124	43	98
385	124	42	97
384	123	42	97
383	122	42	97
383	121	43	97
383	121	43	97
384	120	42	97
384	121	42	96
384	120	42	97
385	120	42	97
387	121	41	96
388	121	41	96
388	121	41	96
389	121	40	97
391	122	40	97
393	122	38	96
394	122	38	95
394	123	38	96
395	123	38	96
397	123	37	95
398	122	36	95
399	122	36	95
399	122	37	95
399	122	37	95
399	122	37	94
400	121	36	95
403	120	34	96
404	120	34	96
404	119	33	96
404	119	33	96
404	119	33	96
403	119	33	96
402	118	35	96
401	118	35	96
401	117	35	96
400	117	36	96
400	117	36	95
400	117	36	94
399	117	35	95
398	117	35	97
398	116	36	96
398	117	36	96
397	117	36	96
397	118	37	96
396	118	37	95
396	118	38	96
395	118	38	96
394	118	38	97
393	118	38	97
393	118	38	95
392	118	38	93
391	118	40	96
390	118	42	96
390	118	41	96
390	119	43	96
390	119	43	95
390	119	43	96
390	118	43	97
388	119	46	96
388	119	46	97
387	119	47	97
386	118	46	97
383	119	48	96
311	151	81	75
311	150	74	74
312	151	75	74
313	149	74	75
311	149	76	74
313	148	77	74
315	147	77	74
316	145	84	73
315	145	75	74
326	141	106	74
390	113	46	98
386	112	54	98
384	111	54	97
384	111	54	96
384	112	54	96
382	112	56	97
383	112	58	99
384	111	58	99
385	112	57	98
388	113	58	98
388	114	54	97
380	119	66	95
394	117	54	96
397	118	52	97
399	119	50	98
401	120	49	96
401	120	49	97
404	122	50	97
406	124	54	97
405	124	54	100
403	124	60	101
407	126	57	101
406	126	57	101
406	127	57	100
407	129	53	100
405	128	52	101
403	128	51	101
401	127	50	101
401	127	51	102
402	126	49	101
400	124	48	100
399	122	48	100
398	121	47	102
398	121	47	103
398	121	47	103
396	121	46	102
395	122	47	103
396	122	48	103
397	123	47	102
398	124	44	101
397	124	45	101
397	123	43	101
396	123	43	100
396	122	42	101
395	122	42	100
396	121	41	100
394	121	43	99
395	120	42	99
394	119	42	99
393	118	41	100
393	117	42	100
387	117	48	99
394	116	41	101
394	116	41	100
361	120	64	95
396	114	38	100
397	115	38	100
397	114	38	101
398	114	38	101
398	113	36	100
399	113	36	100
399	113	35	100
398	112	34	100
397	113	36	100
396	113	35	100
396	112	36	99
397	111	35	99
397	106	35	99
395	107	34	97
392	109	34	92
392	109	34	93
388	111	33	90
386	111	32	87
383	113	31	83
381	114	30	79
378	117	29	77
378	117	30	76
375	119	28	74
372	123	28	73
372	126	26	71
371	125	26	69
368	125	28	69
367	126	29	69
368	126	28	69
368	126	27	68
367	126	27	68
368	124	26	67
367	123	27	68
367	124	27	67
368	122	26	70
368	121	26	71
367	122	26	71
367	123	26	69
367	122	26	69
366	122	26	69
366	122	26	70
365	123	26	70
364	124	26	69
364	123	26	69
363	124	26	69
364	124	26	69
363	125	27	69
362	126	27	68
362	125	27	69
361	126	27	68
361	125	27	70
361	125	27	69
361	126	27	69
361	125	26	69
360	124	26	71
360	125	27	69
360	123	27	70
359	124	27	69
359	123	27	69
358	123	27	70
358	123	27	70
358	123	27	70
358	124	27	71
357	124	26	71
357	125	27	70
357	125	27	71
357	125	27	70
357	125	26	70
357	125	27	71
357	125	26	71
357	125	26	70
357	124	27	71
357	126	26	70
357	126	26	70
357	127	26	69
357	127	26	68
356	127	27	69
355	127	27	69
355	129	27	66
354	129	27	64
354	129	27	64
354	130	27	64
355	130	26	64
355	131	25	64
355	130	24	64
354	130	24	67
354	129	24	67
355	129	23	67
355	129	23	68
354	129	23	68
353	129	24	67
353	129	24	66
353	128	24	67
352	129	24	67
353	129	23	68
353	130	23	68
353	130	23	67
352	130	24	67
352	132	24	66
352	131	23	66
352	132	24	66
352	133	23	65
353	132	23	64
353	132	24	65
354	131	25	66
354	132	25	66
354	131	24	67
355	132	25	68
354	132	27	68
352	132	30	68
349	133	34	69
350	133	34	69
356	133	27	69
355	134	30	69
355	133	30	70
354	133	31	70
354	134	31	70
354	134	31	70
355	133	32	69
354	133	35	69
355	131	34	70
358	131	31	70
359	132	31	69
360	132	31	70
359	132	32	70
359	132	31	70
359	132	32	70
358	132	32	70
358	132	32	70
359	132	32	70
358	132	32	70
358	132	33	70
357	132	33	69
357	131	33	69
357	131	33	70
357	131	34	70
357	132	33	70
356	133	33	70
356	134	33	69
355	135	33	69
352	135	33	70
352	135	33	70
350	135	34	70
347	136	33	70
344	136	34	70
342	136	34	71
340	137	35	70
341	137	34	69
339	138	35	69
336	138	36	68
336	139	37	69
334	140	37	68
333	140	38	68
332	140	38	68
331	141	39	68
332	140	37	68
331	140	38	68
330	138	38	68
332	138	37	69
331	139	38	69
332	138	38	68
332	138	39	68
333	137	37	68
331	137	38	69
333	137	37	68
332	137	37	68
332	136	36	69
331	136	36	68
330	136	38	68
329	135	37	67
328	134	42	68
329	135	41	67
225	185	144	18
330	135	39	69
224	187	26	90
333	135	19	67
332	136	37	67
332	135	37	67
334	135	34	67
333	136	34	68
334	136	33	68
333	135	33	66
334	135	33	67
333	136	33	67
333	136	34	67
334	136	33	67
334	136	33	67
335	136	32	67
336	136	32	66
336	137	31	66
339	136	30	66
340	135	30	67
341	135	29	68
344	135	28	68
345	136	27	67
345	135	28	67
347	136	27	67
348	135	27	66
350	135	26	66
351	136	25	66
352	135	25	65
351	135	26	66
352	135	26	65
353	134	26	65
355	135	25	67
356	134	24	66
356	135	24	67
357	135	24	67
358	134	25	68
358	133	25	68
359	134	26	68
358	135	27	68
358	134	28	67
358	134	28	68
311	142	44	65
235	170	43	86
230	168	54	86
364	134	28	68
364	134	28	68
363	133	27	67
364	133	28	69
364	133	28	69
365	135	27	70
320	138	59	68
352	139	40	66
368	135	25	70
367	136	26	69
366	137	27	69
367	137	26	69
367	139	27	68
368	139	26	68
367	139	26	67
368	139	26	68
368	139	25	68
369	138	25	69
368	137	25	69
368	137	24	69
368	137	24	69
367	137	25	69
367	136	26	68
366	136	27	68
366	136	28	69
366	135	28	69
366	136	28	69
366	134	27	69
366	134	27	68
366	134	27	67
367	134	28	67
367	133	28	68
366	133	28	68
367	133	28	67
367	133	28	67
367	133	28	68
368	133	29	69
369	133	29	68
369	133	28	68
369	133	29	67
370	133	29	67
370	133	29	67
370	134	28	67
370	134	29	67
370	134	29	67
370	134	29	67
370	135	29	67
370	136	29	67
370	135	29	68
371	135	30	68
371	135	29	68
371	135	29	68
372	134	28	68
373	135	28	67
372	135	28	66
371	135	28	66
371	134	28	66
371	135	28	66
370	135	27	67
369	134	27	67
368	135	27	67
367	135	27	67
366	134	27	67
366	135	27	68
365	134	27	67
364	134	27	66
364	135	27	66
362	135	26	66
361	135	27	65
361	136	26	66
361	137	24	66
361	139	24	66
359	140	24	66
359	141	23	66
359	140	23	66
358	143	22	66
357	144	21	66
356	146	21	66
354	147	22	67
350	148	25	67
349	147	25	67
349	148	25	66
348	147	24	65
346	146	25	66
345	146	25	67
345	144	25	67
344	144	25	67
344	144	24	66
343	143	23	66
342	142	23	66
341	142	24	66
340	141	24	66
339	141	24	66
338	140	25	67
338	140	25	67
338	140	25	67
338	139	26	67
337	139	27	66
338	139	26	66
337	139	27	66
337	139	27	65
338	139	26	65
337	139	25	65
336	139	26	65
336	140	26	65
336	139	25	65
335	139	25	65
335	139	25	64
334	138	26	65
334	138	27	65
334	138	27	65
334	137	26	65
334	137	25	65
334	135	25	65
333	134	25	65
333	134	25	65
333	133	25	65
332	132	25	65
331	132	25	65
329	132	25	65
328	131	24	65
328	130	25	65
328	130	24	65
327	129	24	65
327	128	24	65
326	127	25	64
325	128	25	64
325	127	25	64
324	127	25	64
324	126	24	64
323	126	24	65
323	126	25	65
323	126	25	64
322	125	25	64
322	125	26	64
322	125	26	64
322	125	26	65
322	125	26	65
322	125	25	65
322	126	25	64
322	125	25	64
324	125	25	64
323	126	25	64
324	126	25	64
326	125	25	64
325	126	25	65
326	125	25	65
326	125	25	65
326	125	26	64
326	124	26	64
326	125	27	64
326	124	27	64
325	124	27	64
325	124	27	64
326	124	27	65
327	124	26	64
326	124	26	64
327	124	25	64
327	123	25	64
326	123	25	63
327	123	26	63
327	122	26	63
327	123	26	64
328	123	27	64
328	123	27	64
330	122	27	65
331	121	27	64
331	122	27	64
331	122	28	64
332	123	27	64
333	123	27	64
333	124	28	64
334	125	27	64
335	127	26	64
336	128	26	63
336	128	27	63
336	129	27	63
336	128	26	63
337	128	27	64
338	127	26	65
338	127	26	65
338	127	26	64
338	127	26	64
338	127	26	63
338	126	27	63
340	125	26	64
339	123	26	66
339	121	27	68
340	121	27	68
340	118	28	70
341	117	29	72
341	115	31	74
342	113	32	77
341	112	34	80
341	112	34	80
342	110	34	84
344	110	36	88
346	110	39	92
346	109	39	92
347	111	38	92
347	110	39	92
347	111	39	92
349	113	39	93
351	115	38	92
351	117	38	92
350	118	39	92
350	118	39	92
351	119	39	92
352	120	40	92
353	121	40	92
354	121	40	92
355	121	40	93
355	121	40	93
357	120	39	94
357	121	40	94
359	121	39	94
361	121	39	93
361	122	38	92
361	122	37	91
362	122	36	92
364	123	36	91
363	124	36	91
364	125	36	91
364	124	37	92
364	124	37	92
366	123	38	93
368	121	38	96
371	114	40	101
375	114	41	106
376	112	41	107
377	112	41	107
377	112	40	107
376	111	41	106
376	111	41	106
374	111	43	106
374	110	41	106
373	111	42	106
373	111	42	106
372	112	42	106
372	112	41	105
371	113	42	105
370	114	44	104
370	114	43	104
371	114	42	104
373	114	41	104
371	114	42	106
371	112	42	107
371	113	41	107
371	113	42	106
371	113	41	105
370	113	41	105
368	114	42	106
368	114	41	105
368	116	40	105
368	116	40	105
368	116	39	105
368	117	39	104
367	118	38	104
366	118	39	104
365	118	39	104
365	118	39	104
364	117	41	104
362	117	42	105
364	116	41	106
365	116	41	106
367	117	40	105
367	117	40	105
367	117	40	104
367	116	39	104
367	115	39	104
369	114	36	105
369	114	37	104
370	114	37	105
370	113	39	104
369	113	42	105
370	112	42	104
369	111	43	105
369	110	41	107
370	110	41	106
371	109	40	107
370	109	42	107
372	109	40	107
373	108	39	104
376	106	36	104
376	107	36	104
383	104	34	103
385	102	35	103
385	101	36	103
386	100	35	103
387	99	37	104
387	99	37	104
387	97	37	105
390	94	37	105
397	94	36	103
397	94	38	104
398	95	40	104
400	95	39	103
398	96	42	105
401	97	41	104
405	98	38	104
409	98	37	104
411	99	39	103
410	100	40	103
412	99	41	103
412	100	42	102
412	100	41	103
415	112	39	91
417	99	43	103
373	124	83	79
422	100	39	102
417	99	47	105
417	99	46	105
419	99	44	105
420	100	43	104
420	99	43	104
422	100	43	104
420	101	45	103
419	101	47	103
418	101	47	103
418	102	47	103
418	102	48	103
419	103	47	103
424	104	44	104
427	106	42	104
423	105	49	105
423	108	51	105
423	107	50	105
426	108	47	104
431	108	43	104
432	109	44	104
432	109	47	105
431	109	48	105
430	109	48	105
434	111	46	104
436	111	44	104
438	113	42	105
440	113	40	106
441	114	38	107
441	113	38	107
441	113	37	108
441	114	37	107
440	116	37	106
440	116	37	106
440	116	37	106
440	116	37	106
438	116	38	106
438	115	39	106
437	115	39	106
436	115	39	106
435	116	40	105
435	116	40	105
435	115	41	106
435	116	41	107
435	116	42	107
435	116	43	107
433	116	45	106
433	116	45	107
430	116	48	107
426	115	52	107
426	114	53	108
426	113	52	108
425	113	54	107
425	113	53	107
423	113	54	106
423	112	56	107
421	112	56	109
420	112	57	109
419	112	59	109
420	112	57	109
419	112	58	109
420	112	54	108
422	112	51	108
418	113	52	108
417	111	50	109
417	112	50	109
415	112	50	108
415	112	49	107
413	113	49	109
413	113	50	109
413	113	50	109
414	113	50	109
414	114	51	108
413	113	50	108
412	112	50	107
409	111	50	107
407	110	48	108
406	111	49	107
405	110	46	108
404	109	43	108
403	107	41	109
400	107	41	109
397	108	41	108
396	108	41	107
395	108	40	106
394	108	40	105
391	108	40	106
388	108	42	106
388	108	42	106
387	108	42	105
388	108	40	106
389	108	38	105
387	106	39	106
383	105	42	106
382	105	42	106
383	105	41	106
382	106	42	107
383	106	41	106
382	105	41	107
382	104	41	106
381	105	41	105
381	105	41	105
379	104	41	106
378	104	42	106
375	105	43	106
374	105	44	106
372	105	44	106
372	105	44	106
370	105	44	106
369	104	45	107
368	105	45	107
368	105	45	107
368	105	45	106
368	104	45	107
369	104	44	106
369	104	44	106
368	104	44	106
368	105	44	107
368	106	43	108
369	106	43	108
369	107	42	107
371	109	41	107
371	109	39	106
370	109	39	107
371	109	38	107
371	109	39	107
371	109	38	107
371	109	40	108
372	108	41	107
372	109	41	107
374	109	40	106
373	108	42	107
374	108	41	107
374	108	41	107
375	108	40	107
374	108	40	106
372	108	42	107
372	107	43	108
367	107	47	107
367	106	47	108
369	105	44	108
369	105	42	107
371	105	40	106
370	105	40	106
371	104	38	105
365	104	44	106
367	102	41	109
365	100	43	109
363	106	42	103
365	104	42	104
363	101	43	106
365	101	42	106
366	101	41	106
367	100	41	106
367	100	41	106
366	100	41	106
367	99	40	106
367	100	40	105
368	98	40	105
368	97	40	105
368	98	39	104
369	97	39	104
369	97	39	102
370	97	40	101
370	96	40	101
371	96	39	100
371	96	40	100
372	96	39	100
372	95	40	100
375	94	38	101
375	94	38	102
374	93	38	103
373	92	40	103
373	91	41	103
373	90	39	102
373	90	38	104
371	90	39	102
370	89	39	100
366	88	39	102
365	89	41	102
364	88	39	102
361	87	39	104
360	86	39	105
358	85	40	106
357	84	41	106
358	84	41	106
357	83	40	107
354	83	42	105
355	82	40	104
352	81	43	104
352	79	42	104
350	79	43	105
351	78	42	104
351	78	39	105
351	79	39	104
347	85	38	124
347	78	41	104
327	124	53	112
319	134	58	129
318	133	59	129
318	133	62	130
316	132	65	129
314	129	65	130
317	103	63	157
311	133	69	126
308	128	73	130
307	124	74	132
299	125	78	132
337	70	42	96
336	70	41	105
336	70	40	104
336	71	40	105
331	71	41	92
331	72	40	90
330	73	40	88
331	73	39	87
328	74	42	84
328	76	41	85
328	75	42	88
328	76	42	89
329	77	41	90
330	77	40	91
328	78	43	91
327	78	43	92
327	77	43	93
324	78	44	92
324	79	44	94
325	78	43	92
324	80	44	90
322	80	45	88
320	80	45	88
307	134	75	138
308	135	69	137
308	133	69	139
310	132	65	139
314	108	56	165
315	93	57	179
317	103	56	170
317	85	55	187
317	89	56	181
317	86	55	184
314	112	59	160
315	106	55	167
315	82	53	190
317	80	55	191
317	80	54	188
317	80	54	188
317	79	55	191
314	101	59	169
308	123	58	146
311	99	57	169
312	89	52	178
312	80	51	186
310	79	55	186
308	73	58	189
313	73	49	133
312	73	53	184
309	72	58	187
314	71	49	120
308	128	58	129
305	126	60	130
309	106	63	150
307	113	61	141
307	69	65	185
318	67	56	135
302	119	66	132
300	115	74	135
304	66	72	182
312	64	67	181
310	66	68	181
311	64	69	181
286	58	76	128
321	63	64	183
336	64	58	141
345	65	50	124
324	122	56	122
348	66	52	119
353	68	52	116
357	68	53	113
355	78	51	157
343	95	70	154
337	107	73	144
339	119	69	136
345	126	63	131
344	126	68	130
349	126	68	130
349	121	66	134
351	125	65	130
355	124	59	130
358	124	57	130
358	123	56	129
359	123	58	129
357	125	59	128
357	124	59	129
357	125	60	128
355	126	60	128
353	124	61	130
355	123	57	133
356	124	56	132
356	124	56	131
355	126	56	130
354	127	57	129
353	126	55	130
350	125	55	131
349	122	53	131
349	124	52	130
347	119	61	125
350	122	49	130
342	122	59	130
344	107	74	123
393	78	58	117
348	125	51	127
346	122	51	129
346	120	51	132
345	122	53	127
346	125	52	121
347	121	50	128
346	121	49	130
346	122	49	129
345	125	50	124
344	119	53	130
344	123	51	129
343	123	54	130
343	123	55	130
343	123	55	131
343	124	55	131
345	125	54	131
344	126	56	129
342	128	57	128
342	128	57	128
342	128	59	129
341	129	62	129
340	128	60	131
339	129	60	131
339	129	60	131
339	129	59	130
341	129	60	131
342	128	60	132
342	128	62	132
342	127	62	132
344	127	62	133
341	126	63	132
342	127	67	131
341	125	67	130
337	123	69	130
334	122	72	130
332	122	76	131
332	122	75	131
331	121	72	132
332	121	68	131
333	122	65	130
328	124	68	129
322	123	74	130
327	123	67	130
324	124	71	129
328	123	66	129
322	122	70	129
326	123	63	129
328	122	67	127
327	122	62	129
382	99	60	115
324	121	113	99
328	122	70	128
326	122	73	128
324	122	75	128
324	123	74	127
322	121	93	122
324	120	82	128
325	121	72	129
327	121	71	129
367	105	79	108
324	124	67	127
395	99	47	118
316	123	71	128
320	121	65	130
316	121	68	129
316	121	66	128
316	121	66	129
316	120	67	129
309	118	74	129
311	118	70	129
309	118	71	127
309	118	68	126
309	117	69	127
307	119	65	126
308	119	64	127
306	119	63	127
306	120	61	128
304	120	61	127
305	120	60	128
304	121	60	128
304	121	59	127
305	121	59	128
305	120	56	128
304	118	56	129
305	118	56	129
304	117	57	129
303	117	59	130
301	118	60	127
302	117	57	126
302	119	54	123
302	117	54	125
301	117	53	125
300	118	53	124
299	116	53	125
298	115	53	125
298	114	52	126
298	115	52	126
299	115	51	126
297	113	52	126
296	111	52	126
293	112	54	124
292	110	55	125
292	111	55	125
291	109	52	126
289	109	52	126
289	106	52	127
287	107	51	126
285	105	53	127
285	106	53	127
286	104	52	128
285	104	52	127
284	104	52	127
285	103	51	127
285	103	51	127
285	104	51	126
285	103	51	126
285	101	51	126
285	100	52	126
285	98	52	126
286	97	52	126
286	97	51	126
286	97	52	126
287	97	52	126
288	98	52	125
288	98	52	125
287	98	53	125
288	98	53	125
287	98	53	124
289	99	52	124
289	99	52	124
289	99	52	123
290	99	52	122
290	100	52	122
291	100	52	121
291	99	52	121
291	98	52	121
291	101	52	118
291	98	52	121
291	99	52	120
291	97	51	121
290	96	50	121
289	96	51	119
289	95	51	120
288	94	52	119
288	93	52	120
287	92	53	120
285	92	55	120
284	92	56	119
282	91	56	119
282	93	57	118
282	92	57	119
283	94	56	117
284	92	55	119
284	93	54	119
285	93	52	119
285	94	52	118
285	93	53	119
285	92	54	119
286	98	54	114
284	90	58	121
283	96	57	115
282	91	60	121
282	97	58	114
280	91	62	120
279	93	62	116
278	93	60	116
275	93	59	116
274	86	58	122
276	94	56	115
272	87	62	120
271	88	63	116
273	87	58	116
271	81	62	121
271	82	70	120
272	83	68	117
272	79	71	120
272	77	71	121
271	74	73	123
270	73	73	123
270	74	72	122
269	72	73	124
268	73	73	123
267	72	72	123
266	72	71	123
265	73	71	122
265	79	70	115
265	71	69	124
268	84	67	111
267	72	69	123
265	78	71	116
263	75	73	119
262	77	72	117
265	78	71	117
263	77	70	118
264	77	70	117
265	77	67	118
264	76	67	119
265	77	65	118
267	80	63	116
266	74	63	122
270	79	60	117
270	75	58	121
270	73	58	124
273	78	55	118
273	76	56	120
273	76	54	120
273	75	56	121
272	74	55	122
272	73	56	124
271	75	57	122
271	76	58	121
270	74	58	123
268	74	60	125
263	78	59	124
261	80	58	124
258	84	57	122
258	86	57	121
256	85	56	123
253	85	56	122
250	85	57	124
244	85	56	124
240	86	57	125
240	85	57	126
236	85	57	125
231	85	55	125
226	86	53	125
221	87	53	125
216	87	52	125
215	86	54	126
210	87	53	125
205	88	52	124
203	87	53	126
199	88	52	126
196	87	52	126
196	88	53	125
194	87	53	126
192	86	52	127
188	88	51	125
186	85	52	129
185	86	53	127
184	86	53	128
183	86	53	128
181	86	53	128
180	87	53	128
179	86	53	129
179	86	54	129
179	85	54	129
176	87	55	128
177	87	57	129
176	86	55	130
178	87	53	127
177	88	53	126
178	87	52	127
177	87	52	126
177	87	52	126
178	86	54	127
179	86	55	126
181	85	56	127
182	85	56	126
185	86	56	125
187	86	57	124
186	86	58	124
185	85	62	125
184	85	62	126
184	85	63	126
184	85	62	126
183	86	61	126
185	87	61	126
185	88	59	125
184	90	60	124
184	90	59	125
185	90	61	125
184	90	65	125
188	88	89	125
189	91	65	122
319	86	64	124
327	86	56	124
324	87	57	122
323	87	57	121
322	87	57	120
320	87	58	120
319	87	58	120
320	88	57	120
320	87	58	120
320	88	60	120
285	88	93	122
314	88	67	121
318	89	62	122
312	88	67	122
320	90	60	122
321	90	60	121
320	90	59	120
318	91	59	119
317	92	57	119
316	92	58	120
315	92	56	120
316	92	54	120
313	93	55	120
312	93	55	120
311	93	53	120
311	93	54	120
310	93	53	121
309	93	53	121
308	91	54	122
310	90	54	122
312	90	53	121
314	90	52	121
313	91	53	119
315	92	51	119
316	92	51	120
317	92	53	120
320	93	52	120
321	93	53	120
323	95	53	120
322	95	63	121
320	96	68	120
322	96	67	121
328	96	60	119
326	97	62	120
335	98	54	117
337	99	53	118
336	99	54	118
337	101	53	117
339	100	52	117
339	101	52	117
339	101	54	117
339	102	56	118
338	103	55	118
335	104	52	118
334	105	50	118
334	105	50	117
333	105	51	118
332	105	51	119
331	105	51	119
332	106	50	118
330	106	51	117
329	107	52	117
326	106	54	118
325	105	55	119
323	106	54	119
323	107	52	119
324	108	50	119
323	109	51	118
322	110	51	118
321	107	51	122
320	110	50	119
319	109	51	120
319	113	51	119
319	113	50	118
323	104	49	128
328	108	48	125
329	114	50	118
334	104	49	128
338	115	48	117
337	106	49	127
334	116	53	117
344	105	47	130
352	118	44	118
352	112	45	125
345	123	55	115
357	109	43	128
358	119	45	119
362	117	43	122
356	126	51	115
364	120	43	120
348	133	58	110
197	157	108	128
308	147	61	128
307	146	63	129
305	146	63	131
304	147	64	130
304	147	64	130
303	148	65	130
302	148	67	132
303	149	69	132
304	150	70	132
306	150	68	133
306	151	69	132
306	150	69	132
308	151	69	132
310	153	70	130
311	154	70	131
313	154	67	130
314	155	66	132
314	153	67	133
315	154	65	133
313	153	67	134
314	154	64	133
315	153	68	133
315	154	72	133
316	154	70	132
321	154	71	133
326	154	71	134
329	153	71	136
333	153	74	137
343	154	73	136
343	156	69	134
350	156	71	136
353	159	70	133
355	160	67	133
358	157	66	136
357	156	67	137
359	157	66	136
357	156	68	138
360	152	69	143
364	143	71	152
371	141	66	157
373	144	65	153
373	144	67	153
376	156	67	143
380	154	63	146
386	161	58	140
390	169	59	134
389	154	62	149
391	163	61	141
392	169	60	136
392	170	62	137
391	173	63	135
390	163	65	146
391	170	70	141
390	175	71	136
392	170	67	142
393	171	68	141
397	176	69	137
397	172	71	140
399	173	70	140
399	173	69	140
398	175	66	139
399	178	65	137
398	176	67	138
398	179	67	135
400	166	71	148
401	178	69	136
401	169	69	144
404	179	64	135
406	178	67	136
407	172	68	142
409	181	69	134
411	180	68	135
412	184	68	132
413	182	69	135
415	173	69	146
415	173	69	149
415	181	70	142
415	173	69	150
417	174	72	150
420	179	70	146
424	173	67	153
430	190	59	136
435	197	63	134
436	194	62	136
438	198	66	138
445	202	69	145
452	198	75	157
461	205	75	152
463	202	76	155
462	201	77	157
464	195	76	164
473	193	66	166
476	207	63	151
472	203	67	155
460	177	79	181
474	197	65	161
463	170	77	188
455	170	86	188
455	174	85	176
455	175	84	156
451	175	81	141
250	159	74	147
249	157	74	148
247	157	77	149
245	157	74	149
244	156	74	149
244	155	72	149
243	155	75	149
244	154	72	148
243	154	73	148
244	153	74	148
245	152	74	149
432	172	84	153
454	174	84	160
454	175	62	154
494	218	63	139
457	175	58	151
458	172	57	150
457	171	61	153
457	171	61	152
457	170	62	153
458	169	63	152
457	168	66	152
455	168	72	151
452	168	75	150
453	168	74	151
453	167	75	150
454	166	75	150
452	166	76	150
451	164	76	151
451	164	77	150
451	163	78	150
450	163	77	151
452	162	76	151
451	161	80	151
449	159	82	152
450	159	83	153
450	158	83	154
454	159	83	153
456	157	83	153
460	156	80	150
463	155	77	150
463	155	78	149
463	155	78	149
461	154	80	149
461	154	80	149
462	154	79	148
464	154	79	148
463	153	82	150
464	153	81	150
463	152	84	151
465	152	82	152
464	153	85	151
470	152	79	149
471	152	78	148
470	152	78	147
468	152	79	147
470	152	76	148
471	152	72	148
469	154	71	147
467	154	71	146
467	155	70	146
467	155	70	146
466	156	73	146
466	155	74	147
467	153	73	148
466	153	75	148
466	153	75	148
467	151	73	149
464	150	76	149
465	149	75	148
467	149	74	147
467	148	73	147
467	149	73	147
468	149	71	148
471	149	67	147
472	151	64	146
474	152	62	145
477	153	60	144
477	152	60	144
479	151	61	144
482	149	61	145
482	148	63	144
482	148	64	144
483	147	63	144
484	147	63	145
485	146	64	145
487	144	64	145
489	144	63	146
489	143	64	145
487	142	67	144
488	141	66	145
488	140	66	145
488	139	66	145
490	138	63	145
488	138	62	145
486	138	61	144
487	138	60	144
485	138	60	143
485	137	61	143
483	136	63	142
483	136	64	143
483	134	65	143
483	133	65	144
484	132	65	144
486	130	65	145
486	128	66	145
486	128	66	144
489	127	65	144
489	127	65	144
490	127	64	144
491	127	62	144
491	128	62	144
490	128	62	144
491	130	61	142
490	130	62	142
490	130	62	142
491	129	63	143
493	130	64	142
495	130	63	143
496	129	64	144
496	129	64	145
499	129	64	143
499	130	65	142
503	130	63	141
503	130	64	141
505	130	62	142
506	129	62	143
509	130	59	142
509	129	60	142
510	130	60	142
511	130	60	142
512	130	61	142
513	131	60	142
513	131	61	142
515	132	61	142
515	131	62	143
519	130	60	143
518	130	63	142
518	130	64	143
522	131	61	141
521	130	63	141
522	130	61	142
524	129	59	143
523	129	58	143
524	129	58	143
522	130	58	141
522	130	58	141
521	130	58	140
521	129	60	140
521	129	62	140
521	129	62	140
522	129	61	140
523	127	60	141
523	124	60	142
522	125	61	142
521	122	64	142
523	122	62	142
520	121	64	141
520	118	63	141
520	114	60	141
520	110	59	141
519	108	59	141
520	107	59	142
518	106	59	140
517	101	59	140
517	97	59	140
517	93	58	141
518	90	59	141
519	89	58	141
520	89	58	140
517	89	59	139
516	88	61	139
517	88	60	139
520	88	56	139
520	88	55	140
519	89	56	140
519	90	57	140
518	92	55	139
516	93	56	141
516	95	55	141
516	95	56	140
516	96	55	142
517	97	55	141
520	102	56	142
516	98	56	138
517	97	55	140
517	97	55	140
517	97	54	140
517	97	53	140
518	98	52	139
550	180	62	130
515	97	52	142
514	98	53	139
512	96	54	139
509	95	55	139
546	172	88	181
557	187	80	169
552	185	84	171
551	185	85	172
547	183	88	171
545	182	91	173
542	180	93	174
541	180	91	174
536	178	91	174
537	178	92	172
531	179	92	168
527	178	93	170
524	177	95	172
520	178	99	171
518	178	99	173
517	177	100	176
516	178	101	175
519	178	98	177
522	177	94	176
523	178	92	172
521	178	91	171
522	178	90	170
520	179	89	170
514	180	92	173
513	180	88	172
515	182	85	171
508	186	89	170
508	185	85	170
506	188	86	168
501	193	90	165
498	200	93	158
502	207	90	151
500	212	96	144
501	211	95	146
469	126	71	148
524	220	93	136
481	136	62	139
524	232	86	126
474	152	59	137
522	239	84	119
470	157	63	139
469	162	59	138
466	166	57	138
460	169	55	138
453	170	54	138
452	170	55	134
445	170	56	138
442	169	59	136
256	133	54	132
436	171	45	138
429	176	64	137
247	138	59	133
244	145	58	131
246	149	56	132
247	151	56	133
247	152	56	132
250	153	61	132
252	153	59	133
265	155	116	143
417	185	62	127
250	153	64	132
257	151	58	133
254	152	58	132
255	152	60	132
255	152	57	132
257	151	59	132
382	180	10	115
415	188	50	129
410	186	69	143
254	147	64	135
255	147	59	132
255	146	61	132
255	145	59	133
248	147	61	132
247	147	61	135
248	146	62	135
249	146	62	137
243	146	65	139
243	145	65	143
242	146	65	143
241	144	68	143
242	144	65	145
242	143	66	144
243	143	64	144
240	142	67	143
243	142	63	143
242	142	65	143
241	141	66	143
244	141	63	144
245	141	62	143
246	141	62	144
405	188	80	142
394	188	99	163
247	141	60	144
403	185	82	143
397	185	95	155
247	139	61	143
280	149	175	162
243	138	67	147
246	139	62	143
249	141	60	144
246	141	64	143
247	141	65	144
341	168	108	157
396	184	81	165
256	146	186	179
243	142	72	146
244	141	65	143
244	143	65	142
245	143	65	142
243	143	65	142
246	143	62	141
245	143	63	141
240	142	68	142
243	142	66	142
241	142	70	142
242	142	71	141
243	142	71	141
244	141	71	141
244	141	72	140
246	140	71	141
245	139	74	142
250	140	73	141
250	138	73	142
254	137	70	142
259	138	65	142
258	139	65	140
253	134	72	141
416	177	60	147
413	176	66	157
414	174	66	153
407	174	75	157
405	173	76	157
403	172	80	157
404	172	78	158
403	172	78	158
403	171	80	158
403	169	79	158
403	167	81	159
402	165	83	159
408	163	81	157
405	163	85	158
409	162	83	157
409	162	85	156
409	162	85	155
409	161	85	153
411	161	84	153
410	162	84	154
408	161	86	153
408	162	84	153
407	162	85	152
408	162	85	153
408	161	86	153
409	162	85	153
410	160	87	154
410	160	89	155
416	159	87	154
415	159	88	151
420	157	87	152
420	158	87	152
423	157	86	151
428	157	82	151
428	158	81	152
428	158	81	152
427	159	81	151
426	160	81	152
427	160	82	151
428	160	83	151
430	160	83	151
433	159	82	151
436	160	82	152
436	160	83	151
438	160	82	152
438	159	83	152
441	159	82	151
443	158	79	152
443	159	78	152
443	159	78	151
444	158	75	152
443	157	72	151
444	154	69	150
445	154	68	149
443	153	68	148
443	153	68	149
443	153	69	148
445	152	69	149
446	151	69	149
447	150	68	150
447	150	69	150
448	150	69	150
449	149	69	151
451	149	70	151
451	149	70	150
450	148	71	149
452	149	67	149
452	150	67	149
452	149	66	148
451	150	66	148
448	150	66	148
448	149	66	147
449	148	66	148
449	148	66	148
448	147	67	148
449	146	67	149
450	143	67	150
452	141	66	150
453	140	67	149
453	141	67	149
455	139	66	148
456	139	65	147
458	138	65	147
460	137	64	147
459	138	65	147
459	137	65	147
459	137	65	147
457	137	65	146
457	136	65	146
457	135	66	146
458	135	67	146
458	134	67	147
458	133	67	147
459	132	67	148
459	131	68	148
460	131	68	147
462	129	67	146
462	129	67	146
461	128	67	145
463	126	65	146
462	127	64	145
459	126	65	145
458	127	65	144
459	127	64	144
457	127	65	144
456	127	65	144
456	126	66	144
458	125	66	145
460	125	65	145
460	125	65	145
460	124	65	146
461	123	65	146
462	122	65	145
463	122	65	145
464	121	64	145
465	122	64	145
465	122	63	145
466	122	62	145
465	122	61	144
465	122	61	144
464	122	62	143
465	122	62	143
465	122	62	143
465	122	63	143
463	121	63	142
462	121	63	143
459	119	63	144
460	119	63	145
459	118	63	144
457	118	63	144
455	117	64	143
455	117	64	143
452	117	65	143
452	117	65	142
451	118	63	143
449	119	64	142
448	119	64	142
444	120	64	142
439	123	64	142
440	122	64	142
438	124	63	143
438	126	62	143
437	128	63	144
435	131	62	143
433	131	62	142
434	131	62	142
432	132	63	142
426	132	64	143
420	132	64	143
414	133	63	143
412	136	63	143
412	136	63	143
408	140	63	142
400	150	62	143
393	154	62	143
395	154	62	144
400	156	60	143
399	156	61	142
399	157	60	142
403	158	58	142
406	157	57	143
411	157	57	144
411	155	58	143
411	156	58	143
417	154	58	143
420	152	58	144
425	149	56	145
429	146	55	145
432	143	55	144
433	143	54	144
432	142	53	142
435	139	53	142
434	137	53	143
434	135	52	143
434	134	51	143
434	134	51	144
435	133	51	143
434	132	51	143
432	130	52	144
431	131	52	144
429	129	53	145
430	129	53	145
430	128	54	146
430	127	54	145
430	126	54	143
426	124	55	142
422	120	55	142
422	121	56	143
420	119	57	142
419	118	58	142
418	117	56	141
416	116	57	142
415	114	58	142
415	113	59	142
412	112	58	142
411	110	59	143
411	108	61	143
411	109	61	143
411	107	62	142
411	107	62	142
409	107	63	140
407	107	66	141
406	105	67	141
406	106	68	141
401	106	72	140
403	107	70	141
395	107	73	140
385	107	74	140
377	107	74	140
368	107	76	140
367	108	75	142
367	109	73	142
364	110	75	141
367	110	75	142
369	111	73	141
374	111	72	140
376	112	76	140
375	112	74	140
377	111	75	139
376	110	76	138
375	103	77	138
386	101	70	132
383	100	72	126
388	100	68	126
387	104	70	121
384	105	66	116
389	103	61	111
388	101	57	106
385	104	55	101
387	103	56	101
378	106	54	97
371	108	50	93
363	110	48	88
363	119	47	84
454	224	67	84
453	224	67	119
444	222	63	117
432	219	60	114
418	216	57	109
404	212	54	104
391	211	52	100
389	211	54	101
379	208	51	99
370	205	50	97
360	204	50	93
354	202	50	93
347	203	52	92
348	203	51	92
347	203	50	91
347	202	51	91
343	201	50	90
338	201	49	91
333	201	49	92
333	200	49	92
330	200	50	91
329	201	50	92
329	200	51	91
327	201	53	92
327	200	53	93
328	200	53	93
328	201	52	94
328	201	53	94
330	201	53	92
333	201	51	92
335	202	51	92
334	201	50	92
336	201	50	92
337	201	49	93
336	201	48	93
335	201	49	93
335	200	49	92
335	200	49	92
336	200	49	92
338	199	50	93
336	198	50	94
339	199	48	95
340	198	47	95
340	199	47	95
340	200	47	95
341	202	46	95
342	203	46	94
343	204	44	94
343	205	43	94
344	205	42	94
344	204	41	94
343	203	42	94
343	204	41	94
342	203	42	94
341	204	43	95
341	204	44	95
341	203	46	96
343	202	45	97
344	204	44	97
344	205	44	97
343	207	44	96
344	208	44	96
343	209	44	95
343	210	42	94
343	210	41	94
341	210	39	95
340	210	40	95
340	210	41	95
338	210	41	95
337	210	41	94
338	210	44	95
338	210	45	96
339	210	46	97
340	210	47	97
340	210	45	96
341	209	47	96
341	209	47	95
342	209	46	95
342	208	45	95
343	208	46	95
343	208	46	95
342	206	45	95
341	205	45	96
341	205	45	95
340	205	45	95
339	205	46	95
340	204	48	96
340	204	49	97
342	204	48	98
342	204	47	98
342	204	48	98
342	205	50	97
344	205	50	96
346	205	49	96
349	206	48	96
351	206	48	96
353	206	46	96
353	206	45	96
353	207	45	96
352	208	44	96
353	208	44	95
353	208	46	96
354	208	49	97
353	208	49	97
357	208	50	99
359	209	49	99
360	211	52	99
363	212	52	97
364	214	52	96
364	214	52	96
367	216	51	96
368	215	49	95
370	216	47	96
371	216	45	96
373	216	46	96
374	215	45	96
374	215	45	96
374	215	49	96
376	216	50	97
377	215	51	98
379	216	55	98
379	216	51	97
380	216	56	98
383	216	55	97
386	217	54	97
388	219	51	95
389	218	50	96
388	218	50	96
389	219	49	97
387	219	50	97
386	219	49	96
387	220	49	97
387	219	49	98
385	220	50	98
386	220	52	99
387	220	52	101
389	221	52	100
388	221	54	100
389	223	54	98
389	223	54	98
391	224	53	97
392	224	51	97
393	224	49	97
393	224	48	97
391	224	48	98
391	224	48	98
389	225	48	98
388	225	48	97
387	226	49	98
387	227	50	98
388	226	51	100
388	226	51	100
388	226	52	101
388	227	52	100
389	229	54	98
391	228	53	98
391	230	51	99
391	230	52	98
393	230	51	98
394	230	50	99
393	231	50	99
394	231	49	99
393	231	49	98
393	231	49	98
394	232	50	100
393	232	53	101
394	232	55	102
394	233	56	103
395	234	57	102
395	233	57	102
395	237	58	100
396	237	57	100
397	238	57	100
399	239	55	100
398	241	54	101
399	240	54	100
399	241	52	100
399	241	51	100
396	242	52	100
398	244	54	102
403	247	59	106
404	247	56	106
408	251	63	108
414	255	65	104
421	258	67	101
431	262	67	96
327	122	40	72
327	122	39	72
331	122	41	74
333	120	43	76
338	121	44	78
340	118	46	82
344	117	49	85
344	118	52	85
350	118	54	89
356	120	54	93
364	121	55	95
365	120	57	96
365	120	55	96
366	120	56	96
363	119	55	97
365	120	55	96
364	120	54	95
363	121	55	95
367	120	54	95
365	120	54	95
369	121	53	96
369	121	53	96
370	121	53	96
371	120	52	96
371	120	52	97
372	119	53	96
373	120	52	96
375	120	53	96
377	121	51	96
377	123	51	96
378	124	49	96
377	123	50	96
379	124	48	97
378	124	48	97
381	125	49	96
382	125	48	96
383	127	49	96
382	127	49	96
383	127	49	96
385	126	49	96
385	127	49	96
386	127	49	97
385	127	50	97
385	127	50	96
385	127	50	96
386	128	49	95
385	128	48	95
385	128	48	95
385	128	48	95
384	128	48	95
384	129	48	95
384	129	48	95
384	129	48	94
385	129	48	95
386	129	47	95
386	128	48	95
386	128	48	95
387	130	47	95
388	129	47	95
387	130	48	94
386	130	49	94
387	130	49	95
385	130	49	95
383	130	48	95
384	130	47	95
383	130	46	95
384	129	47	95
384	130	46	94
382	129	49	94
380	128	51	94
381	126	50	94
381	125	49	94
379	123	51	94
380	124	50	94
378	123	53	94
380	121	52	94
384	119	51	95
384	117	50	96
385	115	48	95
384	116	49	95
385	115	47	94
383	114	47	94
382	113	46	94
383	113	46	95
383	114	43	94
384	114	42	94
382	114	41	95
383	114	41	94
382	115	41	94
382	115	41	94
381	115	41	94
381	115	41	94
382	116	40	94
383	115	40	95
384	115	40	94
385	116	40	93
386	117	39	93
385	116	40	93
388	117	38	94
389	117	38	94
390	117	37	95
389	117	38	95
389	117	38	95
263	146	94	91
250	145	59	107
248	145	71	102
248	144	58	107
250	143	53	108
250	143	53	109
249	143	53	109
247	144	54	109
387	116	39	95
386	116	39	94
384	117	39	94
262	143	140	75
252	144	54	109
382	116	39	94
255	146	48	111
251	146	50	109
257	147	45	108
381	119	36	93
380	119	37	94
380	118	37	95
380	118	38	95
379	118	39	96
378	119	39	94
377	119	38	94
377	119	39	93
375	119	39	93
372	118	41	92
372	117	40	93
372	117	39	93
371	118	38	93
371	118	38	93
371	118	39	93
368	117	42	93
367	116	44	94
364	115	44	94
363	114	45	94
364	115	44	94
363	114	43	93
365	114	39	92
362	112	38	92
357	112	41	91
357	113	39	91
357	112	39	92
356	111	38	91
354	112	38	92
353	111	38	91
353	112	37	92
351	112	39	92
351	113	40	91
348	111	42	93
325	119	61	87
246	148	49	103
247	148	47	105
248	150	47	104
248	148	48	106
248	148	50	107
248	148	48	109
248	148	43	108
250	150	45	107
249	150	43	108
250	150	44	107
343	111	40	90
250	151	43	107
339	110	41	90
247	150	46	108
247	148	45	109
247	148	46	109
247	149	46	109
247	149	46	109
247	150	47	109
249	151	46	109
249	152	46	109
248	152	46	109
251	154	45	108
252	153	46	109
252	153	46	109
252	153	45	109
252	152	45	110
251	151	45	110
252	152	45	109
251	152	45	109
252	152	46	109
252	152	47	110
252	153	47	110
252	152	47	111
252	152	47	111
253	151	47	111
253	150	47	110
253	150	47	110
254	149	47	110
254	149	47	110
254	148	47	110
253	147	48	111
253	149	48	110
254	148	49	109
253	150	50	109
253	150	50	110
254	151	51	110
255	150	52	111
256	151	51	111
258	152	52	111
258	152	51	111
258	152	51	111
258	151	50	111
258	152	49	110
257	151	50	111
256	151	51	111
256	151	51	110
256	151	51	110
257	151	51	110
257	150	52	111
257	150	52	112
259	149	52	112
258	149	53	111
258	149	53	111
260	149	52	111
260	149	51	111
260	149	51	111
258	149	52	111
258	149	51	111
258	149	51	111
258	150	51	110
258	150	52	110
258	150	52	110
259	150	53	111
260	151	52	111
261	150	53	111
260	150	53	111
261	151	53	111
261	149	52	110
261	148	51	111
261	147	51	111
261	147	50	111
260	146	52	111
258	145	53	112
259	146	52	111
258	145	52	110
259	144	53	110
260	144	53	111
260	143	55	111
260	141	53	111
261	140	53	112
262	140	55	111
264	140	52	110
264	140	52	110
265	138	52	110
265	138	51	110
266	136	50	111
264	137	51	111
265	137	52	110
263	137	52	110
265	137	51	110
263	136	53	110
266	136	52	111
267	136	51	111
268	136	51	111
266	136	53	111
267	134	52	111
265	135	53	110
264	134	54	111
263	133	54	111
261	132	56	112
261	132	54	112
258	131	56	112
258	132	55	110
258	130	53	110
257	130	52	109
257	129	51	110
258	129	52	110
258	129	52	110
258	129	53	109
258	128	53	110
257	127	54	110
255	126	54	111
256	127	54	111
255	125	53	111
251	126	53	111
252	125	54	111
250	125	54	110
249	124	53	111
250	125	53	110
248	124	53	111
250	125	51	111
251	125	50	110
251	126	50	109
250	126	51	109
251	126	52	110
248	126	54	110
246	126	53	110
243	126	53	110
241	125	52	110
239	126	52	109
239	126	51	109
239	125	53	109
238	125	52	109
237	126	52	110
234	126	52	109
233	127	51	109
232	127	52	109
227	126	58	109
225	125	55	108
222	125	54	109
217	123	54	110
216	123	52	110
217	122	51	110
208	122	55	109
206	121	52	110
203	120	52	111
201	119	51	111
198	120	51	111
198	120	50	111
196	120	49	110
194	119	49	110
192	119	47	110
189	118	45	110
187	118	44	110
186	118	45	110
186	119	45	110
184	118	44	109
181	117	44	108
175	117	44	107
172	113	45	112
171	115	46	111
165	114	44	111
164	113	45	111
163	108	44	111
171	112	38	103
180	111	36	100
227	78	41	84
232	84	38	80
234	85	38	77
195	118	34	91
196	113	37	97
197	121	32	89
197	116	36	94
198	118	33	92
199	118	35	94
199	122	32	91
199	132	33	80
200	133	39	79
200	123	33	89
246	91	38	78
246	90	39	78
248	90	37	78
251	90	35	78
254	90	36	76
254	90	35	77
255	89	37	77
255	87	37	77
204	83	39	81
197	85	39	121
245	84	39	75
197	80	36	80
186	96	35	108
241	83	33	75
236	80	34	77
228	77	34	78
221	74	34	78
221	75	34	78
217	73	33	78
211	71	32	77
204	69	33	78
197	66	35	79
186	65	106	107
325	95	42	94
319	95	38	93
313	94	36	92
303	92	36	92
293	89	38	92
286	86	39	93
161	55	29	79
147	52	34	79
147	49	32	79
146	42	31	79
142	37	34	79
137	32	35	80
138	32	44	84
136	23	34	80
133	18	34	80
132	10	34	79
130	4	33	79
127	0	33	80
126	0	33	80
123	0	33	77
117	0	34	72
110	0	35	69
102	0	36	67
96	0	37	65
97	0	36	66
89	0	38	63
88	0	38	62
22	4	42	100
20	7	38	95
80	0	37	57
80	0	38	57
80	0	37	57
79	0	37	58
78	0	37	58
78	0	37	59
78	0	36	60
77	0	36	60
78	0	37	60
79	0	37	64
31	16	47	87
33	18	43	94
37	21	42	92
36	22	43	92
42	23	39	92
47	26	40	91
95	0	36	77
96	0	36	78
208	25	31	91
100	0	37	79
212	27	33	92
214	29	37	92
215	32	37	93
148	19	104	108
345	214	95	107
347	212	92	145
349	216	92	142
348	218	93	140
347	219	92	139
346	221	91	137
347	224	90	134
346	223	91	135
346	225	91	133
348	227	90	132
352	228	85	130
353	228	84	130
358	230	81	128
357	230	82	129
361	232	81	127
359	231	83	127
359	232	84	127
358	234	84	125
354	234	86	124
147	46	30	102
141	30	38	80
138	30	42	80
142	33	39	78
139	34	40	80
142	35	39	82
141	35	39	98
142	35	43	114
144	36	38	120
145	39	37	118
146	37	37	119
148	37	36	120
147	36	36	120
149	37	36	120
149	37	39	120
151	43	39	114
151	40	39	118
151	39	40	119
150	39	41	119
150	40	40	116
150	41	36	82
151	40	36	79
156	40	36	122
156	42	36	120
156	42	36	120
158	71	34	92
160	70	32	93
160	43	34	113
156	41	42	96
156	42	41	120
157	42	45	118
156	41	42	113
157	42	44	116
158	42	42	114
160	42	39	116
163	49	36	113
164	49	36	113
165	50	34	112
166	63	34	99
168	42	38	81
169	44	32	119
169	42	41	81
171	42	38	77
173	44	40	79
174	43	40	82
175	45	40	81
177	45	39	81
179	46	36	80
178	45	37	81
172	48	35	113
179	47	41	80
176	47	43	83
174	50	34	115
185	48	39	79
172	74	41	90
187	48	37	80
174	74	42	96
189	50	38	83
174	80	38	83
174	79	33	93
175	80	31	93
175	80	32	93
198	51	34	82
201	50	33	81
202	49	32	82
202	50	34	83
202	49	33	82
203	49	33	81
204	49	31	81
176	79	31	94
209	49	32	82
210	49	32	82
211	49	32	82
211	49	31	82
213	50	31	82
214	48	32	83
215	49	34	83
215	48	35	82
215	49	36	82
218	48	35	83
217	48	34	82
218	48	34	84
220	48	34	83
222	47	34	82
222	48	35	82
226	49	34	82
183	81	37	96
183	81	38	96
234	47	32	83
187	81	35	95
187	80	35	96
188	80	35	95
190	79	33	97
190	79	34	96
191	79	34	95
192	81	36	94
192	81	36	95
199	81	36	95
203	80	37	96
203	78	38	97
204	76	38	98
207	76	38	96
206	75	38	96
210	74	37	96
211	73	36	97
215	73	35	96
216	72	35	97
216	73	36	98
216	73	36	98
216	73	37	97
218	73	37	97
218	73	38	98
219	72	38	98
219	71	40	99
219	70	40	100
219	70	40	99
220	70	40	99
221	70	40	98
223	71	39	98
223	68	38	98
223	68	38	98
222	65	38	98
225	69	37	96
232	71	36	94
234	75	36	92
236	78	35	88
237	77	35	88
240	81	35	84
243	85	35	82
246	88	35	80
249	91	33	78
250	97	32	75
251	96	32	75
252	99	32	73
253	101	31	72
253	100	31	72
253	101	31	72
253	101	31	72
252	101	31	72
252	99	30	73
251	99	30	72
250	100	30	72
249	99	31	73
248	100	31	73
248	101	31	72
246	99	32	74
245	99	31	74
244	100	32	74
243	100	32	73
242	100	33	73
242	100	32	73
241	100	33	73
239	101	35	73
234	99	36	73
230	98	38	73
228	97	38	72
228	97	37	72
224	95	38	72
223	95	39	71
220	94	41	71
216	94	41	72
215	95	40	71
214	95	40	71
210	93	40	71
207	92	40	71
205	92	40	71
202	91	41	71
199	91	41	71
200	91	41	71
198	89	41	72
196	90	42	72
194	90	43	71
191	91	42	71
189	90	41	71
189	89	41	71
187	88	42	71
184	87	41	72
182	85	40	72
179	85	39	71
177	84	39	71
177	84	39	71
172	81	38	71
168	80	38	71
163	80	38	71
158	80	39	72
155	78	40	72
155	78	40	72
152	79	40	72
149	79	41	72
146	78	43	72
143	77	44	72
144	77	45	72
144	78	45	72
144	78	46	72
145	79	43	73
146	79	43	72
148	80	40	72
149	80	39	72
149	81	40	71
150	81	38	71
150	81	39	72
148	81	40	72
149	82	39	72
150	82	41	72
149	82	42	72
150	82	42	72
152	82	42	73
155	81	41	74
157	83	38	74
158	84	36	73
159	84	36	73
160	84	34	72
161	83	34	73
162	82	32	73
163	81	31	73
163	80	30	73
162	79	30	73
159	77	30	73
156	74	30	73
155	70	29	73
150	64	30	73
149	61	30	73
148	60	30	74
146	55	31	74
145	53	31	74
142	50	32	74
138	48	31	74
135	46	30	73
135	45	30	74
133	43	30	74
131	42	31	74
127	41	31	74
125	40	32	74
123	39	32	75
123	40	31	74
121	39	33	74
121	40	35	74
120	39	35	75
121	41	35	76
122	42	35	75
122	41	35	75
122	43	35	75
123	44	34	74
125	46	34	74
127	47	33	73
128	49	32	74
128	49	32	74
129	49	32	74
130	52	33	73
132	53	32	73
132	55	33	73
133	55	34	74
133	56	34	74
134	57	33	75
136	58	33	74
137	58	33	74
138	58	33	74
140	59	33	74
139	59	33	74
141	59	31	74
143	59	31	74
144	59	31	74
146	59	31	74
147	60	32	74
147	59	32	74
149	60	32	74
149	59	33	74
152	59	33	75
152	59	32	75
154	59	33	74
154	58	33	74
155	59	32	73
156	60	32	73
157	59	34	74
158	60	33	74
158	59	33	75
159	60	33	75
158	59	35	74
158	59	34	73
159	58	35	73
160	58	36	73
162	58	36	74
162	58	36	74
165	59	37	73
169	59	35	73
173	60	37	73
175	61	36	73
177	63	35	74
177	63	35	73
181	63	35	74
182	64	36	75
184	65	36	74
188	65	37	73
193	66	35	73
194	67	33	72
197	68	32	73
200	69	31	73
203	71	31	73
206	73	31	72
207	74	31	73
207	74	31	73
208	74	31	73
210	74	30	73
212	75	29	75
213	74	30	76
214	74	30	75
214	74	29	75
215	75	29	74
216	75	28	73
218	76	28	73
220	76	28	73
220	76	28	74
221	77	28	74
220	79	28	73
221	80	28	72
222	81	30	72
223	81	25	77
224	82	25	77
224	82	25	78
225	82	25	72
226	82	54	63
288	199	65	53
287	199	68	112
291	200	65	111
290	200	66	112
289	200	67	111
287	201	69	112
286	200	67	112
283	201	68	112
281	202	69	112
283	201	65	112
279	203	67	111
281	203	67	110
282	204	66	110
285	205	66	110
292	206	66	110
294	206	63	111
300	208	65	109
306	207	66	109
310	208	66	109
314	209	67	111
318	210	66	111
318	210	65	112
322	212	64	111
327	213	64	112
331	215	62	111
337	216	59	112
339	218	59	113
340	218	58	112
343	219	55	113
345	221	56	111
346	221	56	111
346	222	56	112
345	224	56	115
345	224	56	115
345	224	55	115
344	226	55	114
345	227	55	115
344	227	55	115
344	228	54	115
345	227	54	115
345	228	54	114
346	227	55	115
347	228	55	113
347	228	56	113
347	228	56	113
347	228	56	112
344	228	57	114
344	227	55	116
343	228	55	115
340	229	57	115
340	229	56	114
340	229	56	114
339	229	56	114
340	230	55	115
340	230	56	115
340	228	56	116
341	230	56	113
301	145	84	174
334	229	62	115
282	106	41	82
284	99	37	86
286	108	35	78
284	99	34	87
285	106	33	80
284	100	34	86
286	111	32	76
289	114	36	74
291	99	38	92
295	116	35	76
294	103	36	89
300	117	36	75
303	108	37	84
309	118	35	75
315	119	35	76
321	120	34	76
321	119	34	76
324	121	34	76
327	119	33	79
329	124	32	75
330	124	32	78
331	130	32	74
332	126	31	76
331	133	32	75
330	129	32	81
330	130	34	80
330	133	35	76
329	133	34	77
329	136	34	74
328	128	33	83
328	141	34	70
328	136	31	77
328	136	29	74
327	138	27	72
325	140	29	71
326	140	27	70
325	137	28	73
325	135	28	72
324	136	29	71
325	134	29	72
326	133	28	71
327	134	27	71
403	121	41	67
327	134	27	72
415	120	29	68
329	136	26	70
414	121	30	67
330	139	25	69
421	121	20	70
339	136	25	77
342	138	26	79
342	136	26	83
343	136	26	82
343	136	29	87
347	131	29	92
351	128	33	95
355	124	34	100
357	122	36	103
356	123	35	103
361	122	41	110
366	120	42	115
368	123	42	114
368	123	41	114
367	124	42	113
367	125	41	113
367	130	42	109
368	128	44	113
369	130	43	110
370	130	44	111
372	132	43	110
372	130	43	111
375	132	42	111
376	131	43	113
377	130	43	112
380	131	43	111
378	130	44	111
379	130	43	111
379	130	44	112
378	128	46	113
377	129	47	112
378	128	46	112
380	127	45	112
381	127	45	112
382	125	44	112
383	123	43	113
384	121	44	113
388	121	43	112
389	121	44	113
388	121	45	113
387	122	46	114
386	121	46	114
384	122	48	115
386	124	45	116
386	125	44	115
386	125	45	115
384	126	45	115
384	127	46	114
383	127	44	114
383	128	44	116
383	128	45	116
383	127	45	115
383	127	45	116
383	128	46	116
383	127	46	115
382	129	46	115
382	129	46	115
382	128	46	115
381	129	47	114
380	131	47	114
380	130	47	114
380	131	46	114
379	131	47	113
380	131	47	114
380	131	47	113
380	131	47	113
380	130	48	114
383	131	47	114
384	132	48	114
383	132	48	114
384	132	48	113
385	133	48	112
385	133	48	111
384	134	47	109
384	135	45	108
383	134	46	110
381	134	45	110
379	133	46	112
377	133	46	112
376	133	47	113
376	134	47	113
376	133	47	112
375	134	49	112
376	133	52	112
375	133	55	112
375	130	57	114
374	129	57	115
375	129	56	114
375	129	57	114
375	129	55	113
372	128	56	113
372	127	52	113
370	127	52	113
368	125	54	114
368	125	51	114
367	125	51	115
366	126	51	113
365	126	49	113
364	125	49	114
363	125	49	114
362	125	51	114
361	125	52	114
361	125	53	114
362	126	54	113
360	126	55	112
361	126	55	113
356	126	58	113
353	126	60	114
352	125	59	115
349	126	57	115
347	124	58	114
348	126	58	114
345	125	57	114
344	123	57	115
344	124	56	114
345	123	55	114
346	122	55	116
346	122	55	115
346	121	57	116
348	123	57	114
347	122	59	113
348	122	56	113
346	119	55	116
347	123	54	113
340	112	59	124
338	119	60	118
336	120	59	116
336	123	57	114
335	114	59	125
335	124	57	114
336	115	57	123
337	124	56	115
338	117	57	122
340	116	57	122
339	120	61	118
339	118	61	120
342	126	54	112
347	124	52	114
347	127	53	113
352	124	52	115
358	128	52	113
356	128	53	113
363	130	53	112
368	133	55	112
377	125	56	123
381	124	58	124
385	126	56	123
386	125	56	123
387	126	57	122
394	134	51	115
396	133	56	119
400	145	52	109
405	138	55	118
405	143	51	114
408	142	55	116
412	146	55	114
416	146	54	115
419	146	55	115
418	144	57	116
420	144	53	116
422	146	55	113
422	146	56	112
422	147	55	111
421	148	54	110
421	148	51	111
421	147	52	111
420	146	54	112
420	146	52	113
420	146	53	113
420	144	55	114
421	142	53	116
421	143	49	114
422	143	50	114
422	143	48	113
421	144	48	111
424	144	46	110
425	143	45	110
425	143	46	111
428	143	44	111
428	142	43	111
427	143	43	111
426	143	44	112
425	143	48	112
425	143	48	111
424	142	50	113
424	142	51	112
423	145	47	109
424	147	49	108
450	151	159	123
421	148	51	104
419	149	36	101
417	147	36	103
416	147	36	103
410	148	40	102
405	147	44	102
406	148	43	100
405	146	44	101
404	146	43	101
401	146	43	101
399	145	42	101
393	146	47	102
393	145	46	102
387	145	52	103
384	145	53	104
384	145	51	103
385	145	46	102
385	146	42	103
385	146	42	103
382	145	43	103
380	144	41	104
378	144	40	103
374	144	41	103
372	145	40	102
371	145	40	102
366	145	42	104
361	146	44	104
359	147	43	103
360	148	40	104
359	149	37	103
359	149	38	103
356	149	37	103
355	150	38	102
354	149	38	103
351	148	43	104
350	148	42	104
349	148	43	104
350	147	42	104
349	147	37	103
343	148	40	101
340	147	41	101
335	147	44	102
338	145	41	102
334	145	43	102
336	144	40	102
334	144	39	103
331	144	42	103
329	142	50	103
327	142	52	104
323	140	58	105
329	138	54	104
329	138	50	102
328	136	50	101
325	134	51	101
327	135	50	101
326	134	50	102
326	133	49	102
326	132	49	102
326	132	50	102
321	131	61	101
321	130	60	102
319	129	68	103
322	129	68	102
322	129	67	101
328	129	59	101
326	129	59	101
329	129	57	101
326	127	59	102
322	126	61	102
323	125	59	101
321	125	63	99
320	124	65	98
322	124	63	98
321	123	66	99
322	123	206	135
524	152	50	110
528	154	46	105
527	154	45	105
528	154	45	105
528	154	45	105
528	154	44	104
524	154	47	104
523	153	48	104
520	153	48	105
521	152	48	105
520	153	46	106
521	154	44	105
519	155	42	104
518	157	42	105
515	157	43	104
518	157	41	103
515	159	41	105
514	158	40	104
512	158	40	106
511	157	40	106
511	156	40	106
510	157	40	107
509	155	41	106
507	156	41	106
503	154	45	106
502	153	46	106
499	152	47	108
500	152	46	108
500	153	45	107
501	153	43	107
499	156	45	106
503	157	41	105
498	158	44	105
500	158	42	104
500	158	41	105
500	157	41	105
499	156	41	106
500	157	41	106
500	155	41	105
500	156	41	106
499	155	42	106
495	155	45	106
494	154	46	107
491	153	47	107
491	152	44	107
495	151	41	108
491	152	44	106
492	151	43	104
488	151	44	105
490	151	42	104
488	150	43	105
489	151	42	105
488	151	42	105
488	150	42	105
489	150	41	106
488	150	42	106
487	150	43	106
487	149	43	106
482	149	46	107
480	148	48	107
479	149	49	107
479	148	48	107
481	150	44	106
481	149	44	106
480	149	45	106
479	150	44	105
480	149	42	105
477	150	43	106
477	149	43	106
477	148	43	106
475	148	43	106
474	148	43	106
473	148	43	106
469	148	45	107
465	147	47	106
465	148	46	106
461	148	49	107
459	147	50	107
461	148	45	107
461	150	43	107
459	150	45	105
461	150	43	106
457	150	44	107
459	151	43	105
458	151	43	106
457	150	43	106
456	151	43	106
456	150	44	107
457	150	43	107
456	150	43	106
455	151	44	106
453	151	46	106
449	151	48	106
449	150	48	107
447	150	50	107
447	150	48	108
446	151	46	107
447	151	45	106
444	152	45	106
447	152	43	105
444	152	44	107
443	152	44	107
443	152	44	107
442	152	44	108
442	151	44	108
442	152	45	108
441	152	45	108
439	152	47	107
438	152	48	107
437	152	49	108
436	152	50	108
436	152	50	108
437	152	48	109
435	153	48	109
436	155	46	107
434	155	48	108
433	154	47	108
435	154	46	108
433	153	47	109
434	153	46	109
434	152	47	110
435	152	46	110
434	153	47	109
435	154	47	109
434	154	48	109
431	154	50	108
429	155	51	110
427	155	52	109
429	156	49	109
427	155	51	110
426	157	50	109
426	158	49	108
425	158	48	108
425	159	49	108
424	160	48	108
424	159	48	109
425	158	48	110
424	158	48	110
425	159	48	111
424	160	49	108
422	161	51	108
422	161	51	109
419	162	53	109
420	162	52	110
419	162	53	111
419	165	50	109
416	165	51	109
417	166	51	109
417	167	50	109
415	167	49	109
415	167	48	109
415	167	48	110
415	167	48	110
415	167	48	110
414	166	48	111
418	166	48	112
419	165	50	114
423	166	55	118
419	166	60	121
419	168	59	120
415	166	63	121
417	167	60	120
420	167	57	121
420	168	56	120
419	167	57	120
419	167	57	120
419	168	58	119
418	169	57	119
419	171	55	118
419	170	57	120
421	171	56	120
421	171	56	121
424	173	55	121
426	175	55	121
426	177	59	120
424	179	60	120
421	179	62	122
420	179	64	121
421	181	59	121
422	181	60	122
421	182	58	121
421	183	57	120
420	182	56	120
420	183	56	120
419	181	57	122
420	180	56	121
420	180	56	122
421	179	58	124
421	178	58	124
421	178	58	125
420	179	59	124
417	178	61	122
415	179	64	122
413	179	62	124
413	182	61	124
412	181	63	125
414	183	60	123
413	184	58	123
412	186	57	123
412	187	55	122
410	188	55	122
409	186	56	123
409	187	54	123
408	188	57	123
408	187	55	124
409	187	57	123
409	187	55	123
409	186	56	123
406	186	60	122
404	185	61	123
402	185	62	124
402	186	61	124
402	185	58	124
403	186	55	123
402	186	56	122
399	184	57	123
397	183	57	122
396	183	57	123
395	182	59	123
396	182	59	123
393	181	62	123
395	182	62	124
394	182	63	123
393	182	64	122
388	181	66	121
389	182	66	121
385	181	68	119
382	181	70	119
382	182	68	119
383	180	65	120
379	180	67	120
380	180	66	120
379	180	67	120
376	179	70	120
376	179	70	120
374	178	75	121
372	177	76	121
374	178	75	121
373	177	78	122
375	177	77	122
376	176	77	121
376	176	76	119
376	175	74	119
376	175	73	119
376	174	71	120
374	174	72	120
374	173	71	120
371	172	72	121
368	172	71	120
370	172	70	120
366	171	74	119
363	171	76	118
364	171	78	118
366	171	78	118
368	171	77	118
368	171	76	119
370	171	76	118
372	170	74	118
372	171	73	118
372	171	73	119
372	171	73	120
372	171	73	119
372	171	73	119
371	172	74	118
371	171	75	117
375	174	75	116
379	173	75	116
379	174	75	116
381	174	75	117
383	174	76	117
385	175	78	117
389	176	76	116
392	176	77	116
392	176	76	115
394	177	75	116
394	177	70	116
391	177	73	117
390	179	74	116
390	180	74	115
390	180	74	115
390	181	73	115
393	184	74	115
397	187	74	116
404	189	72	115
411	191	69	115
410	190	73	115
414	193	69	114
414	194	71	115
415	194	70	116
415	195	69	116
417	194	66	117
417	195	66	116
418	194	64	117
418	194	64	117
419	194	64	116
420	196	63	115
418	195	65	115
420	194	64	114
420	195	64	115
420	194	64	115
421	193	63	115
423	193	62	115
421	192	64	114
419	193	65	113
420	191	65	114
424	191	66	115
434	192	61	115
442	193	59	117
452	193	62	123
449	194	65	123
459	199	68	127
462	199	78	133
479	201	76	140
480	201	83	145
487	202	85	152
485	203	88	152
494	202	90	155
491	199	105	156
506	200	98	156
516	201	105	158
532	199	99	160
534	199	100	160
534	206	103	153
535	208	102	149
542	209	96	149
542	208	95	148
538	208	100	148
538	208	100	148
533	209	104	148
521	199	116	158
529	207	109	152
530	204	109	154
526	202	113	157
526	202	112	157
526	200	111	158
524	199	112	159
527	200	110	159
524	199	112	159
520	204	115	155
519	203	116	155
515	208	116	150
511	207	114	151
410	101	88	180
408	100	76	174
410	99	79	175
406	99	82	174
411	98	69	175
410	97	68	176
408	96	69	174
410	95	71	174
401	96	77	175
408	96	69	176
392	103	80	177
401	109	76	178
397	110	78	178
403	110	72	176
403	109	72	174
404	109	73	174
488	216	113	142
486	218	117	139
471	217	127	140
465	218	128	140
468	219	126	138
469	220	126	139
463	224	128	134
467	226	126	131
468	226	118	131
448	224	111	134
443	221	114	137
444	222	111	136
446	217	110	140
430	210	116	146
432	207	117	150
424	203	121	155
426	199	124	157
428	198	124	158
426	196	126	160
433	194	126	163
436	193	130	163
449	194	122	160
457	193	117	163
458	192	117	165
463	191	112	165
466	190	110	165
465	185	109	174
482	185	104	173
472	181	116	177
473	182	115	176
492	179	104	179
492	176	110	181
488	173	112	184
485	172	118	184
480	170	122	187
481	170	120	187
478	167	113	191
473	163	106	194
463	150	105	199
460	143	107	202
452	129	106	210
451	128	105	206
437	120	99	194
431	108	98	190
426	95	98	180
429	96	89	171
417	96	85	163
421	95	81	164
405	101	78	157
391	98	78	149
379	100	71	142
369	105	69	135
360	106	65	127
363	106	63	128
355	110	62	122
357	114	55	118
362	123	49	112
360	123	52	107
358	129	46	101
358	130	49	102
352	129	46	96
350	130	47	94
349	129	43	90
348	129	42	87
348	133	37	83
348	132	38	83
343	135	35	80
343	137	34	77
338	137	33	75
336	137	31	73
332	135	31	71
332	135	30	71
330	136	31	70
330	137	30	70
331	136	29	70
330	136	30	69
329	136	30	70
329	136	30	70
329	135	30	70
327	137	28	69
326	136	29	70
326	137	27	71
325	137	28	72
325	137	27	72
325	137	28	72
326	138	29	72
326	139	30	71
324	139	29	70
323	141	30	70
323	141	30	70
321	141	31	70
320	140	32	71
318	141	34	70
316	141	34	70
316	140	32	72
317	140	32	72
315	139	34	73
308	138	41	72
310	138	36	72
310	137	39	72
309	136	37	71
308	136	38	71
307	136	37	73
301	132	35	73
296	130	35	73
287	124	37	72
284	119	38	73
286	119	37	73
279	112	34	74
265	109	37	73
253	104	38	73
242	100	39	73
230	95	38	72
232	95	36	71
219	93	36	71
204	88	36	72
187	86	35	73
172	79	40	75
160	73	36	74
160	72	37	74
145	68	36	74
130	67	36	74
115	66	34	74
100	65	35	75
85	63	35	74
84	63	36	75
70	62	35	76
52	63	33	76
34	62	37	77
23	61	37	80
1	56	39	79
2	55	41	80
0	53	30	79
0	51	23	79
0	63	13	65
0	51	45	75
80	6	37	65
80	6	34	64
185	109	22	40
188	122	66	78
180	119	70	104
173	118	67	104
166	115	68	104
166	116	68	105
157	113	67	105
153	112	65	105
150	110	62	105
144	111	61	104
139	109	59	105
139	109	58	105
133	110	55	105
128	112	54	105
123	112	53	105
119	112	54	104
116	112	55	103
117	111	55	103
117	111	54	104
119	110	51	104
120	110	48	104
121	110	46	106
123	110	44	106
123	110	44	106
124	110	44	103
126	111	44	103
129	111	44	104
130	111	45	104
131	110	45	105
131	110	45	104
134	110	45	104
139	111	46	103
145	112	46	103
151	113	48	103
155	114	49	103
155	114	47	102
166	116	46	103
177	115	45	104
193	115	42	105
206	115	41	103
220	116	41	101
219	116	41	101
230	113	42	102
244	114	42	102
259	114	43	102
273	117	42	102
285	122	42	102
285	122	44	101
298	124	43	102
314	125	43	102
328	127	42	102
343	129	42	103
353	132	44	102
353	131	44	102
366	134	44	101
377	136	45	101
389	139	47	102
402	142	48	103
413	149	47	103
411	149	49	103
422	157	48	103
432	162	48	102
441	167	49	103
453	173	48	103
467	176	48	103
467	176	49	103
477	179	48	103
486	182	49	103
494	185	52	102
504	188	52	102
508	190	53	105
507	190	53	104
514	193	53	105
519	196	53	104
524	198	51	105
527	200	51	104
526	203	52	104
527	203	52	104
527	209	52	104
528	211	53	104
529	214	53	101
528	215	53	100
526	216	55	99
526	217	56	100
523	217	57	100
522	216	57	101
524	216	54	101
527	216	53	101
528	217	52	101
527	216	53	102
528	216	52	102
530	216	53	102
529	217	53	101
531	218	54	101
532	221	54	99
532	220	54	99
533	222	55	98
532	223	57	98
531	223	57	101
531	224	58	102
531	225	57	101
531	225	57	100
530	226	58	102
528	226	58	102
529	226	57	101
533	225	53	103
532	225	54	102
533	225	54	103
533	226	52	101
534	225	52	100
533	225	52	100
530	224	54	102
529	224	54	104
531	224	53	103
528	224	54	102
528	225	53	103
530	225	53	103
528	225	54	102
531	224	52	104
529	224	54	103
533	223	51	99
531	223	53	101
530	222	54	99
529	223	54	102
527	224	54	103
527	223	54	104
523	223	54	103
522	223	54	103
522	225	54	102
520	225	54	101
521	225	55	103
520	225	55	102
522	223	55	104
522	224	56	101
523	223	55	100
524	222	56	99
522	222	56	101
522	222	57	101
521	222	57	102
522	222	57	102
522	222	57	101
524	222	56	99
523	222	56	99
523	221	57	100
528	220	53	100
525	218	56	101
531	218	52	101
531	216	55	100
530	217	56	99
530	217	56	99
529	217	57	100
529	217	57	100
529	217	56	100
529	217	56	100
527	215	57	102
528	216	57	101
530	215	56	102
535	212	55	103
538	211	55	103
534	211	56	102
534	211	54	103
533	211	54	104
533	212	54	103
534	213	54	102
535	213	54	102
530	214	53	101
529	215	54	101
529	215	54	101
528	216	55	100
528	217	55	100
528	217	55	99
525	218	55	99
528	218	54	99
527	218	55	99
534	214	54	102
537	211	53	104
538	210	53	104
533	209	53	104
529	209	53	105
529	208	53	105
525	210	53	103
524	210	53	104
524	210	53	104
521	209	54	104
522	209	53	105
522	209	54	105
521	209	54	105
521	209	54	105
520	210	54	104
519	209	54	104
518	209	54	104
519	209	54	104
517	210	54	104
515	210	53	103
514	210	53	104
512	210	53	104
512	210	53	104
512	211	53	104
512	210	53	104
510	209	54	105
509	210	53	105
509	210	53	105
509	210	53	105
509	210	53	105
509	210	54	105
509	210	54	105
508	210	53	105
508	211	53	104
510	211	53	104
510	211	53	104
511	211	53	104
513	211	52	105
513	211	52	104
513	212	53	105
513	209	53	106
512	210	53	106
513	208	53	105
511	206	54	106
512	205	53	106
512	205	53	106
512	205	54	106
512	205	53	106
512	204	53	106
512	203	53	107
510	203	53	107
510	202	53	108
508	203	52	107
508	203	52	107
507	203	52	107
506	204	52	107
503	204	52	106
502	204	52	106
502	205	52	106
501	204	52	106
498	204	52	106
497	205	52	106
495	206	52	105
494	205	52	105
495	204	52	105
494	205	52	105
496	203	52	106
495	202	52	106
495	201	51	106
494	201	51	106
494	200	51	106
494	200	52	106
493	199	52	106
492	198	52	107
491	196	52	106
491	195	52	107
491	194	52	106
491	195	53	106
491	194	52	106
493	193	52	107
493	193	52	107
493	194	52	107
494	194	52	107
493	194	52	107
493	195	52	107
494	198	52	107
495	198	52	107
495	201	52	108
494	201	52	107
494	201	52	107
494	201	52	107
494	202	51	107
493	202	52	107
493	201	52	107
495	202	51	107
494	202	52	107
494	201	51	107
494	201	51	107
492	198	51	107
491	198	51	107
487	197	52	106
488	197	52	106
487	197	51	106
487	195	51	106
488	194	50	107
488	194	51	106
487	192	51	106
487	192	51	106
487	191	51	106
487	191	51	106
487	190	50	106
486	187	51	107
486	185	51	107
486	185	51	106
486	183	51	107
483	184	51	106
485	184	50	106
485	183	50	107
486	184	50	107
487	184	50	107
487	184	50	107
487	184	50	107
487	184	51	107
487	185	50	107
487	185	50	107
487	185	50	107
484	185	50	106
484	183	50	107
482	181	50	107
478	180	50	106
479	179	50	106
479	179	50	106
478	179	50	106
478	178	49	106
476	176	49	106
475	176	50	105
473	176	50	106
474	175	49	105
472	175	50	105
472	174	49	105
470	173	49	105
470	172	49	106
469	173	50	105
469	173	49	105
469	172	49	105
469	172	49	105
469	172	49	105
466	172	50	105
464	172	49	105
464	172	49	105
463	173	49	104
460	172	49	105
459	171	50	105
459	169	51	105
456	167	50	105
456	167	50	105
452	166	50	105
449	163	49	105
448	162	49	105
446	161	48	105
445	160	49	105
445	160	49	105
444	159	49	105
443	159	49	105
443	157	51	107
445	156	50	106
450	156	50	106
450	157	50	105
451	155	50	106
452	155	50	106
451	155	49	106
451	155	49	106
452	155	49	106
452	154	49	106
454	154	49	106
455	151	49	107
455	150	49	106
455	148	49	106
454	148	49	106
454	148	50	106
454	148	49	106
453	147	49	106
453	148	49	106
452	150	49	105
448	150	48	106
447	150	49	105
447	150	49	106
446	150	48	106
446	151	49	106
447	149	48	106
447	150	49	106
446	150	49	106
447	149	49	106
447	150	48	106
447	149	48	106
446	150	48	105
444	150	47	105
444	149	47	106
443	151	48	105
442	151	47	105
441	152	47	104
440	152	47	104
440	150	47	106
439	150	47	105
438	151	48	104
435	150	47	105
434	149	47	105
434	148	47	106
433	147	47	106
432	147	48	106
432	147	48	106
431	146	47	107
433	143	48	111
433	148	48	106
434	142	48	113
434	147	48	107
433	142	47	111
432	143	47	109
428	143	47	106
425	138	48	110
426	134	49	114
426	143	49	105
426	135	49	112
426	141	50	106
425	136	48	110
423	143	48	103
421	132	50	115
420	141	49	105
420	134	52	112
418	140	46	105
414	139	48	105
411	138	47	105
408	137	47	104
407	137	48	105
407	136	48	105
405	136	47	104
402	135	46	105
403	135	46	105
401	134	45	105
401	135	46	105
401	134	46	106
401	135	46	105
401	135	46	105
401	135	46	105
400	134	46	105
400	135	46	105
400	136	46	105
402	135	46	105
402	136	46	105
403	136	46	106
403	136	46	106
403	136	46	106
403	137	47	106
404	137	46	106
404	137	46	106
404	137	47	106
404	137	46	106
404	137	46	106
404	136	47	106
404	136	46	106
405	136	47	106
408	135	47	107
408	136	46	106
409	135	47	106
408	135	46	106
409	135	47	106
410	136	47	106
410	135	47	106
410	135	47	106
410	135	47	106
412	135	47	106
413	136	47	106
413	136	47	106
411	135	47	107
412	133	47	107
411	134	47	106
411	132	46	106
411	131	47	106
411	131	47	106
411	130	48	106
412	129	47	106
412	129	47	106
413	128	47	106
413	127	47	106
413	126	47	106
413	125	47	107
413	124	46	106
413	124	47	106
413	122	47	107
414	120	47	107
413	118	46	107
413	117	47	107
413	116	47	107
413	117	47	107
413	116	47	107
413	115	47	107
412	116	47	107
412	117	47	106
413	116	47	106
412	117	46	106
412	116	47	107
411	118	46	106
411	119	46	106
411	120	45	107
411	121	46	106
411	120	46	107
410	121	46	106
411	122	46	106
412	122	46	107
414	124	46	107
415	124	46	107
415	125	46	107
418	126	46	107
419	126	46	107
420	128	46	107
420	129	46	107
423	129	47	107
424	130	46	107
424	130	47	107
425	130	47	107
426	130	47	107
426	131	47	107
426	131	47	107
426	132	47	107
426	132	47	107
427	133	47	107
426	135	47	107
425	135	47	107
424	135	47	107
425	135	48	107
424	135	47	107
424	136	47	106
421	136	47	107
420	136	46	106
415	135	46	106
414	134	48	106
410	134	46	106
403	131	46	106
396	130	46	106
385	128	47	106
378	125	46	106
378	126	47	106
296	190	54	132
285	190	55	130
275	188	54	129
269	184	54	129
261	182	54	128
336	104	45	107
251	178	53	128
241	173	55	128
234	166	56	129
226	161	57	129
217	157	56	130
216	157	56	130
209	153	56	132
203	152	55	131
196	153	55	129
190	154	54	127
181	155	56	128
181	154	56	127
175	155	59	128
169	155	66	128
169	156	66	128
170	155	64	128
175	155	63	127
175	154	64	127
180	153	65	128
183	154	66	129
190	152	63	130
193	153	61	131
196	153	59	129
197	153	59	129
203	154	59	127
205	154	60	126
205	153	62	126
209	152	63	127
207	152	63	126
208	152	62	125
211	152	62	126
212	151	64	125
212	151	66	125
214	151	64	126
212	152	61	126
211	153	63	127
211	150	60	129
213	148	59	130
212	148	58	128
213	147	58	128
214	146	58	128
214	146	58	128
213	145	58	129
213	145	60	128
211	147	60	128
210	148	59	126
208	149	61	126
209	149	60	126
200	152	59	126
200	160	60	126
203	159	60	126
207	160	58	128
208	160	57	130
208	159	57	130
213	159	56	129
213	159	56	129
213	156	56	131
213	156	57	131
213	155	57	131
213	156	57	130
214	157	58	129
211	158	59	128
211	157	60	128
210	157	61	127
213	156	61	128
212	157	62	127
215	155	60	128
215	153	58	129
217	151	59	130
218	150	58	129
218	151	58	129
218	149	58	129
218	151	58	128
216	152	58	129
216	153	58	129
212	154	59	128
210	158	60	127
212	157	59	127
209	158	59	127
205	162	60	126
205	161	59	127
206	161	58	127
204	162	57	127
204	161	57	128
205	164	57	125
204	162	56	125
201	163	59	125
202	160	57	128
201	160	57	128
201	160	56	129
203	160	56	128
200	161	57	129
198	162	57	129
198	161	57	130
196	161	57	130
197	161	56	130
197	159	57	130
