0.055821
0.094566
0.065365
0.042521
0.077820
0.078178
0.041901
0.070191
0.058101
0.044989
0.065762
0.046151
0.059028
0.082257
0.045216
0.055529
0.054824
0.049563
0.060723
0.059068
0.057326
0.076061
0.056728
0.046476
0.054100
0.043590
0.047545
0.050350
0.050090
0.100912
0.065381
0.090997
0.072200
0.057083
0.049839
0.073671
0.059561
0.048491
0.089575
0.066674
0.052304
0.065236
0.080003
0.043794
0.055834
0.078739
0.050092
0.056114
0.097453
0.081042
0.062261
0.048301
0.054862
0.049968
0.056179
0.080756
0.054866
0.050547
0.078149
0.058022
0.123765
0.047667
0.062267
0.064796
0.065322
0.053739
0.053126
0.055531
0.064247
0.073284
0.045783
0.060152
0.088375
0.050402
0.051449
0.066082
0.057474
0.056451
0.104270
0.054581
0.052268
0.064909
0.060990
0.061965
0.061306
0.068995
0.042780
0.050008
0.053982
0.066036
0.063088
0.118894
0.061054
0.047343
0.051944
0.062524
0.048497
0.048533
0.042308
0.054752
0.047199
0.059602
0.062356
0.048266
0.059669
0.071976
0.053906
0.063398
0.080590
0.064644
0.047066
0.047115
0.050771
0.048836
0.046669
0.054471
0.076334
0.057733
0.053746
0.056571
0.047462
0.070706
0.067095
0.089085
0.048463
0.063513
0.044380
0.067221
0.085507
0.046093
0.055087
0.068278
0.046529
0.046415
0.043829
0.044952
0.084911
0.052844
0.064010
0.071546
0.055607
0.054967
0.068553
0.052930
0.054280
0.080918
0.061179
0.060065
0.063116
0.051917
0.057409
0.070594
0.048887
0.051585
0.073787
0.041943
0.043750
0.068834
0.043175
0.053387
0.046974
0.045004
0.059335
0.047647
0.057587
0.079877
0.058906
0.048837
0.062770
0.045960
0.044579
0.052808
0.073731
0.044650
0.051506
0.064513
0.047616
0.078393
0.081874
0.043604
0.048555
0.061634
0.045595
0.068646
0.064094
0.094788
0.133252
0.076059
0.059381
0.050859
0.053025
0.045609
0.065306
0.066413
0.047340
0.074606
0.070970
0.057388
0.064068
0.090311
0.088416
0.083611
0.051818
0.073366
0.098624
0.068168
0.063001
0.045805
0.065822
0.088668
0.068520
0.059832
0.079751
0.072506
0.043420
0.057160
0.065341
0.117423
0.061860
0.053708
0.083416
0.067127
0.051857
0.074587
0.081219
0.049931
0.052111
0.084496
0.072599
0.082345
0.052339
0.087265
0.095163
0.039789
0.063191
0.048307
0.066054
0.058075
0.048293
0.071525
0.041071
0.047240
0.047703
0.046950
0.083526
0.048645
0.055135
0.074320
0.088873
0.112494
0.074469
0.069647
0.047821
0.065937
0.050689
0.047043
0.074197
0.067741
0.050853
0.072393
0.050816
0.061081
0.067196
0.046938
0.043788
0.045552
0.047099
0.071376
0.057817
0.051092
0.071490
0.037649
0.045439
0.055092
0.066909
0.073571
0.048121
0.044639
0.050014
0.039108
0.052276
0.078093
0.071597
0.041138
0.070817
0.043927
0.046799
0.053566
0.042718
0.079537
0.061296
0.049410
0.060775
0.053563
0.057027
0.067568
0.053159
0.053617
0.067694
0.049410
0.052806
0.055321
0.053956
0.074008
0.059518
0.056337
0.068783
0.065292
0.043852
0.067450
0.055371
0.054751
0.123286
0.052362
0.050523
0.065156
0.075538
0.050537
0.068490
0.068274
0.052894
0.062312
0.056023
0.054261
0.066827
0.070622
0.049266
0.058774
0.058539
0.062459
0.084828
0.074275
0.087906
0.057838
0.064303
0.051814
0.053366
0.079367
0.070868
0.057010
0.061411
0.050533
0.108104
0.127558
0.084853
0.066009
0.053828
0.064104
0.058635
0.056163
0.086561
0.096584
0.072536
0.060653
0.058002
0.059895
0.055671
0.055058
0.086597
0.055915
0.047264
0.092390
0.052873
0.052895
0.055000
0.043305
0.045233
0.048869
0.054954
0.078237
0.047075
0.120396
0.121188
0.073197
0.054802
0.049330
0.061621
0.056666
0.069943
0.084412
0.057595
0.061908
0.070661
0.068816
0.039479
0.048459
0.054137
0.057157
0.082185
0.088299
0.055959
0.054832
0.076257
0.057037
0.065213
0.054107
0.069942
0.050989
0.049288
0.080819
0.080161
0.079612
0.113679
0.097601
0.080415
0.072232
0.054776
0.084234
0.056639
0.045168
0.079800
0.062127
0.044876
0.080692
0.074607
0.070710
0.045813
0.087195
0.054115
0.052125
0.083783
0.086335
0.047874
0.042146
0.061954
0.049418
0.066236
0.068169
0.074044
0.056293
0.072874
0.048466
0.047570
0.177890
0.063163
0.047623
0.091174
0.047920
0.050968
0.075438
0.042911
0.046520
0.082782
0.052130
0.055624
0.047405
0.057291
0.071232
0.082447
0.047374
0.045836
0.085540
0.047644
0.059075
0.076705
0.069938
0.055036
0.047258
0.065433
0.054330
0.058365
0.064743
0.056847
0.119838
0.083607
0.042838
0.073180
0.056733
0.049011
0.084324
0.050818
0.046886
0.087325
0.079765
0.061826
0.063165
0.072972
0.074679
0.044060
0.070911
0.089604
0.048590
0.047065
0.069674
0.045489
0.059369
0.065734
0.051119
0.076620
0.059833
0.049613
0.072853
0.058637
0.057709
0.058858
0.052767
0.079455
0.061702
0.041920
0.081008
0.049036
0.048844
0.047521
0.046302
0.080977
0.065987
0.055024
0.068998
0.080810
0.054428
0.049870
0.063153
0.050126
0.062544
0.063762
0.054329
0.073269
0.057356
0.046581
0.059669
0.040401
0.073376
0.047278
0.045108
0.072653
0.115981
0.064911
0.046046
0.047501
0.043913
0.076753
0.071133
0.053997
0.057781
0.079894
0.053755
0.056674
0.074309
0.041563
0.045343
0.043673
0.048335
0.049420
0.068815
0.066524
0.051055
0.050618
0.082271
0.070533
0.051184
0.061583
0.086533
0.054974
0.049964
0.056993
0.048666
0.069574
0.161897
0.043159
0.047495
0.053065
0.060905
0.065497
0.043093
0.067745
0.044176
0.055923
0.046211
0.045988
0.068282
0.042135
0.043988
0.067311
0.047449
0.051467
0.042976
0.067240
0.103958
0.052475
0.049495
0.091042
0.070906
0.065062
0.046541
0.053268
0.041955
0.060593
0.047940
0.061001
0.104332
0.090803
0.062692
0.050743
0.065216
0.061915
0.048162
0.056744
0.051716
0.056453
0.053572
0.072632
0.045339
0.044672
0.050637
0.096982
0.073746
0.054073
0.089543
0.048163
0.086952
0.079548
0.070398
0.051987
0.090799
0.094600
0.087240
0.069599
0.078987
0.119295
0.047367
0.092993
0.082943
0.079801
0.049341
0.046907
0.062066
0.041506
0.047365
0.054178
0.071824
0.053055
0.056274
0.092794
0.112398
0.110176
0.101600
0.054033
0.054576
0.070143
0.052855
0.065664
0.077415
0.053352
0.045357
0.083981
0.084660
0.058993
0.047403
0.064157
0.117014
0.064596
0.052446
0.085893
0.070919
0.054479
0.059899
0.080298
0.056457
0.047031
0.076216
0.045416
0.051881
0.086239
0.050616
0.047360
0.080754
0.065584
0.043783
0.067313
0.074012
0.055739
0.072341
0.070835
0.057206
0.047832
0.052952
0.045308
0.083507
0.067239
0.058192
0.128475
0.053189
0.058746
0.079244
0.044166
0.068551
0.086876
0.045441
0.048558
0.058699
0.055742
0.067741
0.050607
0.050059
0.062991
0.049114
0.083385
0.074964
0.054203
0.046166
0.065135
0.044271
0.063788
0.065876
0.051560
0.094075
0.064941
0.056703
0.049412
0.065645
0.085830
0.122678
0.067053
0.047665
0.052157
0.053836
0.046355
0.045622
0.065077
0.050562
0.072596
0.073435
0.050251
0.049560
0.083616
0.058590
0.050600
0.076893
0.057994
0.055728
0.083853
0.050624
0.051958
0.084813
0.056362
0.044688
0.069462
0.056576
0.057883
0.073172
0.067127
0.121881
0.049110
0.085026
0.052960
0.046293
0.068516
0.053617
0.059007
0.086243
0.059145
0.054652
0.081309
0.091378
0.079148
0.066805
0.063751
0.077485
0.086375
0.056402
0.054338
0.065067
0.049712
0.048925
0.058752
0.051174
0.056547
0.058296
0.091797
0.046288
0.094814
0.092797
0.081256
0.063762
0.084434
0.043088
0.052729
0.046845
0.077255
0.045113
0.049792
0.097838
0.085647
0.084190
0.089645
0.058014
0.060210
0.084038
0.066342
0.044633
0.060259
0.081248
0.080447
0.061340
0.048600
0.076094
0.075881
0.080448
0.129566
0.057231
0.098137
0.047549
0.074570
0.044243
0.047391
0.084660
0.050247
0.046455
0.088052
0.084669
0.067169
0.055837
0.073331
0.082573
0.050120
0.056797
0.069889
0.052565
0.046808
0.051662
0.058267
0.078892
0.052575
0.057576
0.070884
0.045810
0.142355
0.051421
0.063846
0.075082
0.048457
0.059643
0.089146
0.059467
0.053313
0.081625
0.069203
0.050570
0.065308
0.089319
0.060332
0.050091
0.074369
0.098522
0.037812
0.050571
0.056702
0.046321
0.074313
0.081633
0.045669
0.063368
0.072922
0.048867
0.063107
0.085258
0.157064
0.051999
0.073192
0.044825
0.050579
0.080951
0.057960
0.047729
0.054358
0.049115
0.067144
0.074580
0.072381
0.051212
0.082485
0.061841
0.035135
0.051442
0.052540
0.096297
0.069101
0.047652
0.054941
0.051701
0.049126
0.077800
0.076861
0.049055
0.052901
0.060658
0.103544
0.125466
0.062811
0.049367
0.055527
0.060035
0.049147
0.070233
0.056439
0.056178
0.077457
0.047292
0.061192
0.075742
0.044747
0.051999
0.076126
0.045083
0.074789
0.095135
0.058568
0.057701
0.059867
0.072694
0.053609
0.052531
0.075160
0.064073
0.052792
0.072879
0.065808
0.091073
0.112056
0.064480
0.055092
0.079746
0.092318
0.077189
0.069542
0.050882
0.085687
0.072188
0.045520
0.046838
0.056126
0.050601
0.064405
0.087587
0.045546
0.047773
0.064405
0.052227
0.065244
0.045838
0.053906
0.066863
0.046875
0.054276
0.074151
0.046219
0.062556
0.150338
0.051659
0.091796
0.061831
0.085607
0.057476
0.057717
0.054816
0.059244
0.074350
0.069943
0.045489
0.064245
0.068148
0.047190
0.064712
0.073102
0.056790
0.073587
0.049935
0.041063
0.059399
0.058676
0.058118
0.065698
0.048177
0.062823
0.070224
0.063066
0.045687
0.070318
0.181126
0.056065
0.058588
0.086950
0.053589
0.058760
0.079019
0.057178
0.055887
0.068542
0.067500
0.048232
0.080264
0.068781
0.077780
0.049378
0.050375
0.048758
0.071151
0.078569
0.045483
0.046716
0.076620
0.052238
0.057073
0.087183
0.076592
0.066745
0.052329
0.074578
0.181428
0.060260
0.052934
0.079523
0.060500
0.053668
0.078412
0.060616
0.048692
0.058381
0.072974
0.065366
0.073999
0.044288
0.076630
0.066757
0.092488
0.049942
0.086343
0.067879
0.047525
0.051282
0.076353
0.075860
0.059442
0.074680
0.048946
0.047827
0.069732
0.071893
0.083597
0.116611
0.067936
0.056180
0.086743
0.084873
0.099178
0.052516
0.058319
0.063477
0.057885
0.043590
0.077593
0.068061
0.052357
0.082269
0.082091
0.070053
0.056851
0.048426
0.082380
0.057191
0.055227
0.087758
0.080140
0.060202
0.046571
0.051332
0.070158
0.051042
0.105374
0.134688
0.058069
0.050734
0.084750
0.054152
0.039025
0.048344
0.063194
0.046865
0.046684
0.079296
0.059249
0.044092
0.083633
0.050676
0.052561
0.064731
0.055279
0.046027
0.051910
0.045053
0.069402
0.050062
0.048797
0.082942
0.048142
0.062286
0.080774
0.041900
0.049773
0.080051
0.114667
0.085823
0.097048
0.072301
0.046508
0.056522
0.066580
0.048606
0.069604
0.054783
0.054339
0.070570
0.063586
0.045563
0.083693
0.064795
0.041555
0.053002
0.048023
0.053224
0.044918
0.056977
0.065424
0.047989
0.050081
0.081515
0.071393
0.046461
0.068995
0.150481
0.048930
0.080426
0.056903
0.042748
0.055944
0.049700
0.070929
0.052194
0.050792
0.074162
0.045735
0.046367
0.096462
0.071954
0.051072
0.058664
0.069952
0.050297
0.048685
0.077621
0.052811
0.061955
0.091234
0.058695
0.056919
0.049998
0.046697
0.060362
0.172883
0.058615
0.056003
0.083512
0.062032
0.044227
0.057557
0.040143
0.078312
0.040535
0.056091
0.066822
0.047719
0.057513
0.084683
0.046748
0.043511
0.067390
0.050039
0.071941
0.083798
0.047890
0.047846
0.079356
0.069627
0.055407
0.058702
0.054722
0.049358
0.085097
0.077967
0.118243
0.047955
0.052355
0.088012
0.070652
0.049383
0.074613
0.082184
0.056862
0.049414
0.069568
0.077234
0.058549
0.071599
0.064527
0.082198
0.044189
0.071103
0.044930
0.046041
0.044630
0.043449
0.053417
0.054858
0.074472
0.067278
0.047093
0.055653
0.053794
0.056020
0.087898
0.087817
0.060262
0.089741
0.063156
0.063733
0.060733
0.050234
0.067500
0.058764
0.053850
0.069888
0.050981
0.058616
0.090176
0.058196
0.046048
0.052708
0.035384
