0.034353
0.070617
0.047457
0.042910
0.086302
0.046061
0.053390
0.039541
0.078484
0.043211
0.053820
0.058708
0.043183
0.059495
0.043795
0.061662
0.059484
0.045935
0.044312
0.050245
0.075516
0.045278
0.053490
0.080875
0.080737
0.050398
0.048830
0.041927
0.039888
0.070826
0.043467
0.043475
0.042401
0.081838
0.064493
0.048009
0.070096
0.066439
0.115262
0.076668
0.043263
0.069354
0.039638
0.052225
0.088393
0.044569
0.050135
0.053794
0.042875
0.070394
0.041677
0.061141
0.064587
0.056688
0.076947
0.058229
0.045945
0.073956
0.045484
0.050220
0.055716
0.043474
0.078452
0.089593
0.077955
0.048974
0.048055
0.070146
0.045004
0.039734
0.111550
0.054292
0.046613
0.076138
0.045949
0.053563
0.068771
0.058110
0.048824
0.073665
0.077992
0.042747
0.053454
0.041179
0.062927
0.056947
0.049544
0.086627
0.097791
0.056633
0.052193
0.076276
0.051391
0.051114
0.072473
0.040916
0.050561
0.080962
0.041169
0.043288
0.170874
0.041858
0.039619
0.058195
0.042748
0.065199
0.054531
0.048101
0.046879
0.044702
0.064973
0.046310
0.046528
0.072423
0.045932
0.044437
0.063425
0.044297
0.065892
0.043431
0.045837
0.062462
0.043112
0.047554
0.085091
0.049215
0.055995
0.066206
0.043285
0.082579
0.075883
0.085880
0.092036
0.049734
0.074457
0.041284
0.056563
0.051217
0.050922
0.080917
0.053896
0.048948
0.076056
0.044115
0.046607
0.083645
0.044151
0.050864
0.058316
0.048413
0.068252
0.047709
0.043111
0.044926
0.047097
0.072762
0.044007
0.058299
0.061658
0.039307
0.040848
0.044898
0.157863
0.042325
0.042023
0.050529
0.057758
0.071564
0.047523
0.048333
0.058096
0.047238
0.049264
0.048165
0.068295
0.088644
0.065231
0.041321
0.038447
0.044259
0.071460
0.046841
0.045838
0.060991
0.042596
0.060519
0.046117
0.044457
0.048093
0.047966
0.059961
0.042442
0.046457
0.049080
0.044741
0.074579
0.092839
0.075090
0.051830
0.078969
0.090750
0.059904
0.041209
0.074335
0.055222
0.046818
0.085102
0.075052
0.056382
0.057261
0.076318
0.053306
0.047388
0.079012
0.042829
0.047280
0.060115
0.039379
0.051788
0.051805
0.074704
0.046298
0.047089
0.079329
0.058706
0.047361
0.077782
0.062030
0.128206
0.053415
0.051925
0.080891
0.048922
0.048403
0.079114
0.054562
0.053103
0.084137
0.055291
0.039660
0.067490
0.048512
0.051944
0.087424
0.048238
0.053988
0.066617
0.047621
0.068995
0.065503
0.045194
0.067621
0.046304
0.043419
0.057363
0.047798
0.075593
0.091553
0.094004
0.096356
0.061018
0.045161
0.052124
0.042561
0.069476
0.037111
0.065792
0.066211
0.049261
0.045114
0.044054
0.054060
0.093641
0.046722
0.045595
0.050490
0.047206
0.076595
0.066757
0.043748
0.045389
0.076528
0.046830
0.080229
0.046762
0.043579
0.060049
0.053981
0.061849
0.061276
0.195918
0.035354
0.072333
0.045351
0.054072
0.048136
0.049853
0.050798
0.047606
0.080317
0.050057
0.051633
0.079449
0.045868
0.052596
0.081279
0.081169
0.046494
0.057026
0.070065
0.081237
0.046462
0.055153
0.069085
0.044019
0.073960
0.082122
0.061532
0.036563
0.043063
0.046189
0.065830
0.102772
0.051649
0.057513
0.054331
0.078871
0.042060
0.046386
0.074663
0.051105
0.048899
0.080656
0.065560
0.046505
0.062697
0.066701
0.050926
0.075291
0.044056
0.050016
0.091277
0.083275
0.046904
0.042995
0.044089
0.045815
0.053532
0.048902
0.053944
0.049428
0.064183
0.065665
0.121532
0.088707
0.071344
0.042889
0.065527
0.052215
0.043490
0.059640
0.056755
0.066270
0.075111
0.064317
0.038959
0.044108
0.042462
0.049183
0.050772
0.073170
0.058836
0.048497
0.077959
0.063062
0.040894
0.041829
0.045799
0.058419
0.050795
0.049295
0.055399
0.055511
0.075733
0.072814
0.043889
0.121200
0.043007
0.049452
0.044314
0.071452
0.058481
0.046799
0.058820
0.053210
0.059762
0.075526
0.041628
0.043519
0.040962
0.103806
0.056744
0.062044
0.044011
0.048688
0.056601
0.073452
0.071338
0.052408
0.053306
0.066892
0.056160
0.050437
0.088636
0.053150
0.042056
0.057296
0.051444
0.049531
0.094428
0.046803
0.066177
0.043605
0.070026
0.084357
0.044770
0.062977
0.073109
0.060770
0.051744
0.074425
0.046465
0.047150
0.076447
0.046953
0.040529
0.060833
0.038216
0.041041
0.045662
0.067941
0.041012
0.063874
0.049273
0.059683
0.072715
0.051063
0.051679
0.053401
0.052639
0.063712
0.060878
0.126706
0.094440
0.049387
0.050874
0.074791
0.054431
0.058999
0.068589
0.044837
0.065051
0.062639
0.050350
0.050968
0.067731
0.041027
0.044530
0.055958
0.049639
0.055474
0.072363
0.046040
0.055793
0.076002
0.043583
0.061415
0.053633
0.059394
0.055650
0.046596
0.075036
0.066013
0.110440
0.090686
0.047832
0.039947
0.089868
0.051011
0.051173
0.085023
0.074094
0.047532
0.065953
0.076245
0.069696
0.042603
0.062112
0.045108
0.074006
0.103867
0.046982
0.043881
0.067924
0.046386
0.042598
0.066945
0.050542
0.044890
0.050658
0.084840
0.082018
0.082417
0.042960
0.048424
0.161219
0.053562
0.081539
0.071317
0.071216
0.058657
0.046078
0.050752
0.057055
0.071898
0.074996
0.050532
0.044906
0.053968
0.041170
0.067928
0.083276
0.056509
0.049346
0.073204
0.063173
0.054467
0.082638
0.053738
0.046799
0.060788
0.082392
0.082465
0.049563
0.083237
0.036317
0.047825
0.114894
0.043677
0.064629
0.067363
0.048474
0.076536
0.055743
0.052164
0.078167
0.072546
0.051344
0.050160
0.072133
0.043092
0.060564
0.069911
0.050897
0.067449
0.065365
0.048859
0.065856
0.081284
0.048157
0.061597
0.042421
0.044622
0.059784
0.041294
0.054327
0.046622
0.070507
0.156381
0.046211
0.080758
0.055442
0.045189
0.091533
0.054315
0.047436
0.044699
0.045624
0.069228
0.063719
0.042077
0.054264
0.038051
0.079310
0.077839
0.069354
0.060937
0.083413
0.072704
0.052178
0.066745
0.070829
0.082742
0.056624
0.052970
0.071932
0.062566
0.043028
0.056815
0.044652
0.046484
0.161382
0.062170
0.058870
0.053668
0.052086
0.054041
0.069346
0.080769
0.045295
0.050612
0.072652
0.082666
0.042865
0.046206
0.052660
0.065111
0.048582
0.063102
0.061802
0.064673
0.051209
0.057063
0.067092
0.050715
0.069214
0.039472
0.051003
0.044057
0.042239
0.085976
0.048886
0.075929
0.046842
0.177244
0.061943
0.051193
0.066173
0.060479
0.054605
0.063299
0.074742
0.042125
0.072325
0.068800
0.043418
0.078308
0.041428
0.040605
0.044897
0.047832
0.062742
0.042337
0.036532
0.040573
0.044899
0.046011
0.039707
0.040684
0.041424
0.041915
0.037021
0.034032
0.038129
0.040763
0.040759
0.082542
0.096740
0.055229
0.064840
0.071284
0.033884
0.082568
0.157412
0.096523
0.043354
0.090423
0.070441
0.079696
0.079365
0.044462
0.081368
0.080651
0.031732
0.038743
0.086891
0.094955
0.071253
0.045457
0.041772
0.076172
0.041221
0.038735
0.035749
0.035488
0.033359
0.044503
0.051036
0.056051
0.077618
0.103526
0.040484
0.147762
0.099256
0.108301
0.106806
0.110978
0.189185
0.117769
0.108168
0.068687
0.033183
0.033126
0.033954
0.077586
0.043055
0.064633
0.043134
0.045492
0.075346
0.053896
0.060338
0.082569
0.042955
0.042947
0.055155
0.051991
0.048341
0.050772
0.060514
0.068853
0.048034
0.064379
0.078071
0.077734
0.134264
0.039997
0.040787
0.072534
0.044565
0.062392
0.067201
0.056926
0.070490
0.072999
0.045507
0.049755
0.044301
0.051574
0.075849
0.045133
0.055005
0.058311
0.046092
0.082788
0.056279
0.049900
0.074101
0.057986
0.042930
0.076153
0.041111
0.043503
0.042258
0.049563
0.069870
0.046332
0.089673
0.056367
0.046726
0.070217
0.053039
0.049701
0.078361
0.053691
0.051557
0.063280
0.041666
0.068765
0.045473
0.048126
0.053136
0.054032
0.047324
0.084030
0.051620
0.055533
0.049626
0.053935
0.082710
0.077182
0.071039
0.047918
0.072736
0.059194
0.046301
0.055101
0.115160
0.049080
0.087089
0.054897
0.047236
0.078357
0.061218
0.041570
0.073186
0.076031
0.048033
0.077951
0.064440
0.046155
0.059536
0.075168
0.070946
0.048084
0.061594
0.073796
0.050379
0.076134
0.047490
0.053958
0.077082
0.077236
0.042490
0.059519
0.044059
0.055213
0.088165
0.052868
0.088080
0.135620
0.039682
0.043762
0.071290
0.037869
0.058924
0.089771
0.040102
0.040802
0.038586
0.067255
0.040220
0.065355
0.055317
0.046769
0.072695
0.044775
0.049690
0.050275
0.044904
0.081468
0.054555
0.051308
0.078017
0.067953
0.052561
0.067409
0.073964
0.056439
0.049930
0.060204
0.047101
0.175494
0.081884
0.062306
0.058206
0.075673
0.044282
0.046776
0.061345
0.056480
0.073153
0.050945
0.056505
0.084406
0.065774
0.045329
0.064353
0.064086
0.048097
0.075882
0.056358
0.050502
0.063469
0.044055
0.054526
0.064145
0.041016
0.044043
0.039645
0.070841
0.048814
0.043824
0.089462
0.070587
0.067202
0.066335
0.045725
0.049098
0.072963
0.049443
0.051144
0.089964
0.068254
0.045332
0.080197
0.080983
0.046753
0.043077
0.038856
0.046576
0.079971
0.037763
0.042560
0.048402
0.050092
0.077109
0.054009
0.053024
0.053893
0.045746
0.050741
0.210092
0.051682
0.057709
0.057938
0.043767
0.057544
0.086651
0.090273
0.052725
0.052814
0.072930
0.036152
0.035986
0.045486
0.072462
0.041760
0.069971
0.087561
0.058166
0.049094
0.061199
0.040709
0.070022
0.082880
0.059987
0.044557
0.088561
0.053891
0.045265
0.075561
0.097197
0.053916
0.065820
0.049462
0.071620
0.074194
0.043488
0.048271
0.070857
0.081760
0.044672
0.049890
0.088304
0.048015
0.074343
0.069895
0.044387
0.045066
0.045170
0.066871
0.057706
0.047285
0.072420
0.040901
0.061370
0.044264
0.043596
0.046580
0.049615
0.077245
0.046490
0.055755
0.169894
0.051580
0.049936
0.050864
0.051203
0.071927
0.079074
