0.043391
0.120586
0.076514
0.038819
0.137398
0.042962
0.082201
0.185189
0.037411
0.079026
0.081363
0.041878
0.063018
0.039755
0.049656
0.038048
0.041051
0.035595
0.052225
0.035395
0.038935
0.126961
0.191983
0.095556
0.034984
0.035679
0.037782
0.036000
0.037566
0.036062
0.064302
0.033245
0.071694
0.045897
0.039422
0.042885
0.042815
0.046224
0.048394
0.047569
0.036443
0.051897
0.086934
0.045931
0.101354
0.054746
0.071251
0.043117
0.077286
0.072849
0.044972
0.063376
0.036882
0.048116
0.032764
0.073720
0.038053
0.053243
0.067964
0.041319
0.035822
0.061574
0.065202
0.036383
0.042784
0.040502
0.046490
0.058402
0.052643
0.043920
0.041639
0.050357
0.069374
0.045551
0.042059
0.038121
0.044915
0.046214
0.052818
0.038614
0.094836
0.109534
0.079767
0.044675
0.057951
0.044664
0.040889
0.059709
0.044274
0.057604
0.045076
0.079599
0.068510
0.049563
0.081187
0.036370
0.071440
0.071660
0.046342
0.070712
0.056155
0.057157
0.073018
0.047458
0.056139
0.073745
0.043464
0.046504
0.046034
0.062202
0.041810
0.049996
0.087358
0.059798
0.115485
0.044673
0.074200
0.054383
0.047743
0.051081
0.048327
0.058480
0.046406
0.055686
0.059450
0.072499
0.061267
0.045732
0.071740
0.064784
0.040587
0.088456
0.052397
0.058414
0.061374
0.040550
0.061777
0.050017
0.067344
0.057118
0.036108
0.056016
0.059324
0.079725
0.045923
0.061603
0.056121
0.122927
0.111129
0.054067
0.049126
0.067271
0.038884
0.078748
0.050136
0.045877
0.056901
0.058968
0.078361
0.034656
0.055401
0.058957
0.044712
0.048641
0.044808
0.058856
0.047925
0.064088
0.038130
0.065542
0.045780
0.065128
0.035853
0.055299
0.071356
0.040732
0.040983
0.047736
0.058210
0.038537
0.076876
0.059928
0.045095
0.073402
0.045395
0.124839
0.045074
0.060205
0.047423
0.038802
0.055002
0.064180
0.035538
0.079706
0.044352
0.045573
0.066557
0.049428
0.070510
0.037366
0.067019
0.060388
0.052430
0.086005
0.080094
0.040053
0.068322
0.043953
0.049196
0.043487
0.077763
0.063516
0.039036
0.077156
0.050151
0.036315
0.046014
0.078566
0.040238
0.044955
0.108249
0.037942
0.050580
0.050485
0.071440
0.036221
0.080871
0.076574
0.048127
0.063330
0.039779
0.060488
0.057707
0.045622
0.061518
0.040040
0.076611
0.047271
0.041012
0.053601
0.056056
0.045432
0.048168
0.060852
0.044151
0.048090
0.047733
0.070293
0.046255
0.073380
0.065801
0.036924
0.053935
0.043691
0.054414
0.101846
0.094975
0.050241
0.047729
0.039845
0.064071
0.043911
0.058740
0.050392
0.051761
0.039344
0.072441
0.069781
0.038888
0.073838
0.050481
0.060570
0.062500
0.043627
0.067182
0.040825
0.042326
0.045038
0.076378
0.053048
0.046149
0.047475
0.051086
0.041223
0.064735
0.065427
0.043271
0.061905
0.052896
0.061266
0.037405
0.063897
0.091566
0.051928
0.071938
0.046358
0.045044
0.062089
0.041907
0.058721
0.049331
0.071006
0.038029
0.071185
0.057817
0.036402
0.045672
0.038949
0.043690
0.072417
0.063722
0.047205
0.073896
0.053079
0.046735
0.088327
0.058926
0.051237
0.049288
0.042205
0.037101
0.057724
0.056603
0.045569
0.077652
0.037194
0.058547
0.043635
0.126313
0.042598
0.076633
0.053895
0.065354
0.058850
0.041070
0.081244
0.043381
0.051193
0.044462
0.070395
0.076278
0.031830
0.067039
0.046402
0.060242
0.035218
0.060381
0.068264
0.043742
0.074891
0.043750
0.063211
0.040296
0.068641
0.075088
0.046908
0.066228
0.053474
0.046088
0.076134
0.040832
0.063595
0.059900
0.042557
0.108226
0.092947
0.058407
0.058514
0.080745
0.049208
0.049967
0.097362
0.077859
0.041201
0.047125
0.061426
0.047933
0.071763
0.069503
0.045393
0.046882
0.048553
0.051165
0.048881
0.044173
0.053957
0.042668
0.036869
0.064427
0.038962
0.053572
0.048121
0.053157
0.047253
0.046380
0.115282
0.049901
0.077685
0.081025
0.057236
0.068221
0.031144
0.052363
0.083904
0.060457
0.046492
0.039947
0.045004
0.036091
0.047279
0.065853
0.086901
0.042466
0.062580
0.054167
0.054996
0.037806
0.072153
0.045644
0.049823
0.047587
0.048471
0.086915
0.052843
0.064238
0.060626
0.053711
0.055363
0.073573
0.042041
0.047272
0.046595
0.060237
0.049942
0.055040
0.040549
0.063797
0.058336
0.056480
0.047638
0.055220
0.063588
0.045642
0.057717
0.031372
0.053280
0.043905
0.063794
0.042314
0.070653
0.038028
0.070294
0.056533
0.045212
0.060957
0.053144
0.073688
0.038977
0.057151
0.041815
0.058016
0.049178
0.044535
0.084543
0.062382
0.094590
0.049309
0.085595
0.085325
0.076676
0.059627
0.059930
0.042482
0.055535
0.042812
0.054587
0.083963
0.052110
0.057534
0.075025
0.038254
0.057428
0.086556
0.051699
0.045094
0.047174
0.075483
0.073344
0.039327
0.082996
0.050846
0.050804
0.040968
0.066032
0.066884
0.058140
0.059164
0.070293
0.059533
0.081642
0.080120
0.047297
0.072012
0.049554
0.057199
0.045459
0.068828
0.068862
0.045213
0.076209
0.043436
0.066504
0.081345
0.070245
0.040128
0.072098
0.045414
0.056087
0.047865
0.044771
0.041196
0.073153
0.078831
0.035791
0.046591
0.047977
0.072549
0.037679
0.072617
0.052468
0.058869
0.073964
0.040745
0.051855
0.044603
0.044755
0.070796
0.103141
0.041132
0.081188
0.042121
0.057851
0.041906
0.063974
0.076064
0.038607
0.074204
0.079719
0.045780
0.067497
0.045806
0.051043
0.058753
0.038813
0.082737
0.041594
0.051782
0.051023
0.049989
0.083242
0.050258
0.039375
0.052796
0.059631
0.054977
0.041030
0.079743
0.042923
0.044588
0.048845
0.057628
0.042623
0.138392
0.045626
0.077916
0.077096
0.038189
0.078632
0.052092
0.045309
0.071894
0.041246
0.069214
0.071152
0.045343
0.078659
0.080144
0.053675
0.042636
0.041969
0.048256
0.045194
0.087110
0.035970
0.050007
0.078590
0.041883
0.058608
0.045120
0.034899
0.094303
0.052293
0.068531
0.071721
0.043680
0.102197
0.078610
0.164125
0.045961
0.058499
0.036468
0.066522
0.043047
0.068094
0.059726
0.049767
0.079028
0.039455
0.062884
0.052399
0.043701
0.084236
0.041882
0.048592
0.038746
0.073829
0.061164
0.057782
0.037762
0.050824
0.072298
0.042132
0.042423
0.049335
0.064041
0.037076
0.048048
0.059005
0.047078
0.102679
0.039814
0.053169
0.073302
0.049305
0.078140
0.048470
0.062130
0.037547
0.074649
0.077941
0.038572
0.057204
0.075962
0.038027
0.060251
0.044262
0.058777
0.036907
0.082439
0.076787
0.059377
0.049570
0.070249
0.037368
0.057706
0.033447
0.058285
0.055272
0.065369
0.091069
0.047487
0.066476
0.048866
0.048550
0.043675
0.057861
0.041500
0.033418
0.108088
0.107855
0.045410
0.048561
0.040568
0.051062
0.042710
0.037532
0.053962
0.055074
0.035611
0.061409
0.052769
0.052010
0.040063
0.055795
0.104640
0.068847
0.038123
0.072724
0.090164
0.039763
0.067321
0.068515
0.041833
0.091496
0.089489
0.074563
0.045620
0.089287
0.055084
0.049263
0.086191
0.095250
0.082616
0.047608
0.096653
0.062195
0.043038
0.069090
0.041218
0.037565
0.047367
0.043715
0.036813
0.048077
0.041065
0.046644
0.044776
0.035041
0.135256
0.108076
0.107656
0.117126
0.091076
0.051317
0.055693
0.064131
0.043398
0.065424
0.042134
0.086135
0.047362
0.048787
0.057764
0.037750
0.089786
0.052622
0.055658
0.068722
0.050848
0.142506
0.045828
0.056610
0.044330
0.048711
0.049724
0.064886
0.077834
0.073469
0.048212
0.057040
0.037465
0.073085
0.050132
0.058722
0.035938
0.059212
0.050632
0.043053
0.064651
0.039124
0.044267
0.049219
0.087644
0.053900
0.039012
0.075987
0.048603
0.046038
0.034343
0.089574
0.050957
0.109993
0.043879
0.055781
0.053266
0.054428
0.049369
0.065548
0.057683
0.052816
0.081572
0.061501
0.048403
0.041093
0.047157
0.045449
0.068745
0.041670
0.056938
0.050487
0.102541
0.068565
0.064895
0.053584
0.070609
0.046868
0.059927
0.042827
0.058799
0.083466
0.043062
0.054041
0.067694
0.047830
0.056994
0.114116
0.094452
0.044374
0.051655
0.047132
0.068465
0.038507
0.062902
0.073640
0.036610
0.060656
0.043026
0.063006
0.054460
0.046667
0.049860
0.051089
0.076019
0.040943
0.071609
0.074337
0.049807
0.066181
0.054524
0.064398
0.079383
0.069648
0.039722
0.059086
0.046702
0.044543
0.047364
0.090884
0.039078
0.052355
0.073525
0.050591
0.144690
0.039546
0.067024
0.043883
0.060684
0.047402
0.053141
0.065160
0.049549
0.065819
0.036658
0.045108
0.040486
0.081127
0.043651
0.052452
0.053236
0.053453
0.060034
0.044612
0.061907
0.031658
0.054648
0.041202
0.072825
0.037204
0.072792
0.054316
0.050016
0.066828
0.037721
0.051495
0.049381
0.042509
0.046036
0.078049
0.116408
0.079351
0.044249
0.055220
0.052006
0.042048
0.075251
0.080110
0.054619
0.065304
0.054593
0.049621
0.071204
0.038024
0.058973
0.042166
0.064030
0.048236
0.061178
0.071865
0.040704
0.055403
0.042766
0.061645
0.051620
0.060517
0.036992
0.066237
0.062734
0.040004
0.076145
0.039149
0.053066
0.077816
0.100725
0.049152
0.080682
0.069870
0.040947
0.079051
0.044060
0.036193
0.047565
0.045233
0.033895
0.079603
0.049003
0.048671
0.034304
0.055762
0.034649
0.064682
0.040568
0.048695
0.047916
0.058937
0.063829
0.051777
0.067719
0.053583
0.052371
0.036587
0.069328
0.066017
0.034840
0.067538
0.047187
0.053870
0.035490
0.071009
0.090699
0.091062
0.044208
0.079190
0.076566
0.048937
0.046122
0.052923
0.049091
0.068251
0.046473
0.064535
0.046166
0.054640
0.067220
0.050620
0.042116
0.050120
0.064389
0.042741
0.057463
0.048959
0.073222
0.085432
0.046371
0.059562
0.056523
0.050601
0.071559
0.082765
0.048606
0.045250
0.049082
0.058682
0.108443
0.081044
0.052021
0.063718
0.039904
0.076236
0.080845
0.057338
0.064359
0.073456
0.074831
0.049247
0.071365
0.070324
0.036332
0.081723
0.065425
0.040001
0.054887
0.047884
0.060246
0.041832
0.065915
0.034905
0.066764
0.051143
0.051162
0.035579
0.067999
0.067122
0.039680
0.080575
0.078344
0.112381
0.042529
0.053485
0.075667
0.040816
0.063407
0.080072
0.046820
0.068055
0.040981
0.055871
0.058914
0.045410
0.069732
0.036017
0.072666
0.047097
0.053437
0.048834
0.053340
0.087334
0.036192
0.057430
0.051284
0.060797
0.036714
0.052988
0.058304
0.057165
0.062121
0.075769
0.051739
0.068965
0.057318
0.046017
0.173706
0.053605
0.061461
0.064428
0.053005
0.081458
0.051074
0.048391
0.063540
0.034913
0.084300
0.048122
0.052285
0.045256
0.051181
0.057830
0.046885
0.045473
0.048013
0.063823
0.040239
0.087642
0.060044
0.048964
0.049754
0.052763
0.054208
0.066246
0.041704
0.061925
0.049011
0.050883
0.082656
0.044607
0.042471
0.085835
0.128047
0.049407
0.056772
0.044725
0.038038
0.065434
0.048375
0.036883
0.048331
0.053115
0.043770
0.076377
0.041213
0.042595
0.035506
0.072534
0.035872
0.049787
0.057125
0.067661
0.048447
0.059608
0.055390
0.047745
0.057011
0.063267
0.075488
0.052327
0.056104
0.074066
0.056521
0.047982
0.068373
0.044947
0.045508
0.104904
0.102773
0.045167
0.064138
0.055506
0.049319
0.086586
0.084677
0.051215
0.054181
0.054271
0.044637
0.077480
0.063391
0.044587
0.036676
0.065638
0.073226
0.042929
0.039918
0.055937
0.071541
0.057332
0.050897
0.061273
0.051247
0.056727
0.058433
0.059472
0.089983
0.069156
0.048886
0.087442
0.081418
0.106457
0.080046
0.055150
0.058354
0.066600
0.042848
0.058270
0.051419
0.045010
0.088303
0.055327
0.071530
0.067930
0.050359
0.066248
0.038700
0.072287
0.070471
0.046522
0.047512
0.056458
0.059793
0.069029
0.050952
0.067078
0.047209
0.051823
0.047828
0.051095
0.041871
0.063291
0.091456
0.089743
0.116698
0.059350
0.069065
0.050880
0.073856
0.052197
0.074533
0.063319
0.058134
0.072272
0.042786
0.067603
0.073215
0.035809
0.073214
0.055274
0.041696
0.055553
0.042430
0.064370
0.044148
0.030516
0.062104
0.059397
0.046057
0.070983
0.045711
0.037843
0.033300
0.065736
0.037675
0.036761
0.048225
0.041400
0.107734
0.052150
0.059483
0.049694
0.039915
0.039555
0.072332
0.056767
0.047954
0.042604
0.040540
0.054515
0.044137
0.095739
0.039309
0.147083
0.100260
0.048189
0.049551
0.080057
0.078810
0.054984
0.052239
0.089637
0.071072
0.062910
0.069612
0.091698
0.085462
0.083106
0.090254
0.044829
0.096230
0.061842
0.034620
0.085852
0.067589
0.063243
0.049652
0.057312
0.049815
0.074847
0.106810
0.110677
0.123726
0.087066
0.049497
0.040325
0.060740
0.053713
0.057486
0.042289
0.045352
0.060207
0.077261
0.055731
0.046727
0.043780
0.084609
0.040907
0.054917
0.073152
0.065762
0.050881
0.047037
0.058178
0.063010
0.047148
0.042134
0.096863
0.116033
0.059776
0.055413
0.067924
0.047958
0.069748
0.052073
