2.277887
0.036348
0.038167
0.039520
0.038974
0.038831
0.039325
0.039413
0.038427
0.038149
0.038960
0.037396
0.039684
0.039493
0.038279
0.039269
0.038564
0.040066
0.038703
0.038523
0.041873
0.036638
0.037784
0.038699
0.036692
0.037554
0.037444
0.037239
0.036930
0.035821
0.037451
0.035868
0.037544
0.037455
0.037682
0.037020
0.035729
0.037875
0.038138
0.037396
0.043644
0.037859
0.038629
0.038196
0.037826
0.039104
0.037901
0.037759
0.038050
0.038616
0.038595
0.038202
0.037108
0.037574
0.037431
0.038062
0.037833
0.037506
0.038014
0.037803
0.042966
0.036411
0.037264
0.037853
0.039253
0.037189
0.037625
0.038316
0.037173
0.037466
0.036539
0.037173
0.037167
0.037193
0.037427
0.037328
0.036818
0.036551
0.037125
0.037202
0.042292
0.036902
0.037618
0.037517
0.036532
0.036611
0.037161
0.037166
0.036854
0.037369
0.036445
0.036418
0.035593
0.038433
0.035779
0.036418
0.036755
0.036397
0.036534
0.036373
0.041060
0.036679
0.036842
0.036005
0.035378
0.036233
0.036394
0.041930
0.041913
0.038985
0.048379
0.040263
0.039436
0.040343
0.039781
0.039247
0.039366
0.039930
0.039562
0.039721
0.045051
0.039658
0.041129
0.038451
0.039048
0.038557
0.039193
0.040661
0.040399
0.040915
0.040416
0.042114
0.041044
0.044784
0.041649
0.040137
0.041436
0.040674
0.041305
0.040795
0.046334
0.041019
0.040543
0.040967
0.040747
0.041747
0.040595
0.041365
0.040243
0.040775
0.040926
0.041463
0.040821
0.041362
0.040579
0.041338
0.040704
0.041159
0.041055
0.041146
0.046028
0.041130
0.041237
0.039868
0.040234
0.041043
0.040696
0.040067
0.040166
0.039997
0.041097
0.040669
0.041538
0.040840
0.041678
0.040453
0.041243
0.040524
0.041571
0.040978
0.047159
0.041476
0.040133
0.040807
0.040177
0.041229
0.040494
0.041183
0.040570
0.040944
0.040140
0.041255
0.040853
0.040906
0.039693
0.041004
0.040491
0.041168
0.040990
0.040736
0.045642
0.040718
0.040876
0.040501
0.041234
0.040737
0.040876
0.040898
0.040905
0.040439
0.041281
0.040123
0.040499
0.040951
0.040093
0.039949
0.040667
0.040557
0.043372
0.039434
0.044968
0.040655
0.039813
0.040166
0.040592
0.040865
0.040201
0.040346
0.040502
0.041222
0.040262
0.041204
0.040161
0.041148
0.040452
0.040982
0.040628
0.039882
0.040565
0.040428
0.046629
0.041399
0.040998
0.041184
0.040250
0.040180
0.039931
0.039624
0.040514
0.039119
0.039297
0.039220
0.037587
0.036389
0.035819
0.036163
0.036093
0.043444
0.178851
0.039907
0.044199
0.039889
0.039251
0.039643
0.038684
0.037417
0.040502
0.038359
0.038198
0.038922
0.038369
0.037682
0.039194
0.038994
0.037801
0.038857
0.037941
0.037738
0.039554
0.039726
0.044415
0.040396
0.038819
0.039020
0.037235
0.037965
0.048325
0.043686
0.046859
0.057613
0.039146
0.043006
0.038944
0.039003
0.040200
0.040113
0.039092
0.040494
0.039238
0.038529
0.044692
0.039869
0.040997
0.039309
0.039742
0.039801
0.039084
0.039814
0.039792
0.040208
0.039903
0.041211
0.041667
0.041987
0.045378
0.042546
0.043077
0.041767
0.042058
0.043281
0.053018
0.042444
0.041986
0.042348
0.041281
0.040913
0.042880
0.042160
0.042698
0.042279
0.042350
0.041670
0.042101
0.042832
0.042250
0.043196
0.042662
0.042353
0.042831
0.042058
0.047289
0.042613
0.042946
0.042039
0.042951
0.042141
0.041413
0.042177
0.041486
0.041532
0.042506
0.041122
0.042094
0.041955
0.042029
0.041312
0.042504
0.041545
0.041467
0.043172
0.047613
0.041714
0.042429
0.041853
0.041978
0.043042
0.041772
0.042672
0.042277
0.042052
0.042723
0.041507
0.042544
0.042072
0.042640
0.042340
0.042243
0.042721
0.042079
0.042270
0.048389
0.042302
0.041183
0.042142
0.041364
0.041468
0.040992
0.048291
0.042505
0.042133
0.042052
0.044640
0.042743
0.043213
0.043440
0.042799
0.042408
0.042780
0.045500
0.042864
0.048735
0.042214
0.043383
0.043041
0.043212
0.043637
0.042793
0.043151
0.047932
0.042516
0.042691
0.042248
0.042430
0.041703
0.042890
0.042564
0.042437
0.042965
0.042311
0.042013
0.048119
0.042586
0.042520
0.042794
0.042712
0.042294
0.042674
0.040260
0.040232
0.040116
0.039961
0.040715
0.039657
0.040350
0.047757
0.038770
0.041596
0.040287
0.040401
0.040179
0.043929
0.040074
0.038252
0.038871
0.038727
0.038614
0.039470
0.039032
0.038460
0.039167
0.039989
0.038626
0.039081
0.039078
0.038541
0.040754
0.040798
0.040470
0.041669
0.041025
0.047574
0.041801
0.041081
0.041395
0.042042
0.041459
0.042363
0.040235
0.041603
0.041015
0.041841
0.041297
0.041909
0.040750
0.041500
0.040810
0.042535
0.046642
0.042141
0.041496
0.046535
0.041418
0.042947
0.041254
0.041761
0.041491
0.042298
0.041793
0.042774
0.041882
0.040864
0.042234
0.040875
0.042340
0.042091
0.042680
0.041950
0.041943
0.042008
0.041923
0.048418
0.042040
0.041670
0.042007
0.041095
0.041607
0.040943
0.041679
0.043302
0.042779
0.042246
0.042039
0.042060
0.042278
0.041844
0.042814
0.042104
0.042124
0.041060
0.042564
0.047565
0.041687
0.041218
0.041844
0.042010
0.042308
0.041186
0.042125
0.041643
0.041353
0.041983
0.041559
0.042070
0.041530
0.043253
0.041161
0.042067
0.041177
0.042223
0.042833
0.046923
0.042316
0.042595
0.041520
0.042775
0.042194
0.041988
0.042482
0.041282
0.042134
0.041226
0.042310
0.041631
0.041595
0.043168
0.040994
0.041750
0.041092
0.042298
0.042084
0.048231
0.041943
0.042649
0.040782
0.042036
0.041330
0.042220
0.042025
0.042740
0.041686
0.041519
0.041845
0.040951
0.041330
0.039212
0.039941
0.041852
0.039608
0.038977
0.039374
0.044715
0.040482
0.045949
0.073499
0.041523
0.040845
0.041344
0.039510
0.040089
0.039425
0.038293
0.039029
0.038968
0.038957
0.040286
0.039042
0.038269
0.039490
0.039636
0.038346
0.045634
0.039022
0.039446
0.038646
0.042583
0.038554
0.038335
0.037603
0.038094
0.038013
0.038175
0.038871
0.038339
0.128868
0.039549
0.040101
0.039266
0.039967
0.038279
0.038153
0.043905
0.038429
0.038524
0.037879
0.037955
0.038541
0.038672
0.037718
0.037996
0.038637
0.038028
0.038188
0.038192
0.039471
0.040319
0.039879
0.039542
0.040432
0.040052
0.040633
0.045388
0.040605
0.039552
0.040503
0.039858
0.040260
0.039920
0.038800
0.040210
0.040224
0.040837
0.040972
0.040317
0.040603
0.040682
0.041040
0.040313
0.040882
0.039747
0.040310
0.047081
0.055452
0.046973
0.047912
0.047122
0.047006
0.046945
0.046744
0.048988
0.042240
0.042167
0.041999
0.042908
0.042353
0.042951
0.041665
0.041861
0.041543
0.041634
0.042494
0.048332
0.042986
0.043236
0.044080
0.042683
0.043119
0.043572
0.041062
0.042242
0.041253
0.041548
0.041475
0.041602
0.042739
0.042475
0.042991
0.041724
0.041958
0.042176
0.042031
0.048450
0.041025
0.041517
0.042640
0.041859
0.042143
0.042816
0.042047
0.042909
0.041901
0.042725
0.042092
0.041629
0.042526
0.042344
0.041989
0.042434
0.042480
0.042477
0.042076
0.048096
0.042142
0.042885
0.041605
0.042514
0.042658
0.041399
0.042594
0.042665
0.043614
0.042818
0.042679
0.042710
0.042123
0.042225
0.041744
0.041675
0.042588
0.042669
0.043011
0.047949
0.042110
0.041733
0.042094
0.041669
0.042406
0.041986
0.041978
0.042307
0.041514
0.041855
0.040214
0.039663
0.040392
0.039007
0.039629
0.039053
0.039618
0.040395
0.173043
0.047664
0.039469
0.039336
0.040000
0.042007
0.039157
0.039381
0.038440
0.038099
0.038601
0.040389
0.038536
0.039013
0.039106
0.038746
0.038089
0.038432
0.037997
0.038712
0.039760
0.045456
0.039796
0.041011
0.040859
0.043845
0.040518
0.040645
0.040035
0.040874
0.042434
0.042389
0.041292
0.041339
0.041079
0.041518
0.041458
0.041157
0.040330
0.041342
0.040982
0.047008
0.040935
0.040440
0.040555
0.041668
0.040047
0.041248
0.041014
0.040856
0.040262
0.041273
0.039742
0.040262
0.040015
0.040989
0.040592
0.041167
0.041258
0.040651
0.041321
0.046499
0.041400
0.042032
0.040978
0.039744
0.039934
0.040373
0.041823
0.040370
0.040860
0.041484
0.040426
0.041524
0.040920
0.041566
0.040264
0.041063
0.039742
0.040616
0.040081
0.046878
0.041417
0.040281
0.040953
0.040762
0.040105
0.041254
0.039763
0.040533
0.039990
0.041758
0.040820
0.041717
0.040478
0.041015
0.040769
0.040984
0.040321
0.041255
0.040401
0.047205
0.040781
0.040206
0.041026
0.041235
0.040885
0.040324
0.041423
0.040255
0.041346
0.040433
0.041816
0.040632
0.041713
0.040816
0.041532
0.040407
0.041703
0.040611
0.041620
0.046313
0.041115
0.041556
0.041085
0.041236
0.040401
0.041088
0.040862
0.042128
0.040745
0.041398
0.040640
0.041352
0.040740
0.042631
0.040723
0.041700
0.040731
0.041503
0.039693
0.046100
0.040209
0.037987
0.039469
0.038829
0.039827
0.039050
0.038995
0.038301
0.084664
0.048054
0.038168
0.042409
0.039140
0.038227
0.039349
0.039155
0.038519
0.039121
0.038072
0.044159
0.038840
0.038943
0.038444
0.038659
0.039236
0.039009
0.038498
0.039291
0.040760
0.037323
0.038960
0.038510
0.037842
0.039428
0.039215
0.038417
0.039183
0.038988
0.038498
0.120864
0.039195
0.068036
0.038902
0.038184
0.038369
0.039382
0.039945
0.038489
0.039247
0.039214
0.038877
0.040770
0.039401
0.039681
0.038823
0.038327
0.038635
0.039740
0.039076
0.044573
0.041522
0.040760
0.041204
0.040774
0.041493
0.040599
0.041557
0.041162
0.041566
0.040700
0.041655
0.041061
0.041381
0.042094
0.040619
0.041140
0.040693
0.041286
0.041040
0.046049
0.041074
0.040251
0.040897
0.040318
0.042882
0.041483
0.040953
0.041125
0.040710
0.041033
0.041509
0.040222
0.041338
0.042637
0.041165
0.042459
0.040740
0.042171
0.040844
0.047172
0.041572
0.040467
0.040800
0.040709
0.041275
0.040544
0.041445
0.041524
0.041827
0.040736
0.041035
0.040593
0.041433
0.040668
0.041380
0.040511
0.041276
0.041111
0.041358
0.046276
0.040980
0.042603
0.041531
0.040698
0.041725
0.040838
0.041796
0.040840
0.041641
0.041692
0.040851
0.041597
0.040846
0.041811
0.040982
0.041904
0.041046
0.041769
0.045647
0.045899
0.040967
0.041582
0.040771
0.041802
0.040886
0.041654
0.040917
0.041627
0.043382
0.041401
0.041203
0.041358
0.040394
0.041940
0.040731
0.041383
0.039997
0.041088
0.039951
0.049349
0.041483
0.040044
0.041043
0.040822
0.041388
0.040967
0.041341
0.040831
0.044744
0.039805
0.040913
0.040564
0.041426
0.041149
0.041481
0.040931
0.041964
0.040527
0.043344
0.045164
0.038846
0.040145
0.037942
0.039272
0.039488
0.038910
0.039581
0.042227
0.066137
0.038676
0.039527
0.039365
0.038603
0.039611
0.039889
0.038768
0.039505
0.041873
0.039656
0.045349
0.039272
0.038992
0.038465
0.038727
0.040220
0.038589
0.040041
0.039872
0.041594
0.041586
0.042438
0.041429
0.042151
0.041247
0.042236
0.057176
0.052185
0.051141
0.049580
0.056338
0.049058
0.048520
0.053708
0.049068
0.047854
0.049127
0.048413
0.049149
0.050238
0.048705
0.048642
0.047639
0.047536
0.048054
0.050839
0.047578
0.047965
0.048286
0.049333
0.045873
0.044995
0.044647
0.043883
0.041833
0.042712
0.044733
0.042449
0.041555
0.050646
0.043928
0.042722
0.044165
0.040816
0.044293
0.040978
0.042879
0.041417
0.042581
0.041823
0.045599
0.041200
0.040905
0.042652
0.041919
0.041862
0.041517
0.042419
0.041068
0.041937
0.043577
0.040129
0.041589
0.042625
0.040820
0.041660
0.042436
0.041091
0.040233
0.041185
0.046353
0.039909
0.042039
0.044081
0.041760
0.042908
0.041846
0.043609
0.041125
0.042215
0.041332
0.040940
0.042234
0.041830
0.040650
0.041995
0.042768
0.041059
0.040700
0.042459
0.045748
0.041505
0.041901
0.041793
0.042781
0.045236
0.041750
0.043058
0.044346
0.041558
0.044998
0.044053
0.044520
0.042258
0.043234
0.041492
0.042590
0.047503
0.042377
0.042904
0.055947
0.053127
0.042974
0.043468
0.040562
0.045866
0.041355
0.043362
0.042404
0.038732
0.047404
0.108761
0.040383
0.040706
0.040258
0.040716
0.040940
0.040678
0.043123
0.039667
0.045726
0.040495
0.040266
0.045473
0.039547
0.040751
0.040042
0.040976
0.039728
0.040698
0.039490
0.039623
0.045078
0.040261
0.039924
0.040803
0.039960
0.040471
0.039907
0.040818
0.044587
0.039962
0.039022
0.038983
0.039247
0.039145
0.080639
0.038748
0.038113
0.038663
0.039944
0.038613
0.039486
0.039722
0.038274
0.039579
0.038561
0.038825
0.040143
0.039828
0.043415
0.039383
0.038264
0.038519
0.039094
0.038651
0.039423
0.040265
0.039091
0.040750
0.039921
0.040631
0.040293
0.040531
0.040948
0.039845
0.041088
0.040049
0.041006
0.040458
0.046558
0.041671
0.040652
0.040839
0.040358
0.040591
0.039891
0.040810
0.039783
0.041265
0.039904
0.040643
0.040908
0.040325
0.040913
0.039785
0.041313
0.041181
0.041657
0.042008
0.046044
0.042361
0.040684
0.040575
0.043659
0.039725
0.039903
0.041508
0.039532
0.043322
0.039237
0.040059
0.039387
0.040631
0.041062
0.040366
0.040730
0.039826
0.040580
0.039938
0.046520
0.042739
0.040467
0.040222
0.039914
0.040617
0.041178
0.040090
0.040982
0.040667
0.041325
0.040259
0.041160
0.040176
0.041034
0.040734
0.041177
0.040594
0.041225
0.040535
0.046682
0.040223
0.040551
0.041103
0.040128
0.040900
0.040448
0.041076
0.040200
0.041440
0.040386
0.041239
0.040015
0.040522
0.040991
0.039090
0.039160
0.038505
0.040012
0.039856
0.046832
0.040491
0.039429
0.041296
0.040342
0.040883
0.039590
0.038666
0.039580
0.038679
0.040351
0.041162
0.040942
0.040034
0.041865
0.040133
0.040571
0.041486
0.040470
0.041401
0.045964
0.044295
0.041151
0.041878
0.041151
0.040837
0.041056
0.041375
0.041112
0.041301
0.040831
0.039757
0.040233
0.039242
0.039047
0.039403
0.039046
0.074359
0.038714
0.048860
0.046024
0.039804
0.039589
0.041113
0.038723
0.039317
0.039904
0.039227
0.039726
0.039755
0.040621
0.039844
0.044320
0.041065
0.039673
0.041862
0.039364
0.041515
0.041682
0.042120
0.047108
0.041564
0.042051
0.041834
0.042089
0.040851
0.041341
0.041197
0.042523
0.041521
0.040525
0.041969
0.041015
0.040956
0.039811
0.041117
0.039262
0.040998
0.041347
0.041632
0.049002
0.042631
0.041754
0.041206
0.040792
0.040909
0.041443
0.040927
0.040562
0.041310
0.041793
0.040256
0.040132
0.040996
0.040176
0.041611
0.042106
0.040287
0.042835
0.041460
0.051231
0.041776
0.042667
0.042559
0.042375
0.041637
0.042701
0.042353
0.041791
0.042983
0.042894
0.042942
0.042586
0.041560
0.041981
0.042524
0.041958
0.042084
0.042124
0.043121
0.049098
0.042502
0.041726
0.042628
0.042249
0.042148
0.043460
0.041687
0.042673
0.041137
0.041656
0.042613
0.041906
0.042191
0.041862
0.042327
0.043130
0.041787
0.041758
0.042844
0.047475
0.042757
0.049659
0.041833
0.042012
0.042556
0.042275
0.041841
0.042846
0.041981
0.042817
0.043504
0.040316
0.042199
0.040785
0.042391
0.042518
0.042089
0.042787
0.040601
0.048248
0.041746
0.042419
0.042559
0.041197
0.042224
0.042596
0.041751
0.042148
0.041885
0.042802
0.043434
0.041790
0.044112
0.043399
0.041893
0.042249
0.041557
0.042046
0.041393
0.045199
0.040211
0.040453
0.043548
0.121639
0.038576
0.040454
0.041867
0.040457
0.039835
0.039377
0.039506
0.040397
0.040250
0.039413
0.040457
0.040091
0.040134
0.040157
0.040482
0.046687
0.040036
0.040671
0.041255
0.040817
0.042272
0.042080
0.042093
0.042467
0.041240
0.046015
0.041919
0.042485
0.041456
0.042144
0.044863
0.096639
0.042922
0.043028
0.043002
0.048895
0.042834
0.043072
0.043439
0.043530
0.042288
0.041035
0.042940
0.042625
0.043088
0.041688
0.041695
0.041324
0.040821
0.043006
0.040717
0.043972
0.043988
0.043297
0.042198
0.048000
0.043476
0.054600
0.051933
0.042651
0.044208
0.043315
0.043935
0.043244
0.042931
0.043921
0.041675
0.042319
0.043838
0.043837
0.044310
0.044018
0.044487
0.044469
0.045531
0.052604
0.046310
0.045486
0.044175
0.044978
0.048322
0.047988
0.046649
0.045756
0.043366
0.046748
0.042617
0.045266
0.043756
0.044215
0.044582
0.043992
0.044581
0.044842
0.045863
0.051771
0.043393
0.045151
0.044553
0.043690
0.043869
0.044822
0.044713
0.043651
0.044303
0.044572
0.045876
0.044332
0.044398
0.044434
0.044481
0.044138
0.043823
0.041930
0.042100
0.047480
0.042963
0.043478
0.044620
0.043979
0.044131
0.044600
0.045792
0.042160
0.042472
0.042929
0.042452
0.042011
0.045408
0.042161
0.041994
0.042830
0.043285
0.042682
0.042347
0.047709
0.042719
0.044426
0.042655
0.042637
0.043627
0.042801
0.042366
0.042337
0.042290
0.042612
0.043748
0.043193
0.042965
0.042767
0.042493
0.043202
0.042569
0.042216
0.043313
0.047872
0.042539
0.041898
0.042842
0.042234
0.042636
0.042200
0.042371
0.043640
0.042409
0.042170
0.042541
0.040365
0.040353
0.040185
0.040859
0.039861
0.040113
0.040846
0.041134
0.124660
0.054523
0.040380
0.039692
0.039752
0.039767
0.039974
0.040596
0.042772
0.040138
0.039566
0.039995
0.039936
0.040802
0.039674
0.042641
0.039926
0.039647
0.040893
0.039906
0.048648
0.043200
0.043281
0.042396
0.039362
0.040258
0.040210
0.039534
0.042868
0.109469
0.068147
0.042460
0.040874
0.039497
0.040782
0.039708
0.040936
0.039847
0.043599
0.041821
0.045823
0.042458
0.039711
0.040005
0.040931
0.043238
0.039397
0.042984
0.044663
0.044308
0.041343
0.046672
0.042706
0.044750
0.044504
0.045274
0.042741
0.042634
0.045039
0.043927
0.051101
0.044234
0.045282
0.047833
0.043526
0.045174
0.045723
0.044922
0.044035
0.044643
0.043459
0.042058
0.041665
0.057476
0.051268
0.048410
0.045944
0.045666
0.045007
0.044259
0.051260
0.044715
0.045480
0.045975
0.045342
0.044849
0.044100
0.045362
0.045523
0.045219
0.044256
0.045521
0.045036
0.045306
0.044946
0.045102
0.044663
0.045466
0.043998
0.045621
0.050229
0.051238
0.043221
0.044615
0.044971
0.044606
0.044193
0.045593
0.044456
0.044658
0.045022
0.044677
0.045440
0.045463
0.044887
0.044533
0.045389
0.045278
0.045455
0.044677
0.050172
0.044955
0.045635
0.044505
0.044748
0.044945
0.045049
0.045782
0.056228
0.050471
0.049120
0.047317
0.043092
0.043416
0.042884
0.042867
0.044263
0.042442
0.043335
0.044064
0.049230
0.043617
0.042823
0.043136
0.043623
0.043209
0.043357
0.043325
0.043243
0.043482
0.043943
0.044205
0.043326
0.043152
0.044168
0.043462
0.043132
0.043262
0.043175
0.040195
0.047179
0.040767
0.041773
0.042321
0.040627
0.042936
0.180138
0.042892
0.042946
0.042828
0.043772
0.042416
0.042882
0.042553
0.046572
0.040415
0.041667
0.040174
0.041034
0.042024
0.046576
0.040806
0.042284
0.041771
0.041632
0.042248
0.043363
0.043761
0.042415
0.042993
0.043688
0.042202
0.043126
0.042622
0.043694
0.042961
0.043326
0.043313
0.042734
0.042958
0.049449
0.058530
0.051145
0.051976
0.049780
0.050984
0.049706
0.051943
0.050182
0.050358
0.049628
0.043808
0.044930
0.044803
0.044693
0.044781
0.045406
0.045953
0.044837
0.045573
0.051301
0.044446
0.045472
0.044811
0.044735
0.045247
0.045604
0.045477
0.044901
0.044933
0.045247
