2.181778
0.036109
0.036741
0.036524
0.036952
0.036312
0.038566
0.036250
0.037687
0.036600
0.037639
0.037110
0.037549
0.036195
0.037822
0.037035
0.037199
0.037124
0.037356
0.036966
0.042291
0.035856
0.036070
0.037055
0.035863
0.035970
0.036595
0.037493
0.036336
0.037718
0.036397
0.036851
0.036659
0.037413
0.037272
0.035697
0.036524
0.037263
0.153243
0.042849
0.049050
0.042458
0.042628
0.043908
0.041647
0.042924
0.042606
0.047477
0.041553
0.041309
0.041653
0.041909
0.041737
0.041876
0.041745
0.042803
0.044286
0.044149
0.047630
0.044191
0.048894
0.043489
0.043453
0.043854
0.043528
0.043035
0.043000
0.043410
0.043650
0.042797
0.043873
0.043195
0.043017
0.043082
0.043627
0.044115
0.043727
0.044558
0.043496
0.044144
0.049999
0.049193
0.043542
0.045127
0.044554
0.044805
0.044473
0.042570
0.044582
0.044876
0.044280
0.045686
0.044373
0.043986
0.044811
0.045780
0.042244
0.042434
0.042916
0.043020
0.048687
0.041662
0.040484
0.041850
0.045459
0.042016
0.042114
0.042775
0.043537
0.043067
0.042936
0.042094
0.041417
0.046159
0.041407
0.042292
0.042688
0.041811
0.041903
0.042603
0.048053
0.043222
0.042775
0.042218
0.042686
0.042124
0.042518
0.043039
0.042490
0.043132
0.042974
0.042531
0.041963
0.044713
0.041154
0.041769
0.042330
0.042612
0.042295
0.042347
0.048052
0.042469
0.046682
0.043571
0.041988
0.042242
0.041986
0.042534
0.043330
0.046725
0.041507
0.042430
0.042623
0.042645
0.042410
0.046789
0.043252
0.041611
0.041865
0.041792
0.047505
0.042174
0.042566
0.041968
0.041986
0.042022
0.041114
0.041840
0.072667
0.113947
0.041275
0.041300
0.041579
0.041486
0.040767
0.041122
0.040257
0.039141
0.040086
0.040619
0.046710
0.040966
0.041164
0.039823
0.041024
0.039831
0.040118
0.040950
0.042021
0.041229
0.041966
0.041029
0.041449
0.040336
0.040421
0.040783
0.040902
0.041668
0.089721
0.040247
0.045581
0.040319
0.040622
0.041369
0.040816
0.039820
0.040797
0.040669
0.045816
0.041413
0.042858
0.042008
0.042274
0.041827
0.042622
0.042743
0.043698
0.043840
0.044111
0.043714
0.050043
0.043706
0.043476
0.044978
0.043647
0.043285
0.043851
0.043843
0.043705
0.043914
0.044856
0.043644
0.044803
0.043517
0.043478
0.043898
0.044188
0.044613
0.044219
0.043582
0.049935
0.044809
0.043600
0.043296
0.044914
0.044765
0.043545
0.043041
0.044229
0.043280
0.044335
0.043943
0.044028
0.044280
0.043344
0.043492
0.045041
0.043996
0.044253
0.043474
0.049331
0.044545
0.044606
0.044794
0.043393
0.044174
0.044747
0.043787
0.043903
0.043750
0.044823
0.044099
0.042910
0.043263
0.044410
0.044358
0.044727
0.045910
0.043221
0.043357
0.050395
0.044435
0.043951
0.045331
0.044141
0.042522
0.043644
0.044427
0.044698
0.042564
0.043765
0.043886
0.044188
0.044824
0.044513
0.044778
0.044454
0.043917
0.043441
0.044163
0.049958
0.043602
0.044084
0.044101
0.044159
0.043582
0.043731
0.043375
0.043722
0.044294
0.046228
0.042783
0.043708
0.044772
0.044500
0.043304
0.044054
0.042116
0.041964
0.043435
0.047580
0.041831
0.043780
0.040974
0.040392
0.040714
0.081890
0.043663
0.042604
0.042009
0.040982
0.041480
0.041688
0.041404
0.040168
0.044449
0.039948
0.041003
0.040278
0.041075
0.048837
0.040749
0.039715
0.043107
0.043339
0.044353
0.044131
0.043186
0.048943
0.051782
0.046963
0.050113
0.043271
0.045783
0.049075
0.054551
0.041903
0.040747
0.041695
0.045421
0.052678
0.044881
0.043782
0.048888
0.042837
0.044035
0.043171
0.043927
0.041346
0.041944
0.043000
0.044353
0.042357
0.045120
0.044871
0.045285
0.043263
0.043775
0.044428
0.044401
0.051505
0.045724
0.045833
0.045544
0.046732
0.045645
0.043836
0.042576
0.045115
0.044800
0.044464
0.045996
0.045308
0.044226
0.044722
0.044854
0.043653
0.044568
0.044148
0.046740
0.049707
0.044715
0.046042
0.044698
0.044971
0.045175
0.043814
0.045401
0.045300
0.044502
0.044076
0.045658
0.044475
0.042318
0.043427
0.043936
0.044809
0.041812
0.043709
0.042803
0.047779
0.042941
0.043332
0.042604
0.043523
0.042749
0.042369
0.043566
0.042758
0.041641
0.042762
0.044384
0.045056
0.042797
0.043777
0.043441
0.044662
0.044239
0.044893
0.044318
0.049662
0.042889
0.043135
0.043711
0.043746
0.042990
0.043764
0.043086
0.043982
0.044306
0.044100
0.042616
0.043178
0.043437
0.043986
0.044978
0.044398
0.044199
0.043174
0.043704
0.048893
0.043983
0.043946
0.043722
0.042777
0.042461
0.042287
0.043301
0.042011
0.042781
0.044323
0.043087
0.042681
0.043172
0.043085
0.042319
0.042519
0.041930
0.041677
0.043346
0.047336
0.041252
0.048889
0.039270
0.040133
0.039998
0.041021
0.042013
0.042349
0.042976
0.042225
0.041530
0.041154
0.040799
0.040571
0.040662
0.040430
0.040594
0.040383
0.040768
0.047064
0.040992
0.042688
0.041123
0.041907
0.042555
0.045587
0.040910
0.041840
0.042098
0.042147
0.042538
0.044258
0.100603
0.040881
0.040233
0.040277
0.042594
0.040679
0.040602
0.045622
0.039772
0.043934
0.040569
0.039967
0.040328
0.040217
0.039897
0.040174
0.040541
0.039142
0.040872
0.042115
0.043338
0.042791
0.042332
0.042548
0.042662
0.043072
0.043076
0.048162
0.042558
0.043242
0.044730
0.041726
0.041848
0.041825
0.042895
0.043174
0.040902
0.042598
0.042479
0.042766
0.042624
0.042164
0.042464
0.042579
0.044298
0.041630
0.041960
0.047992
0.045037
0.041856
0.042890
0.042433
0.042286
0.042421
0.041873
0.042885
0.042708
0.042775
0.043833
0.041360
0.042069
0.042312
0.042587
0.042525
0.042609
0.046540
0.042742
0.047983
0.041884
0.041455
0.041944
0.042440
0.042213
0.042144
0.042223
0.042081
0.042362
0.048039
0.042845
0.043060
0.043729
0.044361
0.044747
0.044160
0.045540
0.042107
0.042607
0.048691
0.042381
0.043048
0.042663
0.042546
0.042527
0.042602
0.042597
0.042106
0.042537
0.042705
0.041912
0.041650
0.043072
0.042206
0.042459
0.042430
0.042806
0.042610
0.041307
0.047789
0.041104
0.042246
0.042396
0.042579
0.043452
0.042119
0.041326
0.041801
0.042720
0.042680
0.043372
0.041871
0.042407
0.042168
0.042842
0.041321
0.040274
0.040817
0.040534
0.046439
0.041667
0.041198
0.040179
0.165382
0.042897
0.044573
0.043188
0.044097
0.043791
0.043026
0.042601
0.041527
0.041961
0.045220
0.040536
0.041577
0.041086
0.041127
0.041686
0.046168
0.040237
0.040561
0.041276
0.042185
0.041915
0.041683
0.041427
0.041077
0.040593
0.040772
0.044726
0.098048
0.041629
0.041258
0.044362
0.040976
0.040864
0.044510
0.041751
0.047582
0.043219
0.040759
0.045130
0.042495
0.044594
0.045311
0.041360
0.044470
0.043647
0.045147
0.042095
0.042016
0.042578
0.044729
0.043477
0.042272
0.042934
0.042808
0.042373
0.046905
0.042034
0.042935
0.045766
0.041685
0.042761
0.042528
0.042964
0.043794
0.044099
0.043095
0.043566
0.041919
0.041826
0.045009
0.041566
0.042498
0.043159
0.047388
0.042961
0.048725
0.042444
0.046217
0.045075
0.045116
0.041675
0.043187
0.046243
0.043552
0.044911
0.041821
0.043257
0.042906
0.043246
0.042283
0.042758
0.043594
0.042189
0.042256
0.042119
0.048308
0.041979
0.043033
0.041995
0.042699
0.042523
0.042967
0.048329
0.041935
0.042548
0.043011
0.043401
0.042120
0.040756
0.042485
0.042707
0.043189
0.043595
0.046303
0.043183
0.048385
0.042679
0.046940
0.044564
0.044239
0.044039
0.044020
0.045320
0.045010
0.044447
0.044988
0.044541
0.044429
0.044775
0.045905
0.044741
0.045427
0.045103
0.043665
0.044936
0.050778
0.044487
0.044779
0.044049
0.046016
0.044632
0.044716
0.044665
0.045646
0.045455
0.043649
0.043411
0.044494
0.044074
0.042879
0.044278
0.045130
0.043773
0.043283
0.042478
0.133429
0.042286
0.042542
0.043717
0.043386
0.042911
0.042856
0.043055
0.043170
0.043230
0.042075
0.042589
0.042748
0.043992
0.039442
0.038262
0.039119
0.037967
0.036558
0.037653
0.042837
0.037268
0.037173
0.037080
0.037937
0.036048
0.035543
0.037010
0.036759
0.036287
0.037749
0.036638
0.036253
0.039792
0.037448
0.037187
0.036575
0.039779
0.039011
0.041441
0.046541
0.045108
0.040621
0.041347
0.045530
0.043310
0.043875
0.044642
0.041452
0.040309
0.044272
0.043499
0.042650
0.041597
0.050605
0.045181
0.044820
0.044315
0.043984
0.045131
0.050618
0.045252
0.058259
0.042347
0.041792
0.042474
0.042461
0.042188
0.042651
0.048118
0.042680
0.043810
0.044433
0.044529
0.044933
0.044725
0.043609
0.043207
0.043743
0.044654
0.049276
0.046300
0.042527
0.043985
0.044718
0.044496
0.043430
0.045109
0.044341
0.044428
0.043484
0.044396
0.043034
0.043174
0.044676
0.044904
0.043788
0.044066
0.047992
0.043891
0.050323
0.044344
0.044709
0.044391
0.043638
0.044719
0.044099
0.044779
0.043427
0.043872
0.044249
0.044514
0.044024
0.045534
0.042725
0.044052
0.044625
0.044867
0.043177
0.044187
0.048486
0.044764
0.045055
0.044483
0.043933
0.044065
0.045177
0.042266
0.042420
0.041977
0.042353
0.042133
0.041975
0.087885
0.041137
0.046062
0.043495
0.045674
0.043052
0.042423
0.052324
0.042060
0.042677
0.042569
0.042970
0.041617
0.041934
0.046302
0.041789
0.041784
0.042467
0.043479
0.042813
0.042014
0.048157
0.042323
0.043501
0.039552
0.040695
0.040223
0.045096
0.055041
0.043764
0.041156
0.041790
0.042097
0.042592
0.042357
0.042310
0.041763
0.040880
0.040715
0.041146
0.044455
0.040916
0.042288
0.046260
0.046993
0.041587
0.041919
0.048797
0.040001
0.041261
0.043633
0.041693
0.041016
0.042232
0.042597
0.042291
0.042320
0.042243
0.042225
0.042250
0.042297
0.040992
0.041923
0.040255
0.039507
0.039997
0.043761
0.046530
0.041184
0.041301
0.040467
0.041072
0.042694
0.043548
0.041190
0.041499
0.042073
0.041130
0.042701
0.041581
0.042807
0.042458
0.043091
0.042685
0.042372
0.042256
0.043110
0.048367
0.041025
0.046502
0.040881
0.042160
0.042383
0.042233
0.042443
0.042508
0.042733
0.042685
0.042343
0.042536
0.041804
0.042440
0.042893
0.042259
0.046509
0.039770
0.040823
0.047859
0.041906
0.042094
0.042327
0.042102
0.042255
0.042551
0.042567
0.041760
0.042707
0.042112
0.042386
0.042132
0.042401
0.042483
0.041828
0.042303
0.042232
0.042603
0.042432
0.047953
0.041821
0.042232
0.042263
0.042019
0.042553
0.042390
0.042398
0.041404
0.042221
0.041131
0.041735
0.041971
0.042114
0.042467
0.042453
0.042336
0.042555
0.042913
0.042539
0.047961
0.042107
0.042930
0.042746
0.041388
0.041369
0.044024
0.041772
0.042668
0.042678
0.041900
0.043588
0.041552
0.043706
0.041559
0.039466
0.041143
0.111318
0.047510
0.043358
0.046731
0.041851
0.042772
0.041559
0.045985
0.039776
0.044138
0.041424
0.041534
0.041672
0.042126
0.042877
0.042729
0.042429
0.042491
0.043421
0.041520
0.043627
0.041618
0.042959
0.049387
0.043409
0.041182
0.040662
0.041767
0.041458
0.041240
0.052998
0.136533
0.048134
0.039718
0.043073
0.042609
0.041444
0.042224
0.040193
0.041234
0.040760
0.042077
0.041356
0.045981
0.040379
0.038871
0.038557
0.040185
0.039873
0.044128
0.043187
0.042070
0.044595
0.044624
0.042818
0.044241
0.041995
0.043988
0.041844
0.042839
0.147981
0.050173
0.044684
0.049401
0.039798
0.041142
0.046139
0.042243
0.041963
0.042286
0.040417
0.040960
0.041329
0.041298
0.040986
0.042769
0.040500
0.043272
0.042138
0.041612
0.043223
0.041753
0.042223
0.048326
0.042004
0.041955
0.042189
0.045622
0.041285
0.042906
0.041322
0.042758
0.043896
0.042229
0.041942
0.042048
0.042273
0.043116
0.041819
0.042472
0.042673
0.042097
0.048884
0.048952
0.042120
0.043374
0.043075
0.043330
0.043033
0.040915
0.042154
0.042712
0.042970
0.042252
0.045322
0.042367
0.046127
0.042991
0.043656
0.043441
0.043257
0.043059
0.041663
0.049410
0.043794
0.042500
0.043680
0.043773
0.044596
0.044008
0.041783
0.042630
0.042521
0.043494
0.042057
0.043156
0.041888
0.042078
0.042974
0.044296
0.043151
0.043111
0.042882
0.046493
0.040935
0.043348
0.046052
0.043587
0.043878
0.041637
0.043219
0.041529
0.040990
0.043450
0.042905
0.043891
0.041997
0.047824
0.045608
0.044630
0.044059
0.045502
0.044949
0.049693
