414	343	100	106
421	347	100	99
434	333	91	93
452	302	83	98
457	301	75	92
446	313	72	85
443	316	72	86
442	314	72	80
445	316	64	81
433	326	66	74
431	332	61	74
436	337	58	73
439	335	60	68
447	336	54	76
461	337	53	79
477	332	63	77
503	326	60	74
517	332	57	64
518	331	57	65
523	339	54	62
527	353	51	60
519	360	52	62
504	365	61	65
518	371	65	62
538	389	67	66
546	421	60	59
525	441	55	60
505	438	52	58
500	421	61	57
492	407	69	58
480	408	75	55
478	416	70	52
479	420	61	47
485	418	59	47
476	416	63	48
460	407	67	49
446	401	76	45
443	397	77	43
447	391	77	49
456	387	72	49
457	382	73	53
465	370	76	54
476	362	81	48
470	364	85	44
470	360	81	40
452	363	87	39
442	376	88	39
439	383	78	44
436	385	73	35
436	384	69	35
435	368	71	37
437	355	72	42
426	349	70	42
420	342	72	39
425	341	65	38
415	341	69	34
418	348	62	33
408	356	70	37
404	371	67	37
388	384	66	36
371	381	74	38
355	378	72	37
343	384	69	37
313	393	69	33
310	394	71	34
308	393	74	33
293	399	77	31
295	391	71	32
294	381	73	29
294	374	71	26
293	366	66	27
296	351	64	30
305	341	69	32
321	338	62	31
320	328	64	31
317	316	68	34
328	311	66	34
336	311	62	32
346	316	59	33
350	319	59	31
345	316	69	29
339	316	76	30
355	307	62	32
336	296	70	35
335	297	72	36
344	300	71	32
364	308	65	33
376	315	59	32
381	311	61	33
385	309	62	35
388	306	66	31
392	306	73	37
404	310	71	39
418	317	71	35
427	315	69	32
435	312	62	29
437	303	51	32
439	296	55	35
440	296	57	35
435	296	62	35
433	289	68	42
427	273	69	47
419	254	71	44
421	235	61	43
426	228	54	44
414	226	52	36
395	227	57	42
385	231	62	43
380	220	68	47
401	215	73	46
422	212	68	45
436	206	59	45
445	199	55	42
448	198	56	41
456	208	66	47
466	218	69	52
464	216	72	54
465	218	73	56
477	227	83	47
500	227	66	43
507	227	59	49
505	221	62	53
502	223	71	54
501	220	75	60
499	215	74	55
493	203	71	55
483	190	66	52
472	170	66	64
453	161	75	71
440	156	83	71
433	146	87	75
418	153	85	86
400	163	91	86
402	164	88	87
360	188	101	77
352	193	103	75
340	196	114	87
336	185	127	103
337	168	142	105
332	161	154	115
324	175	154	117
327	193	153	116
321	207	164	115
321	210	170	117
317	209	175	119
333	213	181	107
332	208	184	126
322	210	198	131
309	204	211	147
284	245	229	177
219	266	260	170
194	289	247	157
121	320	261	151
81	338	230	185
81	338	230	185
81	338	230	185
81	338	230	185
81	338	230	185
81	338	230	185
81	338	230	185
81	338	230	185
81	338	230	185
81	338	230	185
117	303	199	157
89	301	154	168
54	331	171	140
38	343	180	139
17	359	212	142
15	382	229	125
15	380	227	129
10	367	254	138
16	373	267	131
15	363	278	144
72	368	244	130
100	343	236	143
100	339	252	139
113	362	247	118
106	359	249	115
89	342	266	121
78	318	303	142
114	298	274	117
130	277	263	142
147	273	245	151
157	270	230	138
161	259	215	125
124	245	246	134
119	253	253	150
120	278	272	175
166	294	247	148
160	307	244	123
125	322	271	111
81	321	295	107
76	318	270	121
65	324	284	129
49	323	289	126
29	324	303	132
45	330	295	141
56	344	278	129
53	350	246	131
59	335	236	133
76	313	240	159
60	289	265	151
41	269	264	143
5	263	303	155
47	236	280	171
48	236	282	186
111	227	282	174
147	221	252	169
165	215	260	173
159	208	273	169
173	215	312	166
181	218	338	198
177	216	344	182
202	225	339	189
206	243	317	197
189	271	328	203
96	301	375	212
13	338	402	239
17	367	424	236
53	391	413	241
45	404	426	244
29	419	457	249
24	422	520	239
57	421	564	228
97	407	570	230
112	397	574	240
182	400	546	261
203	405	575	257
205	389	591	255
215	390	614	255
230	388	639	274
296	371	580	271
332	364	552	249
412	365	485	264
445	354	451	277
412	360	468	281
365	360	507	301
405	353	467	280
388	360	477	253
434	378	416	240
481	359	331	239
512	359	254	211
499	360	248	227
464	360	268	257
478	368	234	239
486	359	210	194
510	334	187	186
543	319	149	182
535	316	131	173
521	312	118	185
533	312	109	185
549	300	108	183
556	290	112	154
574	268	126	148
593	250	122	147
615	251	115	129
627	269	101	132
641	277	105	131
662	267	120	122
690	265	102	102
690	257	108	98
693	251	102	98
697	256	88	98
694	258	91	97
706	254	104	91
707	256	103	83
707	261	101	88
713	269	98	85
715	271	95	82
731	270	88	79
747	268	93	75
754	268	95	80
766	277	107	72
781	281	115	76
809	292	111	70
826	295	103	72
857	288	95	70
894	286	98	72
918	291	97	67
933	286	95	71
959	289	83	65
979	289	91	63
996	288	94	61
995	298	84	55
998	303	93	53
1013	297	103	52
1018	287	101	52
1016	286	84	51
1010	285	81	50
1008	281	90	49
1000	279	101	51
978	281	97	50
955	275	98	59
934	277	98	58
907	275	106	60
888	274	99	64
864	277	97	60
848	272	96	54
836	273	98	49
814	277	92	49
805	289	81	52
805	303	77	50
793	307	78	49
772	306	80	40
767	300	79	38
760	302	79	37
766	303	69	36
784	296	62	38
787	293	63	35
774	293	61	37
766	288	58	38
768	281	55	37
772	285	51	34
776	293	49	36
783	293	43	43
786	296	37	40
785	286	36	44
789	277	38	44
800	277	38	39
804	278	37	40
808	281	33	41
808	280	34	36
808	275	35	36
813	267	33	37
811	266	30	36
801	262	32	34
795	254	31	30
793	247	28	30
784	248	32	32
776	250	28	31
771	244	27	31
772	242	26	33
774	237	23	34
770	226	23	36
763	211	21	35
761	206	25	30
766	204	27	28
766	204	30	32
760	206	29	28
755	208	25	28
751	207	20	27
743	208	20	29
732	209	22	26
718	217	26	24
708	223	30	25
701	223	29	28
693	221	26	28
683	215	22	25
676	204	22	26
679	193	20	23
673	192	24	21
662	200	23	20
650	214	28	21
651	222	23	20
642	217	24	23
634	206	26	23
636	198	28	24
648	198	29	21
658	203	26	19
680	206	26	20
697	212	23	19
707	219	22	20
714	228	21	19
719	244	21	19
731	262	25	22
739	265	25	24
739	232	25	24
739	225	25	22
727	228	24	20
711	242	25	21
711	258	25	22
712	265	29	23
715	255	24	25
704	232	24	24
688	226	24	20
658	241	23	18
630	258	25	17
616	258	29	18
615	255	29	21
621	266	24	21
637	302	20	21
662	321	23	19
685	324	23	14
695	321	26	17
706	309	29	21
720	308	31	19
738	307	37	17
752	292	33	18
768	280	32	17
785	265	34	19
800	262	37	18
811	281	35	23
819	287	30	19
820	287	29	19
818	286	35	17
837	279	37	14
870	270	38	14
904	263	40	16
927	249	42	18
936	234	40	18
935	222	32	17
921	236	32	18
897	260	32	18
878	272	37	19
864	290	42	21
852	305	41	18
841	323	42	18
843	322	39	19
856	314	40	17
889	294	38	16
897	269	42	17
897	271	43	17
901	288	43	17
912	295	38	17
922	311	35	17
923	318	37	14
913	315	37	15
903	317	38	17
912	305	38	16
943	295	36	16
959	303	34	17
958	316	29	17
966	331	27	17
994	348	28	14
1019	359	31	17
1014	350	35	18
1002	335	35	18
997	334	33	16
984	335	31	17
977	324	26	16
971	318	27	16
960	313	29	18
951	296	32	19
936	274	32	19
920	256	32	19
903	254	31	18
901	262	33	17
892	267	29	17
864	270	25	17
864	270	25	17
864	270	25	17
864	270	25	17
864	270	25	17
864	270	25	17
864	270	25	17
864	270	25	17
864	270	25	17
864	270	25	17
864	270	25	17
864	270	25	17
864	270	25	17
864	270	25	17
864	270	25	17
864	270	25	17
864	270	25	17
864	270	25	17
864	270	25	17
864	270	25	17
864	270	25	17
864	270	25	17
864	270	25	17
864	270	25	17
864	270	25	17
864	270	25	17
864	270	25	17
864	270	25	17
864	270	25	17
864	270	25	17
864	270	25	17
864	270	25	17
864	270	25	17
864	270	25	17
864	270	25	17
864	270	25	17
864	270	25	17
864	270	25	17
864	270	25	17
864	270	25	17
864	270	25	17
864	270	25	17
864	270	25	17
864	270	25	17
864	270	25	17
864	270	25	17
864	270	25	17
864	270	25	17
864	270	25	17
864	270	25	17
864	270	25	17
864	270	25	17
864	270	25	17
864	270	25	17
864	270	25	17
864	270	25	17
864	270	25	17
864	270	25	17
864	270	25	17
864	270	25	17
864	270	25	17
864	270	25	17
864	270	25	17
864	270	25	17
864	270	25	17
864	270	25	17
864	270	25	17
864	270	25	17
864	270	25	17
864	270	25	17
864	270	25	17
864	270	25	17
864	270	25	17
864	270	25	17
864	270	25	17
864	270	25	17
864	270	25	17
864	270	25	17
864	270	25	17
864	270	25	17
864	270	25	17
864	270	25	17
864	270	25	17
864	270	25	17
864	270	25	17
864	270	25	17
864	270	25	17
864	270	25	17
864	270	25	17
864	270	25	17
864	270	25	17
864	270	25	17
864	270	25	17
864	270	25	17
864	270	25	17
864	270	25	17
864	270	25	17
864	270	25	17
864	270	25	17
864	270	25	17
864	270	25	17
864	270	25	17
864	270	25	17
864	270	25	17
864	270	25	17
864	270	25	17
864	270	25	17
864	270	25	17
864	270	25	17
864	270	25	17
864	270	25	17
864	270	25	17
864	270	25	17
864	270	25	17
864	270	25	17
864	270	25	17
864	270	25	17
864	270	25	17
864	270	25	17
864	270	25	17
864	270	25	17
864	270	25	17
864	270	25	17
864	270	25	17
864	270	25	17
864	270	25	17
864	270	25	17
864	270	25	17
864	270	25	17
864	270	25	17
864	270	25	17
864	270	25	17
864	270	25	17
864	270	25	17
864	270	25	17
864	270	25	17
864	270	25	17
864	270	25	17
864	270	25	17
864	270	25	17
864	270	25	17
864	270	25	17
864	270	25	17
864	270	25	17
864	270	25	17
864	270	25	17
864	270	25	17
864	270	25	17
864	270	25	17
864	270	25	17
864	270	25	17
864	270	25	17
864	270	25	17
864	270	25	17
864	270	25	17
864	270	25	17
864	270	25	17
864	270	25	17
819	304	25	15
839	309	28	15
839	309	28	15
839	309	28	15
839	309	28	15
839	309	28	15
839	309	28	15
839	309	28	15
839	309	28	15
793	314	26	19
754	328	26	22
754	328	26	22
754	328	26	22
764	279	31	18
785	286	29	18
805	282	32	17
818	289	33	14
828	285	34	14
841	281	35	15
843	282	34	15
847	284	31	14
848	286	30	13
838	292	29	14
819	297	27	14
804	302	29	14
785	303	29	12
753	305	26	12
722	307	25	13
722	307	25	13
720	310	27	16
684	310	27	14
653	312	27	18
626	312	28	14
595	310	28	15
569	310	29	15
549	310	27	14
539	311	24	14
538	318	22	16
533	326	21	13
533	331	20	14
531	336	20	14
538	341	21	12
552	349	22	15
565	360	23	17
573	367	23	17
583	372	23	17
600	382	23	16
600	383	23	15
615	390	19	12
619	396	21	14
633	400	21	14
647	404	21	14
657	411	22	16
666	417	21	14
673	424	22	13
678	431	20	13
685	438	19	11
696	439	19	13
713	442	20	12
720	450	21	13
707	459	21	12
691	470	21	14
672	483	21	14
639	508	21	13
605	512	24	14
569	507	23	11
547	500	21	12
521	498	21	12
507	493	21	12
500	483	22	12
497	480	22	14
489	482	22	12
481	485	21	12
476	490	21	12
467	496	20	13
457	508	19	13
453	517	21	13
460	529	20	12
455	539	21	13
435	533	20	16
409	529	22	15
380	543	20	18
380	550	20	17
380	557	19	18
368	569	18	16
344	570	21	15
309	575	23	16
267	586	23	21
237	595	22	15
221	599	20	13
210	594	20	16
193	593	21	17
179	595	21	14
180	595	21	13
198	578	23	9
182	579	23	10
149	588	19	10
134	585	23	10
134	585	23	10
134	585	23	10
134	585	23	10
134	585	23	10
134	585	23	10
134	585	23	10
119	575	22	14
119	573	22	18
120	573	18	19
120	574	17	17
118	591	19	17
119	591	19	17
120	590	16	17
119	590	18	17
118	590	19	17
118	591	19	16
88	551	20	17
88	551	20	17
88	551	20	17
65	579	22	14
65	579	22	14
83	605	24	16
83	605	24	16
83	605	24	16
83	605	24	16
83	605	24	16
83	605	24	16
83	605	24	16
83	605	24	16
83	605	24	16
83	605	24	16
83	605	24	16
65	644	28	20
17	654	28	24
1	662	31	20
49	691	36	28
3	687	41	33
2	634	45	41
66	683	56	37
65	684	62	34
58	684	71	35
141	648	69	39
141	645	66	41
65	665	71	39
27	669	72	44
0	678	66	40
47	634	74	52
47	634	74	52
97	655	79	62
36	664	73	52
8	598	84	54
8	598	84	54
87	634	84	60
87	634	84	60
248	658	70	50
184	664	69	38
135	666	66	38
84	669	77	43
30	668	77	42
1	667	77	43
1	667	77	43
96	672	78	48
55	670	79	49
16	664	83	53
1	668	81	52
1	669	74	51
1	668	66	50
1	668	66	50
1	668	66	50
125	660	72	61
177	683	67	41
164	690	52	31
142	689	50	28
123	696	47	30
127	697	43	25
108	699	38	24
86	700	36	23
63	710	36	19
63	710	36	19
6	670	35	24
55	646	36	28
39	651	37	26
24	653	34	23
4	658	35	25
1	662	34	25
13	664	34	26
9	666	33	28
1	666	29	24
7	666	32	27
7	665	31	27
48	674	31	25
51	685	32	27
63	689	31	26
79	697	31	23
70	674	26	29
78	679	25	37
93	680	26	40
91	678	28	42
71	675	27	41
71	675	27	41
71	675	27	41
71	675	27	41
71	675	27	41
14	679	34	40
14	679	34	40
14	679	34	40
14	679	34	40
14	679	34	40
14	679	34	40
14	679	34	40
14	679	34	40
14	679	34	40
14	679	34	40
14	679	34	40
44	633	33	39
14	642	41	46
0	645	50	52
30	653	47	49
30	653	47	49
21	639	41	54
21	639	41	54
47	632	35	53
48	631	32	58
76	632	33	61
94	626	30	62
112	618	25	58
163	640	32	63
117	623	32	63
123	625	29	63
123	629	31	60
125	631	26	57
126	632	26	55
125	629	30	46
129	625	30	49
132	618	26	47
128	614	31	45
130	612	30	39
133	612	26	36
133	611	28	38
141	608	29	36
151	611	34	39
179	620	33	39
201	626	29	40
212	637	27	36
231	635	29	35
290	633	29	33
308	635	33	36
347	635	29	33
384	628	28	35
413	622	28	34
443	619	25	30
468	615	28	32
495	614	27	32
512	610	33	35
533	606	28	37
534	605	29	35
534	604	29	34
545	600	29	33
555	588	32	36
552	579	31	40
541	576	28	41
534	571	30	40
536	570	28	36
527	567	27	36
510	572	23	34
499	574	31	39
506	569	31	38
506	570	32	37
519	567	30	35
520	543	27	36
520	535	32	37
539	537	32	36
536	537	34	36
569	550	28	41
608	534	24	40
624	527	25	41
634	514	26	43
652	516	27	44
671	510	30	52
698	497	25	52
717	488	26	55
718	484	23	55
727	484	28	53
748	490	30	55
759	480	29	55
779	460	30	56
779	460	30	56
779	460	30	56
690	537	38	57
657	622	45	48
667	622	46	38
683	623	45	37
708	624	46	32
708	623	49	35
752	616	45	33
765	625	49	34
769	635	48	33
777	631	50	32
790	627	49	31
811	630	46	31
808	631	50	29
833	642	46	30
834	643	45	28
834	643	45	29
834	643	45	30
833	643	47	29
888	640	44	34
905	633	45	31
915	639	47	31
916	631	48	34
928	613	46	40
945	605	46	37
957	603	45	37
955	612	46	35
957	615	46	36
975	611	45	37
985	603	46	35
981	605	46	33
985	615	44	35
985	625	44	35
981	640	45	37
976	655	45	37
987	657	44	36
1006	665	45	36
1013	653	44	32
1017	627	44	34
1027	609	45	33
1051	593	44	36
1057	586	45	34
1053	568	45	32
1063	560	45	34
1075	559	43	34
1075	558	44	34
1083	550	47	37
1094	549	53	37
1108	555	48	35
1117	557	46	36
1125	552	47	35
1138	549	48	33
1153	552	47	34
1140	561	55	33
1143	573	52	34
1145	573	51	32
1152	586	50	31
1149	587	49	30
1144	575	52	34
1150	561	47	33
1149	559	44	33
1141	567	45	31
1152	570	45	30
1159	571	49	30
1149	562	52	31
1155	556	51	31
1182	553	48	31
1183	547	49	32
1174	552	48	34
1182	535	48	34
1199	521	47	32
1199	523	47	30
1188	507	47	31
1172	490	50	32
1171	488	51	36
1186	478	47	36
1182	507	50	37
1154	510	55	32
1157	481	52	32
1189	479	48	31
1179	490	49	29
1198	482	49	33
1214	499	51	37
1200	524	51	36
1180	518	50	36
1195	493	48	37
1202	479	47	38
1198	462	49	34
1198	471	53	35
1203	491	45	36
1170	495	46	34
1171	495	46	34
1152	461	49	33
1168	451	51	33
1183	476	52	33
1208	494	49	36
1234	502	47	39
1232	508	46	36
1200	496	48	34
1199	497	50	34
1179	494	51	31
1182	494	48	31
1102	497	50	33
1104	498	49	31
1104	499	48	29
1106	498	46	31
1106	498	46	31
1106	498	46	31
1106	498	46	31
1106	498	46	31
1070	555	40	24
1021	548	32	23
1011	583	30	24
1021	560	28	27
1021	557	28	28
1021	557	29	28
961	600	30	26
960	601	32	23
960	601	32	23
960	601	32	23
960	601	32	23
954	624	32	22
954	624	32	22
954	624	32	22
954	624	32	22
954	624	32	22
954	624	32	22
954	624	32	22
954	624	32	22
954	624	32	22
954	624	32	22
954	624	32	22
954	624	32	22
954	624	32	22
954	624	32	22
954	624	32	22
954	624	32	22
954	624	32	22
954	624	32	22
954	624	32	22
954	624	32	22
954	624	32	22
954	624	32	22
954	624	32	22
954	624	32	22
954	624	32	22
954	624	32	22
954	624	32	22
954	624	32	22
954	624	32	22
954	624	32	22
954	624	32	22
954	624	32	22
954	624	32	22
954	624	32	22
954	624	32	22
1001	669	35	26
1030	685	32	31
1028	680	34	37
976	660	35	38
963	670	36	40
963	670	36	40
963	670	36	40
963	670	36	40
963	670	36	40
963	670	36	40
963	670	36	40
979	680	31	38
983	678	32	40
982	680	31	40
982	680	31	40
982	680	31	40
982	680	31	40
982	680	31	40
982	680	31	40
982	680	31	40
1020	686	30	31
1064	674	33	39
1068	685	36	39
1078	691	40	36
1092	697	35	27
1111	700	34	21
1114	701	30	21
1152	691	31	28
1161	687	32	32
1159	684	33	35
1165	681	36	36
1159	678	42	39
1153	675	47	41
1152	675	49	41
1151	675	48	41
1152	675	48	41
1191	659	48	50
1200	669	55	49
1218	671	57	47
1220	670	58	49
1217	675	64	45
1213	669	67	50
1234	669	57	51
1242	669	53	54
1250	677	51	45
1254	674	47	46
1254	674	47	46
1254	674	47	46
1254	674	47	46
1254	674	47	46
1254	674	47	46
1254	674	47	46
1254	674	47	46
1254	674	47	46
1254	674	47	46
1254	674	47	46
1254	674	47	46
1254	674	47	46
1254	674	47	46
1254	674	47	46
1254	674	47	46
1254	674	47	46
1254	674	47	46
1254	674	47	46
1254	674	47	46
1254	674	47	46
1254	674	47	46
1254	674	47	46
1254	674	47	46
1254	674	47	46
1254	674	47	46
1254	674	47	46
1254	674	47	46
1254	674	47	46
1254	674	47	46
1254	674	47	46
1254	674	47	46
1254	674	47	46
1254	674	47	46
1254	674	47	46
1254	674	47	46
1254	674	47	46
1254	674	47	46
1254	674	47	46
1254	674	47	46
1254	674	47	46
1254	674	47	46
1254	674	47	46
1254	674	47	46
1254	674	47	46
1254	674	47	46
1254	674	47	46
1254	674	47	46
1254	674	47	46
1254	674	47	46
1254	674	47	46
1254	674	47	46
1254	674	47	46
1254	674	47	46
1254	674	47	46
1254	674	47	46
1254	674	47	46
1254	674	47	46
1254	674	47	46
1254	674	47	46
1254	674	47	46
1254	674	47	46
1254	674	47	46
1254	674	47	46
1254	674	47	46
1254	674	47	46
1254	674	47	46
1254	674	47	46
1254	674	47	46
1254	674	47	46
1254	674	47	46
1254	674	47	46
1254	674	47	46
1254	674	47	46
1254	674	47	46
1254	674	47	46
1254	674	47	46
1254	674	47	46
1254	674	47	46
1254	674	47	46
1254	674	47	46
1254	674	47	46
1254	674	47	46
1254	674	47	46
1254	674	47	46
1254	674	47	46
