2.244888
0.044046
0.040644
0.040778
0.037849
0.037650
0.037575
0.037679
0.035553
0.037627
0.038529
0.037509
0.040965
0.038272
0.037363
0.037111
0.037306
0.037892
0.036945
0.037867
0.041859
0.040717
0.041252
0.042652
0.041194
0.038389
0.039098
0.039453
0.041105
0.038942
0.040515
0.039626
0.039266
0.038728
0.038554
0.043240
0.038738
0.041714
0.039885
0.039003
0.044568
0.040596
0.040750
0.040687
0.041501
0.043026
0.040395
0.039342
0.038948
0.038751
0.040123
0.040604
0.038316
0.038747
0.040356
0.041001
0.040709
0.039462
0.040285
0.041250
0.046047
0.041570
0.040080
0.039605
0.040053
0.040282
0.040664
0.040548
0.040617
0.040516
0.088680
0.080032
0.045071
0.044462
0.040388
0.041165
0.042239
0.040428
0.041174
0.041030
0.046866
0.040951
0.040437
0.040650
0.040854
0.040189
0.040319
0.040190
0.039445
0.039826
0.040434
0.039969
0.039968
0.039645
0.039869
0.041361
0.040697
0.039729
0.041545
0.045877
0.075886
0.041067
0.041539
0.041770
0.042475
0.041657
0.040700
0.041515
0.040992
0.041478
0.040868
0.041093
0.039960
0.040543
0.041171
0.040522
0.039826
0.040435
0.039620
0.042489
0.045431
0.039541
0.041076
0.040123
0.040255
0.040071
0.039217
0.040283
0.039558
0.041097
0.039621
0.041006
0.039971
0.040395
0.040174
0.041788
0.041214
0.040373
0.040299
0.039807
0.047428
0.041938
0.039902
0.040185
0.039526
0.040213
0.040702
0.040585
0.041669
0.041766
0.040321
0.018364
0.017183
0.045443
0.043782
0.040241
0.040534
0.040096
0.017095
0.015861
0.015857
0.016224
0.015936
0.040012
0.052346
0.017290
0.016307
0.040190
0.042681
0.017962
0.041074
0.039452
0.016219
0.015934
0.040537
0.016189
0.026209
0.016725
0.017791
0.016340
0.016211
0.016766
0.042414
0.015756
0.042436
0.039914
0.042788
0.042819
0.040848
0.040889
0.042226
0.040583
0.042057
0.043349
0.041373
0.040842
0.041719
0.043602
0.042650
0.043292
0.050216
0.042582
0.042615
0.040945
0.041606
0.039321
0.040915
0.042560
0.041174
0.040534
0.040644
0.041054
0.041707
0.042867
0.042662
0.042726
0.043276
0.042266
0.042268
0.042951
0.047089
0.041857
0.041832
0.041291
0.040897
0.043130
0.040945
0.041719
0.041693
0.040317
0.042328
0.041526
0.040830
0.045503
0.040384
0.040640
0.042532
0.041634
0.042703
0.043581
0.046961
0.042409
0.039797
0.038267
0.039382
0.038393
0.084234
0.040576
0.041164
0.040586
0.040023
0.043901
0.040192
0.040357
0.040393
0.040734
0.040124
0.039953
0.040467
0.040639
0.046379
0.040905
0.040931
0.041464
0.040379
0.040586
0.040899
0.040510
0.040365
0.041069
0.041050
0.040637
0.039875
0.044178
0.039410
0.040128
0.154404
0.043303
0.040457
0.040507
0.046757
0.041728
0.041245
0.041112
0.040552
0.041032
0.041500
0.040918
0.041517
0.044759
0.041712
0.041817
0.042506
0.041590
0.041652
0.041945
0.041607
0.043085
0.042627
0.041363
0.047321
0.041918
0.041095
0.040466
0.041713
0.041266
0.041627
0.042398
0.042243
0.044842
0.040232
0.040107
0.043789
0.040132
0.041155
0.039349
0.039971
0.041576
0.040758
0.041099
0.046203
0.045152
0.040882
0.041981
0.041811
0.042681
0.041085
0.040915
0.042333
0.041615
0.041633
0.041061
0.041681
0.042914
0.039525
0.040416
0.040345
0.039934
0.040873
0.039787
0.045906
0.039948
0.039697
0.039597
0.041855
0.039070
0.039762
0.040341
0.039940
0.040585
0.040867
0.040732
0.040093
0.040629
0.040334
0.040938
0.040464
0.040180
0.040344
0.039508
0.045214
0.039844
0.040185
0.039650
0.039588
0.040002
0.039154
0.040730
0.040873
0.040864
0.040346
0.039840
0.040611
0.040346
0.039866
0.040245
0.040464
0.040844
0.040831
0.039709
0.045241
0.039563
0.040418
0.040112
0.040234
0.040181
0.040337
0.040210
0.039273
0.039928
0.040393
0.040403
0.040588
0.039690
0.040604
0.040035
0.039934
0.039814
0.039599
0.040705
0.045436
0.040375
0.039963
0.040702
0.040853
0.040078
0.039706
0.040295
0.040537
0.039976
0.039754
0.045305
0.085801
0.040761
0.040166
0.039620
0.040211
0.040380
0.041157
0.040111
0.046424
0.040671
0.040962
0.043142
0.038391
0.039686
0.039853
0.039574
0.039556
0.040309
0.040222
0.039940
0.040343
0.040969
0.039856
0.040043
0.039645
0.040829
0.041106
0.040097
0.046011
0.039415
0.039675
0.039860
0.040358
0.039851
0.038883
0.039665
0.039907
0.039921
0.039805
0.040122
0.039783
0.039733
0.039881
0.040075
0.039657
0.040267
0.039508
0.040139
0.046166
0.040974
0.039793
0.041199
0.041022
0.040724
0.041958
0.042115
0.042367
0.041607
0.041692
0.041769
0.041022
0.041736
0.041706
0.042075
0.042029
0.041289
0.042118
0.041119
0.047039
0.040893
0.041435
0.041986
0.042209
0.040807
0.041333
0.047135
0.041089
0.041533
0.041801
0.042059
0.042080
0.039661
0.040823
0.040714
0.039711
0.040127
0.040437
0.039936
0.045395
0.040089
0.045035
0.038785
0.039670
0.040014
0.040018
0.040363
0.040205
0.039082
0.039813
0.040185
0.039921
0.040047
0.040493
0.040421
0.041149
0.039797
0.039338
0.039811
0.046088
0.039158
0.040142
0.039036
0.039409
0.040333
0.040305
0.038279
0.040378
0.039484
0.040274
0.040677
0.040503
0.040621
0.040228
0.040577
0.039540
0.040059
0.040178
0.040185
0.045901
0.040002
0.040197
0.039891
0.040414
0.040574
0.086533
0.080315
0.041698
0.041143
0.040841
0.040730
0.042295
0.043383
0.039104
0.040932
0.039490
0.040107
0.039986
0.039361
0.046368
0.040396
0.040573
0.040602
0.041291
0.040241
0.040380
0.040564
0.039715
0.040768
0.040195
0.039787
0.039970
0.039981
0.040719
0.043223
0.096424
0.040710
0.039922
0.040012
0.045693
0.040341
0.039903
0.040522
0.041849
0.040311
0.039697
0.040054
0.040500
0.040075
0.039394
0.040248
0.040297
0.041712
0.037817
0.040534
0.040048
0.040053
0.040907
0.040070
0.046922
0.039338
0.040534
0.040230
0.040984
0.040681
0.039564
0.044379
0.039928
0.040152
0.040504
0.040117
0.040082
0.041488
0.040734
0.041361
0.040336
0.042511
0.041145
0.041466
0.047599
0.041096
0.041006
0.040197
0.042138
0.041433
0.041940
0.041829
0.041479
0.042217
0.041392
0.040875
0.040860
0.042510
0.041720
0.041205
0.041434
0.041363
0.041718
0.041136
0.046528
0.041743
0.044170
0.040882
0.040947
0.041437
0.041759
0.041943
0.041529
0.040460
0.041635
0.040408
0.039998
0.040240
0.040599
0.039950
0.040052
0.040486
0.040406
0.040087
0.045630
0.039923
0.040336
0.039893
0.040636
0.040255
0.039835
0.041274
0.039865
0.039657
0.039799
0.039623
0.040057
0.040053
0.040925
0.041036
0.039920
0.040157
0.040108
0.040554
0.045954
0.041258
0.038847
0.040142
0.040129
0.039363
0.039824
0.039950
0.040782
0.040662
0.040267
0.040143
0.040204
0.040270
0.041427
0.042175
0.040907
0.041353
0.040595
0.041861
0.045984
0.040081
0.040348
0.040343
0.040992
0.040661
0.040285
0.040030
0.040094
0.041302
0.040975
0.040632
0.042733
0.136991
0.040467
0.039568
0.040270
0.040160
0.040914
0.045623
0.044845
0.039995
0.040379
0.040558
0.040229
0.040167
0.040369
0.039711
0.039632
0.040809
0.040617
0.040746
0.040694
0.040031
0.040132
0.040175
0.040894
0.041981
0.039392
0.042195
0.046468
0.041407
0.041658
0.119450
0.041174
0.041513
0.042303
0.043083
0.042056
0.042300
0.041581
0.042336
0.042142
0.042127
0.042548
0.042701
0.042517
0.040535
0.042265
0.041198
0.047050
0.041867
0.041747
0.041656
0.041742
0.041978
0.041442
0.041100
0.041148
0.041687
0.041705
0.041314
0.040249
0.041724
0.042415
0.041646
0.040738
0.040841
0.043174
0.042663
0.046873
0.039758
0.040017
0.040715
0.040689
0.040802
0.041891
0.041945
0.041710
0.041321
0.041371
0.041352
0.041397
0.040962
0.040222
0.039528
0.040857
0.040932
0.041357
0.041372
0.046968
0.039823
0.041049
0.041191
0.041168
0.040735
0.040308
0.041217
0.042248
0.041612
0.041018
0.040541
0.041205
0.041080
0.041345
0.041235
0.041192
0.041339
0.040775
0.040695
0.046079
0.041152
0.040242
0.039952
0.040286
0.039841
0.040405
0.041331
0.041964
0.041720
0.041101
0.040980
0.040788
0.041059
0.041788
0.041582
0.041445
0.040804
0.041634
0.041719
0.046564
0.041483
0.041508
0.041001
0.040514
0.039761
0.041026
0.040900
0.040804
0.041418
0.041477
0.041020
0.041400
0.040293
0.041571
0.039699
0.040751
0.041203
0.041322
0.041845
0.046362
0.041309
0.040270
0.040716
0.039817
0.041733
0.041048
0.040560
0.041031
0.041966
0.041277
0.041266
0.041552
0.042197
0.041194
0.096102
0.040357
0.039887
0.041021
0.041319
0.046831
0.041366
0.041832
0.040422
0.039670
0.040614
0.040633
0.039913
0.040147
0.040810
0.041070
0.040366
0.040478
0.040728
0.039767
0.041257
0.040521
0.039889
0.040334
0.040689
0.046740
0.045860
0.049374
0.045218
0.046716
0.153195
0.042692
0.041411
0.041575
0.041289
0.041394
0.042469
0.044648
0.040029
0.041083
0.040664
0.039960
0.040397
0.041455
0.040935
0.045726
0.040526
0.040175
0.041101
0.040418
0.042689
0.045948
0.041946
0.039462
0.040382
0.040505
0.042417
0.040839
0.040808
0.040360
0.043752
0.041459
0.041629
0.041039
0.041134
0.047581
0.042160
0.040181
0.041492
0.041620
0.040620
0.040569
0.040478
0.040423
0.041632
0.039437
0.040912
0.039599
0.038912
0.039800
0.041119
0.039873
0.041821
0.040178
0.040896
0.045566
0.041069
0.039670
0.039437
0.040146
0.040130
0.040637
0.040074
0.039405
0.038956
0.039571
0.038668
0.039191
0.038798
0.041608
0.040822
0.039662
0.040593
0.040864
0.042109
0.043990
0.039129
0.041389
0.039752
0.040593
0.040469
0.041017
0.038976
0.040206
0.040483
0.039726
0.041306
0.039095
0.040639
0.041223
0.041470
0.042054
0.042006
0.041327
0.040725
0.047618
0.041996
0.042245
0.040838
0.039996
0.040145
0.040411
0.040574
0.040913
0.042671
0.041041
0.040861
0.041314
0.042712
0.039510
0.041563
0.038626
0.040186
0.040572
0.040457
0.046244
0.040788
0.041126
0.038521
0.041118
0.039382
0.039106
0.040208
0.040719
0.038436
0.039689
0.041400
0.039182
0.040326
0.038936
0.039622
0.039807
0.039867
0.040758
0.039950
0.049880
0.156343
0.040461
0.040892
0.041018
0.040154
0.042705
0.040009
0.040600
0.040529
0.040808
0.040802
0.040390
0.041873
0.040439
0.040361
0.041100
0.038826
0.040139
0.040475
0.046265
0.041327
0.040717
0.040810
0.040756
0.040758
0.040673
0.045758
0.043543
0.045102
0.051811
0.112828
0.041691
0.043784
0.042301
0.039477
0.040558
0.040527
0.040654
0.040805
0.045684
0.040686
0.040788
0.041472
0.041208
0.041938
0.041249
0.041236
0.042409
0.043223
0.041829
0.042738
0.042152
0.041423
0.042665
0.041930
0.041752
0.041642
0.042091
0.042037
0.051382
0.040838
0.044989
0.041333
0.040646
0.042800
0.041951
0.040470
0.041164
0.041024
0.040784
0.040224
0.040845
0.040277
0.041222
0.041247
0.042543
0.040559
0.045004
0.038682
0.046060
0.041137
0.040910
0.041939
0.041699
0.042591
0.041359
0.041709
0.046574
0.042072
0.040829
0.041317
0.042273
0.045075
0.043295
0.042480
0.042853
0.040565
0.041022
0.040186
0.046313
0.041113
0.041111
0.040748
0.040799
0.040932
0.041412
0.041594
0.042022
0.044398
0.040627
0.040741
0.040125
0.041319
0.040332
0.040684
0.040549
0.040582
0.041182
0.041389
0.048757
0.041166
0.045315
0.049334
0.051117
0.048158
0.041093
0.044452
0.043536
0.041738
0.045147
0.044693
0.041433
0.042125
0.038917
0.040578
0.041547
0.046466
0.040288
0.040452
0.046429
0.042876
0.044987
0.040534
0.045808
0.042463
0.042407
0.041844
0.041525
0.041848
0.044271
0.046168
0.042904
0.046695
0.042405
0.047266
0.041608
0.040566
0.040750
0.045612
0.050481
0.042266
0.075824
0.041580
0.042057
0.042557
0.044848
0.045097
0.046631
0.040668
0.041889
0.042022
0.041898
0.041137
0.042980
0.044065
0.041947
0.041445
0.040518
0.042360
0.046239
0.039997
0.042277
0.042993
0.045613
0.051849
0.046049
0.046372
0.047083
0.046022
0.051033
0.047377
0.073105
0.040069
0.043057
0.042364
0.042352
0.042718
0.041881
0.041266
0.046590
0.041857
0.040420
0.039602
0.040810
0.041281
0.042195
0.041622
0.041681
0.039670
0.041851
0.042372
0.042626
0.040520
0.043607
0.044771
0.046297
0.046407
0.045791
0.046543
0.050697
0.049120
0.048797
0.048079
0.048138
0.048918
0.049576
0.042396
0.043148
0.044082
0.041542
0.040265
0.039798
0.044141
0.043446
0.042370
0.042587
0.043435
0.043081
0.042215
0.047288
0.042012
0.044017
0.039378
0.044119
0.043186
0.040900
0.041228
0.044360
0.039548
0.040865
0.041249
0.041570
0.039594
0.040690
0.040570
0.040227
0.040257
0.042425
0.039141
0.045883
0.039316
0.039934
0.040798
0.042531
0.044039
0.048159
0.040894
0.039897
0.041061
0.043916
0.042718
0.041725
0.043622
0.042122
0.040897
0.042428
0.041904
0.044214
0.044485
0.050888
0.046292
0.045589
0.046744
0.043285
0.046260
0.047837
0.047041
0.048589
0.041718
0.040345
0.040951
0.039743
0.043620
0.042054
0.041017
0.043681
0.040936
0.041872
0.045697
0.048164
0.042793
0.041237
0.041264
0.040037
0.039709
0.041287
0.041374
0.041191
0.041242
0.039984
0.042167
0.042060
0.042374
0.041578
0.045677
0.044533
0.040705
0.041534
0.041291
0.046679
0.044282
0.041665
0.041769
0.042384
0.048026
0.041698
0.046711
0.058340
0.044536
0.041483
0.041436
0.042474
0.040732
0.041400
0.040963
0.041045
0.041646
0.043091
0.040645
0.046757
0.041473
0.042281
0.042676
0.037892
0.037390
0.041269
0.040546
0.041075
0.040860
0.039997
0.041015
0.040235
0.039858
0.039529
0.038308
0.038078
0.070955
0.041642
0.026940
0.048120
0.041523
0.041565
0.044015
0.043539
0.049682
0.043304
0.042830
0.042123
0.041221
0.040399
0.040746
0.041387
0.040754
0.044205
0.039619
0.040279
0.043940
0.041318
0.039254
0.044778
0.040999
0.041499
0.041070
0.041614
0.040507
0.041461
0.040927
0.041470
0.040986
0.040763
0.040601
0.040779
0.041800
0.041251
0.042093
0.041214
0.041719
0.041286
0.040174
0.048747
0.040947
0.041716
0.041532
0.040612
0.041062
0.040315
0.040543
0.043919
0.044572
0.043975
0.043062
0.043842
0.041682
0.043187
0.041563
0.042989
0.046848
0.054204
0.041611
0.048866
0.043622
0.047813
0.045898
0.044111
0.045061
0.043897
0.046045
0.043604
0.043481
0.044053
