690	283	240	96
689	286	255	99
698	284	239	98
703	287	235	97
711	284	243	98
720	285	249	99
734	285	243	101
745	289	235	101
753	290	228	103
757	294	232	101
761	298	237	102
764	305	239	103
767	310	244	106
772	318	242	106
773	314	258	110
771	316	266	117
769	318	283	114
767	316	289	116
758	308	303	120
755	304	306	122
754	301	308	128
739	298	342	138
741	311	340	136
730	324	364	137
722	332	373	133
712	334	374	136
705	332	375	137
698	342	374	133
691	351	379	129
679	351	378	129
677	349	381	133
676	344	391	134
678	341	394	134
680	343	402	135
697	334	391	135
704	339	395	133
717	335	395	134
727	334	389	134
737	332	393	137
737	330	395	135
737	325	390	132
731	321	395	130
723	314	399	133
722	313	396	133
716	316	397	133
716	310	387	126
705	299	395	128
705	301	393	130
706	311	389	131
705	309	401	136
703	311	398	135
701	308	402	130
704	303	393	127
709	297	392	126
697	292	393	129
700	279	391	127
690	275	403	128
686	272	402	129
671	271	416	134
665	277	404	125
654	272	407	120
650	260	404	125
652	253	402	123
642	250	398	130
638	256	408	130
640	264	398	128
639	262	397	123
636	260	400	126
629	269	397	122
614	264	399	130
617	260	392	129
607	263	393	127
603	261	388	123
594	251	389	117
588	251	389	123
582	248	388	118
581	249	383	114
572	260	401	113
579	256	388	123
576	250	376	122
577	256	376	122
577	259	379	122
574	267	378	123
585	278	372	122
587	295	377	117
590	296	380	125
596	304	386	117
595	304	390	116
600	299	390	117
607	305	389	116
595	295	383	116
579	293	398	122
570	282	405	121
563	274	405	121
562	274	405	120
561	292	405	119
545	302	428	118
548	300	408	118
537	295	419	123
539	286	417	127
546	292	390	126
548	290	375	127
558	288	376	126
583	288	362	127
618	290	353	121
657	286	360	121
718	285	354	124
771	282	358	121
830	277	362	123
871	282	364	120
880	288	389	126
891	308	358	120
876	315	365	125
869	323	361	116
856	323	354	112
830	335	355	107
816	334	350	111
813	333	351	111
814	327	353	110
820	320	357	110
819	316	357	113
820	308	341	120
814	303	297	106
804	295	301	102
797	275	312	109
789	265	324	106
778	264	343	112
778	263	334	118
774	262	345	122
764	264	347	125
748	276	356	126
739	289	359	125
733	291	365	133
737	288	366	140
747	286	360	136
741	293	365	144
742	292	365	151
750	300	361	157
758	316	355	157
751	322	375	167
760	338	374	167
750	345	396	171
759	350	372	172
769	357	362	173
774	381	370	176
776	398	372	176
779	405	376	183
780	417	378	180
788	411	381	180
791	417	371	172
805	397	361	178
808	386	360	162
807	378	369	165
811	369	367	170
816	356	358	174
830	349	345	173
829	343	345	175
828	348	348	161
836	346	329	163
832	335	320	164
821	326	331	158
818	327	334	158
821	327	316	159
820	321	319	163
828	311	307	167
825	296	316	162
835	290	313	163
848	288	298	165
839	281	309	159
841	270	303	160
835	255	312	165
841	253	299	160
829	248	314	157
818	233	308	161
806	220	307	163
793	205	307	162
789	205	299	155
773	211	312	153
770	220	312	161
769	233	309	164
783	252	304	162
776	270	312	176
787	300	308	181
797	332	302	173
793	351	306	166
791	359	304	160
789	362	307	156
794	361	305	152
797	361	306	158
796	366	313	154
804	372	308	153
805	369	305	158
800	364	305	154
795	351	304	158
789	351	306	161
802	356	296	153
791	360	301	158
786	367	305	153
805	362	283	149
785	354	300	148
774	346	303	151
773	348	300	150
781	352	286	151
765	362	299	150
757	366	303	149
754	365	298	151
749	362	300	144
733	357	303	148
730	357	305	142
723	356	303	147
720	359	296	144
710	355	300	148
703	351	302	144
699	340	301	148
697	327	304	146
692	323	309	143
688	323	307	147
680	319	304	145
673	317	315	141
672	311	310	142
660	305	323	141
659	300	319	138
654	291	317	138
648	292	314	137
644	292	322	138
648	291	309	139
644	291	311	136
646	290	309	138
646	290	306	142
645	297	307	138
644	305	307	135
645	307	309	132
653	310	300	133
650	310	300	133
651	309	298	130
653	309	300	130
658	305	292	129
659	309	295	130
663	307	291	127
668	305	285	125
673	303	283	122
680	305	283	126
688	304	279	123
693	307	283	126
710	309	280	126
721	317	282	127
738	325	283	120
755	332	282	121
776	334	281	116
794	339	281	118
816	342	276	121
843	346	264	117
856	346	271	112
874	347	269	109
895	344	271	109
912	342	259	109
921	342	272	108
941	346	258	103
958	346	245	108
966	347	247	108
974	348	244	110
979	353	243	112
986	356	238	107
984	360	240	104
986	363	235	103
981	365	234	104
982	370	224	103
969	373	239	100
962	370	231	101
964	373	222	97
952	375	225	97
947	375	230	96
947	376	216	98
937	375	220	95
930	375	222	94
926	374	216	91
924	374	214	91
923	372	218	92
923	369	215	90
928	373	214	90
932	377	207	88
933	378	210	89
938	386	207	88
940	385	206	87
944	385	204	84
948	378	202	87
953	375	201	86
958	376	196	81
960	373	198	85
967	373	195	82
970	373	193	84
975	372	189	84
975	373	191	82
975	374	187	83
976	378	193	80
979	377	187	81
982	378	182	80
982	378	179	80
984	376	181	79
985	374	184	79
985	372	181	79
990	371	176	77
994	371	173	78
997	369	172	79
1000	367	174	77
1005	364	170	75
1007	362	170	76
1011	358	167	75
1015	357	167	74
1023	358	164	71
1025	358	167	72
1030	359	166	74
1039	360	161	71
1041	359	162	70
1049	359	158	68
1050	356	157	67
1055	354	149	68
1054	351	149	69
1054	352	149	67
1057	352	148	65
1058	355	150	65
1059	357	148	66
1061	359	144	67
1064	360	141	64
1063	360	141	65
1062	362	142	64
1063	363	136	63
1062	366	137	62
1062	366	137	62
1060	367	131	64
1057	366	136	62
1055	364	134	61
1054	358	129	61
1050	352	127	61
1049	351	130	58
1048	346	133	59
1048	344	128	61
1046	346	127	59
1048	347	124	60
1043	349	130	61
1043	350	129	59
1041	348	131	59
1035	348	133	61
1036	346	130	63
1034	347	132	61
1033	347	133	62
1035	346	133	61
1033	345	131	62
1032	341	132	59
1034	334	128	63
1033	331	132	61
1034	328	131	62
1034	328	133	61
1034	327	132	60
1035	326	132	60
1035	323	133	61
1035	322	136	61
1039	320	135	60
1042	318	133	61
1044	319	134	61
1048	318	132	62
1048	320	134	60
1050	320	133	61
1053	321	131	63
1054	323	132	62
1055	324	132	61
1056	325	132	61
1059	325	130	62
1061	323	125	64
1063	326	126	61
1063	326	127	64
1064	329	125	63
1068	331	119	64
1067	332	120	63
1068	334	120	63
1073	335	115	63
1075	338	110	61
1078	339	110	63
1080	340	108	62
1081	343	107	60
1083	343	107	61
1081	349	109	59
1086	351	104	58
1084	354	106	57
1084	356	106	55
1087	357	104	54
1086	357	111	53
1085	358	109	53
1088	362	110	54
1087	365	112	51
1089	369	116	51
1091	371	118	51
1093	377	117	50
1096	380	113	48
1097	384	114	47
1096	387	117	45
1097	391	114	44
1098	394	117	43
1096	396	117	43
1097	398	111	41
1097	399	104	41
1093	399	108	41
1093	399	104	40
1091	400	104	39
1090	401	102	37
1087	402	108	38
1085	406	112	36
1086	407	103	36
1085	409	106	36
1084	410	111	35
1084	410	109	35
1084	409	117	36
1084	410	112	35
1085	413	108	33
1086	413	107	34
1086	413	115	36
1088	414	110	34
1087	413	108	33
1089	412	100	32
1090	410	105	32
1092	410	104	32
1094	408	101	32
1095	410	98	30
1097	410	100	31
1098	408	99	31
1099	406	98	31
1102	407	98	30
1103	407	98	31
1106	408	103	31
1109	408	98	31
1109	407	100	31
1111	406	101	31
1113	404	105	31
1115	405	103	31
1118	407	106	31
1122	409	100	29
1123	409	104	31
1124	411	104	29
1127	410	103	29
1129	415	98	28
1128	416	104	29
1131	417	105	30
1132	417	103	30
1133	417	97	31
1133	418	97	28
1131	415	98	28
1130	414	98	30
1126	413	100	31
1127	412	96	29
1126	411	98	29
1122	408	100	31
1121	408	98	29
1119	407	101	31
1119	407	102	30
1119	405	104	31
1120	402	105	33
1119	402	105	32
1121	401	103	33
1121	403	102	33
1120	404	106	34
1121	406	106	32
1123	403	106	34
1124	404	107	33
1125	401	105	32
1126	399	110	31
1127	396	108	31
1129	391	109	31
1129	387	110	30
1131	383	109	31
1132	377	109	32
1130	372	113	33
1131	368	111	34
1134	368	108	35
1134	365	113	33
1137	366	107	33
1137	365	107	35
1137	364	108	34
1135	365	113	33
1133	363	118	34
1137	366	116	33
1137	367	113	34
1134	366	119	32
1137	367	112	34
1136	366	115	33
1132	368	116	31
1133	366	116	32
1131	368	115	32
1132	367	117	34
1127	365	124	32
1124	365	130	31
1125	363	125	33
1122	361	123	33
1121	361	127	31
1119	359	120	32
1116	357	123	32
1114	356	121	30
1113	355	118	32
1111	355	117	30
1110	355	118	31
1107	357	121	30
1108	355	119	31
1105	351	123	34
1099	350	130	33
1101	348	124	35
1100	350	126	32
1099	348	127	34
1100	350	122	31
1100	349	123	30
1099	347	124	32
1095	344	123	33
1093	347	123	32
1092	347	127	31
1092	347	127	32
1090	347	128	32
1089	348	129	31
1089	349	129	31
1088	348	130	32
1088	350	131	30
1086	351	132	29
1087	350	131	31
1087	351	132	30
1085	352	134	31
1085	353	134	30
1082	350	135	32
1082	349	130	30
1077	346	132	29
1074	342	132	30
1077	338	130	29
1074	335	136	29
1076	334	135	29
1073	335	138	28
1073	331	132	29
1073	328	129	27
1069	325	135	26
1068	321	131	27
1065	317	131	28
1062	313	135	28
1060	308	133	29
1057	305	131	28
1054	301	131	27
1052	298	130	25
1051	294	131	28
1047	293	138	28
1046	294	142	27
1046	295	139	27
1045	297	137	26
1047	298	136	25
1045	298	140	26
1044	298	140	26
1045	299	139	25
1044	298	141	25
1044	296	140	26
1043	293	143	27
1043	294	140	26
1045	295	140	27
1045	297	139	25
1045	298	139	25
1044	301	142	25
1045	302	140	25
1047	305	139	25
1047	308	142	26
1049	311	139	26
1049	312	141	26
1051	313	142	25
1052	312	142	26
1052	311	141	26
1053	310	140	26
1054	310	142	26
1055	310	139	25
1056	311	138	25
1058	312	138	26
1060	311	138	27
1059	313	140	24
1062	311	137	26
1061	309	136	26
1062	308	136	26
1061	307	135	26
1063	307	134	26
1065	309	133	25
1065	308	136	27
1065	309	137	26
1065	310	137	25
1067	311	136	25
1068	312	136	25
1068	312	133	27
1067	312	136	26
1068	312	133	26
1068	314	134	25
1068	314	133	26
1068	315	133	26
1067	317	134	25
1068	315	132	28
1068	317	131	25
1068	317	131	26
1068	318	132	26
1069	318	131	26
1069	319	132	25
1070	317	129	26
1068	318	132	25
1068	319	134	25
1070	320	130	25
1070	319	132	26
1070	322	130	23
1071	321	131	25
1070	320	132	25
1071	319	127	25
1070	317	132	26
1069	318	132	25
1071	316	131	25
1072	318	128	23
1072	318	126	23
1071	319	128	24
1070	321	129	24
1071	322	124	23
1070	323	128	23
1070	322	127	24
1069	319	126	26
1067	317	130	26
1067	316	129	26
1067	318	128	25
1068	319	127	24
1068	322	128	23
1067	324	129	23
1068	323	130	23
1068	323	129	24
1067	323	127	23
1067	320	129	24
1066	316	128	27
1063	318	129	24
1064	319	129	24
1063	320	130	23
1064	320	126	23
1061	320	126	24
1060	317	128	25
1057	315	130	26
1055	313	128	24
1055	309	127	27
1052	309	127	26
1051	311	130	25
1049	312	131	25
1049	314	129	24
1048	313	132	25
1047	313	132	24
1047	311	134	24
1049	311	130	24
1049	311	131	25
1049	312	130	26
1048	313	134	24
1050	314	131	25
1050	316	132	24
1049	317	132	24
1050	318	129	24
1049	320	133	24
1051	322	131	24
1052	326	130	24
1052	330	131	24
1054	331	130	25
1055	334	130	24
1056	335	133	23
1058	336	133	23
1061	336	129	23
1062	337	132	23
1064	336	129	23
1064	336	132	25
1066	338	131	24
1069	341	129	24
1069	343	130	23
1070	346	129	24
1070	348	131	23
1071	350	131	24
1072	352	130	23
1074	353	130	23
1075	354	131	23
1076	356	131	23
1078	357	129	22
1076	357	132	23
1079	355	129	23
1080	355	129	23
1081	355	130	23
1083	355	129	24
1083	356	131	24
1084	358	129	23
1084	359	134	23
1085	360	131	23
1087	363	128	23
1086	366	130	23
1087	368	129	23
1087	370	128	23
1087	372	129	23
1088	373	130	25
1085	375	130	24
1086	376	132	24
1087	378	128	24
1085	378	132	25
1085	379	128	24
1084	379	130	24
1084	381	130	23
1082	380	127	23
1080	380	128	22
1081	381	127	23
1079	380	127	23
1078	380	127	23
1075	379	129	23
1074	377	127	23
1073	377	127	22
1067	377	128	23
1065	377	131	24
1063	379	129	22
1060	378	130	24
1061	380	130	23
1059	381	127	23
1058	382	127	24
1057	381	130	24
1056	379	124	24
1055	377	125	24
1053	377	127	23
1053	376	125	24
1050	373	126	25
1049	374	127	24
1048	375	128	23
1045	374	130	24
1047	374	126	24
1046	374	125	23
1042	372	129	24
1044	372	127	24
1042	372	130	23
1043	372	127	23
1043	374	126	24
1042	375	130	24
1042	376	126	23
1042	375	126	23
1041	376	128	23
1039	373	128	23
1039	372	129	24
1039	371	129	23
1038	368	127	25
1041	369	122	24
1038	369	124	24
1037	367	127	24
1036	366	128	25
1035	365	127	25
1035	366	128	24
1035	366	129	24
1035	366	127	25
1034	366	129	24
1035	366	127	25
1034	366	128	25
1034	365	128	24
1035	363	125	25
1034	358	128	27
1034	358	126	26
1032	359	128	25
1032	361	129	25
1030	362	128	24
1031	362	128	25
1032	362	126	24
1032	361	125	24
1030	360	126	23
1031	358	127	24
1031	356	127	24
1033	353	127	25
1032	354	130	24
1032	354	130	24
1033	353	132	25
1035	352	131	26
1034	353	135	25
1036	350	133	25
1037	349	133	25
1037	347	138	26
1039	346	134	27
1038	346	139	27
1039	346	136	27
1037	347	142	28
1041	347	137	29
1043	346	142	30
1044	346	140	32
1046	346	140	33
1046	347	140	34
1049	348	143	34
1050	347	143	35
1049	345	141	36
1049	346	144	37
1049	342	145	38
1049	340	144	41
1049	339	144	41
1049	341	144	41
1048	342	148	42
1049	340	146	49
1049	342	149	47
1052	342	147	48
1049	343	146	48
1049	343	148	50
1049	343	148	50
1046	340	150	51
1044	340	155	52
1043	340	151	51
1042	341	156	53
1042	340	154	52
1038	341	154	51
1038	340	154	54
1039	341	152	53
1036	341	150	53
1034	341	148	56
1033	343	145	56
1032	345	143	56
1032	346	142	55
1035	346	137	57
1031	346	140	56
1029	346	139	57
1032	345	133	56
1030	346	132	57
1026	345	134	58
1023	345	134	61
1021	346	133	59
1018	346	135	63
1015	347	131	63
1010	345	134	66
1009	343	135	64
1005	339	137	65
1004	332	136	72
1004	331	133	66
1004	330	134	64
1003	329	132	67
1004	330	132	65
1005	331	133	68
1004	333	132	66
1002	335	136	67
1001	335	139	67
1000	333	139	68
1000	329	140	72
1000	327	139	69
1000	326	143	71
1001	324	137	72
999	323	140	75
998	325	143	72
1002	325	140	75
1000	328	146	73
1003	332	141	72
1005	335	141	72
1006	334	144	77
1007	336	145	74
1008	336	147	77
1009	338	149	73
1011	341	147	73
1015	342	146	74
1016	343	146	75
1016	344	145	72
1014	345	151	71
1014	344	152	71
1015	346	150	69
1017	345	150	71
1017	345	148	73
1015	346	150	72
1017	347	151	70
1018	347	152	70
1016	347	155	72
1018	348	151	72
1018	349	154	70
1019	349	149	70
1018	350	152	70
1017	349	151	72
1018	349	153	72
1017	350	150	68
1018	349	151	67
1018	349	146	67
1014	348	150	69
1013	348	151	68
1015	348	152	67
1015	347	149	68
1011	347	154	67
1015	346	153	69
1016	347	150	67
1016	348	150	68
1017	348	147	67
1015	349	153	67
1015	350	154	60
1017	349	150	62
1018	346	150	65
1018	346	151	64
1018	346	150	64
1020	347	148	65
1020	348	152	62
1022	349	151	63
1022	348	151	66
1023	348	151	64
1025	350	149	62
1026	351	148	67
1027	354	151	63
1024	357	154	60
1028	358	149	62
1031	358	148	62
1031	359	150	62
1033	359	148	62
1035	359	146	63
1035	360	149	63
1037	360	146	62
1037	361	149	61
1042	360	146	65
1042	363	147	63
1044	365	147	61
1046	366	146	63
1047	368	147	63
1049	370	146	64
1048	371	147	63
1049	372	146	63
1048	372	146	62
1048	372	147	64
1050	372	146	63
1052	373	147	63
1054	373	149	62
1058	370	148	62
1063	369	145	64
1070	369	142	64
1071	369	144	65
1070	369	148	65
1071	368	157	63
1078	368	160	65
1084	364	165	67
1092	362	169	69
1101	362	171	70
1108	362	174	73
1115	364	169	73
1132	365	162	76
1142	367	150	75
1166	367	136	76
1186	363	122	80
1204	359	110	83
1221	355	97	73
1232	353	83	67
1249	350	83	67
1249	350	83	67
1249	350	83	67
1249	350	83	67
1249	350	83	67
1249	350	83	67
1249	350	83	67
1249	350	83	67
1249	350	83	67
1249	350	83	67
1249	350	83	67
1249	350	83	67
1249	350	83	67
1249	350	83	67
1249	350	83	67
1249	350	83	67
1249	350	83	67
1249	350	83	67
1249	350	83	67
1249	350	83	67
1249	350	83	67
1249	350	83	67
1249	350	83	67
1249	350	83	67
1249	350	83	67
1250	309	71	76
1218	312	77	68
1214	308	75	75
1198	304	79	77
1160	302	96	82
1157	300	115	94
1129	294	142	103
1075	295	165	101
998	300	192	99
956	299	225	99
909	296	240	103
856	291	271	105
832	287	272	106
813	291	275	106
802	294	278	108
797	297	269	106
789	298	269	107
777	299	270	106
764	296	272	103
752	297	268	100
743	298	263	109
724	304	278	104
717	305	267	106
701	304	276	108
689	302	279	102
679	298	283	104
674	295	281	114
668	302	284	116
656	308	296	118
646	317	310	116
645	321	309	122
637	322	320	121
633	323	326	124
631	325	338	129
627	339	344	127
628	341	361	137
637	346	365	147
647	372	382	140
643	378	399	150
661	393	396	154
655	395	425	155
653	393	433	160
655	393	439	165
656	401	443	170
649	404	460	173
641	405	463	172
641	401	455	171
630	399	465	174
624	399	464	170
636	400	449	176
622	411	466	171
612	412	467	171
611	405	462	174
613	399	452	168
601	384	466	163
598	366	480	170
606	352	471	176
613	356	471	176
626	361	466	184
635	365	456	177
629	370	463	171
632	364	478	178
629	364	473	176
646	363	450	170
631	356	460	170
625	360	464	170
617	340	475	173
616	323	465	175
610	311	461	173
606	297	456	174
590	284	465	178
597	279	460	179
585	286	467	184
588	294	462	180
574	305	473	178
591	296	445	179
578	294	459	173
566	293	464	167
580	285	454	173
567	280	464	181
554	282	470	174
543	275	482	174
542	263	475	172
536	253	466	170
548	253	464	176
543	254	467	180
540	251	467	176
534	251	470	177
530	251	473	173
526	244	467	174
535	245	468	177
539	247	457	182
522	257	472	176
534	261	457	178
520	263	468	175
530	258	449	184
520	263	465	184
517	263	470	184
529	268	454	180
515	267	465	180
504	267	471	181
505	265	470	177
516	260	453	178
503	263	466	180
504	261	467	181
508	260	460	180
493	263	475	177
485	257	475	181
479	244	474	182
479	238	473	184
494	244	455	175
494	239	451	187
495	253	454	189
500	263	456	187
504	281	451	180
503	308	458	185
512	322	456	182
521	329	452	190
528	327	466	181
527	322	469	179
556	313	451	184
563	320	453	177
570	325	458	183
584	336	444	181
585	350	460	185
590	359	455	181
589	361	470	187
596	365	459	183
606	359	458	183
593	359	469	175
611	359	465	180
597	354	472	179
614	341	455	185
613	332	456	184
622	326	450	180
609	326	465	182
623	318	456	186
623	318	459	188
627	322	463	180
630	324	451	177
625	316	468	176
645	317	450	187
653	326	449	183
657	334	460	185
661	336	461	187
667	336	458	184
673	334	455	178
668	320	471	183
676	315	464	182
688	315	461	181
681	318	465	176
687	306	467	181
688	304	463	180
687	296	462	179
689	301	459	184
680	310	471	184
687	313	467	182
697	315	450	183
680	307	470	184
684	312	464	190
696	314	457	189
686	319	472	190
689	322	468	184
694	322	453	185
696	307	452	185
694	298	461	184
701	293	458	185
708	292	450	183
702	291	459	183
693	286	468	181
698	280	462	179
701	268	463	188
697	269	468	184
697	261	464	183
707	265	447	185
687	262	467	182
678	263	481	185
684	263	468	184
685	264	464	190
684	271	469	184
685	275	458	185
682	280	462	189
684	281	465	192
687	289	467	188
688	282	470	190
685	273	472	191
694	274	462	186
684	279	469	189
686	283	469	192
691	284	466	197
674	282	476	189
682	274	460	188
665	265	477	187
665	258	472	191
664	261	475	185
669	263	468	192
667	272	474	189
671	270	467	196
672	276	465	193
674	281	464	191
670	285	467	192
669	285	466	185
665	281	464	188
656	263	472	193
650	259	479	193
636	248	478	184
643	246	468	186
637	250	477	187
650	256	462	194
649	272	464	188
638	280	477	188
639	278	472	184
627	279	476	184
630	283	475	186
634	288	471	191
630	291	476	192
621	306	482	189
630	302	467	188
613	304	486	188
628	301	465	182
626	304	467	189
612	307	478	183
610	308	477	178
621	311	462	179
603	308	479	172
609	298	463	176
605	296	467	175
609	291	460	170
611	290	462	177
607	290	469	178
620	287	452	178
605	292	464	176
611	284	446	175
608	279	441	178
609	279	438	182
604	281	431	181
597	284	426	182
593	284	416	178
595	287	425	180
589	271	422	194
580	259	420	199
569	249	416	196
570	237	405	197
560	237	411	183
559	244	405	179
564	242	410	187
580	239	398	189
592	243	406	188
620	245	393	202
631	261	383	177
641	268	375	206
660	271	350	190
650	269	350	182
649	253	352	187
641	234	350	184
636	221	349	166
631	220	360	161
625	215	365	144
628	215	357	142
633	218	347	155
633	222	346	159
637	235	341	148
654	245	326	143
652	253	329	146
663	262	322	129
668	274	316	136
681	279	325	133
690	285	312	118
700	293	278	106
715	296	273	95
721	299	276	96
741	295	269	107
750	293	266	104
764	286	271	115
777	280	264	115
791	278	259	114
811	279	249	110
816	277	261	115
825	274	263	113
840	273	255	115
845	270	259	112
858	269	252	112
861	268	254	111
869	274	247	110
869	276	252	110
877	286	243	108
878	291	248	110
885	298	242	101
892	302	238	102
899	303	230	98
902	302	235	101
914	301	231	98
913	295	246	99
923	291	244	98
934	290	239	98
944	288	239	98
954	284	237	97
960	286	239	98
974	282	237	100
982	281	235	98
991	283	237	96
1001	278	241	97
1011	280	237	98
1019	278	243	97
1030	277	235	100
1040	278	234	101
1049	280	231	105
1055	279	227	99
1061	283	223	98
1065	283	222	100
1072	285	220	102
1076	288	213	95
1082	290	210	98
1087	288	200	95
1087	285	206	95
1092	282	197	94
1094	275	192	99
1097	274	194	100
1095	278	192	98
1092	282	195	93
1095	282	191	99
1092	281	196	97
1088	274	203	95
1079	264	207	95
1060	265	225	95
1041	266	228	97
1022	269	228	97
996	273	227	96
981	276	222	98
969	279	219	99
957	282	216	96
944	280	218	96
936	278	220	94
938	279	207	95
932	280	208	89
932	281	204	91
933	279	200	89
933	280	193	85
931	279	190	85
930	277	184	83
930	276	182	81
925	278	182	79
922	280	179	76
922	282	175	78
918	288	172	75
920	292	165	76
913	298	164	76
913	302	162	74
908	309	163	70
910	309	157	69
908	311	149	67
905	310	152	66
905	309	147	66
904	313	142	64
905	317	143	62
905	318	139	62
907	320	137	61
912	322	134	61
917	323	135	59
927	326	132	58
936	326	133	60
943	328	133	58
953	326	133	60
960	327	132	60
969	325	132	60
979	323	128	60
985	324	129	60
989	323	133	62
997	322	133	60
998	319	139	63
1005	317	135	60
1012	318	132	60
1015	318	134	60
1019	318	136	60
1024	316	134	58
1028	313	135	60
1031	312	134	57
1035	308	133	59
1037	305	134	58
1043	304	127	61
1041	302	129	61
1041	299	128	61
1040	299	128	61
1039	297	129	62
1039	298	127	59
1040	299	126	60
1037	300	128	60
1037	303	129	60
1042	304	121	61
1041	306	122	59
1041	308	124	60
1039	309	128	60
1044	311	123	61
1042	312	129	61
1044	314	129	59
1043	316	129	59
1043	319	130	58
1044	320	129	58
1044	324	130	57
1043	326	128	57
1043	326	127	58
1043	330	127	56
1041	330	126	56
1042	333	125	57
1040	335	131	57
1039	337	129	58
1037	340	133	57
1033	342	138	58
1031	342	133	61
1028	344	134	58
1026	344	132	60
1022	346	135	60
1018	347	135	59
1018	347	133	59
1012	348	135	58
1010	352	133	56
1006	357	132	55
1005	358	131	54
1000	362	135	56
1000	363	130	57
993	366	130	56
990	371	127	53
986	375	123	55
978	379	124	50
972	378	127	53
969	378	128	53
967	380	127	54
966	378	128	55
963	378	128	57
968	378	127	60
966	377	131	54
971	377	126	48
970	377	127	48
977	376	121	49
978	376	125	50
982	377	120	50
987	377	116	50
987	376	114	52
990	375	109	53
990	375	108	51
992	375	110	52
995	374	108	52
996	375	104	54
996	373	105	56
997	372	104	57
1003	376	100	52
1002	375	101	53
1009	374	97	53
1006	375	102	52
1012	372	95	52
1010	372	96	52
1018	371	92	53
1017	373	92	50
1020	374	91	50
1025	376	89	49
1028	378	84	49
1033	379	83	48
1035	379	82	48
1039	379	82	48
1044	379	81	49
1049	381	80	48
1056	384	81	47
1060	384	88	48
1066	382	85	50
1071	380	87	50
1077	379	85	49
1081	376	87	48
1090	375	82	49
1093	373	82	49
1099	373	82	48
1104	372	81	49
1108	371	84	49
1113	370	82	49
1117	367	78	49
1120	364	69	49
1125	362	66	49
1127	363	66	49
1128	361	68	48
1134	360	63	49
1133	360	64	47
1135	357	64	49
1138	358	62	49
1141	359	62	48
1145	358	62	52
1150	359	61	51
1153	360	61	50
1155	361	63	49
1158	359	64	49
1159	358	67	48
1162	356	68	50
1168	357	63	49
1173	358	63	48
1177	358	66	49
1184	360	70	49
1189	361	74	49
1194	362	72	51
1203	363	68	50
1208	365	67	50
1212	366	67	51
1216	369	65	51
1216	372	69	50
1220	374	62	51
1223	376	60	49
1223	377	57	48
1227	378	51	49
1228	379	54	46
1232	379	50	46
1234	377	48	47
1238	378	44	48
1242	379	43	48
1243	382	44	48
1247	384	38	44
1250	386	33	40
1253	387	29	39
1253	385	29	44
1254	386	29	42
1257	386	24	40
1256	387	25	40
1258	387	23	38
1258	388	24	36
1257	389	25	35
1257	391	24	34
1254	393	26	33
1252	395	28	35
1249	397	27	33
1245	398	33	32
1245	402	36	41
1244	400	40	50
1237	399	46	52
1229	401	54	49
1224	400	57	51
1216	400	67	51
1209	398	72	54
1200	399	78	53
1189	400	86	52
1179	401	92	52
1172	401	90	51
1164	401	92	52
1153	400	96	52
1146	398	94	53
1136	398	97	52
1127	399	96	51
1117	399	99	50
1109	399	99	52
1104	398	94	53
1097	397	95	53
1089	395	100	53
1084	393	103	52
1079	390	103	53
1074	388	101	51
1072	386	98	53
1068	386	99	51
1064	386	101	53
1062	387	100	52
1059	387	100	54
1055	385	101	57
1049	386	106	55
1045	381	106	56
1042	377	105	56
1031	371	113	56
1027	370	112	51
1024	365	110	54
1021	365	111	55
1017	368	112	54
1013	370	112	54
1008	366	113	57
1006	367	112	55
1003	364	112	56
998	363	115	55
997	360	112	58
994	360	114	56
990	360	115	55
986	359	117	52
987	355	113	55
982	352	116	55
975	352	120	56
973	351	121	55
970	349	121	55
964	348	125	55
963	347	122	53
956	345	127	56
949	344	131	51
947	341	128	54
946	337	125	51
942	336	128	54
937	334	127	54
932	335	128	55
927	338	129	54
922	340	125	56
909	341	126	56
878	349	129	49
812	345	132	51
798	345	126	51
795	345	128	51
769	341	138	50
757	340	135	51
747	335	131	53
733	333	133	52
730	331	126	53
723	330	127	52
716	326	128	57
712	325	123	56
708	326	123	58
708	322	119	62
701	317	126	68
697	311	127	74
691	304	126	79
686	300	127	79
680	290	126	89
674	290	127	86
670	290	126	88
667	289	122	89
662	289	123	89
658	290	123	87
655	288	129	88
653	289	128	89
653	287	131	91
656	285	132	94
657	284	134	94
662	285	135	94
666	284	138	98
682	282	136	104
697	282	140	108
719	282	148	112
747	281	145	114
766	279	147	112
785	275	143	118
799	278	141	117
810	277	136	120
815	276	132	118
811	273	129	121
809	266	123	126
803	263	126	127
795	268	131	130
790	274	125	129
788	282	123	134
781	287	120	128
772	286	120	127
765	283	126	129
759	279	124	130
753	275	125	129
744	280	132	126
736	280	131	130
732	284	129	129
723	289	133	127
719	291	132	127
715	292	134	127
707	292	136	127
704	292	138	128
699	293	139	128
697	294	136	129
695	293	134	130
696	293	135	128
694	291	137	125
690	285	137	129
691	285	136	125
692	286	135	124
697	284	140	127
699	285	132	128
693	287	137	128
700	285	136	131
704	280	136	134
706	278	143	129
708	279	142	129
716	280	139	125
716	283	146	127
726	287	149	127
734	289	153	125
746	286	152	126
755	286	152	124
765	283	155	123
771	282	156	122
780	279	149	124
790	283	147	125
793	286	151	125
799	284	146	127
799	287	143	122
797	284	151	118
801	281	147	122
801	283	144	124
802	284	149	122
802	282	144	123
806	281	145	117
805	279	149	120
806	277	148	118
807	278	148	121
811	279	147	120
809	281	148	120
809	279	149	122
811	281	148	120
812	281	142	119
810	282	144	122
809	285	146	116
805	289	143	119
803	298	144	114
799	297	140	114
796	296	140	118
795	296	141	113
790	293	144	114
789	295	147	114
791	294	148	114
787	295	154	113
790	299	151	108
792	302	150	109
792	302	156	106
788	300	158	107
785	296	158	105
781	292	161	105
780	284	164	107
775	278	165	106
772	273	166	108
774	269	161	109
765	264	169	106
766	257	170	106
760	250	171	109
767	251	170	111
761	253	180	108
760	246	180	110
759	244	183	108
756	246	187	108
751	241	185	105
750	241	192	107
747	241	192	106
744	241	198	107
742	241	195	109
739	245	200	104
739	248	204	104
736	251	206	103
738	253	206	106
734	252	212	106
734	253	215	106
735	253	216	109
738	253	218	107
735	251	220	107
727	256	232	101
731	244	227	111
728	245	237	110
722	244	245	108
722	242	240	109
725	236	240	111
713	237	243	110
715	240	249	105
709	242	251	105
713	247	242	115
706	253	248	107
702	258	256	108
697	259	256	108
694	263	259	106
691	261	266	111
694	266	261	107
694	269	261	102
688	269	271	102
684	269	272	100
688	264	269	103
683	260	274	102
682	265	277	102
683	259	277	107
685	258	273	107
676	254	281	108
684	254	273	100
675	260	280	102
675	255	279	106
678	259	280	108
670	260	285	113
664	255	293	103
667	254	293	110
666	258	292	108
668	257	291	110
664	257	292	110
673	260	290	108
667	252	288	107
661	257	308	109
662	249	311	112
659	254	306	111
662	258	314	107
662	253	309	117
660	259	321	114
658	261	323	111
658	258	328	106
661	254	320	108
658	251	323	111
657	252	330	112
657	248	323	110
654	252	326	105
655	245	322	110
653	242	327	108
656	238	321	114
652	243	311	110
649	251	328	111
651	263	320	106
652	262	320	114
647	270	323	108
647	274	321	109
649	270	316	112
648	273	326	109
649	269	321	113
646	267	314	105
651	269	322	109
652	265	317	112
655	260	330	103
660	251	322	109
659	245	319	110
659	256	324	103
664	254	318	107
667	263	322	104
668	258	317	107
671	260	316	108
671	264	318	102
672	264	319	107
670	263	318	104
674	265	321	108
675	260	318	110
679	266	306	109
677	262	304	106
681	266	313	116
680	271	305	111
681	269	300	113
683	283	306	100
689	274	295	103
692	278	298	105
697	270	276	102
699	272	280	102
696	266	275	101
697	267	279	100
705	266	267	102
701	267	267	102
703	275	264	101
702	272	259	104
709	271	258	110
704	272	257	104
700	270	261	105
702	267	256	99
702	261	256	102
707	258	250	104
707	252	248	102
708	252	249	106
710	250	246	104
704	252	255	101
709	247	247	100
708	242	247	101
705	238	250	105
710	240	247	105
712	245	247	107
708	243	250	107
708	246	250	109
706	245	250	105
700	249	253	103
698	242	254	104
701	246	248	104
697	249	252	110
703	251	248	110
698	255	256	108
701	258	251	105
699	259	252	111
695	262	255	105
697	270	255	103
701	276	252	105
696	275	256	108
700	273	250	108
693	277	258	102
695	274	250	104
693	279	258	104
698	281	252	107
700	291	253	105
700	295	258	110
705	303	258	109
712	312	255	109
722	323	260	105
726	328	257	104
738	335	262	101
739	339	262	103
746	340	268	106
756	346	266	106
766	362	266	99
780	367	262	106
792	375	262	109
803	388	260	106
821	396	263	108
835	408	265	104
854	419	270	98
877	424	276	103
904	427	273	102
938	431	262	102
986	442	248	99
1002	443	265	96
1028	451	252	93
1064	455	224	100
1090	462	201	99
1112	468	195	101
1129	474	169	97
1149	480	150	94
1158	485	133	87
1173	485	116	91
1178	492	119	88
1182	495	110	85
1186	495	100	87
1188	497	102	87
1196	498	92	86
1199	501	89	80
1199	501	95	83
1201	503	93	80
1202	502	90	80
1200	503	88	80
1202	501	84	82
1196	504	90	79
1192	507	89	76
1186	502	98	79
1177	498	101	79
1162	493	113	78
1157	484	125	82
1140	479	142	72
1112	474	165	72
1093	467	177	72
1067	458	172	70
1036	448	182	69
1022	442	173	71
1014	436	160	67
1001	433	157	64
994	427	156	64
989	424	146	67
982	423	146	63
976	421	142	60
972	421	142	57
968	418	139	57
967	415	134	56
965	414	131	54
967	411	126	55
968	412	124	53
968	411	122	52
971	410	119	48
974	409	114	50
974	409	113	49
976	410	113	47
979	410	110	48
981	409	107	46
985	409	105	47
990	410	104	44
994	410	102	43
1003	409	99	42
1014	408	98	39
1043	407	98	40
1089	407	96	38
1126	402	91	39
1156	398	89	37
