2.284624
0.041413
0.043690
0.042854
0.042661
0.045209
0.040553
0.043179
0.041953
0.042324
0.042392
0.042359
0.042078
0.042020
0.042040
0.042038
0.042115
0.041962
0.042515
0.042083
0.047150
0.042103
0.042233
0.041715
0.042208
0.042293
0.043808
0.042666
0.043132
0.042679
0.043104
0.043869
0.042144
0.042585
0.043766
0.043094
0.042657
0.042587
0.043438
0.042729
0.048917
0.042881
0.042855
0.042296
0.043215
0.043220
0.043856
0.043050
0.043856
0.040915
0.042065
0.044944
0.040595
0.041455
0.042261
0.041954
0.042210
0.040980
0.044384
0.043422
0.047878
0.042953
0.041845
0.041768
0.041635
0.041827
0.041881
0.042576
0.042167
0.042311
0.041896
0.041777
0.042364
0.042413
0.041856
0.042621
0.042085
0.041974
0.041543
0.042690
0.047628
0.041674
0.163240
0.040355
0.041422
0.042407
0.041447
0.042147
0.042508
0.042593
0.042114
0.042054
0.042424
0.041757
0.041412
0.042006
0.042101
0.042975
0.041668
0.041339
0.047251
0.041922
0.042016
0.042541
0.041466
0.041826
0.041480
0.041388
0.041955
0.043453
0.095526
0.040468
0.043284
0.040569
0.039109
0.039186
0.042006
0.040652
0.042143
0.040483
0.046800
0.039822
0.039237
0.038619
0.043417
0.040870
0.039955
0.041354
0.040611
0.039798
0.040224
0.040666
0.040359
0.039716
0.039253
0.040957
0.044004
0.041869
0.041532
0.041286
0.047015
0.041266
0.040748
0.042716
0.042075
0.042676
0.046789
0.046770
0.041641
0.042145
0.042293
0.042035
0.042786
0.040622
0.041870
0.041829
0.043505
0.041128
0.042135
0.042328
0.047508
0.041248
0.040657
0.041058
0.042368
0.041600
0.044531
0.041444
0.043705
0.040833
0.040808
0.041296
0.042080
0.042751
0.041152
0.041929
0.040992
0.040973
0.041591
0.041935
0.047220
0.042354
0.042163
0.041341
0.040842
0.042330
0.043231
0.042817
0.043346
0.042052
0.042848
0.039476
0.039211
0.039076
0.039761
0.039089
0.039644
0.038954
0.039731
0.039110
0.044680
0.039121
0.038868
0.038980
0.039015
0.039155
0.039596
0.039129
0.041157
0.038492
0.038537
0.039368
0.039343
0.050927
0.039917
0.046135
0.043015
0.040799
0.041174
0.040849
0.046766
0.042514
0.045602
0.040742
0.040601
0.041362
0.043029
0.043454
0.040424
0.041420
0.042281
0.043489
0.040795
0.041287
0.042315
0.041630
0.042047
0.042243
0.041282
0.040889
0.046765
0.042583
0.044366
0.042102
0.113109
0.050012
0.041445
0.040368
0.039733
0.040226
0.039284
0.039808
0.038902
0.040502
0.039784
0.040683
0.040639
0.039855
0.039634
0.042514
0.049047
0.042715
0.043304
0.043752
0.044258
0.042479
0.042424
0.042373
0.042370
0.042325
0.041277
0.042578
0.050353
0.047622
0.045771
0.046047
0.044658
0.039194
0.042292
0.042818
0.050189
0.043356
0.042005
0.043337
0.041885
0.042429
0.042145
0.046528
0.044078
0.041575
0.044072
0.042887
0.041320
0.046406
0.041118
0.041158
0.044610
0.046683
0.040891
0.042581
0.048043
0.043442
0.042561
0.045224
0.041289
0.042692
0.042808
0.042189
0.041270
0.046330
0.048586
0.043380
0.043942
0.041961
0.040805
0.040739
0.040605
0.041946
0.041321
0.040215
0.046728
0.040966
0.041551
0.040815
0.040677
0.041606
0.043521
0.041181
0.041841
0.042138
0.043628
0.042847
0.041544
0.041845
0.043991
0.043555
0.044665
0.042325
0.045531
0.041070
0.046376
0.041065
0.040627
0.041177
0.041829
0.041096
0.040973
0.040823
0.041778
0.041429
0.041232
0.041969
0.041429
0.041157
0.040599
0.040509
0.041897
0.042376
0.041775
0.041008
0.048162
0.044075
0.041233
0.043775
0.042272
0.043109
0.041323
0.041998
0.043156
0.041082
0.041082
0.041102
0.040663
0.040568
0.040991
0.041242
0.040361
0.040873
0.041130
0.040881
0.046755
0.040607
0.040756
0.040838
0.041034
0.041353
0.041507
0.041467
0.042300
0.042271
0.043111
0.042695
0.042048
0.041831
0.041867
0.040953
0.040684
0.040616
0.039968
0.040208
0.046852
0.041743
0.041281
0.040320
0.131979
0.045689
0.043130
0.039922
0.041377
0.041958
0.043729
0.040596
0.040472
0.040239
0.041075
0.042216
0.041883
0.041635
0.040676
0.043069
0.046327
0.041101
0.041395
0.040291
0.042147
0.041456
0.039872
0.041817
0.041813
0.041439
0.041330
0.040370
0.039785
0.190693
0.041624
0.042321
0.041753
0.042762
0.041907
0.042913
0.046527
0.040314
0.041309
0.040638
0.040498
0.040092
0.039591
0.041123
0.040315
0.040397
0.041329
0.041743
0.039819
0.039870
0.042238
0.040926
0.039499
0.040432
0.040843
0.040488
0.045068
0.041083
0.041717
0.040710
0.040324
0.040906
0.041307
0.039205
0.041397
0.040656
0.039529
0.040011
0.040642
0.040763
0.041014
0.041137
0.039050
0.040257
0.040009
0.038785
0.047423
0.041383
0.041598
0.041564
0.041988
0.041204
0.040629
0.039967
0.039903
0.039013
0.040414
0.040747
0.038897
0.039137
0.039075
0.039263
0.038986
0.040068
0.039204
0.040129
0.045917
0.040105
0.039932
0.039751
0.043211
0.043123
0.040935
0.040101
0.041688
0.041618
0.043501
0.042020
0.042083
0.039523
0.039681
0.040997
0.041134
0.039764
0.040728
0.039881
0.045510
0.040711
0.039856
0.039843
0.042401
0.041814
0.039519
0.041578
0.040294
0.041864
0.041345
0.039329
0.042343
0.040957
0.040982
0.041223
0.041363
0.041247
0.039580
0.039566
0.045344
0.040039
0.040016
0.040641
0.042441
0.040946
0.039726
0.039947
0.040449
0.040287
0.040023
0.041520
0.040318
0.039882
0.040580
0.040436
0.039330
0.039929
0.042061
0.040517
0.045708
0.040271
0.040378
0.039914
0.039634
0.040160
0.039806
0.040005
0.040273
0.041388
0.091269
0.041065
0.041053
0.043317
0.040198
0.040288
0.041329
0.041805
0.041826
0.041113
0.046540
0.039829
0.043893
0.040677
0.040890
0.040525
0.040361
0.041294
0.040831
0.042132
0.041852
0.041301
0.040732
0.041382
0.042146
0.045094
0.041422
0.041837
0.042051
0.041981
0.047289
0.040499
0.043855
0.041158
0.041934
0.041727
0.041619
0.041207
0.040040
0.040289
0.040134
0.040322
0.040521
0.039425
0.041223
0.041255
0.040364
0.044749
0.045747
0.040392
0.046425
0.041316
0.043657
0.041979
0.043928
0.040332
0.040930
0.041358
0.041487
0.041419
0.041078
0.043167
0.041059
0.041057
0.041115
0.041569
0.041631
0.040988
0.041238
0.041357
0.046349
0.045603
0.040468
0.041253
0.041632
0.040791
0.041308
0.040467
0.040678
0.041339
0.040122
0.040845
0.041115
0.042140
0.041943
0.042090
0.041087
0.040956
0.040775
0.040493
0.046222
0.041096
0.040777
0.039871
0.040691
0.040397
0.039894
0.040233
0.040909
0.039849
0.040531
0.041155
0.041954
0.041747
0.046195
0.042132
0.042036
0.041997
0.040838
0.040627
0.045656
0.040189
0.040576
0.040224
0.042698
0.038911
0.040700
0.039346
0.039653
0.040105
0.040878
0.040171
0.039568
0.041724
0.039881
0.041905
0.040384
0.039831
0.040467
0.039567
0.045891
0.039380
0.040467
0.049181
0.112456
0.042254
0.043961
0.043257
0.046688
0.042834
0.047774
0.041336
0.040624
0.041276
0.043509
0.039781
0.039649
0.040246
0.039953
0.040361
0.047106
0.041038
0.040382
0.040802
0.041297
0.041904
0.041974
0.041485
0.041363
0.040876
0.042138
0.041258
0.041267
0.146286
0.039660
0.040757
0.041343
0.041587
0.040602
0.040848
0.046932
0.041518
0.041455
0.041059
0.039521
0.040757
0.041327
0.041154
0.040738
0.038739
0.038897
0.038676
0.039925
0.038697
0.038507
0.039158
0.040031
0.038666
0.038809
0.039151
0.044964
0.038822
0.038912
0.039351
0.040659
0.039898
0.041488
0.039207
0.039375
0.039278
0.039170
0.039347
0.039233
0.038920
0.038911
0.039142
0.039021
0.038456
0.039739
0.039119
0.044952
0.038925
0.039451
0.039687
0.039459
0.040118
0.041668
0.040174
0.041860
0.040412
0.039092
0.038536
0.039390
0.038451
0.038470
0.039483
0.039980
0.038631
0.038871
0.043894
0.044357
0.038710
0.039100
0.039045
0.039760
0.039097
0.039043
0.038985
0.039853
0.039651
0.042189
0.038752
0.039969
0.039332
0.039112
0.038974
0.039912
0.039214
0.039431
0.039225
0.047693
0.039621
0.039477
0.038838
0.039320
0.040090
0.039411
0.039743
0.039552
0.039169
0.040428
0.042614
0.040146
0.040840
0.042518
0.041742
0.041178
0.040449
0.038976
0.039222
0.044204
0.038129
0.039659
0.038728
0.038521
0.038815
0.038396
0.038401
0.038599
0.038805
0.039240
0.038532
0.038646
0.041602
0.040684
0.041033
0.041582
0.041596
0.041023
0.039793
0.046475
0.040571
0.040308
0.040880
0.041938
0.039984
0.039834
0.040139
0.040501
0.039856
0.039784
0.040356
0.048515
0.040627
0.041175
0.041297
0.042199
0.041185
0.041714
0.041857
0.047283
0.042014
0.041885
0.042187
0.041418
0.041487
0.040914
0.040762
0.040739
0.041622
0.041321
0.041199
0.040708
0.040546
0.041287
0.041343
0.041538
0.040772
0.040870
0.040547
0.089390
0.041549
0.041278
0.042128
0.041493
0.044101
0.041647
0.041479
0.041981
0.041861
0.041129
0.042227
0.042130
0.042370
0.041635
0.042082
0.041321
0.041180
0.041409
0.040904
0.047501
0.040842
0.041193
0.042681
0.043117
0.043082
0.043223
0.042843
0.042394
0.042663
0.040918
0.041682
0.041151
0.041948
0.046067
0.041181
0.040206
0.040995
0.041963
0.041593
0.047545
0.041594
0.041603
0.041692
0.042073
0.042211
0.042127
0.041004
0.041902
0.041949
0.041778
0.041947
0.042088
0.041909
0.042171
0.041248
0.039516
0.040906
0.040180
0.040132
0.045805
0.040911
0.040301
0.039944
0.039725
0.040572
0.041391
0.040172
0.041916
0.042156
0.042011
0.041708
0.042309
0.040876
0.040931
0.040895
0.039453
0.040170
0.039928
0.041054
0.045660
0.039687
0.041144
0.040157
0.040097
0.041504
0.040470
0.040210
0.041420
0.040558
0.040307
0.041830
0.040997
0.040232
0.041203
0.042081
0.042072
0.042049
0.040797
0.040346
0.046015
0.040501
0.040117
0.040312
0.040781
0.039219
0.041497
0.040189
0.039543
0.040787
0.039830
0.040471
0.041139
0.043273
0.041139
0.041262
0.040319
0.040938
0.041219
0.042319
0.046215
0.040933
0.039392
0.039663
0.039737
0.040806
0.039995
0.041188
0.040694
0.039581
0.039495
0.039407
0.039722
0.040652
0.088296
0.038934
0.037010
0.037556
0.038142
0.038388
0.043603
0.039897
0.039669
0.036099
0.037738
0.038148
0.043791
0.042478
0.041678
0.041382
0.041102
0.041922
0.041922
0.041937
0.042592
0.042134
0.041189
0.042777
0.041920
0.041626
0.047805
0.041172
0.041425
0.055576
0.135890
0.046926
0.046178
0.046590
0.046354
0.047232
0.046683
0.047696
0.046642
0.044821
0.042784
0.041065
0.041630
0.039893
0.040220
0.041898
0.045156
0.040265
0.043747
0.045742
0.040665
0.041785
0.041629
0.046280
0.042980
0.041470
0.042431
0.041016
0.041330
0.040439
0.040639
0.041265
0.042414
0.041239
0.041669
0.041152
0.045091
0.040916
0.045656
0.039725
0.040389
0.041644
0.042555
0.041013
0.041076
0.041375
0.041150
0.041894
0.041110
0.040578
0.041308
0.040086
0.046382
0.039056
0.040793
0.040938
0.046009
0.039944
0.038763
0.038893
0.040752
0.038440
0.039117
0.039702
0.037473
0.038070
0.038905
0.037882
0.040431
0.040046
0.041014
0.039850
0.040762
0.040067
0.040230
0.043507
0.043775
0.039991
0.040185
0.041183
0.040507
0.040365
0.040913
0.040836
0.039278
0.040585
0.040591
0.038366
0.040188
0.040575
0.040153
0.039817
0.038343
0.040425
0.039844
0.040257
0.045494
0.040187
0.040268
0.040533
0.038505
0.040032
0.040879
0.038252
0.038587
0.039194
0.039199
0.041306
0.039177
0.040369
0.040842
0.038893
0.042154
0.041134
0.039953
0.039633
0.045002
0.039832
0.040534
0.040078
0.039596
0.039780
0.040262
0.045408
0.040227
0.040997
0.041467
0.041292
0.042505
0.041362
0.040812
0.039017
0.039396
0.041635
0.039230
0.040425
0.091313
0.041860
0.040401
0.040565
0.040534
0.040978
0.040211
0.040323
0.040282
0.040557
0.041282
0.041213
0.041193
0.040595
0.040528
0.040782
0.040275
0.040467
0.040707
0.040760
0.045760
0.040676
0.041631
0.040634
0.040398
0.040493
0.107870
0.046041
0.040210
0.041217
0.041533
0.041759
0.042055
0.042095
0.042509
0.042268
0.041826
0.042169
0.042182
0.042058
0.047615
0.041872
0.041400
0.041576
0.041524
0.041409
0.041397
0.040854
0.041203
0.041570
0.041406
0.040821
0.041049
0.041299
0.041770
0.041130
0.041055
0.041714
0.041814
0.040906
0.045607
0.040765
0.041266
0.040758
0.042589
0.041485
0.040901
0.040173
0.039860
0.040216
0.040146
0.040717
0.040022
0.040669
0.039672
0.039870
0.039858
0.041637
0.041028
0.040576
0.045165
0.040165
0.039814
0.039870
0.040281
0.039763
0.040173
0.039825
0.040934
0.040371
0.040452
0.041728
0.039650
0.040525
0.039999
0.040867
0.039582
0.040336
0.040415
0.041067
0.044769
0.039467
0.040554
0.039552
0.041420
0.040529
0.040136
0.040230
0.040202
0.040632
0.040911
0.041549
0.042322
0.042804
0.041911
0.042324
0.040300
0.042053
0.041474
0.042308
0.047930
0.041444
0.041573
0.041803
0.041082
0.041632
0.042031
0.042022
0.042349
0.042107
0.042239
0.041504
0.041742
0.042657
0.042189
0.042285
0.041862
0.042901
0.043609
0.043237
0.048358
0.039853
0.041269
0.040971
0.040363
0.040291
0.040178
0.040725
0.040080
0.041148
0.041701
0.041541
0.040605
0.040918
0.041349
0.040067
0.040964
0.040876
0.041148
0.041414
0.046480
0.040880
0.053982
0.041229
0.044672
0.040041
0.042588
0.041044
0.041202
0.042063
0.041566
0.041560
0.041558
0.042990
0.042301
0.041360
0.042340
0.041848
0.041631
0.043161
0.047346
0.041777
0.041928
0.042303
0.041692
0.042209
0.041464
0.040621
0.041400
0.041577
0.042261
0.042919
0.041806
0.041274
0.042530
0.042137
0.042386
0.041585
0.042351
0.042217
0.047876
0.041312
0.042675
0.042220
0.041381
0.040792
0.042052
0.041228
0.041124
0.039981
0.040218
0.039295
0.039448
0.040206
0.040289
0.041080
0.039629
0.040299
0.039724
0.039629
0.045466
0.039400
0.039871
0.040105
0.041053
0.040222
0.041037
0.040265
0.042030
0.042197
0.042176
0.042138
0.042521
0.040926
0.039702
0.040919
0.041096
0.040906
0.040736
0.039875
0.045731
0.039823
0.040001
0.040268
0.040830
0.040539
0.040358
0.039997
0.040224
0.040607
0.041846
0.041668
0.043725
0.042618
0.045203
0.042921
0.044093
0.044228
0.043572
0.045024
0.049676
0.042158
0.042490
0.042078
0.041734
0.042190
0.042384
0.045514
0.039696
0.041549
0.042154
0.041493
0.041799
0.041135
0.040487
0.041642
0.041789
0.041464
0.040716
0.041857
0.047722
0.041879
0.041944
0.042138
0.042982
0.042266
0.042125
0.042253
0.042995
0.042301
0.042324
0.043649
0.042682
0.043578
0.042921
0.041117
0.041734
0.125276
0.041559
0.041854
0.047030
0.042015
0.040623
0.040709
0.041975
0.039767
0.041152
0.040609
0.040354
0.039181
0.040924
0.040618
0.038941
0.040822
0.040939
0.039781
0.040386
0.040180
0.040482
0.039919
0.045360
0.041116
0.041205
0.040898
0.039416
0.041847
0.185874
0.067057
0.041369
0.041340
0.040806
0.040288
0.040141
0.040552
0.041039
0.040564
0.040343
0.040431
0.040690
0.040436
0.046005
0.040133
0.040685
0.040761
0.040699
0.040691
0.040480
0.040393
0.040888
0.039747
0.040410
0.040472
0.040398
0.039544
0.040453
0.041298
0.039703
0.039629
0.039851
0.040380
0.045531
0.039746
0.039847
0.040230
0.040173
0.040698
0.040668
0.040651
0.039755
0.040318
0.040640
0.040682
0.041203
0.040497
0.040234
0.040967
0.040235
0.040406
0.040343
0.040195
0.045342
0.040833
0.041315
0.040706
0.040288
0.040678
0.040585
0.040977
0.040502
0.040340
0.040477
0.040829
0.040067
0.039835
0.040086
0.041054
0.040580
0.040403
0.040595
0.041540
0.046036
0.042367
0.040268
0.040674
0.041014
0.039290
0.041109
0.041155
0.040007
0.040471
0.040088
0.039871
0.039800
0.040715
0.040216
0.040883
0.040645
0.040831
0.040936
0.040018
0.046063
0.039926
0.040353
0.039282
0.040525
0.040425
0.040653
0.040597
0.039646
0.040895
0.040750
0.040405
0.040281
0.040100
0.040304
0.039921
0.040317
0.040473
0.040039
0.040443
0.044951
0.040144
0.040558
0.039258
0.039512
0.040291
0.039205
0.039323
0.039604
0.039864
0.041024
0.039628
0.039214
0.039408
0.040341
0.039068
0.039137
0.040642
0.039858
0.039842
0.044697
0.039670
0.039943
0.076434
0.038793
0.039570
0.041230
0.039217
0.040228
0.039860
0.039005
0.039916
0.040624
0.039504
0.039707
0.040455
0.039361
0.040290
0.039669
0.039501
0.044389
0.038436
0.039371
0.038698
0.041873
0.038694
0.039540
0.038260
0.038797
0.039157
0.039408
0.038471
0.038697
0.039007
0.038524
0.041530
0.067832
0.042963
0.043876
0.042700
0.046613
0.041989
0.041760
0.041932
0.041481
0.042052
0.040416
0.042120
0.040994
0.040534
0.040643
0.042162
0.041545
0.041904
0.040592
0.040596
0.042714
0.041209
0.040670
0.039932
0.046111
0.041076
0.041191
0.044128
0.040755
0.040301
0.040219
0.041081
0.040150
0.040494
0.040594
0.041621
0.038744
0.040207
0.039822
0.039447
0.039662
0.040072
0.040939
0.039804
0.045692
0.040745
0.041380
0.040338
0.039207
0.040923
0.039943
0.040717
0.039748
0.041423
0.039887
0.040059
0.039915
0.040097
0.040001
0.040496
0.041353
0.040564
0.041423
0.040178
0.045045
0.040939
0.040219
0.039900
0.040132
0.039943
0.039837
0.040514
0.040044
0.039815
0.039813
0.040296
0.039310
0.040715
0.040038
0.039745
0.039599
0.039779
0.039774
0.039948
0.045736
0.040077
0.040186
0.039746
0.039980
0.040622
0.040217
0.042285
0.042253
0.041957
0.041841
0.039972
0.040115
0.041173
0.039968
0.039594
0.040643
0.041068
0.040026
0.039943
0.045455
0.040096
0.040158
0.039550
0.040350
0.040579
0.040079
0.040302
0.039357
0.040229
0.040422
0.039671
0.039935
0.041203
0.041661
0.042391
0.041604
0.041756
0.040727
0.039904
0.044880
0.039585
0.039539
0.039739
0.039809
0.039112
0.039806
0.039513
0.040658
0.040379
0.039287
0.039199
0.082269
0.041486
0.053285
0.042027
0.041916
0.041323
0.041152
0.041606
0.046878
0.041274
0.041742
0.041036
0.042309
0.041384
0.040711
0.040672
0.040120
0.038962
0.047378
0.049619
0.048671
0.040230
0.040265
0.043032
0.040461
0.040252
0.041288
0.041350
0.047389
0.146007
0.098809
0.045250
0.042025
0.043705
0.045007
0.044285
0.047169
0.046808
0.046415
0.046152
0.047122
0.048522
0.042381
0.043891
0.041906
0.041274
0.041566
0.040445
0.044778
0.042993
0.039482
0.040193
0.040032
0.040820
0.039796
0.048352
0.042598
0.043276
0.042030
0.042180
0.043232
0.042855
0.042692
0.041020
0.043261
0.041945
0.052336
0.046441
0.054030
0.042487
0.045866
0.043811
0.043929
0.043405
0.043427
0.044065
0.043121
0.042955
0.043449
0.043523
0.041924
0.040735
0.040250
0.042131
0.040874
0.039511
0.040323
0.041894
0.046632
0.041192
0.041028
0.041072
0.040357
0.040101
0.041253
0.042678
0.041806
0.042580
0.041458
0.046948
0.041571
0.040319
0.040738
0.042297
0.041146
0.042362
0.044848
0.040022
0.046904
0.041844
0.040224
0.041168
0.040415
0.039462
0.040525
0.041384
0.040817
0.040882
0.041159
0.038915
0.039950
0.038484
0.042625
0.040441
0.040472
0.040677
0.041168
0.039420
0.042027
0.040257
0.040373
0.043327
0.040351
0.041455
0.039942
0.039485
0.039573
0.038850
0.039389
0.040715
0.042727
0.046727
0.044016
0.044090
0.043943
0.043080
0.043602
0.041656
0.049042
0.045800
0.041321
0.041913
0.042991
0.040271
0.041622
0.041621
0.041033
0.042088
0.040800
0.042313
0.041371
0.042136
0.069013
0.043482
0.042627
0.042098
0.040895
0.049270
0.055018
0.051017
0.049796
0.048976
0.049911
0.052210
0.047817
0.048293
0.047200
0.048699
0.047002
0.048165
0.048042
0.048347
0.043201
0.042370
0.041649
0.042922
0.040211
0.040744
0.051819
0.039790
0.041023
0.040517
0.041797
0.100671
0.042417
0.039919
0.043938
0.043278
0.043066
0.044141
0.043621
0.041587
0.047675
0.042410
0.041433
0.045339
0.045123
0.043496
0.047357
0.043860
0.041178
0.041050
0.040601
0.041150
0.042211
0.040446
0.040221
0.041809
0.039930
0.042896
0.042290
0.043005
0.043679
0.046109
0.040485
0.040841
0.042994
0.043273
0.045308
0.040855
0.040851
0.042565
0.041230
0.042296
0.040742
0.041117
0.040900
0.041225
0.041166
0.041168
0.041947
0.040778
0.039706
0.040854
0.041915
0.040453
0.042205
0.041139
0.042783
0.038749
0.039644
0.036556
0.038036
0.041738
0.040722
0.040445
0.041850
0.041380
0.042325
0.044051
0.041787
0.041961
0.040958
0.040650
0.039747
0.042359
0.041636
0.040357
0.046187
0.040378
0.040867
0.040581
0.039941
0.040472
0.040342
0.040182
0.041068
0.040532
0.043112
0.041398
0.041276
0.044825
0.042495
0.041677
0.041080
0.041483
0.041626
0.040882
0.047130
0.040469
0.040728
0.041507
0.040724
0.042091
0.041228
0.041863
0.041349
0.042687
0.042098
0.040358
0.041561
0.040883
0.041979
0.043224
0.041724
0.041853
0.041601
0.040985
0.047799
0.040502
0.040130
0.042928
0.040760
0.043730
0.040594
0.040962
0.041686
0.043097
0.043242
0.042855
0.045938
0.048525
0.049310
0.048722
0.047246
0.049052
0.051030
0.105401
0.054497
0.042341
0.045562
0.043670
0.043888
0.045293
0.045326
0.042627
0.046820
0.045557
0.043720
0.041420
0.043516
0.041480
0.041780
0.045643
0.044104
0.043421
0.042451
0.044210
0.048046
0.045923
0.044917
0.042514
0.041586
0.044868
0.042022
0.044991
0.179054
0.041779
0.042050
0.042347
0.042061
0.045349
