694	399	57	27
695	400	55	26
696	400	55	29
697	400	56	28
696	403	55	27
698	404	55	29
698	406	54	28
699	407	52	29
698	408	53	26
698	406	55	28
700	406	53	26
702	407	52	27
702	408	54	26
704	409	52	28
705	410	52	26
704	413	54	27
704	415	53	27
705	416	54	26
705	415	52	26
704	414	54	26
703	413	54	27
704	411	54	27
705	411	54	26
707	413	52	25
708	413	52	26
710	415	52	26
711	413	52	25
712	407	51	24
712	406	52	25
712	404	53	26
714	404	52	25
715	405	54	28
716	406	52	26
717	408	52	27
718	408	51	28
719	410	50	26
719	412	52	24
720	412	52	25
720	412	52	25
722	413	51	25
723	414	51	26
724	415	51	25
725	415	51	26
726	417	50	29
728	418	49	26
727	419	52	27
729	419	50	26
730	419	51	25
731	415	49	26
732	414	50	26
733	412	49	25
734	408	50	26
734	410	51	23
735	407	49	25
737	407	50	24
737	406	50	25
737	406	51	26
737	406	51	26
738	407	49	25
738	407	50	25
738	407	49	24
737	406	50	25
738	408	49	24
737	408	49	24
737	409	50	25
737	410	48	24
736	409	50	24
736	410	49	24
734	408	50	27
735	411	47	23
733	412	49	25
732	411	48	25
731	413	48	23
731	412	48	23
729	412	49	23
728	409	49	25
728	409	47	26
727	407	49	24
727	404	48	25
725	399	48	25
724	396	48	24
724	393	48	24
722	392	48	25
721	392	48	24
720	392	48	28
719	395	47	26
718	398	47	24
717	400	46	24
714	405	48	24
714	408	46	25
713	412	46	23
712	412	46	23
711	416	45	21
709	414	46	22
708	411	47	23
706	410	47	22
705	408	46	20
704	405	47	22
703	401	48	23
702	399	46	23
701	398	46	23
699	397	46	21
698	397	46	23
697	397	46	23
694	398	47	24
695	400	46	23
692	400	47	23
692	401	46	25
691	402	47	23
690	402	46	23
690	400	47	23
690	399	46	23
690	395	45	25
690	392	45	25
690	390	45	27
690	388	46	28
690	386	45	27
690	387	45	23
690	388	44	23
690	384	46	25
688	385	45	22
689	381	45	23
688	383	43	21
688	384	44	22
689	386	43	23
690	387	43	22
690	390	44	22
690	392	43	24
691	396	43	23
691	401	43	24
692	403	43	24
693	404	42	21
693	405	43	23
693	405	45	22
694	402	44	23
693	400	45	26
694	399	44	23
695	399	44	22
696	399	43	22
696	399	44	22
697	398	44	23
698	400	43	24
699	402	43	22
698	403	44	22
700	403	43	23
701	405	42	23
701	406	44	22
702	406	42	22
702	406	42	22
703	404	43	22
702	403	44	22
703	398	44	23
704	398	43	23
706	392	42	23
705	389	42	21
707	386	41	22
706	383	42	24
707	385	41	20
707	386	42	21
707	391	41	20
708	392	41	22
708	400	42	21
708	403	43	21
706	402	44	21
708	408	41	22
707	409	41	21
706	408	41	20
706	407	42	20
704	405	42	22
704	402	41	21
704	398	41	21
704	395	41	22
703	396	41	19
703	393	39	20
703	393	40	20
702	392	39	21
700	392	40	20
700	393	40	21
698	394	40	21
697	395	39	20
696	395	40	20
695	395	40	20
694	394	40	21
693	395	39	20
693	393	40	21
692	393	40	21
691	393	40	20
690	395	39	21
690	396	40	20
689	397	41	20
690	398	39	19
690	398	40	21
689	400	39	20
689	399	39	21
689	399	40	19
688	396	41	22
688	394	41	22
690	394	39	21
689	395	39	19
690	394	40	21
691	394	39	21
691	397	39	21
692	400	38	20
692	401	39	20
692	403	40	21
693	403	39	20
693	405	39	20
693	403	39	21
693	403	38	20
692	400	39	21
692	399	38	20
692	399	38	18
692	398	38	18
691	397	38	19
691	398	39	19
691	396	39	20
690	396	39	19
690	393	38	19
691	393	38	18
690	391	37	19
690	391	38	18
689	389	38	20
689	389	38	19
689	390	38	18
689	389	37	19
689	389	38	19
690	390	37	21
688	391	39	19
689	391	37	21
689	395	38	18
688	397	38	18
688	397	38	21
688	398	38	22
687	399	38	21
687	399	37	20
688	399	36	18
687	397	37	18
687	396	37	18
686	394	39	19
688	392	36	20
687	391	38	20
687	391	37	19
687	391	37	20
688	389	36	18
688	387	37	17
688	385	37	18
689	379	36	19
688	379	37	18
688	374	37	18
688	374	37	17
688	373	37	18
690	373	36	20
688	376	37	19
689	380	37	20
688	387	37	19
689	391	37	19
688	401	36	19
687	403	37	19
687	408	37	18
687	409	37	20
686	408	37	18
687	408	37	18
686	406	37	19
687	405	37	19
686	403	37	20
686	400	36	20
685	399	37	20
685	398	37	19
685	397	36	18
684	395	37	19
684	392	36	19
683	391	37	19
682	390	39	20
683	386	37	20
682	386	37	20
681	384	37	21
680	382	37	18
680	381	38	19
680	381	38	19
680	381	37	18
680	383	38	20
680	387	36	18
680	392	37	20
681	394	38	22
680	396	37	21
680	400	38	21
680	399	37	21
681	396	37	22
681	397	37	19
682	397	37	17
682	394	37	19
682	389	37	22
683	388	38	21
683	390	37	22
684	393	37	18
684	395	36	19
686	397	36	19
685	398	36	20
686	400	36	20
685	401	36	18
686	401	35	19
685	400	36	19
686	398	36	19
686	396	36	19
685	391	36	18
685	388	37	18
685	386	36	19
685	386	36	20
684	389	36	19
684	392	35	18
683	396	36	19
682	400	36	17
681	402	36	18
680	401	36	19
679	403	36	18
678	402	35	18
677	399	36	18
676	398	35	17
676	395	36	18
675	393	35	20
674	391	36	20
673	390	36	20
673	391	35	19
672	389	36	19
671	389	35	19
671	388	36	20
671	388	35	20
671	390	35	18
671	389	35	18
671	388	35	18
669	384	36	19
670	384	35	19
671	385	34	18
670	385	35	18
671	385	34	19
670	386	36	21
672	387	36	22
672	391	35	21
672	392	35	20
674	394	34	19
673	394	36	19
673	392	36	21
674	390	35	21
675	389	34	19
675	388	34	18
675	386	35	19
676	384	35	19
677	383	34	19
677	382	34	20
677	385	34	18
678	384	34	18
678	383	35	19
679	383	34	19
680	383	34	19
681	382	34	21
682	383	34	20
683	385	35	20
684	388	34	20
684	392	34	19
685	395	34	19
685	401	34	17
685	402	34	18
685	406	34	17
685	406	34	16
685	405	34	16
685	402	34	18
685	399	34	19
686	399	34	18
685	397	34	18
685	396	35	16
686	394	34	17
685	393	34	16
685	393	34	16
685	393	34	16
685	392	34	18
685	393	33	17
684	392	34	18
686	392	33	17
684	388	33	17
684	387	34	17
684	388	33	17
683	386	34	17
684	385	33	19
684	386	33	18
684	386	34	21
684	392	34	18
685	391	34	19
685	395	34	19
684	396	34	18
684	397	33	19
684	399	34	18
684	398	32	19
683	399	34	19
684	397	33	18
683	396	33	18
683	394	33	18
682	391	34	19
683	390	33	17
682	388	34	19
681	387	35	20
682	389	34	20
682	389	33	18
681	388	34	19
681	388	34	18
681	386	34	19
681	383	33	18
681	380	33	19
679	374	34	18
679	370	33	18
678	371	33	17
678	370	33	16
678	370	34	17
677	372	33	18
677	377	34	19
677	380	34	19
676	386	34	17
677	392	34	17
676	394	33	17
676	394	33	20
676	394	33	18
676	394	34	16
677	391	33	16
676	386	33	17
676	384	33	16
676	382	34	16
674	380	34	17
675	380	33	17
676	384	31	16
675	388	33	17
673	389	34	18
672	381	34	18
673	388	32	16
672	380	33	17
672	383	34	17
672	379	33	18
672	375	33	18
672	380	32	17
671	382	33	18
671	389	33	18
670	390	34	19
669	390	33	17
670	398	32	19
670	399	33	19
670	403	32	17
669	400	33	19
669	401	33	19
669	399	33	18
669	397	32	19
668	397	33	18
667	397	33	17
667	398	33	19
666	400	33	18
667	399	33	19
666	401	33	17
667	397	33	17
667	391	34	19
668	383	34	19
669	379	33	17
670	375	32	17
670	372	33	16
671	369	34	17
673	371	33	17
673	372	33	17
674	375	33	18
675	380	33	17
676	385	33	16
678	388	33	17
679	389	34	17
680	389	34	18
681	387	34	18
681	387	35	17
682	385	34	18
683	384	34	16
684	383	34	18
684	383	34	17
685	384	34	18
685	384	35	19
685	387	34	19
685	390	35	18
685	393	34	17
686	395	34	18
685	396	34	18
686	396	35	18
685	398	34	17
686	399	34	16
686	399	33	16
686	398	33	15
686	396	33	16
686	394	33	16
686	393	33	16
687	392	33	16
686	391	34	16
687	391	34	17
687	390	34	17
688	392	33	16
687	393	34	17
688	393	34	17
687	393	34	17
688	391	35	18
688	388	35	19
688	386	35	20
688	385	34	19
688	386	35	18
687	388	35	17
687	388	35	16
687	389	35	18
687	391	35	17
686	391	34	18
686	391	34	18
686	391	34	17
686	389	34	17
686	388	34	18
685	388	34	17
684	389	34	16
683	389	35	17
683	391	34	17
682	389	35	19
683	392	34	18
682	395	34	17
682	397	35	18
680	398	35	19
681	398	34	19
680	398	35	18
680	396	35	18
680	395	34	17
680	395	34	17
679	394	34	17
680	393	34	16
680	392	34	16
680	391	34	16
679	389	34	17
680	387	34	18
680	386	34	17
680	383	35	20
680	382	35	19
679	381	35	18
679	380	35	19
679	381	34	17
680	382	34	18
680	383	34	18
679	382	34	18
680	382	34	18
679	382	35	18
680	382	35	18
680	381	34	18
682	380	34	19
681	380	35	19
681	381	34	17
682	382	34	16
682	382	33	17
682	382	34	18
682	382	34	19
682	383	35	19
682	385	34	19
682	386	34	19
682	388	33	18
681	387	35	19
680	389	35	18
681	389	34	18
680	390	34	16
680	390	34	17
680	388	34	18
680	386	34	18
680	383	35	21
680	382	34	20
680	381	33	18
679	379	34	18
680	380	34	18
680	379	35	18
680	380	35	18
681	379	34	20
681	382	34	18
681	382	34	18
682	383	34	18
683	383	34	18
682	384	34	19
682	383	35	19
682	383	34	17
683	381	35	19
683	382	34	17
683	382	34	18
683	385	35	19
683	387	35	18
682	390	35	17
683	391	34	19
682	395	34	17
681	395	34	19
680	395	34	19
679	387	34	20
678	387	34	19
677	385	34	19
677	382	33	17
675	381	34	18
674	381	35	19
674	382	35	20
673	388	34	18
671	389	35	19
671	395	34	17
670	394	35	20
670	396	34	21
670	398	35	20
668	398	35	19
669	399	34	18
669	398	34	19
669	397	35	18
668	397	35	19
669	397	35	18
669	396	36	20
670	398	35	17
670	396	36	19
671	397	34	17
671	396	35	17
672	394	34	18
673	394	35	18
675	392	35	18
675	391	34	19
676	392	35	17
677	389	34	19
678	389	34	19
680	388	34	18
681	387	34	17
681	384	35	19
681	381	35	20
682	380	34	19
683	379	35	18
683	378	36	19
683	378	36	20
683	380	35	19
685	382	35	19
686	384	33	17
686	386	34	17
687	387	34	19
687	387	36	19
687	390	35	19
688	391	34	19
688	394	34	18
688	395	35	19
687	393	34	19
687	394	35	19
688	393	34	18
687	394	35	17
687	393	34	17
688	392	33	18
686	392	34	17
686	392	34	17
687	394	34	17
686	392	35	16
686	388	34	18
687	386	33	18
687	385	34	16
687	382	34	17
686	377	35	20
687	377	34	19
686	377	34	19
687	378	35	20
687	381	33	19
687	383	34	19
687	385	35	19
687	387	35	20
687	388	34	20
687	390	34	20
687	391	34	19
687	392	34	17
688	391	33	17
687	390	34	18
687	388	34	18
687	387	33	17
687	386	33	16
687	385	33	17
686	385	33	17
686	383	34	18
686	384	34	19
686	385	34	19
685	387	34	19
684	388	35	20
685	390	33	19
685	391	35	19
684	391	34	21
683	393	34	19
684	394	33	19
683	395	33	18
683	394	34	18
682	393	34	17
682	392	34	18
682	391	34	17
682	390	34	17
683	390	33	17
682	389	34	17
682	391	33	16
682	391	33	16
682	389	34	17
683	388	33	17
682	386	34	18
683	386	32	17
682	386	33	17
680	384	35	18
681	383	34	20
681	384	33	18
682	383	33	18
682	383	33	18
682	383	33	17
682	384	33	17
682	385	34	17
681	384	35	17
682	383	33	16
682	382	33	16
681	380	34	18
681	382	34	17
682	381	33	15
682	382	33	16
682	381	34	18
683	380	34	17
684	387	34	18
684	386	34	17
685	388	33	18
685	385	33	17
685	384	34	20
686	386	32	19
686	387	33	19
686	387	34	20
686	389	34	19
688	391	34	19
688	392	34	19
688	393	33	19
689	393	33	18
690	394	34	17
690	393	33	17
690	394	34	17
690	393	33	17
690	387	33	18
690	384	34	20
691	384	33	18
691	384	33	17
691	383	33	17
691	383	34	17
691	385	34	18
692	387	34	18
691	391	34	18
692	395	33	17
693	400	33	18
693	401	34	19
694	403	33	16
694	401	33	16
694	395	33	17
694	389	33	17
694	382	34	19
694	377	33	18
696	372	34	19
694	370	33	16
695	368	33	17
694	369	34	19
694	374	33	17
694	381	34	16
694	385	33	17
694	386	34	18
693	388	33	19
693	391	33	18
693	394	33	17
692	396	33	16
693	396	33	16
693	395	33	16
693	395	33	16
694	394	33	17
693	391	33	17
693	389	33	16
694	387	33	16
694	385	31	16
693	383	34	17
692	383	33	17
692	384	33	19
693	386	33	18
694	389	33	17
694	392	34	18
694	394	33	18
695	396	33	17
694	395	34	18
695	396	33	17
695	396	33	17
696	396	33	15
696	394	33	16
696	394	33	17
697	392	33	17
698	392	32	17
698	391	32	17
699	389	33	17
698	388	33	17
699	388	33	17
698	387	34	17
699	386	33	19
698	388	33	18
700	389	32	17
699	391	33	17
700	391	33	18
701	394	32	18
701	396	33	16
700	397	33	17
702	399	33	17
701	400	33	17
702	401	33	17
701	398	33	16
702	393	32	15
703	392	32	16
704	386	32	17
704	377	32	16
704	373	32	16
705	369	32	17
704	367	33	17
705	367	32	17
704	369	32	17
705	371	31	18
704	376	32	16
705	382	31	16
705	385	32	16
706	388	32	17
707	393	32	18
708	394	32	17
709	395	31	17
710	394	31	16
711	390	31	18
712	390	30	16
713	388	31	16
712	385	32	18
714	384	31	18
715	385	30	16
715	384	31	17
716	386	31	17
716	385	31	18
717	385	32	19
718	387	31	18
719	389	32	17
720	389	31	16
720	388	32	17
722	390	31	16
723	389	31	16
724	391	31	17
725	393	30	16
726	393	30	17
728	391	30	17
728	394	31	17
729	394	31	17
730	396	31	17
731	396	30	16
732	396	30	15
733	395	30	15
734	394	29	17
735	395	29	16
735	395	30	17
736	397	30	17
738	397	30	18
738	399	30	18
739	400	31	18
740	402	30	17
741	402	29	16
741	400	29	17
742	397	29	16
742	390	29	16
741	386	30	17
742	384	29	16
743	379	28	16
741	376	29	17
741	375	29	16
741	375	29	17
740	375	29	18
739	376	28	16
739	376	30	18
739	377	29	17
740	378	29	18
739	380	28	18
740	382	29	17
740	383	30	18
741	385	28	18
741	389	29	16
742	390	28	18
742	392	28	16
743	394	28	17
743	394	30	17
744	394	28	16
743	396	29	16
743	396	28	16
743	395	28	17
744	397	28	16
742	397	28	17
742	399	29	17
740	400	28	16
739	401	28	16
739	400	28	16
738	400	28	15
737	400	28	14
736	399	28	15
736	398	28	15
735	393	28	16
734	391	28	17
734	390	28	16
733	389	27	14
732	388	27	14
731	386	27	16
729	386	27	16
729	389	26	15
728	389	27	15
727	392	26	15
727	393	26	16
726	394	26	16
724	394	28	16
724	393	27	15
724	393	27	16
723	394	26	13
724	394	26	13
723	392	26	14
722	390	27	17
722	390	27	16
722	390	27	15
721	390	26	16
722	390	26	15
722	391	26	14
722	390	26	15
722	393	26	13
721	393	26	15
722	393	26	14
722	393	25	14
722	389	26	13
722	386	25	13
722	385	25	13
722	383	25	14
723	382	25	14
723	381	26	15
723	382	26	16
723	383	25	15
723	387	26	14
724	390	25	13
724	391	26	13
725	390	25	14
725	391	24	13
726	390	24	13
725	389	25	13
726	388	24	13
726	387	24	13
727	386	25	14
727	387	23	13
727	388	24	13
727	390	24	12
727	391	24	13
727	392	25	13
727	393	25	14
727	393	25	14
726	391	24	12
726	386	25	13
725	387	24	12
725	386	24	13
726	385	23	13
726	388	23	12
726	389	24	14
726	392	24	13
725	393	25	14
725	394	25	14
726	396	23	12
726	394	24	12
726	392	23	12
726	389	23	12
726	387	23	12
727	385	23	11
726	384	24	13
727	383	24	14
727	383	24	14
727	384	24	16
727	385	25	16
726	387	25	16
727	390	25	16
726	391	24	15
727	392	24	15
727	392	23	15
726	392	23	15
727	391	24	15
727	389	23	15
727	387	24	16
727	385	23	16
727	384	24	15
727	382	24	15
727	381	24	16
728	381	23	16
727	380	23	15
727	382	23	14
727	383	24	16
728	382	23	17
728	385	24	21
728	385	24	21
730	388	23	20
731	388	23	21
732	387	22	23
732	386	22	23
732	384	23	20
731	385	23	16
732	385	24	15
732	385	23	14
733	385	22	14
733	385	23	14
733	386	23	14
734	386	23	14
735	387	22	14
734	389	22	13
735	384	22	14
735	384	22	15
735	383	23	14
735	382	23	14
736	381	23	14
736	380	22	14
736	380	22	13
736	383	22	11
736	383	23	13
735	384	23	14
735	386	23	13
736	386	22	14
736	389	22	12
737	391	22	12
736	388	23	13
737	395	23	13
736	393	23	14
736	390	22	13
736	389	22	14
735	376	22	15
735	375	21	14
733	370	22	13
733	368	22	14
733	367	22	14
733	373	22	12
733	376	22	13
733	381	22	13
734	385	21	14
734	390	21	16
735	393	22	15
735	395	22	14
735	396	22	14
736	397	22	14
736	397	23	13
737	397	23	13
738	398	22	12
738	398	22	13
738	397	21	12
738	390	22	11
737	389	22	11
737	384	23	12
737	382	23	13
737	382	21	12
735	383	21	13
735	385	22	14
734	389	21	12
733	389	22	13
732	393	23	15
732	395	22	15
732	396	22	15
732	392	22	17
731	388	23	22
731	384	22	23
730	381	23	22
731	376	22	26
730	377	22	22
729	377	22	22
729	377	22	22
729	374	22	22
727	371	23	23
728	372	22	23
727	372	23	22
728	369	23	24
728	370	22	23
728	371	22	22
727	373	23	24
727	375	22	20
728	377	22	22
727	379	22	24
727	382	23	20
728	386	23	21
727	388	22	19
728	390	21	15
728	391	22	13
728	391	21	13
728	391	21	12
728	389	22	13
729	388	21	13
728	386	21	13
728	384	21	15
728	382	21	16
728	380	21	18
728	380	22	20
729	382	21	19
729	385	21	16
729	386	22	17
729	391	22	20
729	393	23	15
730	395	22	13
731	395	21	13
731	394	21	13
731	392	21	12
732	390	20	13
733	385	20	14
734	384	20	12
734	382	20	12
735	379	20	14
734	373	20	13
735	372	21	14
735	372	21	13
736	371	20	12
736	370	20	13
736	372	21	14
737	375	21	14
738	379	21	12
738	380	22	14
739	383	21	15
740	385	21	13
741	386	21	14
742	386	21	13
743	387	21	13
744	385	20	14
745	385	20	13
746	383	20	13
746	383	21	13
748	382	20	13
748	381	21	12
749	380	19	12
749	378	19	13
749	379	20	13
749	380	20	13
750	379	19	12
750	377	19	14
750	377	19	16
751	378	19	16
751	378	20	17
752	378	19	14
752	379	19	13
752	380	19	12
753	381	19	12
754	382	19	13
755	382	19	14
756	384	20	13
757	386	19	13
757	387	20	13
758	390	21	12
759	389	20	13
760	388	20	13
760	391	20	11
761	391	20	13
762	391	20	13
762	392	20	12
764	391	20	15
763	392	21	14
765	391	19	13
764	390	21	15
765	389	21	15
766	387	21	19
768	387	20	16
767	384	20	14
768	381	19	13
769	381	20	13
769	373	19	13
770	370	20	13
770	370	21	13
770	370	20	13
771	374	20	13
771	379	21	13
772	387	20	13
773	394	19	12
773	399	20	13
775	404	19	13
775	407	20	13
777	409	20	13
778	407	19	13
778	406	19	12
779	405	19	12
779	401	20	13
780	399	20	15
780	395	20	14
781	395	20	13
781	394	19	12
781	394	19	12
782	392	19	13
781	393	19	12
781	394	19	12
781	394	19	12
780	393	20	12
780	394	20	12
779	392	19	12
779	392	20	13
777	393	20	11
777	395	20	12
777	394	19	13
776	395	19	12
776	395	18	12
775	394	18	12
773	392	20	13
774	391	20	13
772	390	20	14
771	389	21	18
772	388	20	18
771	389	20	16
771	388	20	16
770	388	21	12
769	386	21	13
768	387	21	12
768	386	21	12
768	386	20	13
768	387	20	15
767	388	20	17
767	391	19	14
766	392	20	13
766	394	21	14
766	394	21	13
765	394	20	13
765	394	20	15
764	392	20	16
764	389	21	19
763	386	20	16
763	385	20	17
762	382	21	20
762	378	21	21
761	376	22	16
761	377	20	12
760	375	21	16
759	375	21	19
759	378	20	18
757	380	21	18
757	382	19	14
755	384	20	13
754	385	20	12
753	385	20	13
753	384	20	14
751	383	20	13
751	382	19	12
750	381	20	13
750	381	19	13
749	379	21	14
748	379	21	14
747	379	20	14
746	381	20	12
745	381	21	13
745	381	20	12
744	381	20	12
743	381	21	12
742	380	21	12
742	380	21	13
741	379	21	13
740	378	22	13
740	377	21	14
740	377	21	15
740	379	21	13
740	379	22	13
740	380	21	14
740	382	21	18
740	382	21	18
740	384	21	14
740	385	21	13
740	384	22	13
740	382	21	15
740	382	22	11
740	379	22	13
741	376	22	15
741	375	22	14
740	374	23	13
741	375	22	13
741	375	23	14
741	375	23	14
741	376	24	15
741	377	23	16
742	378	23	15
742	379	23	16
742	380	24	15
742	381	24	14
743	381	24	15
742	382	24	15
742	381	24	17
742	382	25	16
743	382	25	16
743	382	24	16
743	384	23	15
743	383	24	16
743	383	24	15
743	383	24	15
743	382	24	15
743	382	24	14
743	381	24	14
742	380	24	15
740	378	25	14
741	375	25	15
740	373	25	15
740	371	25	14
740	372	24	13
739	370	24	14
739	370	26	14
738	370	25	13
737	371	26	13
736	374	26	13
736	375	26	15
735	376	26	16
736	382	24	13
735	383	24	13
734	384	25	12
734	383	25	13
734	382	24	13
733	380	25	14
733	379	25	15
733	380	26	13
733	380	26	12
733	379	26	14
733	380	26	13
733	380	26	13
732	380	26	13
732	379	26	13
732	379	27	14
732	379	27	14
732	378	27	14
731	377	28	16
731	375	28	17
730	375	27	16
730	373	28	15
729	373	28	16
729	373	28	16
728	373	28	16
729	374	28	16
728	374	28	16
728	373	29	17
729	374	29	17
729	373	30	18
730	374	29	17
730	376	29	16
731	376	29	18
732	378	30	17
733	380	30	16
734	380	30	16
734	381	30	17
734	382	30	17
733	384	31	16
733	383	32	18
733	383	31	19
732	385	30	16
732	385	30	15
731	383	32	17
732	380	30	18
731	379	31	18
730	381	31	16
729	380	31	15
729	380	31	15
729	380	31	15
729	379	32	16
729	377	34	18
729	377	32	17
729	378	32	16
729	378	32	16
729	379	32	16
729	379	32	17
728	379	33	17
728	380	33	16
727	381	35	17
728	382	33	17
727	383	34	16
727	383	34	16
727	383	34	17
726	384	34	17
726	383	35	17
726	383	37	19
725	384	37	18
725	383	37	19
725	384	37	19
725	384	37	19
725	384	37	19
724	384	38	18
725	385	38	18
724	384	38	19
725	384	38	20
724	384	39	19
724	384	40	19
724	384	39	20
724	384	39	20
723	383	41	20
723	383	40	20
724	383	40	20
724	383	40	19
725	383	40	20
724	381	41	21
724	381	41	21
724	380	42	22
724	379	43	22
723	379	43	22
723	378	43	23
724	377	43	21
723	373	44	23
723	369	44	25
723	369	44	23
722	369	45	23
722	368	46	24
720	369	46	24
720	371	46	24
719	372	46	23
718	374	47	22
718	376	47	22
718	377	47	23
718	378	48	23
718	379	48	26
715	380	49	25
715	383	48	23
715	384	49	24
714	385	49	25
713	386	51	26
713	387	51	25
712	387	51	25
711	385	52	26
712	384	50	27
711	384	51	26
711	384	52	24
709	381	53	26
709	381	53	27
708	379	54	27
708	381	54	28
707	380	55	28
709	382	54	28
708	383	55	25
707	384	56	27
706	384	57	27
706	384	58	29
704	387	58	27
703	388	60	30
702	388	61	31
704	389	59	30
703	390	59	30
702	392	60	28
702	392	60	29
702	393	59	29
702	392	60	29
701	393	60	29
700	393	60	29
699	394	60	29
700	394	62	29
698	395	63	29
697	394	63	30
697	392	63	31
696	391	64	31
694	390	66	31
695	390	65	28
693	386	65	33
693	385	66	33
692	385	66	30
691	384	66	32
691	383	69	35
691	383	68	34
689	384	70	33
690	384	71	35
689	380	70	37
687	376	70	36
685	369	74	40
685	369	72	37
683	365	73	40
681	366	74	35
682	363	76	38
681	362	77	43
681	365	77	39
683	368	77	39
681	370	77	40
680	371	79	43
680	374	80	40
680	376	82	42
679	378	84	42
678	379	85	44
678	384	86	47
677	390	87	46
676	393	85	46
673	396	90	49
673	399	90	49
671	404	92	45
670	405	91	43
670	405	89	41
669	401	93	43
670	403	91	44
666	394	98	50
667	396	94	46
667	399	97	46
668	396	96	49
665	398	99	51
664	403	99	49
662	403	102	56
658	407	106	53
658	413	103	52
657	414	105	53
654	421	103	50
651	418	106	52
649	420	109	52
648	415	108	55
651	416	109	53
652	411	109	54
650	412	112	52
650	409	111	56
648	410	114	52
645	406	120	58
650	404	111	60
645	408	118	56
644	409	118	58
644	409	123	59
645	408	122	62
642	409	126	61
644	413	128	64
643	415	124	57
644	417	124	65
640	410	128	66
635	409	132	70
639	414	125	63
636	416	129	61
636	414	132	62
634	416	135	60
635	413	136	64
637	410	135	64
636	409	135	65
632	407	140	71
632	408	138	71
633	415	137	62
633	405	139	74
631	408	145	73
633	412	141	67
631	411	146	74
628	411	144	76
627	414	150	66
628	412	146	73
624	415	151	73
628	416	145	71
624	416	151	70
625	417	150	71
626	419	150	69
627	415	152	71
625	414	152	76
622	414	154	74
623	418	154	72
624	415	153	73
621	415	155	75
620	417	158	78
621	417	159	78
621	422	156	74
621	420	158	67
622	420	158	74
623	418	157	76
621	413	159	83
620	416	157	82
619	415	160	84
617	418	163	79
614	420	166	76
613	418	165	78
617	418	165	79
615	415	167	83
615	415	169	85
616	420	165	80
619	425	165	73
618	420	163	76
616	421	163	75
614	421	166	79
616	420	167	83
613	420	171	79
614	419	169	84
611	418	167	78
613	420	168	79
614	420	169	83
615	416	165	88
620	419	162	77
617	417	164	89
616	421	164	78
615	416	169	81
614	417	168	88
618	423	161	81
615	422	166	80
614	424	167	81
615	425	167	76
615	427	163	75
615	421	165	83
616	421	168	83
619	448	168	84
619	448	167	72
620	445	162	87
627	449	159	82
623	443	164	81
622	448	163	73
625	451	161	69
630	444	157	71
628	440	156	79
627	439	160	79
629	444	156	74
631	442	154	76
630	438	155	75
633	439	154	77
631	440	151	71
630	442	153	71
634	438	150	73
634	440	155	74
635	444	148	67
636	437	150	72
636	441	148	69
643	438	139	67
640	437	145	69
643	440	143	64
644	437	138	67
648	436	138	71
647	437	136	61
647	434	137	72
654	437	129	64
652	438	135	63
655	436	131	64
656	437	128	59
659	434	128	62
657	432	128	62
660	436	127	59
659	433	126	60
663	431	122	61
662	434	121	57
664	437	120	52
666	430	119	54
669	432	118	57
669	433	119	55
669	430	119	53
673	430	114	53
673	430	115	54
672	428	114	52
676	428	112	57
675	429	114	56
678	433	111	50
677	429	110	58
680	427	109	56
679	430	109	51
680	426	110	57
683	427	107	53
682	426	107	53
683	427	107	50
685	426	103	50
686	426	104	50
686	420	102	55
686	425	103	49
686	421	103	52
686	423	105	48
689	421	103	53
688	422	103	47
690	421	101	52
690	422	101	49
690	418	102	51
689	418	102	51
690	421	101	45
692	420	99	48
690	421	101	44
692	421	98	44
694	417	98	46
695	415	101	49
695	415	99	46
696	408	101	47
696	407	98	49
694	405	100	50
700	408	95	47
699	409	100	49
699	409	100	48
700	411	100	51
700	413	103	51
701	416	99	46
704	414	99	50
702	415	103	50
702	417	100	49
701	417	103	49
700	418	104	50
702	414	102	55
704	418	100	51
702	416	104	48
705	418	104	53
704	421	101	47
704	420	102	50
704	421	105	52
702	421	107	54
702	421	105	54
703	422	105	51
703	421	106	50
701	415	109	56
704	415	105	52
704	413	106	52
703	410	107	56
703	410	109	52
705	412	108	53
705	407	106	53
704	409	106	52
705	405	107	57
704	407	107	51
705	406	106	51
700	399	111	59
705	402	106	56
701	404	110	53
699	400	114	59
700	404	113	54
702	405	109	55
700	407	110	57
703	411	104	54
701	413	108	53
700	416	110	52
699	414	111	51
698	416	110	51
699	414	108	53
697	410	110	58
698	412	107	52
695	412	112	52
696	414	110	50
696	409	114	56
693	409	110	54
696	410	109	56
695	411	109	55
694	413	111	53
696	414	108	53
695	412	110	53
694	412	108	51
695	405	110	58
695	406	107	54
697	406	107	53
697	406	106	50
697	406	106	52
695	406	108	48
698	408	106	50
696	406	106	52
696	407	108	52
697	408	108	56
697	410	109	54
702	412	104	53
701	415	107	55
701	416	105	52
702	417	105	53
702	421	106	48
704	416	109	53
703	419	108	50
706	421	105	49
706	418	107	51
706	418	110	56
703	415	110	57
706	420	108	50
706	420	109	50
707	419	109	49
708	419	107	54
712	416	104	52
710	419	108	52
710	417	109	55
708	411	114	59
712	415	107	50
714	415	105	47
715	410	106	49
715	410	105	54
715	406	108	54
712	409	108	50
715	408	109	54
714	406	110	54
716	408	109	54
717	410	108	50
718	411	110	50
720	406	109	57
723	411	105	51
721	411	109	52
725	411	108	53
722	414	112	53
726	414	107	53
728	413	107	57
726	416	112	56
728	417	108	54
726	420	109	53
726	421	111	54
726	421	110	53
724	422	113	53
723	420	116	50
727	420	110	54
725	420	113	54
728	417	110	56
729	414	109	57
731	417	106	53
734	413	106	55
732	413	104	51
734	412	105	49
736	405	105	52
734	403	108	51
733	399	111	55
733	400	109	47
734	399	108	50
735	397	109	55
732	399	109	55
732	402	109	57
733	403	106	56
730	406	110	59
731	410	107	55
731	415	106	49
731	409	107	58
730	412	105	53
730	409	109	54
731	409	109	53
730	407	108	53
728	408	109	49
730	404	106	53
729	407	106	49
729	407	104	48
728	399	108	57
729	400	103	54
727	398	108	53
727	397	107	51
729	397	103	50
726	393	106	53
728	396	103	51
726	396	106	50
725	395	105	51
724	393	104	53
725	397	101	54
723	394	103	55
722	396	105	57
724	398	99	54
722	398	105	55
720	402	104	53
722	400	100	51
719	403	101	50
717	400	103	49
717	400	98	47
717	397	102	50
713	395	103	55
713	397	102	53
714	402	99	53
711	404	104	56
713	408	98	55
710	414	100	55
713	418	96	50
709	420	100	49
710	421	99	52
708	420	99	45
709	411	98	47
705	403	99	51
704	396	101	55
705	392	100	52
702	391	99	50
704	393	99	47
703	388	98	50
700	393	99	47
701	395	97	49
702	397	101	54
702	401	98	49
701	404	98	53
702	404	98	49
701	407	96	46
700	405	99	46
700	401	97	49
698	394	98	53
700	390	98	46
698	384	100	50
700	379	94	51
698	385	96	49
697	390	97	50
696	396	99	53
697	400	98	53
699	409	97	50
698	413	97	54
697	420	99	49
698	420	97	51
696	423	99	48
697	418	98	49
697	413	99	54
696	413	100	49
694	406	101	55
695	408	100	54
698	407	98	48
697	406	101	47
697	407	98	53
696	411	99	48
698	410	100	50
701	413	98	55
700	414	99	51
699	416	104	51
700	414	101	51
698	408	102	53
697	407	103	49
697	407	103	47
699	404	105	44
701	397	100	49
699	396	105	47
699	395	104	51
702	390	102	54
701	392	108	55
700	392	103	51
701	392	107	51
701	394	105	55
704	399	102	50
702	400	106	52
701	397	110	54
703	402	104	53
703	403	108	50
704	403	106	49
704	405	104	48
703	404	107	50
704	398	111	57
701	399	108	56
705	398	106	53
701	394	108	55
699	395	112	52
700	395	111	53
701	393	106	50
699	387	109	55
701	393	103	51
701	391	109	51
700	393	107	54
700	394	106	53
698	397	109	56
696	398	109	50
697	401	107	53
694	400	108	54
693	403	111	52
693	402	113	56
694	405	106	52
693	407	108	51
693	408	106	50
692	405	109	55
693	409	104	51
693	406	109	55
690	408	109	55
689	411	107	52
691	410	108	53
691	414	104	52
690	415	106	50
691	416	103	49
692	418	104	48
692	414	106	52
694	418	100	49
693	419	103	51
690	419	102	51
689	420	102	48
689	419	103	51
686	418	102	47
689	415	104	50
687	415	104	48
686	409	105	53
689	405	100	53
690	408	96	48
690	409	99	48
688	412	99	46
689	411	97	49
687	415	99	45
689	418	96	46
690	423	93	41
690	420	94	46
691	422	91	45
689	421	92	47
688	423	94	42
688	419	93	46
689	420	92	42
690	419	91	43
689	418	91	42
689	418	88	40
690	417	87	44
689	417	86	45
691	421	83	40
692	420	83	41
690	420	83	41
689	421	84	42
690	418	82	40
689	418	83	40
689	420	80	40
688	419	83	41
687	419	80	40
689	420	79	41
688	421	78	37
688	416	80	37
688	416	80	38
687	416	77	38
687	409	77	40
688	409	74	39
687	409	75	38
689	407	72	38
688	408	75	38
688	408	75	37
687	408	75	39
688	409	73	36
689	412	72	35
688	411	73	35
688	409	71	36
687	410	71	35
688	412	71	33
688	408	71	35
687	408	70	35
686	407	72	35
686	407	72	34
687	407	69	34
687	408	69	33
687	408	67	32
687	408	68	34
687	408	66	34
685	407	68	33
687	407	64	33
685	408	67	30
686	407	67	32
687	407	64	31
685	408	65	32
687	408	64	30
686	408	66	31
685	405	65	34
683	407	68	31
686	406	64	32
686	406	64	31
685	408	64	30
684	408	65	29
686	407	63	31
686	408	61	31
685	408	61	32
684	410	63	30
686	410	61	31
686	411	62	32
685	411	65	32
687	410	61	32
686	408	63	30
685	406	64	31
686	403	61	31
685	402	61	31
685	402	63	31
685	403	60	29
685	403	60	29
685	404	61	33
685	406	59	30
686	407	60	32
685	409	59	30
685	410	58	31
686	412	59	30
684	413	60	29
684	414	59	30
684	416	59	31
684	416	59	30
684	419	57	29
683	418	59	29
683	418	60	30
682	418	59	28
682	417	59	28
681	415	59	28
682	413	58	29
680	412	59	28
681	411	57	27
680	409	59	28
680	409	58	29
680	408	57	29
680	409	58	29
678	409	60	29
680	409	58	29
679	410	57	28
678	410	58	28
678	409	58	28
678	406	57	31
677	407	57	28
676	406	58	28
676	406	59	28
675	404	59	28
676	404	58	28
676	403	57	28
676	402	58	27
676	401	58	29
676	400	57	28
676	400	56	27
676	400	56	27
676	396	57	29
676	393	58	30
676	390	57	27
675	385	57	27
676	379	55	26
676	381	56	28
677	376	55	28
674	376	56	29
675	376	54	27
676	379	54	26
674	380	56	27
673	383	55	27
673	384	57	27
673	387	54	26
673	387	55	28
671	390	56	30
671	394	54	28
670	399	55	28
670	400	53	27
670	402	53	27
669	402	51	26
668	402	52	27
667	402	54	26
667	401	53	27
667	401	53	25
667	400	52	24
667	400	50	26
667	400	50	26
665	402	53	26
666	402	52	26
666	403	52	26
666	405	52	24
666	406	51	26
666	405	52	25
666	405	52	27
665	407	51	25
666	406	52	26
667	407	49	25
667	408	50	25
667	407	50	25
667	408	50	25
667	407	48	25
667	409	49	26
667	406	50	25
666	407	51	24
667	407	49	24
667	402	49	27
666	405	50	24
667	404	50	25
668	404	50	25
668	408	50	24
670	409	49	27
670	411	50	26
672	414	48	27
672	416	49	25
671	420	49	24
672	420	48	26
673	422	49	27
672	424	49	24
673	424	49	23
674	420	48	25
675	416	48	25
674	413	48	24
676	408	48	23
675	403	48	23
677	397	47	25
676	394	48	24
677	390	47	25
677	389	48	24
677	387	47	25
678	388	47	23
678	388	48	24
678	388	49	24
679	391	49	23
678	392	51	25
680	395	50	24
681	398	48	25
681	399	47	24
681	401	48	23
680	401	47	24
679	400	48	23
678	399	49	24
679	399	48	23
679	401	48	24
678	400	48	24
678	400	47	24
678	401	46	25
677	403	46	22
676	404	46	22
675	406	46	24
675	409	46	25
674	411	46	25
673	411	47	23
672	408	48	25
671	407	48	24
671	403	47	25
671	401	47	25
670	399	47	24
671	395	46	23
670	391	46	24
671	392	47	23
670	390	46	23
670	387	46	23
671	386	46	22
670	383	46	23
671	382	46	24
670	381	46	24
671	380	45	24
670	380	45	23
670	381	46	23
668	383	48	24
670	388	45	23
670	393	46	23
670	398	46	22
670	404	45	22
670	407	46	22
670	410	45	22
670	411	47	25
669	409	46	23
668	402	45	23
670	396	44	23
669	388	44	22
668	381	46	21
668	374	45	22
669	369	45	21
670	366	45	22
669	365	45	22
670	366	45	24
669	367	44	22
671	364	43	20
671	368	44	21
671	368	45	21
671	371	44	22
672	376	44	21
672	380	44	20
672	384	44	21
674	391	44	22
675	399	44	22
677	408	43	21
677	413	44	22
680	420	43	20
680	420	45	23
681	421	44	21
682	419	45	23
684	417	43	23
683	412	45	22
685	407	44	23
685	400	45	24
685	396	46	22
686	391	45	23
686	387	45	23
686	384	45	21
687	381	44	21
687	379	44	22
687	376	44	22
686	375	44	22
687	375	43	21
686	375	44	21
686	374	43	22
685	374	44	22
685	374	44	22
685	371	42	21
684	367	44	21
684	359	43	20
684	353	43	20
684	349	43	22
684	347	42	21
683	346	43	21
683	347	43	23
685	353	41	22
683	361	43	21
684	366	43	21
683	372	44	21
684	381	42	21
683	384	42	21
683	384	42	21
683	385	41	21
683	382	42	20
683	384	42	20
684	385	41	21
685	388	41	20
685	391	43	21
687	396	41	21
687	403	40	21
688	408	41	21
689	413	39	20
688	416	41	21
688	417	40	20
688	416	41	20
688	412	41	19
689	406	41	20
690	403	40	19
690	400	41	19
691	397	41	19
692	395	40	19
692	394	40	20
693	395	38	19
693	395	39	20
693	396	41	21
693	397	40	19
694	398	41	20
693	397	41	20
694	396	40	20
694	396	40	19
696	395	39	19
696	393	39	20
697	392	39	19
696	392	39	18
697	392	39	18
698	391	38	19
698	390	41	21
699	390	39	21
700	392	38	21
700	392	40	22
702	394	39	21
702	393	39	22
704	394	38	20
703	396	38	21
703	395	40	22
704	396	39	20
704	395	37	21
705	397	38	19
706	397	37	18
706	397	38	18
705	398	37	18
706	398	38	19
706	399	38	19
707	399	37	20
707	399	37	20
707	400	37	19
707	400	37	18
707	399	36	19
707	399	37	17
706	397	37	19
706	396	37	18
707	396	36	17
707	395	37	19
706	395	37	19
706	395	36	18
706	395	36	18
705	395	36	17
705	394	36	19
705	394	35	18
704	395	36	18
705	395	35	17
704	396	35	17
704	396	35	18
705	396	35	18
704	398	34	17
704	399	36	17
703	398	36	19
704	399	35	19
704	401	34	18
703	403	35	16
703	402	34	16
702	401	34	16
703	400	33	17
702	399	34	17
700	397	35	18
700	394	35	19
701	395	34	17
700	394	34	18
699	393	35	19
698	395	34	19
698	396	34	18
698	397	34	18
698	398	33	17
696	397	35	18
696	398	34	18
696	399	34	17
695	399	34	16
694	398	34	17
694	398	34	17
694	399	34	18
693	401	34	17
693	401	34	18
693	404	34	17
691	404	33	17
691	404	34	18
690	404	33	18
689	405	34	17
689	406	33	17
688	406	34	17
688	406	33	18
687	405	33	18
687	404	35	18
686	404	33	17
686	403	33	17
686	402	33	17
686	400	33	16
685	398	34	18
685	398	32	17
684	397	33	17
684	397	32	18
683	396	34	18
683	396	33	18
683	396	33	17
682	395	34	18
683	395	33	17
682	396	32	17
683	396	32	17
682	396	32	16
683	396	32	18
682	397	33	17
682	397	32	16
683	398	32	16
683	398	33	17
684	398	33	18
684	401	33	17
685	402	33	17
685	403	32	17
685	403	33	17
686	402	32	17
686	402	33	17
686	402	32	16
687	401	32	16
686	398	33	18
687	399	32	17
687	399	32	16
687	398	32	17
686	397	33	17
687	396	32	17
687	396	32	16
686	394	33	17
685	393	32	16
686	392	32	17
686	393	31	16
685	391	33	17
686	392	31	17
685	392	32	16
685	390	31	17
686	391	31	16
686	390	31	18
687	392	31	16
687	390	31	17
687	390	31	17
688	391	30	16
689	392	31	15
689	391	31	16
690	390	30	17
690	391	31	18
692	394	30	15
692	395	30	16
693	396	31	16
694	398	31	15
695	398	30	16
695	398	31	16
696	398	31	15
697	396	29	16
697	395	30	15
697	395	30	15
697	393	30	16
698	392	30	15
698	391	30	15
698	391	30	16
698	391	30	17
698	393	29	15
698	391	30	17
697	389	31	19
697	390	30	18
697	389	29	19
696	388	30	19
696	389	30	18
696	390	30	17
695	390	30	19
694	391	29	19
694	393	29	18
694	393	30	19
693	395	29	17
693	396	29	17
691	397	29	15
691	396	29	15
690	394	29	15
689	394	30	16
688	392	29	15
687	392	29	15
687	392	29	16
686	392	29	17
686	392	29	16
685	393	29	15
683	392	29	16
684	391	29	18
683	393	29	17
682	394	29	18
681	392	29	18
681	394	29	17
680	394	28	16
680	395	28	15
680	396	27	14
679	395	28	16
679	396	28	16
679	396	29	16
679	398	27	16
679	399	27	15
679	399	27	15
679	399	28	13
680	397	27	13
679	394	28	15
680	392	28	16
680	390	28	16
680	389	28	16
680	389	28	15
681	390	28	16
680	390	28	17
681	391	28	16
681	393	29	17
682	394	28	16
682	396	28	15
681	396	28	15
682	394	28	16
682	394	28	15
682	392	28	15
683	392	27	15
683	391	28	15
684	390	28	15
684	390	28	13
684	389	28	13
685	388	27	14
685	388	27	13
685	388	27	13
687	388	26	12
687	387	26	13
687	384	27	16
688	385	26	14
688	385	27	13
688	383	27	14
688	383	27	15
690	383	28	14
690	383	27	13
690	381	28	14
691	380	28	14
692	380	27	14
692	379	27	14
693	380	27	15
693	382	27	14
694	384	28	13
694	385	27	14
695	386	28	15
696	387	27	15
697	389	27	15
697	389	27	15
698	390	27	13
699	390	27	16
699	391	27	14
700	391	27	15
700	391	27	14
701	390	26	14
701	390	26	13
701	389	27	14
701	388	27	14
701	387	27	15
702	386	27	14
702	386	27	14
701	385	27	14
702	385	27	14
702	386	26	14
702	386	28	15
702	389	27	12
703	388	27	14
702	389	27	14
703	391	26	12
703	390	27	13
703	390	27	15
703	392	27	15
703	393	27	15
703	395	27	15
704	397	25	14
703	398	27	15
704	399	26	15
703	400	27	14
703	401	26	13
703	400	26	15
703	400	26	14
703	400	26	13
703	400	26	14
703	398	27	16
703	397	27	16
703	396	27	16
703	396	27	16
703	395	27	16
703	395	27	16
703	395	27	15
704	394	26	16
704	395	26	15
704	395	26	15
703	395	27	15
703	395	27	15
703	395	26	15
702	395	28	16
703	397	27	16
702	397	26	15
702	398	27	15
702	398	26	14
701	395	27	15
701	393	27	16
701	392	27	16
701	391	26	17
701	392	26	16
700	393	27	16
700	397	27	15
700	399	26	15
701	400	27	15
701	401	27	15
702	400	26	15
701	395	26	15
701	391	27	15
701	388	26	14
701	383	27	15
701	382	26	14
701	382	26	14
700	380	26	15
700	380	27	15
700	381	26	16
700	383	26	16
699	383	27	16
699	385	26	15
699	386	26	16
698	387	27	16
697	389	27	16
698	391	26	15
697	391	27	16
697	393	27	16
697	394	27	16
697	397	26	14
697	397	26	15
697	398	26	14
696	396	27	15
696	396	26	14
696	394	27	14
695	394	27	13
695	392	27	15
695	391	26	15
695	392	27	15
694	393	26	15
694	393	26	16
694	394	26	15
694	396	26	14
694	398	26	14
693	396	26	14
692	395	26	15
692	394	26	14
693	392	26	15
692	390	26	14
693	387	25	14
692	383	27	15
692	382	26	14
692	380	27	15
692	381	26	14
692	381	26	13
692	382	26	14
693	384	26	14
693	387	25	13
693	388	26	13
693	389	26	14
693	390	26	12
693	389	26	13
693	390	26	12
694	389	26	13
694	390	25	13
693	390	26	13
694	390	26	14
694	391	26	15
695	392	26	16
696	393	26	16
697	392	26	16
697	392	27	15
699	391	26	15
701	390	26	16
703	387	26	14
704	384	26	16
706	383	26	13
707	380	26	14
709	379	26	13
711	379	25	13
713	380	25	13
714	381	27	14
715	384	26	14
716	385	26	16
718	391	25	13
717	392	26	15
718	394	26	14
717	395	27	15
716	397	26	14
715	396	26	15
714	397	26	15
713	396	26	17
712	397	26	15
711	399	24	13
710	398	25	14
709	397	25	14
708	397	25	13
707	396	26	13
705	396	25	13
705	392	25	15
704	390	25	15
703	386	25	15
702	382	25	15
701	380	25	15
699	373	25	15
698	367	26	16
698	365	26	17
697	364	27	16
697	363	25	14
697	363	26	16
696	368	25	16
697	372	25	15
697	379	24	14
697	387	25	14
698	393	26	16
699	401	25	15
699	403	25	15
698	405	25	15
699	402	25	15
698	398	26	15
697	395	25	14
696	389	26	15
697	386	25	15
695	384	25	15
694	382	26	16
693	383	25	15
692	384	25	16
691	387	25	15
690	388	25	15
688	390	26	16
688	392	25	16
688	395	24	15
687	397	24	14
686	396	25	14
686	395	25	14
685	392	25	15
684	386	26	16
683	379	25	14
681	367	26	15
679	355	26	15
680	355	26	15
679	352	25	14
679	354	24	13
678	363	25	14
677	375	25	15
677	384	24	15
675	392	26	16
675	395	25	14
675	393	25	15
675	397	25	14
676	395	25	14
677	393	25	15
677	392	26	14
678	391	26	15
680	390	25	15
680	389	25	14
682	388	24	15
682	389	25	14
683	388	25	15
683	389	25	14
684	390	25	15
684	391	25	15
685	392	24	15
685	393	25	15
684	394	25	15
685	394	24	15
685	393	24	15
684	392	25	15
685	391	25	15
686	390	24	14
686	389	24	14
686	388	25	14
686	388	23	14
687	387	24	14
687	386	24	15
687	388	24	13
687	389	25	14
687	389	24	15
687	390	24	13
687	390	24	14
688	390	24	15
687	389	25	15
687	390	25	15
687	390	25	15
688	391	25	15
688	390	25	14
688	389	25	13
688	388	24	13
689	386	25	15
688	385	25	14
688	382	26	14
689	382	25	14
689	381	25	14
689	380	25	14
690	381	25	14
690	380	25	15
690	381	26	15
690	382	25	16
692	384	24	16
692	386	25	15
691	388	25	15
692	389	26	16
693	390	25	15
694	391	25	15
694	391	25	16
695	390	24	16
696	389	24	15
696	388	25	15
697	386	25	15
698	385	24	15
698	385	24	14
698	384	25	15
699	384	24	16
700	384	24	16
700	385	24	16
700	386	25	16
700	388	24	16
700	388	24	17
700	388	25	16
700	388	25	16
699	388	25	16
699	389	24	15
699	388	24	15
699	387	24	15
699	387	24	14
699	387	24	15
699	388	24	14
698	388	24	15
697	387	24	16
698	387	24	15
697	387	25	15
697	388	24	13
696	387	25	14
696	386	25	14
696	385	25	15
695	385	25	14
695	384	24	14
694	384	25	15
693	384	25	14
693	386	25	14
692	386	25	14
692	387	26	14
691	389	26	14
691	390	25	13
690	392	25	13
690	390	26	15
690	391	26	15
690	391	26	15
689	390	26	16
689	390	26	15
689	391	25	14
689	391	25	14
688	390	25	14
688	390	25	14
687	390	25	14
687	390	25	14
687	390	25	13
687	390	25	14
687	391	25	14
687	390	25	16
687	389	24	16
686	390	25	15
686	389	25	16
686	391	24	14
685	390	25	15
685	389	25	15
684	389	25	15
684	390	26	16
683	391	27	16
683	392	26	16
683	392	26	16
682	392	26	16
682	392	27	16
681	392	27	17
681	392	27	17
681	392	26	17
681	393	26	15
680	393	27	15
679	392	27	17
679	392	26	16
677	391	27	16
676	391	27	15
676	390	27	15
674	391	28	16
674	390	28	17
674	391	28	16
673	390	28	16
673	388	28	17
672	390	29	17
671	389	28	16
671	388	28	15
671	386	28	16
670	387	28	15
670	387	28	15
670	387	28	15
670	389	28	15
669	391	29	17
670	392	28	17
670	391	28	16
670	395	28	16
670	395	28	16
670	395	29	15
669	394	29	16
669	394	29	14
669	391	29	17
670	391	28	15
669	390	29	15
669	389	28	13
668	384	30	17
669	384	29	16
668	383	30	16
668	383	29	14
668	380	29	17
669	380	29	15
667	378	30	16
668	379	30	18
668	380	30	17
668	381	30	17
667	381	31	16
667	381	31	17
667	382	30	17
666	384	31	17
665	383	32	17
665	384	31	17
665	382	31	18
664	383	31	18
665	383	31	17
663	383	32	17
664	383	31	16
664	381	32	18
663	381	32	18
663	382	32	16
662	381	33	18
663	380	32	18
663	380	33	19
663	379	32	20
663	380	33	17
662	378	33	17
663	378	33	19
662	378	34	18
662	377	33	18
662	378	34	18
663	380	33	17
663	379	34	18
664	380	34	19
663	381	34	19
664	381	35	19
662	381	36	19
663	382	36	19
664	383	34	18
664	384	35	17
664	384	36	18
663	383	37	19
665	384	35	17
664	385	36	18
664	385	37	18
664	385	38	18
665	385	37	19
664	385	37	18
664	385	38	17
665	385	38	18
665	385	38	18
665	384	38	18
666	385	38	18
666	384	39	19
667	384	39	18
666	383	39	20
667	384	39	19
668	384	40	20
667	385	40	20
667	384	40	21
667	384	41	22
667	384	41	21
668	384	40	21
668	384	41	20
667	385	42	20
668	383	41	21
668	383	42	20
667	381	43	22
668	381	43	21
668	378	44	22
668	378	45	24
668	380	44	24
667	380	44	22
668	382	43	21
667	382	45	21
668	381	45	23
667	382	45	22
667	383	46	22
668	382	45	22
667	382	47	24
668	381	47	24
667	381	48	24
666	380	48	24
667	381	49	26
668	381	48	24
666	382	51	24
667	382	51	27
667	383	51	26
668	385	50	27
666	386	51	25
666	388	52	26
665	389	54	26
665	392	54	27
665	392	55	28
664	394	56	25
665	393	55	27
664	393	56	26
664	393	56	27
664	393	57	27
663	393	59	28
663	392	59	30
664	393	59	29
663	392	61	32
662	394	63	31
663	395	61	31
663	395	64	31
662	395	63	33
662	397	64	33
661	398	65	32
662	400	65	30
662	402	66	32
660	402	67	32
661	402	67	34
660	402	70	34
659	402	69	33
658	401	71	35
658	401	71	34
657	399	72	36
659	399	72	37
658	400	73	36
658	401	74	38
657	402	74	35
656	403	76	36
657	402	76	36
655	402	77	39
656	403	80	38
654	402	81	38
654	403	81	39
654	403	82	40
651	402	84	42
649	402	85	42
650	400	88	46
648	404	87	44
647	405	91	43
649	407	88	43
648	407	88	43
646	409	91	43
644	409	94	41
645	406	95	47
643	408	96	44
643	410	97	48
644	407	96	49
643	410	98	48
641	410	101	48
639	410	101	53
635	406	108	54
637	409	105	52
634	409	108	55
634	412	106	55
631	410	110	56
632	414	112	49
632	411	109	56
628	413	114	57
626	414	115	56
624	414	119	57
625	413	115	57
623	414	117	59
625	417	116	56
622	417	117	59
620	417	119	54
619	419	121	60
617	417	125	62
614	415	129	66
614	416	128	65
614	416	128	67
611	420	131	56
611	421	131	62
610	418	134	66
608	414	134	71
607	415	138	66
608	420	135	67
608	419	136	66
606	419	137	65
603	423	139	66
604	418	141	65
600	420	144	72
598	421	145	70
598	425	149	68
599	425	146	67
596	416	148	78
598	423	147	68
596	422	151	72
594	425	152	72
591	426	155	74
592	416	156	83
588	423	163	79
591	427	157	71
589	427	157	74
589	420	161	83
588	423	157	79
585	425	160	75
587	428	163	78
586	427	162	75
585	430	165	77
587	430	164	75
586	430	161	79
582	428	167	79
581	431	171	74
580	431	169	87
579	428	174	83
579	430	171	81
579	435	172	82
578	428	173	85
578	432	177	82
575	431	177	85
572	426	183	98
570	431	177	86
568	436	186	89
569	435	184	86
566	428	190	94
569	429	183	88
569	434	182	98
564	427	191	99
563	436	190	90
563	437	192	90
560	430	191	99
564	436	186	93
562	435	198	93
561	436	194	90
558	436	197	97
556	434	197	95
558	436	198	97
554	436	199	103
555	438	204	98
554	437	200	95
553	436	205	103
549	442	206	99
550	438	206	101
548	436	209	104
547	438	211	102
550	436	206	104
549	439	204	106
547	434	211	108
