2.367251
0.043710
0.042088
0.045787
0.045561
0.043411
0.046217
0.044637
0.043330
0.041403
0.043082
0.047668
0.049898
0.045175
0.040732
0.045193
0.040020
0.041097
0.041790
0.041946
0.046129
0.042916
0.040803
0.047511
0.043257
0.042110
0.040373
0.041404
0.043716
0.044220
0.043854
0.042350
0.064326
0.228267
0.046397
0.053374
0.043529
0.046174
0.041710
0.041563
0.050016
0.038525
0.038491
0.039284
0.043188
0.083481
0.040821
0.041692
0.043790
0.042183
0.040408
0.040471
0.044612
0.043614
0.044987
0.040950
0.043956
0.042370
0.043978
0.041688
0.048491
0.041605
0.042513
0.042561
0.165404
0.045784
0.041400
0.047219
0.041063
0.046489
0.044406
0.049265
0.048913
0.048169
0.045701
0.044665
0.054631
0.056142
0.043100
0.052762
0.056430
0.049091
0.046051
0.043293
0.045372
0.044142
0.044608
0.043906
0.048541
0.052464
0.048097
0.053155
0.059297
0.049258
0.047162
0.047613
0.050117
0.048525
0.047750
0.048294
0.057516
0.048841
0.049218
0.048266
0.048864
0.050230
0.048448
0.086779
0.041746
0.041604
0.043568
0.042073
0.043996
0.044674
0.041110
0.042464
0.040092
0.043002
0.041903
0.046474
0.049609
0.041979
0.043145
0.042035
0.046160
0.042619
0.042893
0.042098
0.040291
0.043473
0.041132
0.041478
0.039803
0.043799
0.039108
0.041247
0.040651
0.041470
0.041871
0.048324
0.047027
0.040774
0.043398
0.043733
0.043870
0.043680
0.044343
0.043601
0.044564
0.044653
0.044152
0.045810
0.047608
0.047899
0.049773
0.047025
0.042986
0.042652
0.042414
0.045377
0.048795
0.041766
0.044490
0.042082
0.041066
0.043228
0.040133
0.039597
0.041492
0.041157
0.040623
0.043601
0.039806
0.046405
0.042532
0.043017
0.053833
0.044576
0.043401
0.043623
0.047650
0.046178
0.045804
0.044118
0.048188
0.040501
0.040197
0.041087
0.040792
0.042122
0.042238
0.041180
0.044199
0.040568
0.043580
0.041140
0.041361
0.047191
0.042733
0.076672
0.049289
0.048930
0.045448
0.046856
0.046849
0.038725
0.042331
0.043109
0.046754
0.042516
0.044636
0.043737
0.048014
0.044626
0.044110
0.043532
0.043355
0.040150
0.039376
0.040396
0.044818
0.041197
0.041582
0.041354
0.043212
0.039590
0.039542
0.040945
0.054630
0.130104
0.043504
0.042361
0.049260
0.040954
0.044285
0.041760
0.040857
0.041782
0.042746
0.041294
0.047359
0.044172
0.044484
0.046227
0.040982
0.040977
0.044343
0.043278
0.041925
0.041222
0.040490
0.042180
0.040789
0.043849
0.042895
0.041806
0.042121
0.041322
0.041078
0.042259
0.046683
0.041873
0.040880
0.040947
0.040981
0.041347
0.040481
0.041248
0.040871
0.040012
0.042355
0.040492
0.041046
0.042017
0.040155
0.040558
0.043273
0.040935
0.040664
0.044268
0.045929
0.040471
0.040548
0.045181
0.043594
0.039976
0.040791
0.040282
0.039811
0.039690
0.040714
0.040451
0.042499
0.040701
0.042787
0.040693
0.040792
0.041741
0.040372
0.041058
0.045807
0.040839
0.040517
0.045052
0.041217
0.041718
0.040798
0.041159
0.042183
0.040471
0.040884
0.047988
0.041253
0.042114
0.042971
0.042532
0.042245
0.043005
0.043695
0.042752
0.049144
0.041767
0.044088
0.042526
0.043527
0.042211
0.043042
0.041406
0.042960
0.042162
0.041881
0.043490
0.047645
0.047395
0.043911
0.042692
0.042313
0.042356
0.043119
0.047069
0.047812
0.042391
0.043141
0.042572
0.043077
0.041691
0.041891
0.040982
0.041207
0.041414
0.042311
0.041305
0.041095
0.041047
0.041116
0.040532
0.042054
0.040996
0.041536
0.042336
0.046161
0.040673
0.041440
0.043348
0.042082
0.043712
0.042338
0.043345
0.042457
0.040406
0.041745
0.131534
0.042188
0.040803
0.041339
0.042272
0.042413
0.039934
0.040014
0.040905
0.047876
0.041082
0.042114
0.040632
0.041413
0.041034
0.041097
0.041099
0.040425
0.040686
0.040899
0.040981
0.040288
0.041540
0.040759
0.040725
0.040514
0.041124
0.040496
0.041704
0.047933
0.113621
0.040299
0.040551
0.040685
0.040676
0.041371
0.040080
0.044086
0.042424
0.041334
0.042646
0.040735
0.041196
0.041246
0.041378
0.041381
0.043149
0.042454
0.040959
0.047065
0.040848
0.042290
0.041888
0.041916
0.043205
0.042548
0.041132
0.042006
0.043702
0.041425
0.040829
0.040312
0.040528
0.040493
0.039792
0.040888
0.039257
0.041142
0.040190
0.046475
0.038833
0.039449
0.040329
0.039104
0.040661
0.039051
0.040357
0.039277
0.039538
0.042752
0.039052
0.040038
0.045365
0.039462
0.039444
0.041162
0.039506
0.039611
0.038169
0.046407
0.037962
0.038716
0.039461
0.039389
0.040947
0.039587
0.041467
0.039934
0.040214
0.039170
0.039629
0.041576
0.040292
0.038898
0.038720
0.040234
0.039085
0.040376
0.039400
0.044758
0.039262
0.041044
0.042123
0.040679
0.039654
0.039003
0.039784
0.039240
0.040232
0.039049
0.041925
0.038204
0.039163
0.041929
0.042012
0.042616
0.041643
0.041762
0.041904
0.047340
0.041884
0.042403
0.041591
0.041859
0.042421
0.042283
0.040812
0.042548
0.041062
0.041363
0.042500
0.041583
0.043216
0.042222
0.041203
0.042188
0.042305
0.041778
0.041538
0.048061
0.041560
0.041180
0.043742
0.042500
0.042119
0.042204
0.041803
0.042979
0.041409
0.042185
0.041859
0.041106
0.041263
0.044142
0.039940
0.043265
0.040622
0.040635
0.041335
0.045371
0.039496
0.040499
0.040649
0.039572
0.040534
0.039485
0.042107
0.081245
0.068699
0.086489
0.017259
0.017870
0.016561
0.016987
0.020635
0.017107
0.017447
0.017527
0.017086
0.020426
0.018490
0.022841
0.017862
0.025387
0.018184
0.017597
0.016561
0.018665
0.024824
0.017764
0.017508
0.017662
0.017667
0.021391
0.017086
0.017442
0.017433
0.017939
0.017399
0.017466
0.080308
0.046831
0.070698
0.087174
0.086243
0.017232
0.017287
0.016800
0.016974
0.019896
0.016915
0.039759
0.017376
0.016881
0.016749
0.017474
0.017148
0.016688
0.016850
0.017903
0.039399
0.020943
0.015684
0.015386
0.015402
0.015369
0.020050
0.016470
0.016393
0.016422
0.040479
0.040650
0.040818
0.040887
0.041886
0.040488
0.040505
0.041001
0.017182
0.016167
0.039376
0.017389
0.016485
0.016746
0.040322
0.040416
0.018163
0.016295
0.016527
0.016705
0.016487
0.018217
0.016463
0.016377
0.016996
0.016646
0.016232
0.016452
0.016272
0.016627
0.016394
0.016158
0.040261
0.039590
0.040370
0.039465
0.041543
0.040400
0.042616
0.042848
0.040144
0.040141
0.041523
0.040141
0.040345
0.040852
0.041024
0.040118
0.040669
0.046143
0.040175
0.040178
0.040795
0.042245
0.041675
0.041165
0.041908
0.041835
0.041878
0.043824
0.040939
0.042233
0.042468
0.042036
0.041619
0.041141
0.042275
0.040999
0.041421
0.046788
0.040940
0.040840
0.041062
0.042034
0.040705
0.041372
0.042217
0.040916
0.041375
0.042315
0.041284
0.041329
0.041614
0.041650
0.043338
0.042544
0.042223
0.040766
0.042151
0.048814
0.041049
0.041332
0.040576
0.042122
0.040424
0.042433
0.042309
0.041336
0.041543
0.042401
0.041273
0.041080
0.042005
0.041327
0.044070
0.040881
0.041040
0.041872
0.041201
0.049043
0.041729
0.042588
0.042727
0.044739
0.040824
0.041100
0.041423
0.042917
0.043232
0.040884
0.041959
0.043277
0.041649
0.041549
0.041999
0.041884
0.042120
0.041782
0.040770
0.046651
0.041452
0.042619
0.041917
0.040776
0.042575
0.040887
0.042250
0.042510
0.041093
0.041882
0.042050
0.041015
0.041865
0.043473
0.041413
0.041265
0.042811
0.041636
0.041941
0.047740
0.041358
0.041482
0.044578
0.051544
0.042470
0.042852
0.043411
0.041919
0.042041
0.041690
0.042118
0.042049
0.042629
0.041212
0.041483
0.041821
0.041428
0.041837
0.042709
0.047057
0.040974
0.040946
0.042589
0.041740
0.040911
0.041507
0.041400
0.040111
0.040884
0.040872
0.041427
0.044564
0.041880
0.040659
0.102529
0.064113
0.071484
0.076793
0.085191
0.098122
0.078110
0.090639
0.071606
0.071228
0.071978
0.089770
0.094602
0.082883
0.044014
0.038099
0.038723
0.040332
0.039643
0.038004
0.038268
0.040484
0.039576
0.042501
0.039308
0.044330
0.038288
0.038895
0.040369
0.044114
0.043834
0.042872
0.042879
0.043536
0.056237
0.042599
0.043951
0.043832
0.042473
0.043399
0.043021
0.042473
0.042815
0.043559
0.041901
0.054718
0.040942
0.042386
0.041932
0.041408
0.041791
0.041441
0.041883
0.041991
0.040874
0.041846
0.042772
0.045368
0.041381
0.042815
0.042486
0.045071
0.042434
0.042021
0.041929
0.047529
0.041697
0.041956
0.041686
0.041458
0.041613
0.041878
0.046960
0.040572
0.040886
0.041952
0.041561
0.041426
0.041451
0.043041
0.040664
0.041061
0.040410
0.042630
0.040898
0.046227
0.041189
0.042052
0.043949
0.040948
0.041229
0.041693
0.040870
0.042387
0.039862
0.041558
0.042943
0.039575
0.041892
0.041111
0.043115
0.042023
0.041575
0.042288
0.041849
0.046988
0.041702
0.041435
0.043727
0.039258
0.041443
0.042319
0.039449
0.041214
0.039843
0.041810
0.041855
0.043362
0.041086
0.041199
0.042421
0.041369
0.039781
0.042551
0.039107
0.048562
0.040945
0.041831
0.041009
0.041301
0.041391
0.041036
0.041177
0.042119
0.041291
0.040925
0.041721
0.040724
0.040703
0.054635
0.041134
0.040454
0.040057
0.040851
0.040053
0.046417
0.040409
0.040362
0.040660
0.040702
0.043677
0.039160
0.041355
0.041084
0.040772
0.043162
0.040202
0.043848
0.041571
0.040845
0.041057
0.041803
0.039933
0.039505
0.041875
0.046104
0.040522
0.040668
0.041101
0.046008
0.041440
0.042041
0.042422
0.041508
0.041829
0.041574
0.040776
0.041150
0.045904
0.041842
0.041833
0.048163
0.040560
0.042021
0.041926
0.046170
0.041719
0.041558
0.041775
0.043003
0.040782
0.041566
0.043337
0.038637
0.041487
0.041451
0.044794
0.041322
0.043113
0.041616
0.042428
0.041728
0.041600
0.040284
0.042228
0.046984
0.040575
0.040812
0.043931
0.040409
0.040925
0.043092
0.042224
0.042197
0.041914
0.041897
0.041740
0.042135
0.042227
0.042601
0.042390
0.043764
0.042028
0.042118
0.042646
0.048825
0.042409
0.042777
0.042546
0.043136
0.042088
0.043355
0.042156
0.044455
0.042191
0.042944
0.042865
0.043160
0.042687
0.042954
0.042757
0.042187
0.041905
0.043328
0.042438
0.048566
0.041782
0.041331
0.042490
0.042804
0.042002
0.043222
0.043120
0.042248
0.041138
0.040842
0.042360
0.041489
0.041239
0.041822
0.041764
0.041585
0.042691
0.041814
0.041575
0.047207
0.041481
0.040796
0.041341
0.042228
0.041584
0.040830
0.041351
0.039956
0.040441
0.041129
0.040342
0.039940
0.040710
0.040990
0.040942
0.041916
0.041702
0.041437
0.042418
0.047486
0.041955
0.042083
0.041125
0.041974
0.041848
0.041687
0.040515
0.041519
0.038917
0.038693
0.039848
0.039138
0.038540
0.039294
0.039436
0.040489
0.043793
0.042326
0.042933
0.047299
0.039992
0.041174
0.041468
0.040329
0.041111
0.041675
0.086036
0.073438
0.053645
0.042500
0.051011
0.042019
0.042422
0.042470
0.042201
0.041978
0.042389
0.043790
0.042518
0.048231
0.042639
0.042460
0.042972
0.042476
0.045121
0.041762
0.041167
0.042567
0.042386
0.042396
0.041890
0.041996
0.042865
0.042037
0.042327
0.042846
0.042067
0.041697
0.041730
0.046280
0.041286
0.041790
0.041994
0.042919
0.041811
0.041579
0.041733
0.041513
0.041148
0.041307
0.041845
0.041492
0.041964
0.041876
0.040633
0.040892
0.041909
0.041598
0.041847
0.047484
0.041618
0.042000
0.040505
0.042152
0.042019
0.041739
0.042265
0.041623
0.042056
0.043154
0.041331
0.042243
0.042045
0.045431
0.041673
0.044360
0.041921
0.045523
0.041556
0.047103
0.040646
0.041975
0.041358
0.044913
0.045204
0.040949
0.039897
0.041207
0.040586
0.040751
0.039632
0.041957
0.044428
0.040743
0.041105
0.040993
0.040573
0.040854
0.047880
0.045111
0.041048
0.041166
0.041998
0.041663
0.041697
0.041394
0.041212
0.042035
0.042949
0.042657
0.041988
0.042336
0.043503
0.041980
0.042128
0.042253
0.042349
0.041630
0.041954
0.047378
0.043754
0.041061
0.041681
0.041457
0.041978
0.041410
0.041018
0.040401
0.040614
0.040159
0.041332
0.041506
0.041845
0.040808
0.041988
0.040935
0.041229
0.042951
0.041852
0.046391
0.038946
0.039192
0.043688
0.043258
0.043614
0.039906
0.078468
0.042949
0.041637
0.040498
0.041139
0.040894
0.039579
0.042435
0.046317
0.057389
0.039887
0.040561
0.040715
0.046886
