2.213215
0.037993
0.039013
0.039239
0.045105
0.041749
0.041322
0.041984
0.041097
0.041614
0.042475
0.042662
0.039490
0.042459
0.041124
0.041231
0.040767
0.042033
0.041171
0.040038
0.047299
0.040829
0.042556
0.042278
0.041756
0.043208
0.042644
0.042421
0.042602
0.042627
0.042709
0.042117
0.042577
0.042197
0.042408
0.042277
0.042660
0.041554
0.040985
0.042223
0.047745
0.041722
0.041024
0.040936
0.041755
0.043880
0.040716
0.041818
0.042233
0.041347
0.041399
0.042559
0.040640
0.040513
0.041367
0.041371
0.041796
0.041930
0.041522
0.041440
0.047093
0.041942
0.041280
0.043057
0.041976
0.040657
0.041976
0.042006
0.042444
0.041880
0.041497
0.041490
0.042098
0.041287
0.041564
0.041072
0.042191
0.042276
0.042288
0.041424
0.046307
0.041975
0.041466
0.040775
0.039871
0.040584
0.039719
0.040292
0.040244
0.039399
0.040460
0.040446
0.039943
0.090055
0.040081
0.041001
0.040650
0.040752
0.040951
0.041455
0.046595
0.041748
0.041497
0.041324
0.040907
0.041399
0.041585
0.041360
0.041171
0.041406
0.040834
0.041663
0.042032
0.041448
0.041783
0.040094
0.040606
0.039758
0.039018
0.040251
0.046003
0.039285
0.040411
0.079616
0.041804
0.044912
0.041700
0.041278
0.041656
0.041521
0.041782
0.042097
0.041929
0.041321
0.040954
0.041653
0.043858
0.019250
0.019531
0.019424
0.019459
0.019907
0.020132
0.042889
0.043633
0.042857
0.041201
0.042685
0.041141
0.040560
0.041842
0.041792
0.043337
0.041777
0.041112
0.041388
0.040629
0.041534
0.044260
0.041522
0.047396
0.041485
0.040501
0.041321
0.041108
0.040879
0.040956
0.040893
0.041723
0.042136
0.040150
0.040945
0.040425
0.042372
0.041359
0.041747
0.042349
0.042951
0.042705
0.041973
0.048520
0.041617
0.041722
0.041794
0.041823
0.042441
0.041678
0.041565
0.041524
0.042212
0.040881
0.041586
0.042055
0.040606
0.040580
0.042681
0.042439
0.040853
0.041019
0.042131
0.046252
0.040635
0.040375
0.040357
0.040605
0.040677
0.040710
0.041500
0.040700
0.041345
0.042773
0.042081
0.041085
0.040766
0.040173
0.041034
0.041799
0.042088
0.042015
0.041156
0.046502
0.038955
0.042451
0.041566
0.041523
0.042141
0.041193
0.041998
0.042305
0.042947
0.041749
0.042501
0.041184
0.040924
0.040540
0.040648
0.040762
0.040776
0.040715
0.040737
0.046753
0.041228
0.040133
0.040418
0.041435
0.040385
0.040406
0.041179
0.040471
0.040846
0.040532
0.041039
0.040498
0.040937
0.040730
0.040259
0.042129
0.042274
0.042972
0.041690
0.134761
0.041499
0.040822
0.042506
0.041188
0.040191
0.040384
0.040933
0.041402
0.040969
0.040485
0.040456
0.042438
0.041270
0.041630
0.041100
0.041567
0.041795
0.041214
0.040617
0.046238
0.039509
0.040508
0.040634
0.041404
0.040732
0.042017
0.040922
0.041421
0.041258
0.041737
0.042108
0.042076
0.041221
0.042172
0.040518
0.040152
0.039851
0.040158
0.041179
0.047283
0.040543
0.040356
0.041735
0.040983
0.040487
0.039593
0.040451
0.040486
0.042441
0.040879
0.041595
0.040871
0.044544
0.041946
0.040102
0.039533
0.038805
0.042362
0.040190
0.044869
0.042284
0.042260
0.042252
0.039377
0.039606
0.040174
0.040349
0.039383
0.039765
0.039116
0.040315
0.039850
0.040450
0.039825
0.039925
0.039809
0.040704
0.040991
0.039087
0.044428
0.039396
0.039199
0.039736
0.038735
0.039088
0.039071
0.039227
0.039406
0.039686
0.039202
0.039564
0.039545
0.038681
0.040257
0.038922
0.038762
0.039557
0.038646
0.038569
0.043798
0.038170
0.039179
0.038688
0.037749
0.040694
0.040027
0.040127
0.040409
0.040681
0.040466
0.042025
0.040421
0.040157
0.039203
0.040203
0.038507
0.041578
0.038427
0.043146
0.045428
0.040923
0.041607
0.040181
0.041313
0.040875
0.039272
0.040285
0.040738
0.040925
0.040159
0.040314
0.040993
0.040703
0.039034
0.041161
0.041654
0.040308
0.080410
0.047671
0.051380
0.042257
0.041261
0.043118
0.043158
0.042565
0.042227
0.042657
0.042778
0.042645
0.042581
0.042106
0.042642
0.042477
0.042319
0.042600
0.040608
0.041146
0.041013
0.041397
0.046020
0.040361
0.042231
0.040601
0.042726
0.041064
0.041134
0.152250
0.043727
0.040768
0.041342
0.040982
0.041489
0.043245
0.044727
0.042965
0.040568
0.041105
0.040545
0.040964
0.050010
0.038733
0.042098
0.040591
0.041485
0.039567
0.040568
0.040801
0.042081
0.038743
0.040274
0.040704
0.042251
0.039907
0.042317
0.041107
0.040704
0.040224
0.040468
0.040567
0.046581
0.040580
0.042002
0.039955
0.040833
0.038943
0.038810
0.039246
0.040380
0.039234
0.041578
0.039021
0.038896
0.039166
0.039984
0.041401
0.039760
0.040044
0.040521
0.040888
0.047124
0.040389
0.040634
0.041920
0.040353
0.040708
0.040351
0.040559
0.039407
0.040861
0.039943
0.040643
0.041343
0.041392
0.040474
0.039469
0.040106
0.046270
0.040816
0.044916
0.046128
0.039155
0.041196
0.040615
0.040245
0.041064
0.040420
0.041723
0.040047
0.040622
0.040102
0.040934
0.045532
0.042282
0.042086
0.042171
0.042947
0.042412
0.039984
0.040667
0.046253
0.044597
0.039724
0.040009
0.040392
0.042432
0.039930
0.039761
0.047638
0.039749
0.040119
0.039231
0.038985
0.039793
0.040637
0.041132
0.039894
0.041416
0.042399
0.042171
0.049863
0.041452
0.041894
0.040558
0.040455
0.040548
0.039664
0.039874
0.040905
0.039918
0.040344
0.040041
0.039931
0.040726
0.040713
0.040371
0.040428
0.040570
0.040243
0.040692
0.045232
0.039632
0.063092
0.078664
0.042518
0.041618
0.041899
0.042341
0.042424
0.042699
0.042293
0.042093
0.044268
0.041267
0.041878
0.042106
0.042746
0.042035
0.042270
0.041707
0.048181
0.044145
0.041319
0.040890
0.041358
0.041341
0.041181
0.040874
0.042057
0.041193
0.153986
0.041894
0.041637
0.051722
0.075685
0.053299
0.039932
0.040185
0.042010
0.040962
0.048626
0.039005
0.040520
0.040743
0.043439
0.041535
0.041021
0.042262
0.040087
0.040413
0.042551
0.040081
0.040183
0.040449
0.040436
0.040295
0.040577
0.042278
0.042777
0.042854
0.044856
0.039261
0.040412
0.040668
0.040306
0.040015
0.040856
0.040271
0.043417
0.041698
0.041362
0.041228
0.039826
0.040102
0.043351
0.040394
0.040455
0.041923
0.039984
0.039463
0.046345
0.042822
0.041695
0.041412
0.040547
0.040073
0.041855
0.041508
0.041556
0.040445
0.040146
0.041315
0.041115
0.040415
0.041496
0.039489
0.043046
0.043140
0.041418
0.039146
0.045052
0.040421
0.039142
0.040204
0.039495
0.040968
0.041535
0.041944
0.041105
0.040158
0.040870
0.040064
0.040367
0.041388
0.040158
0.040341
0.040489
0.041226
0.040615
0.041222
0.045464
0.041787
0.044605
0.041623
0.040601
0.043777
0.042592
0.040683
0.041183
0.041184
0.042760
0.042208
0.043292
0.041610
0.041838
0.042772
0.043494
0.041617
0.047811
0.044585
0.047926
0.046331
0.040326
0.040703
0.042991
0.043345
0.041495
0.043931
0.044465
0.040276
0.040972
0.042081
0.043995
0.040617
0.042130
0.040325
0.042531
0.042509
0.041768
0.042637
0.047316
0.041527
0.117173
0.065126
0.041517
0.042200
0.042649
0.043491
0.044439
0.043861
0.043349
0.042909
0.043004
0.042359
0.043218
0.042119
0.042904
0.045822
0.044598
0.065658
0.047318
0.042892
0.041993
0.044511
0.044152
0.042663
0.046352
0.043158
0.043486
0.041907
0.041751
0.048502
0.044931
0.044837
0.041625
0.041202
0.044018
0.042954
0.043867
0.042990
0.051068
0.045832
0.044191
0.044862
0.045251
0.044675
0.047127
0.045101
0.042906
0.044234
0.044293
0.042966
0.043025
0.045709
0.043523
0.045635
0.044405
0.044534
0.046280
0.044656
0.050039
0.045910
0.042404
0.043721
0.044860
0.043951
0.047146
0.053863
0.046233
0.045943
0.045147
0.048551
0.043866
0.045169
0.044605
0.044087
0.046439
0.043745
0.045246
0.044323
0.053930
0.043326
0.042167
0.045368
0.046468
0.043809
0.045914
0.044151
0.044625
0.042681
0.043764
0.043222
0.044406
0.042583
0.041660
0.043736
0.045255
0.040348
0.044912
0.018122
0.017779
0.017738
0.019898
0.039680
0.042226
0.043028
0.042119
0.042644
0.044036
0.042739
0.043318
0.044799
0.040191
0.040713
0.045644
0.039790
0.044611
0.040685
0.042365
0.041761
0.047430
0.040518
0.040795
0.040280
0.044141
0.045269
0.040783
0.040979
0.041867
0.046354
0.044796
0.040301
0.045351
0.044629
0.045134
0.044035
0.041361
0.040076
0.041351
0.040672
0.049677
0.040544
0.039339
0.040552
0.039174
0.042342
0.045665
0.050753
0.043385
0.046761
0.043052
0.043416
0.041576
0.040511
0.052056
0.048476
0.050500
0.048322
0.049641
0.047132
0.054962
0.072377
0.049095
0.040854
0.040700
0.039927
0.040999
0.041610
0.039939
0.041704
0.040754
0.044683
0.040426
0.041751
0.050431
0.040493
0.037776
0.038567
0.046379
0.041035
0.047045
0.041651
0.042087
0.041929
0.045476
0.040332
0.042902
0.041785
0.041910
0.046068
0.053721
0.053597
0.041316
0.040734
0.040594
0.040873
0.041847
0.042290
0.041865
0.041586
0.046891
0.040754
0.041301
0.040907
0.042717
0.042011
0.039760
0.041844
0.040783
0.042084
0.043089
0.041353
0.042180
0.044697
0.043914
0.042343
0.043285
0.042956
0.042156
0.044783
0.048252
0.042827
0.046631
0.048605
0.043563
0.046072
0.041291
0.044778
0.044503
0.041222
0.044016
0.044013
0.040893
0.041536
0.041703
0.045241
0.047598
0.052503
0.041613
0.042937
0.050981
0.045156
0.045722
0.039887
0.041669
0.042781
0.043708
0.040201
0.040926
0.040076
0.043223
0.042084
0.046699
0.044994
0.043459
0.046582
0.043665
0.046156
0.043104
0.043162
0.046424
0.044443
0.043447
0.042172
0.042746
0.041454
0.042326
0.043237
0.044983
0.044867
0.041712
0.045237
0.046364
0.044883
0.041800
0.040310
0.041075
0.041020
0.043981
0.054276
0.045470
0.042806
0.041873
0.044729
0.043861
0.041758
0.041193
0.041738
0.045980
0.056142
0.049933
0.040263
0.048828
0.041429
0.040813
0.040640
0.040782
0.040436
0.040274
0.041150
0.045557
0.041369
0.040152
0.042347
0.040762
0.044922
0.042723
0.044241
0.054413
0.051585
0.042145
0.044817
0.041520
0.038991
0.042028
0.041250
0.042572
0.041053
0.044192
0.040478
0.078080
0.048864
0.040577
0.043958
0.039319
0.040172
0.040587
0.043668
0.042197
0.042774
0.041478
0.041502
0.043436
0.044829
0.042310
0.045656
0.042859
0.040746
0.048844
0.045600
0.052005
0.045891
0.044097
0.041229
0.042030
0.042679
0.042067
0.043030
0.042997
0.041414
0.045187
0.042764
0.041550
0.043307
0.041571
0.042277
0.042671
0.041515
0.051898
0.045149
0.057710
0.044816
0.043498
0.039824
0.040343
0.042406
0.040281
0.040281
0.041360
0.040920
0.040092
0.041299
0.040423
0.044017
0.045075
0.044348
0.044536
0.044665
0.045030
0.042638
0.046743
0.041099
0.042496
0.040895
0.041056
0.040515
0.042385
0.040988
0.042538
0.041503
0.042062
0.041467
0.041093
0.042083
0.041987
0.044063
0.040182
0.040282
0.040175
0.042017
0.046265
0.042498
0.046071
0.046452
0.052825
0.041777
0.042840
0.041774
0.041511
0.042417
0.042554
0.042624
0.040942
0.041315
0.043582
0.043178
0.041659
0.041618
0.041295
0.042846
0.046718
0.040300
0.040545
0.039872
0.042030
0.043515
0.043886
0.041628
0.041202
0.039074
0.040225
0.043237
0.039136
0.039875
0.040804
0.041321
0.043122
0.044021
0.042416
0.041518
0.046051
0.039237
0.041508
0.044446
0.043433
0.043297
0.043437
0.041512
0.041539
0.041729
0.041395
0.077114
0.046385
0.042735
0.040610
0.047840
0.041203
0.044443
0.042228
0.043597
0.049324
0.041872
0.040237
0.041797
0.042554
0.042009
0.041915
0.042549
0.042159
0.041848
0.042549
0.045656
0.044331
0.044110
0.043521
0.043476
0.043985
0.039792
0.041957
0.054807
0.047622
0.041934
0.042527
0.042784
0.043842
0.042109
0.041400
0.042014
0.040920
0.042928
0.042374
0.043023
0.043739
0.043016
0.043518
0.042553
0.041321
0.043040
0.041883
0.042824
0.048317
0.041083
0.043040
0.043546
0.044878
0.041388
0.043241
0.043972
0.042705
0.043736
0.043483
0.046754
0.047423
0.047083
0.048002
0.047408
0.047689
0.047767
0.052871
0.048870
0.053620
0.046489
0.048039
0.047833
0.047177
0.047052
0.047765
0.049932
0.047623
0.047555
0.047385
0.048029
0.048316
0.048630
0.047245
0.047051
0.048885
0.048087
0.048199
0.047688
0.055126
0.048945
0.048729
0.049549
0.049196
0.048048
0.050388
0.048978
0.046904
0.047674
0.047450
0.047179
0.047492
0.047556
0.047499
0.053174
0.047421
0.046903
0.047177
0.049013
0.053436
0.050764
0.048663
0.048851
0.053446
0.048139
0.049570
0.046917
0.047587
0.047541
0.047703
0.048551
0.048542
0.050354
0.048871
0.047172
0.046456
0.047537
0.047116
0.048701
0.054103
0.046638
0.049501
0.046838
0.047606
0.048241
0.047682
0.048793
0.047882
0.048106
0.047019
0.047023
0.048131
0.047951
0.046490
0.047716
0.047656
0.047636
0.047454
0.048970
0.061779
0.047577
0.048315
0.047883
0.047638
0.047340
0.052282
0.049757
0.049486
0.048382
0.049690
0.049550
0.049074
0.048175
0.046589
0.046168
0.047322
0.048156
0.047608
0.047871
0.054197
0.047920
0.048899
0.047381
0.047639
0.047631
0.047267
0.051083
0.049448
0.048514
0.048969
0.048809
0.048527
0.047972
0.050688
0.048436
0.049866
0.046780
0.047510
0.047538
0.059124
0.048499
0.047367
0.047295
0.047076
0.048151
0.047563
0.047979
0.047737
0.048232
0.047218
0.047105
0.048150
0.047386
0.052202
0.046737
0.047961
0.047512
0.047183
0.047421
0.052998
0.046845
0.048177
0.049198
0.047559
0.046703
0.046912
0.047531
0.047678
0.045832
0.041536
0.040977
0.040918
0.040732
0.040293
0.046088
0.041470
0.041197
0.040627
0.040323
0.046732
0.041020
0.041791
0.040790
0.040402
0.044698
0.041392
0.043024
0.041661
0.041424
0.040908
0.042302
0.041799
0.041857
0.041268
0.041123
0.045868
0.041204
0.040564
0.040101
0.045415
0.040480
0.045339
0.042160
0.039891
0.041643
0.041384
0.040557
0.040298
0.040297
0.042799
0.042984
0.041746
0.041581
0.041769
0.042271
0.041941
0.043129
0.040691
0.040642
0.046459
0.041345
0.041259
0.040441
0.055572
0.040330
0.042235
0.041309
0.041491
0.041867
0.042192
0.042211
0.042397
0.042269
0.042327
0.042457
0.041757
0.041932
0.041173
0.040484
0.046586
0.041076
0.041586
0.041862
0.041231
0.041546
0.040767
0.040288
0.041111
0.040976
0.041444
0.041301
0.040092
0.040625
0.053668
0.041396
0.044483
0.040270
0.040164
0.043053
0.047592
0.040625
0.041393
0.040683
0.040579
0.040625
0.041663
0.041825
0.042165
0.042533
0.041558
0.040673
0.041008
0.040842
0.041116
0.040667
0.040679
0.042095
0.042073
0.042307
0.047769
0.042780
0.042309
0.040314
0.040931
0.040349
0.040901
0.040457
0.041556
0.039849
0.040425
0.041540
0.041008
0.041193
0.040796
0.041552
0.041543
0.041310
0.041151
0.041756
0.047718
0.041259
0.040920
0.041106
0.041828
0.042001
0.041175
0.040751
0.040917
0.041421
0.040877
0.041420
0.041442
0.041827
0.041215
0.041735
0.041227
0.041023
0.041057
0.041025
0.046143
0.040713
0.041200
0.040944
0.040292
0.044084
0.041235
0.040841
0.040114
0.040181
0.040253
0.041168
0.040636
0.040519
0.040467
0.040798
0.041101
0.040115
0.040153
0.040282
0.045944
0.039731
0.040534
0.040239
0.041095
0.040032
0.040105
0.040201
0.040587
0.040285
0.040190
0.040428
0.040062
0.040725
0.040103
0.040751
0.042014
0.042707
0.044154
0.043379
0.049098
0.043478
0.042676
0.040787
0.040962
0.041306
0.041235
0.040738
0.040015
0.042264
0.041461
0.041557
0.042080
0.041831
0.041102
0.040970
0.042259
0.042788
0.041725
0.042154
0.046147
0.040885
0.041775
0.041516
0.040974
0.041515
0.040659
0.040994
0.040709
0.040869
0.044913
0.098793
0.042516
0.041430
0.043208
0.044813
0.044075
0.040463
0.040584
0.040496
0.046138
0.040561
0.041206
0.041621
0.041498
0.041544
0.040576
0.040072
0.040122
0.040359
0.040827
0.040314
0.039508
0.044265
0.038085
0.040220
0.040619
0.040793
0.042823
0.108208
0.045598
0.052412
0.048269
0.046786
0.041983
0.042026
0.041835
0.042272
0.043202
0.042023
0.042060
0.042258
0.042786
0.042037
0.043166
0.042905
0.048352
0.043925
0.039650
0.040038
0.046178
0.040684
0.041620
0.041986
0.038836
0.039994
0.045081
0.039538
0.042421
0.039931
0.041065
0.040154
0.040083
0.041755
0.041251
0.041507
0.042299
0.043312
0.040521
0.040813
0.046589
0.041151
0.041405
0.041656
0.040918
0.041033
0.040359
0.040280
0.042331
0.038958
0.040503
0.040168
0.042148
0.041786
0.040632
0.040728
0.042623
0.039724
0.040604
0.041036
0.046641
0.041078
0.041066
0.039967
0.041016
0.040880
0.044149
0.040187
0.042520
0.043092
0.017214
0.017106
0.017255
0.016871
0.016947
0.017276
0.016937
0.016849
0.017213
0.041915
0.045434
0.040439
0.040908
0.041075
0.040450
0.041519
0.040702
0.041891
0.040717
0.040645
0.041126
0.040790
0.040735
0.040510
0.042998
0.042100
0.040589
0.040255
0.040852
0.040653
0.045285
0.040560
0.040045
0.042903
0.043289
0.039999
0.042637
0.043387
0.039420
0.042319
0.041960
0.041111
0.040330
0.041004
0.040795
0.040795
0.040649
0.040673
0.041058
0.042192
0.046707
0.040602
0.040606
0.040265
0.040754
0.040547
0.040449
0.039999
0.040176
0.040761
0.040537
0.039617
0.042482
0.046653
0.043183
0.042209
0.142186
0.082803
0.043789
0.043735
0.048320
0.042849
0.043636
0.041511
0.041473
0.041947
0.044425
0.040966
0.041990
0.042660
0.042803
0.042751
0.042876
0.042535
0.045962
0.041563
0.042320
0.042018
0.042095
0.042549
0.048394
