2.235446
0.037560
0.035577
0.037492
0.037906
0.036747
0.040083
0.040101
0.037794
0.036373
0.037403
0.036196
0.037439
0.036058
0.040129
0.037799
0.035828
0.039454
0.036727
0.036245
0.041717
0.036883
0.036018
0.043233
0.039373
0.039291
0.039509
0.039884
0.040025
0.038495
0.039930
0.040016
0.040613
0.038278
0.039700
0.039901
0.039448
0.039825
0.043431
0.042642
0.042361
0.042879
0.043171
0.042382
0.043213
0.039833
0.043050
0.043252
0.043421
0.039700
0.039085
0.039414
0.039597
0.040045
0.039274
0.039860
0.039390
0.039569
0.039508
0.040277
0.045040
0.039601
0.039825
0.039324
0.039427
0.039623
0.039656
0.039327
0.039809
0.039623
0.039244
0.039775
0.039799
0.044092
0.039536
0.039880
0.044411
0.039969
0.039193
0.043271
0.044769
0.040846
0.087306
0.038752
0.039543
0.040140
0.039784
0.039154
0.039554
0.040296
0.040039
0.039988
0.040335
0.039771
0.039883
0.040299
0.039560
0.039613
0.040092
0.039577
0.045471
0.039014
0.039456
0.040007
0.039778
0.039613
0.040371
0.039917
0.040557
0.039852
0.066372
0.084168
0.041473
0.041476
0.041570
0.041244
0.041113
0.046803
0.040937
0.040340
0.045372
0.039339
0.041050
0.040265
0.040009
0.039822
0.039088
0.039857
0.040464
0.040125
0.040179
0.039954
0.040578
0.039734
0.040604
0.040383
0.041816
0.039789
0.040163
0.040320
0.045718
0.040282
0.040468
0.039895
0.039656
0.040602
0.039502
0.040095
0.039786
0.039553
0.039510
0.040614
0.040483
0.040432
0.040164
0.039069
0.040574
0.040055
0.039470
0.039328
0.045383
0.039654
0.039891
0.039893
0.040460
0.040220
0.039585
0.041841
0.040197
0.040360
0.040118
0.039865
0.041090
0.039242
0.039310
0.039459
0.039843
0.040338
0.039607
0.040219
0.045830
0.040359
0.040168
0.039894
0.040278
0.039557
0.040075
0.039867
0.039443
0.039177
0.039741
0.040208
0.040424
0.039160
0.039291
0.039320
0.039735
0.040104
0.038894
0.039767
0.045550
0.039904
0.040381
0.040514
0.044120
0.043616
0.039901
0.038485
0.040104
0.039793
0.039905
0.040290
0.047987
0.038881
0.040079
0.040265
0.040590
0.040463
0.046544
0.042652
0.046920
0.041212
0.041835
0.041982
0.045189
0.040535
0.041685
0.042796
0.042469
0.042357
0.040912
0.041563
0.042188
0.042388
0.041816
0.041486
0.041969
0.043080
0.042071
0.039314
0.045413
0.040929
0.044590
0.039260
0.039916
0.047611
0.039199
0.153265
0.049977
0.043411
0.070863
0.043477
0.041906
0.045830
0.048954
0.042325
0.041478
0.042134
0.041833
0.044970
0.047014
0.044936
0.044755
0.041746
0.040967
0.040646
0.046495
0.040015
0.040544
0.044290
0.050619
0.051311
0.044746
0.041950
0.040250
0.043752
0.043447
0.040545
0.041679
0.041952
0.052389
0.045807
0.043170
0.042985
0.042310
0.042661
0.043181
0.043085
0.041945
0.043393
0.040873
0.039908
0.041749
0.041824
0.041585
0.041541
0.041275
0.044307
0.038470
0.038783
0.045347
0.038609
0.039763
0.039336
0.040597
0.040285
0.040061
0.041480
0.043586
0.042709
0.041867
0.043786
0.043270
0.041360
0.041955
0.042175
0.046102
0.042186
0.043816
0.041321
0.049413
0.039897
0.040795
0.039901
0.041368
0.040220
0.045273
0.039453
0.039899
0.042225
0.039873
0.039351
0.044579
0.040318
0.040797
0.039100
0.041062
0.042668
0.042920
0.040912
0.046402
0.042029
0.040880
0.044882
0.044807
0.040503
0.041598
0.040359
0.040627
0.040690
0.044976
0.039521
0.040489
0.041946
0.040511
0.042103
0.041393
0.042892
0.040381
0.041588
0.044989
0.046515
0.042495
0.044346
0.044331
0.044558
0.044091
0.049209
0.044446
0.043902
0.044018
0.045877
0.043044
0.041953
0.041932
0.041663
0.048337
0.043974
0.049736
0.108490
0.046316
0.041620
0.040436
0.044544
0.038105
0.039616
0.040474
0.042247
0.042008
0.040742
0.040224
0.040467
0.039619
0.039763
0.039895
0.039964
0.039436
0.040648
0.040331
0.040505
0.046136
0.039814
0.041196
0.039121
0.039973
0.041532
0.039975
0.039733
0.039748
0.087472
0.055774
0.042223
0.041972
0.041937
0.044907
0.041656
0.050436
0.043198
0.041902
0.041645
0.052597
0.040686
0.041337
0.040982
0.040771
0.044249
0.042198
0.045541
0.040957
0.041056
0.040792
0.041191
0.035518
0.035488
0.044680
0.040968
0.044975
0.042240
0.041910
0.042436
0.051708
0.044142
0.042343
0.040482
0.041134
0.041979
0.041234
0.041012
0.041332
0.041722
0.042075
0.042872
0.041587
0.041734
0.041284
0.041336
0.042216
0.040425
0.043955
0.041091
0.046610
0.041026
0.041850
0.042377
0.041430
0.041836
0.042180
0.041472
0.041404
0.042255
0.043107
0.046334
0.042603
0.042386
0.042439
0.042118
0.044205
0.047757
0.046238
0.047200
0.049596
0.040049
0.040212
0.042886
0.040288
0.039932
0.043979
0.044713
0.042358
0.041063
0.072375
0.071015
0.060330
0.067625
0.042735
0.039943
0.041635
0.040319
0.039779
0.040332
0.045772
0.042780
0.039829
0.041215
0.041123
0.043086
0.039181
0.045035
0.041789
0.040738
0.043239
0.040124
0.041612
0.046290
0.042314
0.041867
0.044050
0.048820
0.042341
0.043098
0.049214
0.041827
0.041834
0.042616
0.044189
0.061484
0.068126
0.040936
0.043599
0.043686
0.040806
0.041431
0.040972
0.044200
0.040293
0.042450
0.043467
0.042783
0.044382
0.041732
0.115091
0.074317
0.049204
0.041527
0.046355
0.042222
0.084828
0.062222
0.038832
0.041176
0.039550
0.042631
0.041639
0.040067
0.052814
0.043885
0.045502
0.043408
0.040634
0.043124
0.046749
0.040959
0.037178
0.047082
0.041989
0.040671
0.040679
0.041941
0.044029
0.146421
0.042836
0.073619
0.040381
0.045345
0.042794
0.043355
0.040035
0.038244
0.046906
0.042315
0.054557
0.041519
0.039822
0.043549
0.040048
0.041958
0.041267
0.045658
0.047357
0.040156
0.041468
0.070909
0.040787
0.045538
0.042382
0.040810
0.042218
0.051908
0.048059
0.042637
0.053808
0.045454
0.042154
0.042616
0.040040
0.043896
0.041194
0.043308
0.041819
0.043015
0.043263
0.040277
0.042126
0.041565
0.043843
0.043112
0.041521
0.046247
0.043086
0.040456
0.055088
0.041457
0.041230
0.041577
0.042097
0.042214
0.043387
0.039172
0.040704
0.039898
0.039468
0.041056
0.039991
0.041798
0.042056
0.041480
0.039384
0.044563
0.041945
0.045423
0.046377
0.044424
0.039925
0.044316
0.041788
0.049039
0.051135
0.042942
0.041776
0.044353
0.043469
0.041020
0.040974
0.043319
0.040927
0.041220
0.041736
0.045531
0.044080
0.041209
0.051587
0.042251
0.042519
0.043590
0.042883
0.042409
0.042958
0.041466
0.040695
0.043203
0.046394
0.047195
0.047410
0.046932
0.051474
0.048484
0.046752
0.047155
0.047960
0.041674
0.045611
0.039600
0.041851
0.042559
0.039850
0.047089
0.045207
0.043511
0.039355
0.043015
0.041458
0.040632
0.040166
0.045035
0.039971
0.040045
0.045083
0.041094
0.186375
0.040541
0.048668
0.043705
0.044276
0.039516
0.041307
0.040093
0.043391
0.042215
0.042165
0.046972
0.041773
0.043618
0.042458
0.050294
0.041718
0.046631
0.040266
0.050965
0.044829
0.044470
0.044914
0.040536
0.039362
0.039622
0.039552
0.039179
0.072550
0.047317
0.040335
0.042394
0.041152
0.070150
0.041655
0.042977
0.045362
0.040029
0.037789
0.043874
0.043448
0.045144
0.046252
0.042806
0.040766
0.039969
0.041310
0.040301
0.039060
0.042516
0.038705
0.038494
0.039838
0.039172
0.038900
0.038919
0.039104
0.041846
0.039030
0.041546
0.040153
0.041648
0.046315
0.038622
0.038654
0.042260
0.039150
0.038597
0.040969
0.038799
0.038320
0.041003
0.039492
0.039650
0.039222
0.045997
0.041545
0.041521
0.040971
0.049992
0.073137
0.041149
0.046643
0.042757
0.042227
0.042379
0.042980
0.042485
0.042951
0.041398
0.041322
0.042666
0.042357
0.042099
0.041917
0.041669
0.041921
0.041453
0.041702
0.042597
0.041768
0.041032
0.046880
0.041899
0.040398
0.043469
0.042001
0.041468
0.041733
0.042671
0.043067
0.041917
0.042188
0.041367
0.042026
0.042261
0.070030
0.041304
0.043580
0.078766
0.076512
0.046115
0.049206
0.046794
0.038691
0.041895
0.039833
0.040029
0.040350
0.047308
0.047787
0.044598
0.040761
0.040607
0.041498
0.041748
0.041943
0.041182
0.040627
0.040706
0.041123
0.040713
0.047387
0.040974
0.040903
0.041086
0.041677
0.041316
0.041379
0.042169
0.041662
0.046431
0.052175
0.041884
0.041501
0.040419
0.040100
0.042231
0.040041
0.040088
0.040237
0.040138
0.045332
0.040314
0.039360
0.040523
0.046337
0.038353
0.039854
0.039854
0.041590
0.039785
0.040684
0.040136
0.040609
0.040389
0.041595
0.043797
0.040156
0.039685
0.040060
0.039977
0.046143
0.044242
0.042641
0.136890
0.078653
0.071442
0.072791
0.074294
0.050854
0.041868
0.041584
0.073922
0.068381
0.040324
0.040649
0.041595
0.059952
0.043823
0.041563
0.041426
0.047320
0.044918
0.040841
0.041033
0.040781
0.040751
0.040071
0.040921
0.040886
0.039591
0.040876
0.040685
0.039817
0.040945
0.041278
0.041169
0.041285
0.042042
0.044777
0.043631
0.049187
0.044877
0.043054
0.042182
0.043383
0.043208
0.043397
0.044085
0.043930
0.043582
0.044419
0.043727
0.044825
0.043633
0.043965
0.043475
0.042436
0.040458
0.039962
0.040103
0.045151
0.040183
0.040547
0.040714
0.040496
0.039868
0.040371
0.039459
0.040815
0.040039
0.040798
0.039837
0.040047
0.041063
0.040781
0.041442
0.040115
0.040010
0.040516
0.040132
0.045848
0.040967
0.041602
0.039683
0.041114
0.041651
0.042442
0.040578
0.038930
0.039318
0.039811
0.041780
0.042539
0.042247
0.039885
0.039530
0.039840
0.040891
0.042835
0.042227
0.045039
0.039451
0.040510
0.042731
0.042616
0.041262
0.040146
0.039956
0.039687
0.042760
0.042953
0.040907
0.039476
0.039935
0.040145
0.042621
0.042931
0.040522
0.041305
0.039958
0.047190
0.040387
0.042918
0.039983
0.041145
0.040128
0.040829
0.040516
0.042500
0.040596
0.040436
0.041932
0.129943
0.045646
0.040218
0.043215
0.042177
0.043032
0.043074
0.044436
0.049864
0.042149
0.043173
0.042923
0.042083
0.041787
0.042274
0.042531
0.042375
0.044370
0.049380
0.042639
0.046625
0.043822
0.043955
0.044234
0.043950
0.043168
0.043836
0.044119
0.052948
0.043458
0.043882
0.044133
0.044786
0.051585
0.043666
0.043887
0.044065
0.043881
0.046478
0.049980
0.045959
0.045739
0.047366
0.045530
0.045977
0.045784
0.046825
0.045912
0.057050
0.047395
0.048568
0.046049
0.044903
0.041809
0.042413
0.043953
0.042113
0.041861
0.042562
0.042334
0.044163
0.041137
0.044773
0.042799
0.042557
0.041821
0.042439
0.042099
0.049080
0.040492
0.041360
0.042951
0.042414
0.043367
0.041891
0.041904
0.042271
0.042053
0.041223
0.042296
0.042052
0.043021
0.042595
0.042601
0.042550
0.042367
0.042124
0.042890
0.047801
0.042338
0.044851
0.039452
0.041690
0.042746
0.042486
0.044732
0.040602
0.042255
0.042735
0.041934
0.042490
0.041953
0.042069
0.042568
0.042581
0.053588
0.048463
0.045874
0.053402
0.046526
0.040191
0.040261
0.040547
0.042523
0.041493
0.040831
0.040725
0.040856
0.041890
0.041232
0.043829
0.039871
0.039525
0.039944
0.040563
0.043840
0.040267
0.042609
0.143305
0.089262
0.043701
0.039136
0.040133
0.040557
0.073410
0.061024
0.040385
0.040715
0.040586
0.043073
0.039273
0.040464
0.045440
0.039674
0.040437
0.040184
0.040844
0.040130
0.047279
0.040390
0.040831
0.041125
0.041754
0.040468
0.041616
0.051765
0.046377
0.050729
0.043113
0.041162
0.041156
0.040933
0.040377
0.041542
0.040527
0.040780
0.040262
0.040838
0.046919
0.040279
0.040598
0.040618
0.040844
0.040376
0.040106
0.041178
0.045318
0.040772
0.041278
0.041265
0.043785
0.046468
0.041112
0.041639
0.041946
0.041559
0.041368
0.041232
0.047689
0.044004
0.039197
0.041682
0.041195
0.041753
0.042155
0.042555
0.042135
0.042427
0.041842
0.042183
0.043152
0.042279
0.041759
0.041806
0.042087
0.042019
0.042560
0.042332
0.047747
0.041573
0.044798
0.039615
0.040725
0.040364
0.041109
0.041355
0.041064
0.041580
0.042015
0.041390
0.040955
0.042599
0.040830
0.040076
0.040492
0.039852
0.040513
0.039892
0.045882
0.017275
0.016404
0.016590
0.016423
0.016412
0.016703
0.016407
0.016265
0.016668
0.016594
0.016352
0.016342
0.016677
0.016396
0.016578
0.016654
0.016667
0.016884
0.016629
0.016287
0.016367
0.015770
0.014968
0.014874
0.014083
0.014449
0.014787
0.014389
0.014796
0.014589
0.014734
0.015736
0.014349
0.014609
0.014822
0.014455
0.014588
0.014139
0.014910
0.017838
0.014203
0.014452
0.014215
0.014482
0.014612
0.013601
0.019074
0.016542
0.016616
0.016749
0.016439
0.016829
0.022730
0.023563
0.023892
0.018513
0.018717
0.019913
0.018888
0.019073
0.019297
0.019367
0.019282
0.019584
0.019273
0.019530
0.019697
0.019262
0.019331
0.019341
0.019308
0.019632
0.019039
0.018780
0.019250
0.019230
0.019290
0.019151
0.019422
0.019354
0.019350
0.019479
0.017848
0.017302
0.016895
0.017066
0.017366
0.017261
0.016117
0.016900
0.016719
0.016357
0.016562
0.016822
0.015724
0.015832
0.015898
0.015813
0.016737
0.015735
0.015734
0.016710
0.016662
0.016841
0.016781
0.016814
0.015535
0.016604
0.015677
0.015449
0.015836
0.015914
0.015740
0.015774
0.015648
0.020613
0.016369
0.016540
0.016955
0.016910
0.018116
0.016382
0.017366
0.016820
0.017277
0.017089
0.016542
0.017042
0.017103
0.017033
0.019892
0.086041
0.015704
0.017701
0.040829
0.018072
0.045680
0.018909
0.034750
0.016473
0.025519
0.018198
0.017225
0.017129
0.017612
0.017480
0.017635
0.019857
0.017953
0.017548
0.017761
0.018313
0.017668
0.017439
0.019824
0.018768
0.017506
0.017004
0.017188
0.018139
0.017338
0.017137
0.017425
0.017108
0.017491
0.017233
0.017554
0.017846
0.021500
0.017248
0.017292
0.017062
0.017509
0.017210
0.017369
0.017341
0.017230
0.015509
0.015397
0.014341
0.014366
0.014218
0.015666
0.014220
0.014445
0.015502
0.015043
0.015285
0.014956
0.015613
0.015127
0.015198
0.014661
0.014076
0.014210
0.023512
0.112914
0.016059
0.016490
0.016787
0.028420
0.016631
0.017060
0.016710
0.016939
0.017202
0.021902
0.016002
0.016794
0.017442
0.016865
0.017057
0.016955
0.017014
0.043059
0.041533
0.042994
0.042284
0.042094
0.047953
0.040715
0.041658
0.041276
0.041799
0.042219
0.046335
0.039854
0.039639
0.039011
0.039927
0.039408
0.038899
0.039646
0.016289
0.015212
0.039466
0.015696
0.015240
0.016346
0.016442
0.016171
0.016516
0.016319
0.015714
0.015951
0.016140
0.016047
0.015615
0.014991
0.015318
0.015324
0.015105
0.015171
0.015085
0.015190
0.015142
0.015126
0.013812
0.013777
0.013865
0.013768
0.013853
0.013904
0.013938
0.013758
0.013876
0.013866
0.013865
0.013857
0.014150
0.014379
0.014853
0.014158
0.014761
0.015449
0.014229
0.014708
0.014924
0.015312
0.013438
0.013394
0.014110
0.014814
0.014022
0.013845
0.013957
0.013718
0.014010
0.013723
0.014062
0.013859
0.014427
0.014647
0.014419
0.014536
0.013830
0.013880
0.013972
0.013742
0.014055
0.013678
0.014818
0.013638
0.013601
0.013933
0.014020
0.014120
0.013955
0.014043
0.013788
0.013982
0.013858
0.014020
0.013612
0.014696
0.014284
0.014600
0.014695
0.014302
0.014268
0.015383
0.013800
0.014660
0.014873
0.015000
0.014725
0.014158
0.014879
0.014456
0.013439
0.013440
0.013575
0.013563
0.013646
0.013543
0.013533
0.013523
0.013948
0.013570
0.013563
0.013624
0.013578
0.013730
0.013525
0.013720
0.013529
0.013434
0.014311
0.014160
0.014229
0.014169
0.014277
0.013326
0.014714
0.014721
0.014320
0.015240
0.014469
0.014963
0.014569
0.014138
0.014716
0.014645
0.014376
0.014857
0.014796
0.014813
0.014575
0.014785
0.014900
0.014380
0.014827
0.014609
0.014538
0.013562
0.013449
0.013516
0.014997
0.013752
0.013624
0.014299
0.013733
0.013785
0.015208
0.013370
0.013319
0.013815
0.013584
0.013633
0.013536
0.014013
0.013725
0.013655
