2.339305
0.044534
0.108259
0.038712
0.038889
0.040641
0.038646
0.048707
0.040293
0.040884
0.042086
0.040171
0.040232
0.040414
0.040715
0.041464
0.040779
0.041449
0.041484
0.040699
0.045296
0.041452
0.042361
0.040805
0.040525
0.041127
0.040513
0.041003
0.044663
0.040310
0.040891
0.041164
0.040879
0.040178
0.042048
0.042747
0.041668
0.044313
0.041588
0.041990
0.048316
0.041761
0.042106
0.042291
0.042316
0.041540
0.041751
0.042419
0.042755
0.041034
0.041194
0.042785
0.041725
0.042154
0.041831
0.040590
0.042340
0.039912
0.041119
0.042303
0.047789
0.042341
0.042315
0.042878
0.041319
0.042574
0.044201
0.041958
0.042345
0.040361
0.040581
0.041025
0.042058
0.042366
0.043150
0.040525
0.041316
0.041262
0.041669
0.041843
0.048607
0.040096
0.040275
0.041167
0.042520
0.042813
0.042949
0.041127
0.040532
0.040819
0.042769
0.042157
0.041787
0.040514
0.040035
0.040179
0.042121
0.042203
0.042450
0.040312
0.045662
0.040085
0.042202
0.042026
0.043290
0.041642
0.040512
0.041937
0.042490
0.041789
0.042436
0.042184
0.040578
0.040825
0.042929
0.042745
0.043343
0.039803
0.040833
0.039921
0.048434
0.042116
0.043722
0.040139
0.040309
0.040035
0.041787
0.043954
0.042101
0.040557
0.040642
0.040206
0.042122
0.042470
0.043020
0.051547
0.072244
0.042938
0.046614
0.043447
0.046907
0.042194
0.042947
0.055191
0.045850
0.041654
0.042132
0.044611
0.040283
0.044508
0.042028
0.040581
0.040265
0.040773
0.040793
0.040611
0.039604
0.040689
0.040414
0.040900
0.045804
0.045491
0.103719
0.054743
0.040841
0.046503
0.041425
0.041375
0.042210
0.040846
0.041411
0.041627
0.041614
0.042001
0.042484
0.042937
0.041489
0.041582
0.041410
0.041767
0.046739
0.041687
0.050657
0.042941
0.042717
0.041772
0.041026
0.041985
0.041748
0.041429
0.042440
0.041184
0.042247
0.041922
0.041774
0.043148
0.041712
0.043130
0.040818
0.040781
0.046468
0.041051
0.041732
0.043479
0.041224
0.042418
0.041223
0.042418
0.041754
0.042224
0.041943
0.074835
0.053066
0.054261
0.047171
0.059759
0.062161
0.043063
0.075206
0.083305
0.078944
0.051589
0.040720
0.041663
0.041398
0.045455
0.050153
0.049593
0.043972
0.041297
0.045224
0.042272
0.041714
0.040913
0.041975
0.072790
0.040994
0.041445
0.042005
0.045589
0.075913
0.050849
0.051092
0.071373
0.057453
0.040434
0.056510
0.045987
0.043690
0.046328
0.042365
0.044138
0.042172
0.042803
0.042995
0.043151
0.043964
0.042764
0.042494
0.043038
0.047322
0.042398
0.043852
0.043041
0.045149
0.041008
0.041660
0.042276
0.042592
0.042224
0.041968
0.043548
0.041812
0.042904
0.042279
0.042429
0.042284
0.042504
0.041449
0.042709
0.048114
0.053795
0.066354
0.050476
0.101842
0.041215
0.063318
0.064154
0.041583
0.042468
0.042066
0.041187
0.056243
0.043001
0.058917
0.041091
0.051650
0.070567
0.044174
0.048294
0.061731
0.041365
0.042789
0.041407
0.041638
0.040560
0.043041
0.041226
0.044739
0.049908
0.044660
0.055683
0.042159
0.042645
0.042387
0.041807
0.042710
0.043086
0.046241
0.041436
0.046906
0.041415
0.041596
0.041788
0.041958
0.043644
0.042481
0.043012
0.042377
0.041822
0.041274
0.041529
0.041976
0.040859
0.041716
0.042187
0.041598
0.043455
0.041553
0.042442
0.047423
0.051326
0.048620
0.042925
0.041847
0.041505
0.041360
0.043429
0.042823
0.041892
0.042202
0.041407
0.040730
0.042709
0.040514
0.041324
0.065614
0.063401
0.040795
0.041467
0.046735
0.042040
0.041548
0.042071
0.041890
0.041764
0.045960
0.042831
0.042079
0.042291
0.055232
0.043184
0.047175
0.040444
0.040502
0.041066
0.051247
0.043031
0.041248
0.042684
0.048372
0.044813
0.042202
0.046195
0.041275
0.041672
0.076553
0.052171
0.045183
0.042872
0.042380
0.042712
0.042275
0.043756
0.043283
0.042441
0.042559
0.055054
0.073539
0.050724
0.056885
0.059508
0.047749
0.047655
0.074787
0.071290
0.041305
0.040529
0.158580
0.078462
0.072120
0.040592
0.041643
0.042663
0.079307
0.058069
0.039848
0.043604
0.041041
0.070039
0.076214
0.071298
0.074138
0.043108
0.041193
0.041448
0.040679
0.041091
0.042884
0.041423
0.041551
0.042260
0.040965
0.084209
0.132273
0.041158
0.072414
0.075248
0.085865
0.087563
0.090975
0.075385
0.074220
0.076602
0.075603
0.080801
0.087559
0.041416
0.041806
0.042560
0.073377
0.041970
0.050945
0.083622
0.075315
0.097259
0.047307
0.040899
0.067791
0.064863
0.056533
0.069186
0.054010
0.072082
0.072874
0.043357
0.044049
0.043201
0.041881
0.065914
0.073619
0.047877
0.044022
0.045130
0.043088
0.042998
0.044563
0.042673
0.042968
0.042602
0.048566
0.044984
0.044533
0.045172
0.043900
0.042199
0.051090
0.047663
0.046860
0.047481
0.049086
0.047158
0.049061
0.046863
0.047091
0.046670
0.047888
0.049238
0.047560
0.047531
0.055263
0.048175
0.047337
0.047110
0.047144
0.046582
0.047320
0.049362
0.047445
0.047496
0.048546
0.046510
0.047244
0.047116
0.048501
0.047696
0.047595
0.048278
0.049000
0.047900
0.053246
0.048898
0.047992
0.047886
0.048969
0.049476
0.047890
0.047220
0.048698
0.046206
0.045573
0.047037
0.046339
0.047775
0.047957
0.046430
0.046836
0.048617
0.046304
0.046605
0.053687
0.047913
0.046622
0.047241
0.046906
0.047658
0.047585
0.047098
0.046636
0.047014
0.046029
0.046213
0.046927
0.048029
0.049333
0.047059
0.047698
0.044525
0.039928
0.040380
0.045363
0.041040
0.040530
0.043401
0.044379
0.048750
0.041822
0.050265
0.052846
0.041277
0.041426
0.041867
0.044045
0.044376
0.040107
0.043247
0.045883
0.040923
0.042652
0.148274
0.049278
0.043748
0.045962
0.048243
0.050302
0.047967
0.047467
0.047687
0.051901
0.046858
0.048024
0.047944
0.047266
0.045627
0.040976
0.043689
0.041246
0.040840
0.041347
0.044607
0.044489
0.040432
0.041265
0.043763
0.043083
0.044562
0.053591
0.078065
0.051244
0.070183
0.051939
0.055056
0.049455
0.045595
0.043911
0.046259
0.079286
0.050481
0.044250
0.043496
0.049403
0.042840
0.042363
0.043442
0.048012
0.044132
0.043049
0.045258
0.046011
0.050845
0.047813
0.046146
0.048525
0.047199
0.044214
0.040923
0.040994
0.042114
0.041052
0.042468
0.048681
0.043848
0.042242
0.045109
0.043164
0.044704
0.043056
0.047358
0.044526
0.042659
0.044276
0.043588
0.043327
0.043211
0.040888
0.041872
0.042580
0.045206
0.044894
0.045431
0.054003
0.044749
0.043943
0.046676
0.048713
0.046428
0.040941
0.044150
0.041908
0.045964
0.044318
0.045376
0.043037
0.056620
0.042649
0.042949
0.042920
0.040822
0.041419
0.040886
0.048600
0.042072
0.044643
0.042398
0.042145
0.042842
0.043711
0.043099
0.052547
0.046028
0.049752
0.060827
0.042107
0.042277
0.041941
0.042611
0.042005
0.018544
0.019270
0.018752
0.052387
0.060616
0.023355
0.018544
0.021420
0.018550
0.019640
0.042605
0.043063
0.042260
0.018802
0.041886
0.042965
0.042461
0.043997
0.042738
0.044048
0.044871
0.046547
0.047555
0.054506
0.072126
0.048651
0.044911
0.046262
0.043104
0.042594
0.019705
0.042939
0.053483
0.049411
0.053117
0.045951
0.043191
0.041374
0.045290
0.040915
0.040519
0.040703
0.046053
0.163261
0.073395
0.073011
0.084253
0.068731
0.041389
0.040901
0.041901
0.042165
0.041943
0.045130
0.042724
0.048023
0.044277
0.040724
0.042086
0.040108
0.040738
0.040449
0.048548
0.050673
0.046338
0.046539
0.044083
0.041857
0.043171
0.166496
0.068517
0.066817
0.043280
0.042509
0.043655
0.045575
0.067670
0.080990
0.081510
0.069706
0.076063
0.071010
0.073418
0.047620
0.044472
0.041287
0.044554
0.041054
0.040652
0.041101
0.040859
0.041211
0.043837
0.041333
0.041499
0.042482
0.042040
0.042084
0.042652
0.042409
0.045029
0.041879
0.042685
0.048560
0.043504
0.042068
0.051260
0.042678
0.045545
0.041644
0.046613
0.046407
0.045078
0.042221
0.042472
0.046468
0.045043
0.044828
0.042501
0.042199
0.044383
0.045102
0.041884
0.048746
0.046918
0.040810
0.040252
0.040812
0.040760
0.042194
0.040517
0.040856
0.044462
0.039002
0.043747
0.042147
0.040948
0.041335
0.041484
0.041430
0.042301
0.042057
0.045261
0.048101
0.041789
0.040701
0.045346
0.041531
0.041935
0.045267
0.041593
0.039634
0.039958
0.044587
0.045940
0.045909
0.041051
0.043053
0.045243
0.043709
0.043368
0.041459
0.041309
0.048774
0.040538
0.042376
0.040375
0.040704
0.041440
0.041194
0.042950
0.042874
0.043700
0.040947
0.043242
0.044230
0.042918
0.044742
0.044171
0.043075
0.043847
0.042822
0.043545
0.050474
0.042700
0.046213
0.044130
0.043797
0.044773
0.043762
0.042690
0.043923
0.045697
0.042246
0.043635
0.043269
0.099429
0.048022
0.041837
0.042289
0.041644
0.042472
0.044146
0.052513
0.044496
0.043504
0.044658
0.044460
0.045933
0.043911
0.046402
0.040808
0.046878
0.040718
0.041387
0.042343
0.041218
0.040726
0.040704
0.041564
0.040807
0.040596
0.041464
0.050897
0.043321
0.046941
0.041974
0.050781
0.042500
0.042118
0.041816
0.042336
0.042933
0.039435
0.038767
0.040232
0.041530
0.039009
0.040390
0.046564
0.046766
0.047208
0.040194
0.047914
0.043198
0.041900
0.042131
0.041789
0.043602
0.040439
0.041328
0.040142
0.041476
0.042371
0.042680
0.041491
0.041779
0.041684
0.044522
0.050502
0.046572
0.043669
0.045452
0.052229
0.042093
0.043072
0.043323
0.043512
0.040134
0.041567
0.043723
0.049454
0.043589
0.043933
0.043219
0.042760
0.042314
0.043295
0.051250
0.040565
0.041083
0.040965
0.045313
0.046030
0.041404
0.043921
0.048620
0.048223
0.047654
0.042854
0.040960
0.042377
0.042658
0.045130
0.043325
0.042881
0.043446
0.042603
0.043670
0.042794
0.040549
0.045910
0.044096
0.052224
0.058113
0.041301
0.049573
0.055811
0.043575
0.044262
0.050043
0.047285
0.047184
0.047956
0.044665
0.040598
0.041549
0.041862
0.041930
0.040826
0.042302
0.042353
0.041041
0.048268
0.040890
0.041847
0.042177
0.044849
0.043166
0.040951
0.041888
0.040956
0.042509
0.045879
0.042988
0.040538
0.039806
0.040555
0.046472
0.043950
0.042827
0.040055
0.041578
0.046246
0.040918
0.041489
0.044093
0.044324
0.043538
0.058807
0.044617
0.047574
0.046581
0.045198
0.087636
0.072596
0.051360
0.052896
0.046107
0.043928
0.046279
0.045745
0.042928
0.046574
0.051696
0.044395
0.050559
0.045392
0.041502
0.048711
0.044550
0.043614
0.041021
0.042447
0.042075
0.041956
0.040967
0.044249
0.047149
0.047668
0.074570
0.052788
0.049672
0.055148
0.056556
0.051403
0.048937
0.050278
0.049615
0.047885
0.048192
0.080339
0.044020
0.045493
0.043123
0.044775
0.045128
0.042853
0.044738
0.041532
0.047263
0.043355
0.043140
0.050051
0.044317
0.041941
0.042944
0.042057
0.042063
0.042395
0.048082
0.044810
0.043402
0.046739
0.041853
0.042996
0.047513
0.045743
0.043322
0.045413
0.044010
0.045331
0.044508
0.048559
0.047212
0.043222
0.043615
0.043136
0.043959
0.042689
0.048400
0.042082
0.047775
0.043373
0.045808
0.043014
0.043754
0.043621
0.045120
0.045436
0.042707
0.043694
0.047394
0.050868
0.045635
0.043350
0.044364
0.044006
0.040419
0.040173
0.038535
0.039731
0.039844
0.041346
0.042799
0.040065
0.040979
0.041185
0.057260
0.042872
0.043812
0.048254
0.041847
0.045798
0.041248
0.041686
0.041246
0.040272
0.041580
0.040839
0.040788
0.040960
0.041995
0.040488
0.040455
0.042836
0.040829
0.040953
0.040583
0.041389
0.040913
0.040567
0.040515
0.046377
0.040796
0.041218
0.041321
0.041461
0.040084
0.040640
0.039776
0.040741
0.040918
0.042542
0.041098
0.040083
0.040230
0.041112
0.041684
0.041689
0.041423
0.042625
0.040090
0.047295
0.039922
0.040203
0.039372
0.040403
0.040367
0.046644
0.040800
0.040680
0.041771
0.042012
0.041516
0.042614
0.041862
0.042097
0.063812
0.050026
0.041613
0.042841
0.041592
0.047238
0.042277
0.041706
0.042127
0.041918
0.047224
0.042933
0.042574
0.042505
0.044309
0.042399
0.042526
0.042739
0.044022
0.061828
0.041776
0.042812
0.042905
0.042478
0.044296
0.047649
0.049790
0.047169
0.048030
0.047163
0.047735
0.040542
0.040770
0.044728
0.041956
0.042078
0.042528
0.042731
0.042024
0.042199
0.042536
0.042423
0.045197
0.040156
0.040815
0.045479
0.039829
0.041084
0.040532
0.040051
0.039997
0.040759
0.040367
0.040624
0.040335
0.040484
0.040464
0.039685
0.040303
0.040684
0.040006
0.040661
0.040689
0.040655
0.040450
0.045672
0.041083
0.041048
0.041241
0.041001
0.041438
0.041397
0.040691
0.041122
0.041202
0.041029
0.041632
0.040798
0.040537
0.040530
0.040873
0.041193
0.040844
0.039417
0.040216
0.045752
0.040624
0.040894
0.041503
0.041039
0.040197
0.040759
0.041067
0.040372
0.039837
0.040248
0.040450
0.040905
0.040147
0.041406
0.040367
0.041177
0.041415
0.041360
0.040632
0.046466
0.040267
0.041171
0.040406
0.040465
0.040770
0.040280
0.040508
0.040963
0.038714
0.040732
0.041968
0.041036
0.040956
0.041203
0.040819
0.040488
0.041193
0.040227
0.040505
0.046390
0.041024
0.041414
0.040439
0.039118
0.040518
0.040711
0.040971
0.042866
0.041873
0.042427
0.042334
0.047885
0.056550
0.049064
0.050063
0.049258
0.048268
0.048548
0.048355
0.052972
0.048767
0.047399
0.049360
0.047105
0.062387
0.048336
0.046727
0.047332
0.047632
0.048414
0.046633
0.046714
0.047543
0.046740
0.046246
0.048042
0.048012
0.047766
0.046894
0.053493
0.047711
0.048303
0.047301
0.047269
0.048327
0.047614
0.046164
0.046309
0.046911
0.047113
0.046712
0.046216
0.046444
0.046720
0.046397
0.046937
0.046733
0.046502
0.047103
0.052686
0.047072
0.046880
0.047211
0.047153
0.046949
0.046714
0.046949
0.047408
0.046719
0.046945
0.046498
0.047215
0.046549
0.047635
0.046762
0.046761
0.046458
0.047613
0.046886
0.052530
0.047339
0.047613
0.048827
0.049690
0.049089
0.048713
0.049376
0.049494
0.049164
0.047055
0.047252
0.049595
0.047215
0.050274
0.049735
0.049413
0.050629
0.049954
0.048414
0.057275
0.047731
0.048500
0.047706
0.048432
0.046704
0.046237
0.046906
0.047589
0.047740
0.048203
0.046824
0.047035
0.046866
0.047631
0.049209
0.047323
0.049079
0.046438
0.047211
0.053378
0.047188
0.050796
0.047113
0.047498
0.047800
0.047045
0.047132
0.047260
0.050018
0.051965
0.049788
0.048692
0.047512
0.047691
0.048024
0.048772
0.048070
0.047930
0.048320
0.054466
0.048693
0.047386
0.047548
0.135998
0.046292
0.045529
0.041178
0.041234
0.044275
0.043140
0.042391
0.042924
0.042295
0.042972
0.043196
0.042593
0.041773
0.051461
0.043345
0.046250
0.041337
0.040671
0.041252
0.040280
0.041113
0.041433
0.041124
