246.5,279.5,59,86
264.6290522519712,280.03204640882325,59.472234546350606,83.60910367693288
286.6421695545593,282.9122619331175,61.19988330299077,80.16733813279978
317.06170709895537,282.14335530658934,61.097815355311894,79.0352986522442
338.55776177110545,283.25164145497416,61.70683363552347,77.11485459868243
346.0666551983722,283.15908813294465,61.68988601438844,77.19887761390821
369.0989445803187,282.0314734219789,61.24943749951892,76.66945289536726
388.73817378273793,280.94952074589605,61.52357995527608,76.78090067650331
397.85490432569907,279.9172676932471,62.124892886687746,77.08761323607823
399.804128202829,278.544109204751,61.52258747213433,77.36085720739409
402.75250167360093,277.9260479069236,61.40504251499602,77.25804681202118
402.3212321121346,277.9969807466933,60.80126005036602,77.80089348285021
403.8265477872519,277.15629855521786,59.447037010068,78.12834765805273
406.70217074543064,275.7505342094425,58.27193674266684,78.28856447521373
407.0881547777286,274.75191655890336,57.975305438353374,77.81554273245351
407.1501753391717,276.8029966820361,58.33459930382292,77.45071077712737
405.3607404888535,276.2141399122,58.745324539966575,76.99102023259395
405.48611918679165,276.7533575449214,59.041607725793384,76.3235870964674
404.36199197393927,273.98101443736147,58.069133754128785,77.43619113537889
406.90194545151115,268.76044265017117,57.501738529179114,78.82567417203971
409.9025220331336,263.651333413602,57.71837549273466,80.20319154196764
415.34914204958574,263.07607643699055,57.905360450675225,82.03481718857273
420.01792254575554,262.5019492854199,59.160632023643146,82.5977114415126
424.7132479649357,262.1251538543038,59.40723876127166,83.356969755514
430.52548696156975,260.34936043923864,62.2895509291364,80.8054200461851
444.83802831405853,258.33572302056183,63.222289497962464,79.54130303402087
450.629445015773,257.37578813799337,64.2509034288231,79.12481758980721
466.5808760215195,256.100972041222,63.011564137667094,80.0426729736575
472.2951170325143,260.96663454971474,63.07176200154167,80.16584586621796
476.7826364167672,261.1979744332034,62.8471008880651,80.6038141567014
478.55367468717964,263.53587973964295,63.79434081071074,80.16347193142614
478.68813742868497,262.57951055296473,63.757820185574005,79.7207949605443
479.98387780785885,263.1473888548267,63.15635898708645,79.28897248987315
481.5356604731811,263.71510464723383,61.95126966104249,79.77647941881466
484.2741550748285,262.0447185705833,60.560727219832685,80.49796837280545
483.9330102799545,261.29636627621244,60.09664556419642,81.42784000189522
484.4190727524666,257.23683387936455,59.21252122964306,81.08411812109148
487.0539072571124,256.07178133618237,58.57945605259623,81.68499864481086
487.10509375163014,256.3571900004235,58.78938297076836,82.01226095004138
489.5118650632267,256.7997434695961,59.210110443400325,82.20141055104101
489.9128987153968,257.22770313690893,60.41066502817452,83.04810158991232
489.67546631177066,256.9906440168803,61.42825873633623,83.18015214126608
489.547763330585,258.12493460173056,61.85056141446785,83.26758593853022
490.67205283978734,259.30178923928355,62.474776785787824,83.39471377012902
491.2204833667098,259.8779860445993,62.0987558880213,84.4278799091008
488.2918326883393,260.0126751903848,63.10222070835477,85.2575424834279
488.6265346369542,259.20636055005,63.0847372489378,85.87155745287924
488.8365111738779,259.0078047373936,63.28252975337945,86.21570394008452
486.04498789584954,260.0598573087484,62.72428087639173,87.37026912742249
482.0998502078774,261.0698040571534,63.30993074116661,88.07143995975979
476.12936963464364,261.27793084252926,65.33373757550032,88.43053207210593
472.7493060132315,260.58765202661954,67.40802611898374,88.78134388674096
467.08826880658853,260.7652117776256,70.13134088108566,89.03570816320547
465.5226516949204,261.62930816193193,71.36915643472128,89.09371162643492
459.301880850906,262.7796316410713,76.63113650775988,87.50370760200163
453.07101504145277,263.99252079923826,80.78579930189824,86.21866419663272
446.4486333923881,265.30851876850824,84.34891243828437,85.16215551414291
440.88100478298827,265.6145626588087,87.73891466364537,85.12730998875281
434.9207049910525,266.9858528640839,90.65231591377662,85.04740019053773
434.3919800829176,266.27194358608637,92.10602348818696,85.13909909473831
430.3377544000583,267.4796747374067,93.86138695183652,84.92858545580921
426.3668678267931,267.80362818027777,95.30968323069112,84.28723048724379
422.2527385225282,269.1485102489627,96.68159570884987,83.86644542244477
417.72158523338874,267.7934928432222,97.78231247389641,83.86426934029467
417.8174130348931,267.12345231375144,97.7184246870736,84.72814963982532
417.9101133692266,266.42636820948724,97.70890218555894,85.35290592685266
413.85380063165127,265.8911589760201,99.32853335223795,85.86056344465207
410.95944399492817,266.189224058326,101.37230801369998,86.32181550603065
406.7188197883523,266.78957067663833,102.6623132551598,86.66351583458376
401.4841766619246,265.21736614863244,104.62146099635743,87.12798562057611
399.5889661246137,265.5407231585116,105.45962396093284,87.81135842809584
398.3526296825069,265.16604874604246,106.22729155702234,88.30411024075269
396.4693460443983,265.6921227170655,107.56378104202548,88.54131173546662
395.7194505244445,265.0891280913267,107.90855935514944,89.13006061762424
393.29724432852146,264.4173555016716,108.2334786439682,89.63821338141095
391.62774006227056,264.94881250931326,108.38880664210714,89.72054134191197
386.95994591072093,264.6164055449579,109.59116473585584,89.71305034231992
384.4079118668694,264.5325118076906,110.57440562553033,89.33254875626184
378.67063853615457,266.4448809864099,113.26748771023885,88.63762573886538
370.1484782355142,266.3258639611818,117.67474528509142,87.8272871630169
361.769737207944,265.5461310866741,122.26797601271704,87.25960523747176
350.06666159729787,265.49477227611374,126.69733775952207,87.32238153653412
342.1884915225286,264.27015091378814,128.9943645164215,87.8271883070913
340.01181033350224,263.901278303826,129.47947723970424,88.8077068214644
342.43688553268805,264.1212195257956,129.6535296649716,89.57337051819599
350.5733097885368,263.9567974595734,129.18040668580576,90.6747864527797
358.2863372084453,263.2270087937451,127.78717636228521,91.18458558524053
366.7140719178237,263.63999736681535,127.96861986161926,90.1662274296405
373.45004801597713,263.55684450139995,128.6905019701219,89.25456408622202
374.7154887292081,263.69387536476705,130.2722408973586,88.6124038322947
382.49492030186866,263.977075120359,130.95377806636867,88.2011576850539
382.35662513431487,263.81121296192947,133.1922736424888,88.53934174981977
381.66098486986743,263.9168305046021,134.84454488045003,88.93916132336425
382.7570642956995,264.4173971591828,136.57288702251464,89.73455897619317
389.1382690298339,262.9537770895599,139.47207957450942,90.28270213057581
388.8641154690988,262.3524146100576,142.29769754421565,90.68328446949369
386.9092204475712,261.66355073595895,142.96749520712862,91.49210889070277
386.8566716786436,260.6200336034486,143.54236117974688,92.52373670449819
388.22649366834116,260.29261227768296,143.1055273924599,92.74045311982914
389.5357921793217,259.381458318066,139.9307948352587,93.32114777021081
395.62497813532116,259.78060642706413,137.95817148130408,93.73855158254139
397.30768086574255,260.24904269397723,137.38697502390983,93.9564396478516
399.28691787239734,260.4100338933621,137.97897613114466,94.75982381764715
405.22553412338925,260.3369754606503,138.93330281037422,95.3857769383827
408.47931703310246,260.2790859299155,140.70921858884822,95.16026683721662
407.84852609874116,261.5412639481761,142.69268506583958,95.08777861952777
408.78509115166537,262.56402536197083,144.9204484574582,94.7740538447261
409.3770273974328,261.9899479702766,145.66747642044447,94.7114190668429
410.8599024222958,261.2225559873208,145.9795698460602,94.68747219207151
411.7351372654581,261.39750942990435,144.84406702909,94.95067769694576
412.79719252518134,260.88506888365043,143.97674059110244,95.09234085865972
409.73267037965786,260.75480978153354,143.20216606958843,95.91033588145514
410.0361980611889,259.4563883197444,141.61251937552134,96.26899149195356
410.7453005741365,258.74242405079247,140.59941713902813,96.39474319670472
409.05120108184565,259.07092958587464,139.28317457621597,97.42936332446965
410.3697694951309,258.5572818359477,138.94976680695743,98.22706508541003
413.0889116575206,258.99874338577916,138.89942670367458,98.49376561817812
414.5862653428858,259.72430704831,142.51962564397945,97.49105786403939
416.2192930567223,259.98104785700065,146.11048950494168,96.6749682931096
410.7327514737061,260.04692111037804,149.5926645250695,96.37688028786064
412.6825203560335,260.42366680241844,151.3372641429221,95.96834178511602
411.7184318957738,260.88672753758283,153.75240135530396,95.34849446062884
409.0856799926806,261.21144469390237,156.12162773381706,94.3614589333425
397.8435865095931,263.1127925452172,159.98648143278015,93.70487924900813
395.634971295711,261.2001450496598,162.50077134884077,93.97270320321199
393.15525499486426,260.8372182132233,165.18464333308737,93.7335360406853
388.85517284937083,261.25598643172333,167.1685137169087,93.2225193909968
381.3636316705762,262.5261600039646,170.57874203244472,93.36867899471368
380.45582127975683,262.08897813661883,170.47057796205553,95.0387013774193
383.99883953502416,260.4155376026911,172.4857491846752,95.58639001668593
384.6080226026257,261.33561819369646,173.6458990082582,95.38562383322562
384.31780580367206,260.82059454050034,174.9447945369173,95.41053786840047
380.87782025166746,260.4680107280873,177.32159181280142,95.09887719465792
374.1515876686517,260.7197663681677,180.4025932031982,94.84710273424112
371.03916609291707,261.58675861958613,184.3238427191083,94.57751089345263
370.1932113221774,261.4857856054647,188.2667905734998,94.40372145998371
371.25847985194457,262.2150239982409,191.88967577424984,94.13337648366588
372.56901636668016,261.3436823900007,194.94859875842,94.24198405851418
376.45434833520756,261.7148977295793,197.60554235768112,94.70873170787105
382.1876503886914,260.5118333401455,198.8093016769219,95.39696378683334
387.485014140997,260.78333908408274,201.03650791864862,96.33617127974796
386.1050429046915,261.4486152844729,204.23487479969538,96.51187641299472
388.3006555047572,261.1210430753315,206.4993302559971,96.51768389718796
388.97052890332657,260.5621109362307,208.421445736843,96.94300508599976
390.6910767830918,260.35494966873347,210.00103851109554,97.37052526840183
390.9603846176663,260.54045163171145,211.60720419303595,97.77142032735489
388.8460772702299,261.0248348528082,213.84622490521224,96.71309019503539
389.3573340069315,261.02758919123437,216.05002144653372,96.31203919459386
389.99368473105886,261.3518772050651,217.1988728947787,95.42903139350824
390.35657748081985,261.9252759555797,218.32358404499888,94.86230528215413
394.4544384643193,262.9218620278629,217.95538960104068,95.33911099327004
396.1379212459795,262.3905889384744,218.1584130037085,96.13853115638395
398.76046478262435,262.4873371073012,217.79417672234996,96.74758072384358
402.4681260119174,262.3055738003168,216.49841402862592,96.61668403778452
403.92235597956477,260.56277735243816,214.5482003244102,97.06549896036682
404.13338969642535,261.83604839207857,213.68469692777364,97.38582037023691
405.4581002632889,261.99480871010593,211.4327577719862,98.563161575384
407.5812566733114,261.26854156629463,207.3094934437172,99.2319949200134
405.03488709187366,262.7637407609529,204.16628690499354,100.11286218049247
406.3176531691254,261.98875755178403,201.5937903035133,99.53633395275779
407.39593644623005,262.3284360905535,201.98109658255595,98.99805932596632
407.90067330187395,261.9708460467643,201.51308517347604,99.16070620422092
406.1825475580041,263.07568946081767,201.0722152126989,99.19304522831743
408.98705972345834,262.3811559697171,200.07270893293787,98.89083160710983
409.7653415312667,262.6389276869534,201.22871979928527,98.93367724028698
412.76870198962916,261.7672321913586,202.35674400356254,99.2492372969522
416.2116333713403,262.74652438856566,201.21582676626332,99.85137453835648
414.8319714822872,262.4372374512703,200.7555434295776,100.22805752056078
416.0370512004191,263.62279667228063,198.8477064286929,100.41737365838938
414.4379151694281,263.4081201038528,197.60630888160503,100.62108411412316
415.0750156009966,263.00891127942384,197.08812361724196,100.09244595109914
414.72218856775567,264.22996987248786,195.26179859970895,100.36017287736729
412.5821970520551,263.1358620404405,194.51870748102468,99.29119044614038
409.8414035437895,263.53721994457834,192.01785211855798,98.9677531725155
409.4769773140274,263.9439257759728,192.09906482664798,98.64962189474399
410.48897329025436,264.9498308413275,191.68588935292325,99.77885900333806
408.4933151222023,264.00385561829046,192.49471867807154,98.78898877070122
408.3132388498249,264.9324823011467,192.99484413311131,99.43849552538065
406.46338175571304,265.0677077840518,192.68779295573444,100.25353657445547
405.33899371587637,265.4234767075455,192.79913288390333,100.65797780289984
405.2850038858352,265.73554945368727,193.0171426884387,100.18724882501292
404.83883930847963,265.9158283932736,190.76657328357953,101.95468977472824
406.9517339169139,264.47969350656695,190.9846722541194,102.7886192180176
405.56125437560206,263.9332239121974,190.35406960921932,102.60252581875169
403.01137859303196,264.44630346203877,191.6747589032414,102.87898343450011
400.8691000368852,264.4054875419612,193.70804905920556,103.10346199308587
395.22191505674596,265.28320689067164,193.97369434907392,102.41586601760403
394.4122685203196,264.50147078611025,193.0511060990658,101.23300367396189
386.5547690022796,266.5572031754581,194.1366190511614,100.9671425997187
383.0607029767419,266.8381155278705,196.24864913156435,99.67171614595058
378.7475149661424,267.1254949306849,197.99709832628628,99.19429477252748
376.8281834614078,267.82911683537793,200.0238402160656,99.59614396164596
378.20933171717513,267.35492489713545,200.19965977813922,99.48888356437311
372.26415260786064,267.87544685946017,200.63450118158266,99.43099530750548
375.97269233859583,267.3235421949659,199.7124373412976,99.96788143540985
371.8423595863184,268.42438050007087,200.91526488274815,100.73251508787992
367.9699073331218,266.1875077252459,200.736840512646,101.1951341192804
367.9934848378595,267.0304650579684,202.1753758584715,100.71584336569305
363.59735795182655,268.06947344687933,199.92402287241976,101.72129144878733
361.9284574963772,268.2771913618697,197.6077796320123,101.11131105014866
359.3658425810659,268.26041239004763,199.03399384526426,99.57012274268655
352.4266425767505,268.03072180717857,200.0842335679454,99.2749417689136
350.512481363737,268.41574739327575,201.01105266946377,98.59360320702356
349.2194164178933,268.46913071406476,201.62246470569772,98.36541584671599
348.506736954487,268.6282520010303,201.8089023478347,98.68884802978867
349.78177311877783,269.9152716086717,200.43019432665653,98.70528675792639
351.58043458582597,269.05975838051893,200.29404373486074,98.66990773193973
350.19110880174117,269.4214660864299,198.61398034102467,99.2062810717199
348.1421122178124,269.4728481556369,197.64711793332066,99.31259594558071
347.814281566606,269.28821484620596,197.03685847748613,99.27610877311028
349.2046659831424,269.8061212709706,196.07573230741542,100.45821884953013
349.0502760185744,269.84546795959716,196.76366671009453,100.65916775619345
351.529362300902,269.521848160555,196.3399122515184,100.03279139797137
347.45877440943786,268.23092621323974,195.30826889687341,99.87978679330371
337.80242506991715,270.64366488342205,195.74935311973803,99.76797398464691
337.5037048223196,269.7474850910204,197.66452439934943,99.32634886066421
335.8723149361414,270.6035117898524,196.8516401282793,100.27414343777744
331.3531305226296,270.34730682466665,198.39033797294195,100.93902499991427
326.149100168313,270.434960186985,201.36388654320854,100.71057283311964
324.78386317931677,271.47994625289044,202.0092808512486,101.68827962968396
322.7247928647523,270.4208579751121,202.8676806509098,102.34873972024428
322.260708782954,270.2164946770986,203.3450015165995,103.21619990472843
319.658892158969,269.85353950051103,204.31006788911174,103.79235618070749
320.7888329127496,269.1226054997031,203.56316863081037,104.11469781513568
316.9144768544558,269.5668884144513,202.5258785882794,103.61630622551328
313.38559439829345,270.8405766992093,203.41833359459824,102.48972593113615
309.6438031428726,270.71311182683365,202.71421011178757,102.58568481326037
307.7328128928207,271.07342994738144,203.36891875939813,102.50799278889299
301.9210669704752,271.1170558435103,203.64656633529037,102.27732688669002
300.3101262056491,272.16835082669877,202.06026467173564,101.92779010863711
302.0246121906923,272.89174654781107,200.6611088523146,102.6221856190034
302.9331628673572,273.1056736633884,200.1021784613184,102.54947976288307
306.8980030742255,271.72697964487395,198.9777448775684,102.09143873230028
306.3904876914388,270.4284666590855,198.11473234918896,101.67986947568204
306.99141010219773,271.9823775954481,198.05718822690505,102.01597679836084
306.52921078836494,271.4169549408292,196.9110087562736,102.4017929561589
304.8689621272588,271.5226999383883,196.63707396293108,102.55023124115587
302.34800428816186,272.57834921280124,196.1571342868158,103.05250505141511
302.9799417516716,272.4972208918916,196.45400948663496,102.40401639437201
303.15031900686154,272.3458855717794,196.62541658876586,102.14857649945152
301.9456966075525,271.8789656276973,196.85161886113872,102.67488655668308
303.1416969250164,270.89531330714743,196.49011577717536,102.45406201115256
304.00452627264747,270.75175211923596,197.77146372711582,102.79736598915557
303.414667696308,270.1733601227705,197.23992807122386,103.56500758802065
303.56403023878687,271.16021592363677,195.37177883389188,106.03728464137845
306.1413207018661,270.10529394640645,193.01899505929902,107.44895072175075
307.88299478781886,267.8144170851948,193.20029613551665,108.45484251332692
313.44149666042324,268.32347763486206,193.811500932178,108.59604212608194
317.0485222816541,268.233598612247,192.49463406166456,108.7353766551279
323.10411979632477,268.79485406454086,190.81304547000627,108.23775500511024
327.0144446729935,270.1122082088635,188.1655443487184,107.74423486114881
329.4618244385176,270.1579639005622,186.78175278756459,107.33256326761878
335.550838333035,270.6780117230709,186.9445023956855,106.53148059412182
338.0634524533219,271.63526438566015,183.347303811522,107.04351397476906
347.4745064224021,268.69497140868316,179.25766066370582,106.80008125959472
355.6596203069612,268.33787567757594,177.8123520230056,106.3363601289212
367.77673011084016,270.48432409524696,178.2780759577281,106.25936466839605
364.3415242213153,269.5941037246753,178.20444600780445,106.2537077637798
377.9364725156977,268.4071614185506,178.38620202218908,106.55032162979816
389.75206677974825,269.1535400647093,178.11888220746687,107.4487806155569
395.27182825964474,268.0790187369346,177.38520260094543,108.49398673469886
400.9978207770796,267.40860186010667,175.23288969284567,109.17305646266654
401.7153140125778,266.8311325768857,172.1180850684679,110.10027827026121
403.688423041741,266.6948271532376,170.2543302746069,110.48945357020554
411.91114597320893,267.87890037590404,168.86887529454447,110.03811274983457
415.37500287057435,266.8463787695697,165.8635402782714,109.50047814039016
417.2566296882024,267.3887622085946,162.80057523678434,108.57005023312081
423.214569925608,268.4981479863111,158.645128912669,107.45352937291636
428.3356428168074,267.83093935176873,154.94337266808137,106.55151337440765
428.93871235611323,268.1122438307706,153.3115076227778,105.75745756908438
434.1945314989204,270.3341713009787,151.67845801361602,105.16594451900325
430.75808107052694,271.7429571674639,153.13321702851448,105.17325219391556
428.15474850413295,270.4922035867772,153.118641163988,104.86815449307586
423.2983375332502,272.734641379459,151.90075040586336,105.722377361234
414.5516902969318,270.3212102566082,151.95802307369067,106.3661517811604
415.67397390522285,269.8952281254383,151.84613198168128,107.35022699683117
410.543821885519,270.086735839796,150.63208032345725,108.22476943707333
404.16209222034524,270.546267105824,150.38827647021088,108.64060609210537
400.03691352709365,269.98224989461926,148.75530446523462,109.58916373183521
395.53377847254467,269.48283346905345,148.05186349950353,110.42262382386308
386.7910477364546,272.7399914478473,150.35007960272614,110.14576991003761
385.25404416860454,272.5447625759887,150.1091417558975,111.48665608002048
390.1204020636947,269.5517810015067,149.92181037276063,111.7770153814809
394.03478188017834,268.56942789346624,149.60857512715307,112.7938812049722
398.1569377944053,268.7303413746647,149.613051178643,113.76327347704176
398.67406707615294,269.57077890703397,148.47171991905788,114.67570924528059
389.58294819458587,271.04902383765125,149.35725625091766,115.01058047756717
388.985226292772,271.89103312731226,148.78584266891005,115.55522128964834
383.6527942756727,272.42727562834364,149.05659316245917,115.80021720933084
381.12326291945,272.3554435086391,151.12628290623093,115.94868527949771
374.60215409092024,273.23896909378556,155.07286419549254,115.83534816998814
380.86877777452696,268.8415226110405,155.60179544003452,116.7396275795701
384.00163429068044,268.8738047357169,157.56760592152145,116.97296192078205
384.2116788497463,268.70939573176776,158.8504814668953,117.35074445145929
382.6093234234131,270.16796720291813,159.87784036796262,118.24069822890036
378.12449093455564,272.0710173623987,161.68214489493286,118.5188726787685
381.29118439096067,270.32098524424293,164.25149941431272,118.636430306117
374.2906769057963,272.3527755715258,169.3103022798441,116.19099058744912
354.8387021466308,280.8665261712922,175.48322610237437,115.38559250681277
353.3169087777312,279.3216679663315,179.86032407350325,115.01934029834126
328.2428522348172,288.80069290584527,183.66873836782742,114.4126545550559
321.3337624682921,291.4137856946194,184.3822139976794,114.12141169982823
288.8220123127279,287.4275225984802,185.76930073458908,114.36302854457239
257.1127786151144,284.59873903567933,186.1902858300113,114.28347122711997
247.933786361771,284.41619959507005,187.3514166990028,115.66128082599758
246.99468614537165,284.6864118961886,187.4857552181205,117.63162010735122
246.338466258015,283.3251134273684,187.66942642956323,119.26165043560891
244.1206890039412,284.7539503033906,189.44076990293607,119.50930953497445
229.7249127258023,284.1865825453791,189.64859557627926,120.10865777339421
227.8856264435983,284.8904790093713,191.40483907250336,119.87412255395944
224.96017325758066,284.0642590930958,194.18896320843942,119.08332150554416
221.4841833223566,285.26157910762254,195.93404725064045,118.77964650906824
221.4595985743806,283.1179542444135,195.14925961091512,119.32298544599655
206.7849107317985,284.3362217470628,192.948136333677,118.93145552378215
200.9385637388007,283.7662241243818,196.01260213211157,118.34208661242104
195.7373869010135,285.4020648535991,196.15941782093054,117.9374574706521
190.6722479604128,285.3768275197784,197.68158050590398,117.97302404247182
180.75004171618303,285.2012436165788,199.6589237499787,117.62267688953571
156.19763042846074,299.46286031069394,200.94253737156592,118.4164086044548
149.44306254078307,283.90413971411755,202.81833898707015,117.94252403771983
144.2347714075364,284.11749005420467,201.80143812978417,117.12360682412314
140.96104328551536,286.51634022456824,198.05560709660463,116.76773044274663
135.04910261563018,287.13264410687714,195.05475851694138,117.05285446390309
129.43678124549564,287.72290850156446,189.2439054991538,115.50561012410574
127.55597492243399,289.86301459911925,183.4301197001477,115.13808236960895
128.2274994674875,289.0850784201411,176.797249462122,114.80543329468864
132.78075011708714,291.6198148514756,170.2734331566666,114.24392218205017
150.29910558066106,293.664099939408,165.89394306997286,112.4972061016443
158.30481793387875,294.2895412479826,161.41072042042225,110.5495704594402
158.4114011525997,294.3154801856083,158.108950963266,109.44544303336943
162.4966588513443,295.5093497338436,148.97003216678618,110.68034120877999
153.78559552438807,300.5311513329725,146.03108628041542,111.85125083553436
149.70438900132564,301.10845972300547,143.66135191900858,112.27271056303681
284.29562688838524,319.0466504085407,144.7370548558268,105.91630485419773
379.12968799681187,279.6546977017162,145.58817397198135,103.22926300222173
385.62644867666484,277.47945212901294,146.19504113919191,102.27738598356575
354.80190740200027,298.4908286670895,146.58271392899962,104.13510318329152
354.9127625514614,318.45735262644115,144.22768019906232,104.71829824554524
321.8800485800956,315.31101115913344,146.6449147824189,107.89058194348158
312.4766493168279,319.97351276696384,143.42514584984792,110.45497825632427
300.90908644348553,325.4842025396766,137.05249724350534,112.65982456386509
304.13445820031535,325.4328896804919,131.68671657469426,114.64446908678458
298.75128216455437,346.5941126323756,126.99717989804725,116.9909456073336
297.0709468978927,344.7300944975242,124.45618092911229,117.83584107465299
301.9808638790122,351.7965131413034,121.14023414338709,119.83831300645488
300.16769157894885,375.47514896320126,119.62773473029961,119.15525477208305
219.77356201556051,408.57841014447996,115.05587117641223,121.22262767319748
220.58384447997662,400.5970733856783,111.48250895391696,122.09776247162364
219.66241764982618,396.7918094803425,111.52081578117951,122.02858323197162
230.95552926939177,486.1722756227462,113.34817057549562,121.66456256825805
267.8226577237872,546.4249787518946,112.46698678682198,124.80725811660173
237.51699219224105,587.1036866834148,114.99823209551974,125.72043398940127
190.48101175479684,619.0095294167415,124.4000193253886,115.28965748881234
172.1460923427173,619.682384687008,129.76133306409844,108.41223775409591
138.92313359715865,641.346254777233,143.06921191996187,93.95204174784052
112.93229796832021,620.4295185284866,136.009383086086,97.15066851169054
31.90913081511809,609.4989703812131,132.69686119131836,101.62849835726303
85.97642051733906,625.8266083737054,136.3275100583608,99.29027521346488
31.087323043500163,647.3728768033242,151.1552197765464,85.84263200046756
24.622943193975715,652.6434104106761,161.3669363142031,75.3623856819423
15.672226544073908,651.0555803685609,161.55516809117955,74.58458316546457
1.5524255143618433,634.2185437462371,160.72654429000798,75.09857645405751
-9.06622407185607,616.9391164119855,156.28958046195552,78.41320657422084
-21.264401462333623,615.7235589275618,154.1101620037749,80.0927430332606
-2.664245170524012,628.9881407116421,153.22324205931582,80.44662275428449
17.26937795739741,642.6042429517067,153.3269735866761,79.1194666445167
-6.273825777510453,623.2287620287323,148.1891645953102,82.07882158738944
-0.4912822538483823,634.6237591370316,147.89974759956075,82.00037140765615
4.0968104005897175,631.6319508020316,147.54870038272557,82.0693328690684
4.958958853800951,629.3353365537356,147.36244971710968,82.13307041793692
-5.463378359071427,625.6080062330215,146.70372334024214,82.30328625040539
-14.220969055739957,608.4687186256344,141.81317543975595,85.98494526644902
-27.95014487782977,595.9447486908066,138.37085035664066,89.34587151000594
-9.299183003406881,606.0724876154737,126.93278769177925,100.76445829690215
-1.1165330252576453,582.6272462475407,121.36197759601545,110.6188578113327
-24.120082979807478,565.4376429678639,108.44349080467566,123.08394846492459
-22.590384359170024,559.2549845190613,101.59034041627551,130.30606210401544
1.9570057302779276,600.4610949150195,103.34747368952804,127.96522955672778
5.820462812876286,595.0215941294271,105.67008192423367,125.86693525236346
-1.4439996899601297,596.4324027943119,105.54502286008228,123.83504662370845
-11.912771014166346,578.0327664597204,97.10148678840194,130.02139662443443
-14.565945960261033,563.2060578489802,94.66233134764454,133.14192161874178
-2.373218697174444,540.6532357384226,93.3699783229362,131.9039340954724
-3.823726417038543,537.2820983889696,92.0863357121273,131.85963395383249
18.783797357741165,546.6463360592159,100.85837541232374,124.45212056554954
-2.7863183954875694,550.5535454385202,101.09263157698433,123.80564290038564
7.442349122109846,477.2347174309422,108.29086561832759,125.25297603956516
10.144130822325153,465.45961961008675,113.54786950152734,120.14706663977218
21.205969696359986,365.9816498414523,113.84318665702213,120.68335896024422
27.981894818425474,364.1335703192451,116.53742444084526,121.54965827107702
86.43127668206361,250.1886121455026,116.18406324042445,120.18716372989024
121.2295647672533,100.63801042039898,118.17666706272088,118.38992968009744
78.37080285039418,90.72787378668042,120.05489646284533,124.70335938064005
92.86780779023329,169.52816606922931,122.27174969657045,123.09151382921414
83.90778187792404,111.04589303918604,124.9165129393408,119.9224463028749
80.48110500237999,110.27968036713085,126.45774386862102,117.77972840510294
33.11838691511731,39.95092383616795,130.37874431316592,120.1254128537475
0.31142934482016926,94.10756995894977,130.8097218316899,119.39377801785184
107.04729233082186,54.59489580608384,146.08994898468652,105.64639072788057
183.3144683417229,-16.118057632536647,157.5105835351501,90.33796838148874
155.84650342462248,4.441858095615132,153.35325165060087,90.6066180653219
160.72128646023828,6.937018391728984,148.3604728794792,91.02097152628633
150.42654618459017,10.474268272505086,139.3445247350967,99.24927861898217
169.47782001441703,36.79939911079163,127.88153396020857,109.04273489895205
155.85289765857618,49.67119534579947,119.74750568605043,116.88580853611411
134.39354428714603,73.06644114026639,118.35000454316858,120.14506441422127
124.97272609507328,52.42097689104676,114.22584922504355,121.0361172717914
180.47982118321508,46.45466315546771,110.86713085051775,120.02815483816434
213.76601654922507,78.43490409161402,107.15488950204272,121.95576500688736
225.5803384262253,100.84544972749143,104.2388254752151,124.55854763649974
231.8586620546207,99.37003148659156,106.19003554111714,125.083153926115
211.86369741685144,61.74450506249747,109.22474173315956,123.79759330994773
230.05747229498957,37.15494070910923,109.46368733821144,122.7919953016363
170.48818611722922,56.04525624062671,120.76844316541182,108.95401026521267
195.9820209974123,47.89195149621472,118.75786233326835,105.0354496185386
213.928038800617,43.05113886296615,116.042542577689,105.30861903634191
224.3574064298674,44.98742418133131,114.49822038986687,104.2155515066825
271.146768714574,73.50785907392745,108.93622708266068,109.27270036773048
226.424031910322,57.64867973703542,104.17218988794212,114.38986084510339
169.96434512796117,64.82875184449466,102.8126175298122,118.28748907586362
150.47262861532215,103.98212892148888,101.70028258023669,120.00501165527362
152.60279195731573,127.54595685889736,101.57951707254958,120.7664014957887
154.4323328285871,134.08380682091587,100.80823101672864,122.05978116159545
215.0923974643119,150.0246733710861,100.28625085416579,121.39351742160653
245.80415986104504,158.82677331913354,99.31744178945928,121.92910138476458
227.93482268949555,136.21653773542738,101.97609904271454,120.91692179534095
198.01209226542858,85.37003307842781,100.13746641550665,122.02490150728931
121.82686838077831,50.418314096993555,102.47719824242438,123.26702355218907
130.0815006196633,50.30501807421029,104.63240062256457,123.90761220482081
89.10206072057079,44.555537051350726,103.92549367758551,123.21848106511513
63.719762510114606,46.07490392890379,101.74495688926936,122.20287581953049
37.52320090059991,49.163006483820034,100.8167528988261,120.9397337590144
21.446101235425857,51.495813129545716,101.37187881914002,119.60388435687578
17.767056246975628,49.07635801418907,101.49422861125655,117.63631322619992
14.491524370019391,48.93476956980787,100.66544913015315,116.80200578383133
46.573590329673095,47.71241686240073,98.79920310562113,116.02908605750181
77.85344228853843,66.1800713152685,96.89556608242171,118.10928389615103
80.60589974634195,87.13827698307959,97.14325898923289,118.74994424631987
110.53397728495881,106.49651136994291,96.87219836390346,119.39890821185105
140.071604600646,114.88604500361119,96.71631247642557,118.97455056975863
141.49226465270655,126.64006031892313,95.68312156370307,120.42557297868551
158.45458072005246,134.06335422532007,96.87681370879642,119.98266501360894
187.39188957112083,141.86883690995035,97.58928554523389,120.02757008197042
216.9117622339674,155.89551024192434,96.83405941509737,120.42164735295896
246.84886398709722,159.3932233985539,96.49320399233383,120.72001853268083
271.52480028609693,156.68407608286245,95.88329382719581,121.0034531253064
270.82601649845424,155.23355434879437,94.6662462005311,121.39870898243485
257.32992192924496,157.07274550869437,93.18817281148381,121.65813374576477
245.37554715648207,165.36816653685318,92.7415527891385,122.36947484069225
246.43300152172452,166.86817096673386,91.70425192875551,122.22398606340467
262.41707978643115,178.38600404404747,91.44517704912258,122.2714478842413
277.6608747183069,177.9346035947383,91.25272077606932,121.27165540860733
290.74728062385907,176.53995271353287,91.63446104321196,120.8875510469032
304.6715179643682,176.2042544255614,91.99210780689585,120.54317289597843
314.2574328383663,169.76535647058233,93.261157880677,119.99686697640774
323.43296750181827,163.4453532898886,94.34337712799183,119.29574880318833
347.71894594778377,148.098853543245,94.38924860520153,119.40654157040123
336.42946028888616,148.253775286797,93.89722268483749,118.83107379855304
348.82321602091406,145.86805349394703,93.10929160408244,119.34882189627689
348.3550380928064,152.7722720914424,93.57501204617422,119.69763892034133
336.77139196274857,151.4709303478055,92.2657627871249,119.98322092903845
358.51113572604464,154.2129888583798,94.0642217327007,119.19689119274094
366.84024838715015,157.04984692092367,96.48145493710098,118.57124168371155
354.84188106298564,170.18035131652485,95.74447071335977,118.52924801396915
356.25950991785305,168.8961548332814,94.88607972573186,118.57095192787426
357.83857211967785,183.6180342714546,94.71441672306794,118.55069120521439
372.37410018646574,196.7592884811316,93.94904944752439,118.92611125265725
384.74505142229174,207.1034107883516,93.26752600419279,118.82553982547313
372.06104768223344,207.8816273072922,93.33137622722924,118.15042106524086
383.2287159726901,205.97685563877354,93.12266089265378,118.27495373066253
371.2076212659665,205.4017207979023,92.46972091156977,118.43718099821666
381.1171087190998,201.12408667586908,92.46384491277391,118.59444566409707
366.16336026722195,200.5647585819938,91.77727328930794,119.21561585655496
377.5145517214698,207.86808780497267,93.02349305720381,118.74640572144929
362.72177930523316,205.99108072598307,92.69337512417414,119.11397054242286
385.62819386448723,206.33965509956863,94.04366246074417,118.90262179329673
372.5958240547665,212.4031040733378,94.3814199634863,118.84970799187653
386.3033759162486,213.15668660079496,93.4079132253854,118.65109269873439
411.16435093287333,211.9346354190201,92.95208410278055,118.92115188372573
422.9119039400859,207.09026117179366,93.20817590329683,118.79991712469962
421.6111038856572,199.7156296427246,94.03897422954618,117.51865497531819
408.5308649666804,192.97573780894146,93.5441137801463,115.51436309661985
420.12218801936484,186.7887348706039,93.49918396811238,116.12694586233309
405.84398312341824,180.37665482195274,93.52941730736879,114.86069477341712
392.46400706430944,174.7867063205081,92.55937560539597,114.51607280963158
382.1222052733104,172.9103980859955,92.04296125831694,114.40521800904922
395.46939211169513,179.85650703056177,91.79434830847615,112.78027974485568
385.17375859229713,178.28211255790671,91.19613551939128,113.1784375961869
398.5361212349111,184.9255745570067,90.93290849466138,112.20955921413679
386.34191214882395,192.32412139050487,90.17587798214333,112.02605388027034
386.40606600145327,200.7804716568437,89.51053832831822,110.35615978222401
387.7257618568547,196.66243984699867,88.24133425770552,111.10233091915653
386.0092040523012,204.2184483193122,88.2488042769841,110.21899553886055
385.7677652010355,200.712095762812,87.43289629302254,110.9110214640863
397.52617813816954,206.14427164138723,88.47861810247022,110.56036828481665
385.24297821222433,201.42177377938157,87.4479205575101,111.60253102390368
385.96414292815217,208.0356618856681,86.9873723699324,110.36084356407717
386.9624484617859,203.5027455177632,86.76044263716037,110.42191555769948
387.0475970748695,198.56683737476936,86.53868673185366,112.07970729992496
385.98843446964355,197.76626170688832,86.19506378594876,112.5858361957304
384.38120539387575,197.1598670606902,86.2355743647762,112.91795500024591
381.7180163875091,193.79512929360703,87.66793635005882,113.273017520954
365.8345871742352,190.9227973411451,90.58544670836946,112.16699153787738
375.4387596950479,189.19420505414934,92.71381736498616,111.63410934513001
388.64177861657527,185.62065093645236,90.85175535200958,114.16224909373807
400.84278638460154,192.17148766271038,90.07328260160159,113.26513019902234
400.6977107814893,189.10195963224334,89.37983414504524,112.83759213611611
414.1159235685931,187.6114045524849,88.3754798751591,114.59470506033477
425.7911954674422,195.28796431064944,87.95029961811021,114.1148794206537
440.2842372389156,196.78355995591977,88.53150733492906,114.41595879051337
453.88674306141024,198.7713817142667,88.7642589040511,114.2356982503515
478.47862949218484,195.91251340347844,88.78605244875186,114.49218456675229
466.964142547844,196.07505610525288,88.22654634170598,114.64239238229288
478.9434597986216,190.75937512123954,88.45734589166454,114.78020214237277
476.9985026155706,185.52144664879503,88.96672084049962,114.14919129703964
475.7205490944971,181.2425557265712,89.53900282828731,112.51470381623099
473.2893144751091,173.80438940344098,89.66924521846087,112.28228325814568
460.6116069052075,169.5045524825058,89.0052092169067,110.92104916391983
461.42976056099224,166.74295565933247,87.66989016226856,110.30202135946085
449.5431712325234,164.95985005108332,86.865443544548,110.72407611996553
438.71870924004963,166.49615117922423,86.51351875935389,110.89322958763692
428.010558932263,180.41788199938895,86.41607311333055,110.85471103202428
416.8805689143858,195.48441500891587,86.4498263424444,111.71817936050464
417.41855301308107,208.6980606938327,86.01301710921086,112.50890366144732
418.0741778341934,209.53626453249962,85.82397105547192,112.51810282138617
406.98560992169826,218.4854389676614,85.1524130328059,112.37572013758603
407.87291749053406,229.79403692375652,84.9613602692493,112.48757390801296
397.79641648618076,240.14750113650342,84.75917200085635,112.59565364597134
408.6527095584977,248.5100260626354,86.04928093984061,111.7166626392274
397.4586455882515,248.0247193100936,85.73540540132915,112.19675155429556
397.9134907631362,248.4113316293252,85.68915502872868,112.19879040412509
396.3756966850507,257.63901794908,85.85393295273725,110.69068338961543
396.19350783898915,259.2059890154815,86.01749742590917,110.38355948458036
397.1860291163326,259.88770899047057,85.78759612946203,110.56286870109089
394.90075032117016,244.74418370504503,85.49675788391043,110.38627333688342
394.59952034227655,230.12032835931805,85.56290508277506,110.91476482057368
383.9416516935857,229.67699356475666,85.67404872170953,110.95463312872113
382.2778624663242,223.85620798755963,86.58741828722485,111.07718706357173
379.0714360650112,216.38567795779235,87.3414285262217,110.9932417825301
368.30710149729686,199.13531858114223,87.49334099355964,110.67406002313504
366.4408736672138,194.4227848053146,87.21082062909802,109.84811858736356
353.0908147519827,189.23267167599911,86.58003254525359,109.11773197673182
363.6986363106104,184.4817776286957,86.35752297292008,109.88055026848218
353.2379418440727,181.6600247622607,86.36571343492619,109.85314707343476
362.9389517049267,177.32793204464403,86.554000948936,110.10138364087021
352.6792726707765,173.40557193073423,86.77701998220215,109.91341191312343
362.4596138377568,167.80382113424358,87.41081663688902,109.74306363733031
350.75672276353293,164.70546874615653,87.61624897759754,109.38887558360938
360.4508600533034,160.58313302305802,87.78875778428701,110.17741127998949
351.16248666350623,157.49217509938842,87.75322276456495,110.46986751734333
363.7802193187006,154.36582908481537,87.59369091059712,110.94001874830217
376.27137808261114,153.78839075028952,87.4967016756227,111.528011436126
391.10709408476123,164.0832179926207,87.08965298736254,112.23036058305546
406.7731696035938,178.9167160621413,87.25309978905294,113.10382503056213
407.3051208218926,185.4984126832972,87.37850194268054,112.72264404563558
436.08464988500265,192.2652651986533,88.74229537896042,112.63416377688623
475.24498379820034,206.66615665728995,89.26685765510405,112.8391328737731
501.54229308648746,216.36983731248188,89.03760696793412,113.00628595242735
517.391711211173,214.47827394492754,89.03508648394404,113.2479135496576
540.1842717894542,193.64437235907795,89.44201931297714,113.09803254777279
530.9211427783856,191.1369153435065,89.73390042776585,113.18214327996549
519.4069743804239,185.10489436561184,90.06500974566183,112.34890740372356
495.72480673044447,182.08844881043032,90.28186121993714,113.36617589827237
486.2474199478562,178.99228619807246,90.35053210872204,113.66454875329816
500.6597951419606,177.3378756475817,89.98377236687554,114.83200074989429
502.63114881271935,176.6479072168732,89.74462990763654,115.34590977928006
479.32792126000066,192.3640259637302,90.22501308314222,116.34017451334927
581.0268578917967,207.48547965483317,79.54430290548774,132.427513102823
594.4815153543304,196.68635150491005,77.56353488593788,144.7878925105794
592.628411290736,196.69336264408525,78.11783819173075,153.23337149870852
577.3808584093368,209.0802572636709,79.07555992132603,159.5100983880773
525.2560520116997,246.98728962272858,82.98115568779164,167.23667545462985
484.84054711392616,271.77087482703985,86.80345271478399,176.03151600181783
488.3525730249188,274.4121779286139,89.02005106980077,182.26471885781282
508.0318618131133,235.26006056177647,92.5660717294956,183.47548587908537
509.18766934214653,233.6904260339651,95.5993281924253,185.89605953256267
507.5057485081051,219.79129068508655,98.7670840349457,187.34696961935788
512.3780178392093,194.76208500137147,102.72079232860882,189.43905713424897
527.9156417828495,162.9793029067551,107.70775070963887,188.81803685082545
536.8205439586418,152.74100076487096,109.35502338442154,194.48555147394922
545.0438715564621,154.53310796563352,111.53895481292645,200.35097830014627
546.1106519015872,154.21105972130982,115.00787596471747,202.83405617879308
543.6492642697191,147.47879158909808,115.33665613415437,206.55095374082396
549.4203957630184,135.56988056717097,118.13295611294863,208.95224899024458
563.5012485061211,122.44390428604632,119.357893082798,212.0279968710974
599.3823617032082,110.93142387539311,119.67258624428786,217.27141777541163
635.2049317481058,103.59107787197675,123.29288804902407,219.79290816023507
641.2742419425551,100.1479016600851,125.37258183096266,222.69584855665937
664.0354389324995,94.2728615257096,127.12158830273412,222.62567926791525
674.6980070553151,83.06952973995357,130.17521716330407,219.08564751166853
685.1595601523659,61.378349841474204,130.88960219539868,215.8704006496917
706.9628856291142,33.7548111442466,131.51108158247814,213.71627488862933
718.115610494129,5.490961358231161,131.46796286135998,211.07090546041607
722.4468251471875,3.5328736247520567,132.1515189678405,209.67275940942994
704.4577540527234,3.450089493360565,133.8912311335753,210.52146389695963
684.2532371132162,4.294267585983789,133.7632395609296,213.61075759116875
685.4774055102179,6.6094845546166425,131.73450620411148,219.2712086255217
689.7188371379129,18.064927098084894,130.2308089796051,228.6411615512805
678.1101362806673,51.392290821243094,131.73948381116185,233.79853737644848
670.9475758250273,55.253285860094195,134.859102212371,233.47472969086664
646.3263057554972,88.28040791477835,135.16339467076733,236.48813542280692
637.6168163777257,119.93046217701584,135.9559791544596,238.00377702040225
642.6086339132914,171.7331747350103,137.37147776557916,238.81104874279225
672.2563661541024,198.72390757817445,139.89361353420134,237.59069145490145
705.416003402036,200.42772118989285,141.9809705080607,232.72885406930183
708.08834100059,202.83044091006485,143.2297692222381,228.9794300012342
732.1987999098658,163.09727898245328,143.23238884875497,225.64620856837138
740.6097794903378,141.56642449602492,142.533974380804,226.42431768771246
740.870867868781,105.65834420383499,143.2392153313608,226.81416296447514
737.4192883290978,87.91381928633069,143.7511409665136,230.75212255900522
727.316565767613,115.95748836155413,144.0678054956109,235.65879533385132
728.6063387154385,113.71308000833037,145.5735066397549,236.70583814884986
722.1356071554936,136.631074045801,146.71948521679792,235.06630698308828
716.3498735957171,145.16637806903537,148.3107334490218,229.98599434677575
710.1156716767607,154.93379773553224,145.93172994593124,227.51776916478303
717.9535516722052,171.00455388139835,145.5401563182625,228.51693527881253
721.8778407604432,185.45177994409943,145.3534042755145,228.54956902987522
717.73171632254,188.06388182946063,144.2222417819972,226.89145512769835
727.4024294475846,202.76341671524386,143.60941698759632,228.78327700347072
759.0215798121425,215.51298281277607,142.02233085809013,230.1582197443194
775.3114209713207,217.50636095447362,140.0328890182493,232.8143191051504
840.0646230168106,217.27150989645853,140.55784173879283,235.37252338983598
884.2288457416071,197.36240979683708,141.2170137818758,236.63649385275076
894.9500716971143,198.5351571831488,144.0812482722286,238.5094453348575
905.666916147144,175.86810937325419,146.0006210481945,236.78361587530108
902.76120225512,138.33997867726964,150.072451630895,233.2925139860201
896.6064485445638,109.69417525626776,150.6233416508844,231.2362776578579
890.2218413267926,108.25866730774887,151.08670891845802,230.54377360021428
871.7860981394351,122.60995364232194,153.47837122701094,230.27046690702028
864.6830087427838,121.3879216585538,152.88820049486174,229.0799407256308
845.0318216212556,131.5845220949146,153.747528168094,229.3782414703408
809.7575279325954,144.18836631094678,154.63119092383246,227.13929540888194
767.4009852693682,150.54062826142768,155.93839246122445,222.30930277699363
729.0349463132582,159.32713522512856,153.17443002920606,219.13660318064655
706.925717197892,181.50171941212605,150.32547874455759,216.2222111128039
710.9668877898371,182.43780330831908,146.07515498238982,214.4079174225633
696.0590213364918,200.7266907082904,143.50335660856294,211.30646861139022
701.1965088998802,208.46369413158436,137.72865518631497,208.0038923525708
706.8130344370289,210.14994206730282,134.10072763191482,201.88580174121995
706.5474451181744,190.22223572068427,131.11356258256626,194.55857817347072
713.5301267222735,180.2320076110467,127.52586394040816,188.38392498722826
715.6906018154962,181.3339212115607,125.16942645976577,185.0916138565662
712.2411286657859,183.76495564295917,122.65482333596853,181.45165407313021
683.446859466863,184.18700822984263,120.93482901897069,178.4710833498943
669.6133732979,192.0473329285333,119.90951963387428,174.883710891905
661.931141315419,202.75228406389283,117.79124701131164,171.1119979369819
654.3371601754753,219.6499641213495,117.54183803723176,170.53355676738101
653.5736248674176,220.73588319777605,116.95478888520452,168.9939751820061
644.1491582953955,222.5128521345677,117.30763400129462,167.6699326617401
660.0591552860711,214.19051762446483,117.40706979899625,166.4982869846802
688.4186019013134,202.57963763858675,119.51300948477126,164.3944511007235
709.1028087244437,208.0026684909919,119.49349186512222,165.94492813034918
724.0860499062687,223.7441189774052,120.07256270886958,165.7695546996368
726.9103676517971,224.84487240126532,120.27810707697435,166.0297051376069
732.7615704533886,234.14685023780333,119.48402380808074,163.24475733806605
740.4877883473958,248.94378337301714,117.63290924046413,158.4070804139519
739.0777576928442,261.50155137112284,116.27160172174764,150.883821944596
740.4228115794756,268.6085834415865,112.7372430310503,143.67399545549355
745.7326023351961,271.3492082861875,109.34868292387557,136.5483231159544
747.0402707805571,273.32721509145114,106.57959275251389,131.31031349369314
741.2346048415534,266.55309496295433,104.37209414040902,127.10574422615053
733.1156260280729,260.29823841256894,101.980563776037,125.45097521022214
727.5126756753663,264.949866199589,99.36338727960697,126.0442307140629
717.168440740404,271.2522846870542,98.37100616686544,125.74416897716955
710.1971733182692,276.76758875862396,97.35612638405999,125.3693444872894
710.2100186954243,274.6536724618182,95.4159655531886,125.46302752950929
708.8705203862696,282.87038355453313,95.70722823518827,124.68587346389143
702.9678014348208,288.54965225104945,95.57924023476556,123.61852907928167
700.5623021639799,292.98611931696814,95.43023683095177,123.86665531884314
699.1924029649185,295.87557145654506,95.80561505352225,123.81333602351506
691.9681741941247,298.7523726438829,95.42158548878669,125.17643143707792
692.070067176924,297.98204845682596,95.69905734927778,126.05585818777101
688.7084646210095,300.46689462441503,96.01295641175986,126.85710377220963
684.32669548926,304.2877789261184,96.35259025631353,128.7203143024088
678.7311129635314,306.0162586345566,97.42328144607654,130.43057881589124
671.0626696317458,309.2947787674358,98.36412147115882,131.40699201464102
666.4719048913443,307.7846412799251,98.86988209972804,131.72412410826894
666.4509003589194,307.3881081193366,99.7376289985545,131.6678917734592
659.0505130503819,304.53602921717555,100.88961134878375,131.04933429534105
655.8845315374068,297.6715350014287,103.21119982868296,130.7380423847327
658.9170958344866,288.28530278218534,106.1885316761128,130.50151176706706
661.1289749219846,281.21991004259655,108.08117784376802,130.75965568282913
660.3617603429694,277.6747599219511,108.10076973678377,132.298429854479
660.3011160894273,277.67873347754085,107.99150934052204,133.79513762763776
662.6366845293716,276.0213836119058,108.93383443191641,134.07018405766888
659.5823728487077,276.4212168985188,109.84382650662312,135.99014081169807
661.1951459296366,277.3210871494033,109.52789300040496,137.06984514749934
664.0450922762207,278.1445296878765,109.68083024040328,137.8864281453515
665.1840028585434,278.570217160836,110.26473082983195,138.03538483967597
666.0307531362612,278.67215053946455,110.52781103249126,138.81896874169402
668.0970421139376,278.46343789506705,111.16746990117397,139.26217433389277
669.0016560905938,285.0888069280781,110.91726711628061,139.55884818651077
671.2960069051779,287.2225069754169,109.80706609174175,139.55367991861544
676.0331058509668,286.7625494607157,109.08058224282759,139.51811139222397
681.1455813263595,288.0151199097121,110.0184006096691,137.93954973121552
683.1433290469018,287.855315738755,110.0689967251336,137.36984145468713
682.4127606088014,286.23700595458365,110.73318439355181,137.96368358009767
680.4525654857741,286.1059452394355,110.69355433588001,139.87158533532983
679.3976239566947,283.6617108215194,110.65538184060262,141.7932546735577
679.8309092567723,281.74736100625574,111.04455832029653,143.71903584610016
677.8223981375342,274.33532214425884,111.40651764487825,145.68343339431277
677.2189984143123,272.61095418972855,112.1059842298985,146.78830843873408
673.7163919213186,269.92299885680757,112.26887343582597,148.2929708593367
672.0477682854921,273.38371855948327,113.90013969132005,148.96207901563085
670.6926317306192,275.9988362419589,115.91250016764684,148.121535480361
667.6654312822968,277.74311674344665,116.96300625838322,147.30243477401638
664.8508030043685,278.17078700069044,117.85603434820605,146.0491525807663
664.0821418873036,279.4579771381449,119.74469246547649,145.00492057360339
659.4710041564923,277.7741475126444,120.95017849075862,146.35099555221979
655.8525544591536,276.4519793325744,122.4136194046012,148.03819194348762
651.607365203476,275.7891017158779,122.26566364166423,149.07343819136122
650.7490282556919,274.981236565907,121.32752448600883,151.03826043838168
648.3293091121022,271.7803882711607,118.43264403997284,154.99145210310016
648.183330296313,270.57946660354446,116.7376330350385,156.9178657842113
647.6224385738878,268.2375643758828,114.8331730316313,160.55365452584277
646.9931094186228,263.5180751940706,112.84765113967724,164.0824289557514
645.0080534848616,262.4978137884161,111.71182075790159,165.57479568443028
645.957387996701,264.2244014687311,112.24629344259684,166.43938555970107
644.2696147271183,269.3840280195591,111.99078224250445,167.12390710098947
644.2691639016722,269.015611776318,112.10766964454862,167.79331660144112
642.0390441161676,279.7938413916034,112.05644891129764,167.65889068080688
636.2750716477644,283.45159577399136,112.8168214451497,168.78175071333317
629.9027451865696,285.43018739298145,115.271771952073,168.9366675997121
624.7379274019735,282.88704789330393,117.82955979635085,169.1356146364817
617.6422952809663,276.93946598965226,120.04522665677331,168.88474134203938
614.6539905191797,276.0224347098567,120.78938903297725,170.81111739988913
607.4594351789848,268.33908114652263,121.54334689659458,173.137462168464
600.6277033842609,265.82906188574066,119.66183615895481,177.30772698502238
599.3558035601721,261.8789666241279,117.84671427926989,180.91319209015705
595.0951212169305,262.5166076333673,116.82508637389549,181.30900937683114
589.4510116889011,261.1316690358524,115.94545207454644,182.2011849317318
587.8139583462885,261.4756094898097,115.19793085678707,182.34360858686279
587.138084128858,262.4062600142761,114.41571451465515,180.84687431110618
596.0021529513962,267.42599988294336,117.5778566394763,180.1774068570968
592.8649280413026,269.6603923128017,123.3839009745103,179.65312864258266
589.0815256689054,269.3288717679738,125.87130708725502,181.11938010993174
587.9568028587573,271.72508797904055,128.54614506704638,182.99079227321693
585.9943501031289,270.6812171608497,129.78319676513172,185.112381211797
584.3657411182649,271.078728544048,133.09737862192566,187.22234196590833
577.3346857686071,270.5717884667704,135.00331561518647,189.16532364720075
560.1181690226045,264.38161008264007,130.89774055616613,191.27034510357169
558.6059047174529,262.2651949702365,128.15792638158797,194.28429550946248
558.7659800710373,257.0180311160995,126.56929406221343,196.8363028709042
558.7759933024059,253.00678018537496,124.44382889021722,198.4975529012986
556.8486667760561,243.0145847400309,123.21564388444514,200.59885663378358
553.9582615976697,240.470424474786,123.41352224582613,199.49961565228
550.9207134301377,239.5246223498276,124.08053561885419,197.99837117210953
546.6030935213795,236.2869487217409,124.92322439572096,197.6092393633415
544.1037697845367,235.28214177904513,130.83000704511164,196.6695768014369
542.1540282954487,234.68874486038953,135.98953745904802,196.45890886678305
534.008380501409,239.27472198571996,140.87135581324085,195.89063618045327
606.2636282075284,259.9344396849556,140.00401835998616,196.39901679150353
606.0405241246845,266.7751934633063,140.0943405133586,195.99142261828587
603.866432242558,282.87653722281664,142.9517713422019,193.9017817453835
600.4130667902145,291.5868210847591,146.80400834277486,190.53694579487495
598.1768609244684,293.5165347015629,147.60945792750826,191.58058328905065
593.0892582759382,294.0491087050948,147.04538824593098,190.2897070532985
590.4028321856439,296.4506788021761,144.4759048208982,191.5980809506276
586.0173857033063,296.5279517430092,143.60023234825653,191.49183239969847
579.9816291268515,295.9266381621636,144.52691575110507,190.35893643288028
579.2232406694442,281.0225197123395,136.31521328054373,198.44186014588297
581.1068269883928,279.353102546785,130.52595712175736,204.8476498049796
582.2463577422427,259.3280059035713,126.23831469097702,210.93446418515703
581.7366196391673,249.6408045714216,124.57247695707956,213.93197094491543
583.2947219369158,246.93997802761905,123.75596856862893,213.15551247932837
573.1890501698107,248.7823905781349,122.87953401140871,212.20807956541518
575.8895479652292,271.14493540950275,135.02279463089872,200.67451822299205
577.1032025010913,268.9746120105476,141.10164438790986,193.73560207076804
587.2753133221861,272.02855350541,148.33657389928467,191.99222389519116
573.3956340526825,279.91460701020554,153.79095502129982,192.2001221498823
564.037926890177,286.28957112603814,154.82877802245815,191.83346608923765
593.9807816138035,279.39331958683124,163.0836935752052,188.46264862626956
612.2714177267924,269.0153312358912,166.76152321690313,189.11490752419456
605.6749310279134,263.4235158655294,172.74307798596857,191.45272928206907
603.7022236931872,257.46916221767674,177.39417254891464,195.46548482988015
596.1268425667212,254.88320878918157,182.21190886953462,200.2336446647185
582.9728641082407,259.7050544955707,189.81482962316537,206.15169317351
572.0685444229766,257.5403048477412,199.1226335749925,207.69653594451088
568.2388852371874,251.15812709715735,204.4040413325572,210.37893458227524
565.8884987601141,250.933165052893,208.620514716382,211.9331776472062
559.920335868603,244.55870183896383,212.94920214033408,213.79519077550398
546.2973693379354,237.01027024023142,218.71918686792912,216.59212816883064
544.2160956722101,242.51791833469247,222.54063007936367,220.5882970525404
542.2648146557875,245.92007592745847,223.55005036568792,222.82368905084624
539.2255796985311,242.49241587364577,224.39764621861633,226.6329919885193
536.2916209236065,240.5760701528951,225.94117621811148,228.64492711383562
544.0762481315166,251.25237116133354,228.48838260246214,231.1541376885115
520.8615896941405,256.73689709505993,232.22537769987036,234.1139445780778
508.6359652591813,264.2124603103436,235.40386236385632,235.11423511680968
499.97648817382003,275.15256070615453,238.24558646255736,234.3335063710863
492.68640021128147,295.5439887906061,240.48384058129903,230.8153863777203
488.9599839470226,293.4476227571513,242.34497684745722,228.43549042338958
482.0687122793636,291.8085200770192,243.13071403806094,230.44543876174984
471.84054742611863,289.2745467902158,244.3305663885937,234.1141199268406
468.2517546965639,285.5037611153798,245.08594258485533,233.43679822536518
457.91699363229554,276.8615875170094,251.58376900416346,228.76163461888342
472.62623985690755,250.94464449779264,253.97383025061828,230.7568060577075
461.14998329754326,251.42527863477267,257.76134626851666,230.68969835246165
468.7410649201796,234.82026965270921,260.2396120240985,235.83174413336098
481.69191177720506,234.89505578196062,259.0416899012342,237.66942434868935
492.52072224348103,239.39898513551242,260.5966296223687,238.33158097666876
481.7054802931855,240.94151071053878,259.69783190674883,241.2380731196153
440.72042189925975,252.192294823596,264.89788338698315,240.8673776199413
438.7445877229772,246.14701858257246,266.24278909191946,242.40580703222523
438.25175490577266,258.94643371236157,267.8362235599658,241.75651404986863
441.853103812058,248.69268564968527,266.37292756471686,244.22107575749664
439.30579928431985,245.30723539698647,264.59976451783723,246.76707506355345
431.029416171283,251.6374921759745,266.18986804707254,247.49433883406857
431.578635971967,246.89778566799237,266.79657928837116,248.19835073461536
431.4928847910405,250.61737746737185,267.89204668709317,249.78637069573185
420.48175080809114,248.71113825370156,271.77934684903687,249.0176432781933
414.28063551297134,252.29525260136464,273.7786614846866,249.67139172138644
401.96556675986585,256.1141330808383,276.4880169016642,250.4885210135987
654.2647477484703,247.33242566574407,261.75730018812715,241.31856792386537
666.309224935692,246.6232957659391,250.4974187659543,232.5068234128674
672.6650984555149,254.46631569246054,240.9107432518822,226.13312811091095
678.8403433708015,246.6004717911011,233.74063805723418,219.6943122972968
679.6183477208583,249.4556644163644,228.1492222907754,217.08254603099263
678.88395654146,250.03280972594823,224.42967733710273,214.72154829188327
679.009902132637,251.24879510566518,222.43787817478352,211.83280338708457
675.3871050926032,252.87333696870382,218.331029513457,209.4277080795864
674.3889947295523,254.67459906207887,215.7191035720782,207.33857371865724
670.834905842914,255.70613829252852,212.9881042137019,205.04649810173396
666.7678790233342,255.05979706072927,210.20560149452416,202.94024715468794
667.1362408571479,256.0431630286055,208.38777986642478,202.10628015442904
659.625466266203,259.35739753943733,211.4541965638785,200.657856260634
651.0014852375583,259.6670269394503,214.00372188410734,199.78333347640466
649.6510516309369,261.1847081619901,214.9797029183799,198.4509163829257
642.9143284776023,264.9904626187719,215.9075311677979,198.3962311998308
621.2436716496547,270.78139568840203,211.7616393183221,201.19444146895682
634.6896324172245,268.96044143490326,216.15876502439343,201.0250926135887
627.873973779403,266.0268503548115,218.75634130272206,202.2122644550161
643.2482628611743,266.6591263728176,219.14905761854942,203.35175752398442
632.0367122013438,266.5758510710439,222.5618840511255,204.11247887671914
621.3179668773137,266.5224898803629,226.35948593575816,206.03891508902905
611.7098793427595,264.43664084809154,229.7582486284627,207.8297935944745
604.6384265593929,256.947037123827,233.5760876287286,208.68734939352848
595.481532426701,253.39248425062846,239.43728113703222,208.24500631790409
590.0214641883124,253.67509391476227,246.19239524061015,208.61796004528526
586.6352595673837,254.9235796998868,250.2406421423032,210.1499534713741
569.9362515565817,250.58356335438498,253.2002521733067,208.6569934560789
572.9081343934214,250.59670640483654,257.4942994955379,207.17081079069214
555.8628283613998,248.04755988243986,256.9145395503037,207.63208944644742
562.6427308409569,248.75062944501352,256.4561273371612,207.68041606817968
563.2220632507814,247.9071219013242,256.96218889404577,207.5956585324962
564.4378130346944,247.81094714333042,259.23144826024077,207.66725464845598
543.7979951039847,248.99366690054822,245.82089857478513,210.17520437809998
546.9276516126829,252.418343323316,235.3524633764501,212.4108124700644
547.3324899726043,248.8252601016853,226.35482317088946,215.03012062169984
545.4661754605236,247.7283459438704,216.06303050315648,217.67214749422965
566.1524960448804,245.65847482390018,218.66932457614197,219.62109407415116
558.5221841326802,244.2174118743407,219.08094556240763,221.19271231812638
559.0444782017232,247.5709037815157,218.75010403162526,224.1847612872847
559.5606104602241,248.55067517811904,220.40131024063652,226.58515330090174
556.1456158496177,248.38583792313534,222.85909897280513,228.5901815763568
553.8193283917929,250.45159964202384,224.79464479375895,228.58552734023996
549.3618528742536,243.8787249022153,226.43813815671814,228.1966174341759
546.0688584058868,243.80866970831482,226.8086362754281,228.25296934112998
547.240057495839,236.6131050754477,227.1004272243996,228.17546686247948
548.8420635442772,226.04658860289734,228.97817028880866,228.74162244246787
612.0840306645155,219.3413621495456,238.0338783823163,227.51972347386618
611.360979223079,216.098681649587,245.6566317893286,228.65662618368327
599.1298563238437,216.37022278155365,253.67037790823392,230.468599728771
607.4157008116483,216.40251548150232,259.57515415784434,232.00829086676885
610.2156306400917,217.81066088605257,265.55959358848196,233.78290429350815
597.7553426360316,217.561156801341,273.3564685010211,237.76281537316385
610.3663761596306,225.22570680170872,276.3967458141748,240.90664055858565
605.7354960610429,227.03806038084895,278.4149409288,243.75562295642703
606.5914814401282,234.48974865796987,284.00253739322466,244.01855385152598
601.6187136523715,236.00146469732522,288.64811807753324,245.9392455177799
591.4586125835708,238.8345731387711,300.88966687956315,246.37814452539106
582.6621656461418,239.81909943686873,312.8816391235619,246.17055700182766
566.0193289434521,242.12210407753773,311.0208319686384,247.37190789276139
573.1574170875696,244.30636093869165,314.8191776988362,248.02135853355168
560.4587845029399,245.91633502261698,311.40302352605454,248.44992725908787
569.9662993260802,247.20307428711,312.4613829331187,249.29477844583056
551.7884996212912,247.75602225469464,305.2246704835659,248.53055296420976
564.1549665153573,247.71539133246472,300.04127435412505,249.83001501542617
569.5848702733972,246.46889963874065,296.3243110381794,250.87559068040113
570.4049601405678,244.11438139399962,292.3804005775963,252.0998804753184
573.231772211828,240.49319765724547,288.809859587847,253.6160321094407
573.833659868997,240.1333674101544,284.29846541707883,254.25380820456644
571.4928402018265,238.6588930681014,280.4845946501014,255.7546519110647
552.5854447917771,236.69053299410857,274.1689914882665,256.7881196958454
534.2103632033027,236.13737069419517,268.14617492888743,256.720450588969
541.6646777859238,236.594416340953,267.0929878107643,256.03941837390835
511.4485350902948,238.35383977336693,262.50280463512775,253.86767021723327
510.57293864499644,239.10199441749322,257.9256469817486,252.7713960420769
513.4771649970934,239.05098721654133,255.45798621824392,251.5518152520251
518.1792012785734,238.40590761708182,253.93097263813286,249.8661579626781
519.1261820830792,236.45093468209762,252.3997678774565,247.90869746439088
511.8317397746907,235.09480703939468,248.39927032260275,247.38337841088384
509.954079110644,235.82160748089814,241.48464879486116,248.07259860140903
507.7970791660489,236.05565255350882,235.15397533657827,247.7505773719124
507.52333274521715,235.92847621557922,228.38040132185748,249.0046273753854
511.63840198263836,232.55996283319186,215.97250987536586,252.09852765242823
539.3306424094006,231.326578323401,210.48367797814004,254.05920972647615
540.6139884008298,226.8145115463542,203.26171208094468,255.90878368736912
544.6488974133583,222.32969589570263,197.87737274317402,257.4055064918156
548.4068800519287,220.8422995957149,191.800260729888,258.9068373446215
555.885882471258,220.19485307615582,185.77992659893224,259.9143819643118
562.0956231366033,215.55406587213412,181.97032094725782,259.7293025485027
563.3876489659272,214.9860285919609,179.5258767032133,259.40943423966274
565.0287005457218,208.75060352995249,174.73602195957096,257.600530678682
553.2014464538936,202.96512068195685,164.7272992472312,256.4671048951811
564.2326053730229,206.2487536960647,154.7943206271123,254.64712041832644
574.4278773381722,202.2524677459861,149.78778510440662,253.26346303228976
582.0342311095433,202.087226504741,146.14694836549728,249.99507905207247
587.4076413390882,201.3107465764928,144.34330226859012,246.86836428317218
589.4249143644467,200.1870597056631,143.24052487365,246.17143570435118
595.8045396158968,200.8574087640398,141.37689090212177,246.68561362901016
597.8722856211889,201.14049698813344,140.28725059899637,246.9135885465799
604.4566156749308,198.40399595908855,138.6694051201133,247.70963681209764
611.3565924306795,196.06685091414613,138.18604287143356,247.97407916562386
617.0597971038652,200.54141916441966,137.88631916348982,248.1759560394054
620.5352220665151,203.06808988660472,137.12494334402513,248.36492798004502
626.1588820609833,205.46411379994598,136.9065769073348,248.34922731370187
626.7361209361436,206.5227423586686,136.44311970535784,248.46898305941576
631.5549270452117,207.32865408638412,135.44896871463854,248.16307937041083
636.6623730944826,209.6626738535595,134.26577579669973,247.53465689767503
639.1727541667811,211.7897487510621,133.56883662726145,245.64373852318687
643.2653449538262,212.52571369048195,131.85909460166357,243.1327934704351
648.0805441187255,211.63490337705875,130.2627281398462,241.5280355705939
647.5150698949917,214.17591770441499,128.8899183952512,238.81067361624454
650.8699637416614,218.8593462482466,126.44026921356948,235.7963436701524
669.9245060920969,226.52268997385372,124.9588548007846,234.62514900153093
672.5476505012142,223.2523454707791,119.69362207485688,235.93907285188794
671.7700483930247,221.56343568596498,117.56149509158988,236.29569891718268
676.44985469017,219.54089314222585,115.9291125693207,238.2994264874185
680.9928080942753,217.03794777957566,113.94132358947924,239.8227742210807
687.3698243426344,211.20738746617633,112.39547724235825,239.14108612442962
695.7448553704909,208.32329511662329,110.29343688464346,237.7273712759588
703.8344029110502,210.95389086739368,108.33558089349049,237.84876148523344
707.3723900105542,210.68480799188666,107.18529972960815,238.49396109246064
710.5631870739392,212.97117873736636,105.0328764020938,238.84319807516454
712.5199191989217,214.1709650771948,100.65862661417044,240.6482762744139
713.2375108638063,216.06050614007793,97.83390881098227,239.97901618348345
714.5182417364535,217.42480619331297,93.70436926302943,237.14187396251714
715.898077145401,216.12837533756021,90.69636177235188,237.1525306168785
712.2584425779968,224.90036741553905,88.90317073259953,237.6636650217118
711.9632521404266,227.63090279662381,87.84186982692488,235.6830413134516
714.4366940657243,227.14392598698882,85.50462538253363,235.15968787057255
717.6094239580069,226.6578017725659,84.02884790998014,233.579713093852
720.1377810955387,228.7252353705427,83.97477960430757,231.5398368666026
720.2315996071609,224.97556592993138,83.82873984308793,228.2633349885479
719.9505132845966,224.6277693731464,83.91687576484117,228.2098556099952
723.0233236217254,215.35797002960885,83.63524062906635,227.49068621540528
724.4078367668671,218.74257222941753,83.05072719240528,226.70075370452082
736.3063060766439,216.6289645114699,83.53788433701192,227.8927091783342
739.2315797450032,204.30297658192933,82.89164741746868,228.1298786714485
750.7750233437207,196.42655959327732,83.59785485504345,227.87942056501234
755.8835856477676,185.2341847469397,83.30844173376602,228.0864606782198
766.1157864681866,186.6195974088389,83.62888163040353,228.38714948406007
766.2052663761085,179.49582602890445,83.32571705227986,228.27742295681958
769.7136523341394,176.77146714830118,83.40654273524744,226.71703980402464
773.4289067154587,174.211610458971,84.75859813581707,223.8724816372749
778.4493004012364,179.4629862407386,84.42446435923226,222.82867248706975
782.6971765575365,185.81286318651473,85.56797806073105,220.6901645137914
785.6242175763097,187.38656811894452,86.92015002861702,215.45223379016718
784.0799967226571,194.2890122219019,87.8940566426144,211.57359604201605
781.2978497458328,198.58383720692046,88.71760314448102,207.9472539294924
781.5642907827329,202.89841025730294,88.80169441119202,205.08388398610657
778.6355481727794,209.8836956949695,88.01424926839775,204.73288288921583
763.0556102738796,208.4260589149543,88.03675972501087,203.53635101025088
760.6520302278959,210.00728903960686,87.83498579598208,203.1848946843619
758.3866954565946,209.88186117331804,88.19791928511789,202.27233260077745
757.2369986301655,234.35981276487541,88.91189757466411,204.79028729730135
755.8892758780096,237.42908757161098,90.30704260004097,205.53542184215542
738.4365629617544,215.3850109489737,92.03540544427005,202.64993083083817
722.0836416737235,216.2580429280245,93.25409210602513,196.91221843714388
704.9609410729072,221.69439381168587,95.11445302445455,191.58050702245177
705.2443302700239,224.23116888218397,96.15557644182104,187.72725541012687
678.0800175221076,237.50744475404775,93.1794915494699,185.34730727357703
697.2011975982884,243.32360313087082,92.94202946839735,185.15745534842208
698.3980200460155,249.15308105208936,92.39415481277317,184.59601842688346
681.3287670027063,255.92796611647157,91.8284181930929,185.27617536110733
667.2886912418685,257.4478585069361,92.34998359416306,184.99008082294566
669.3038338377373,259.53948334500035,93.00552136613982,184.65058615360726
661.4850796131057,257.21014497839474,92.81816256686798,185.26839174347742
664.1548654822551,252.74658207578594,92.71172605195792,183.95657444871944
664.5687522164189,244.59517395801134,90.52341290887131,184.10226902594343
653.9446867931006,246.34570987296888,89.42870546815445,183.9786345491625
641.4100167605976,249.20134526993735,90.3246370248597,184.93144962024633
645.084412185074,247.83953255857796,90.34542501425511,185.54517766785827
630.5555414341817,253.50214598367467,91.74182961723606,184.746761463722
644.4213356035128,250.24201309106456,91.88085056202115,185.96889196833308
645.5728709282791,244.86394590059302,90.56333794547794,187.62877486154426
642.1390102724092,245.2013701849733,89.75896252793919,188.97592040670574
641.5293357005039,251.2682532422777,89.1143840689819,190.60629728220928
654.0697714547553,254.60826089713652,91.39488264714922,191.8942318397402
634.8320990466236,245.15891357625713,90.50573695437923,193.54659431291984
631.3333605998197,255.01238179740758,89.0063018454236,193.16724690565314
628.8474924765604,263.11781285528593,88.32406260518675,190.40511239762355
669.164678991197,297.10917384932117,95.65685266185119,182.05714459046126
598.8388635943486,247.7319274567708,92.3026851157043,184.79111430427295
598.9153719145945,243.5869963332293,87.92250754457872,188.54400832015472
596.4752073651152,246.807098283741,85.35513518937478,189.80442840823656
592.5958694033556,245.83911056922994,84.32739696647074,189.93363124757516
580.6561661402773,241.2157944647638,81.19850652607471,192.72594111840314
578.5236704042084,245.2151990975793,80.33815562913294,191.49095679249996
563.4293771348828,243.65173394678243,81.39050025494218,190.85422666318547
564.2788364050333,243.1263248203291,81.49932633687165,190.98843264859792
565.3534875286721,247.2022362800065,79.3170902956321,191.49564445824709
517.9918261666058,238.01904003271466,92.52933513890531,185.31797529206412
515.4057501436899,235.10411150083831,103.34098255750925,180.7682690242128
506.2821182803422,239.3804424443326,109.59541410036682,182.2076458640309
502.9024033093449,236.53258729396086,115.11907584339451,183.23401889213034
502.41176607137703,235.02099799210808,118.26761168140601,184.71981346263277
501.42802618052707,236.08082071805654,120.359336905556,186.8158576698545
501.99178522762156,234.30674309123242,118.04326523966601,190.61385038163644
502.6845910575892,231.793263736302,116.5885368010589,194.1486200417765
503.9616566781629,231.08657330250432,114.48943996490459,196.24276260428002
504.7093147060352,229.32326110707,113.28606638638635,197.72753738195894
506.01529401987324,229.91284151878773,112.27805515975692,198.40247738192588
504.0356140895852,228.80908378513413,112.46803635822369,198.36775456607572
500.6880039827314,231.02115531161203,111.2636622649855,198.6904109821141
497.1237661034014,227.85662765958187,109.99647666958052,198.70732248353156
492.6562857321402,226.04821476466117,109.30848304351156,198.08135375967063
490.1176040460603,225.02879170543875,108.12966136089236,197.84471245517233
489.99542606506657,224.7983957269489,107.74319728694537,197.78243824908895
396.72523160375044,234.18036288900655,113.09385842637442,185.36524321711846
390.99455235463233,240.06492969762132,114.75762094682746,175.83905789357485
395.6958671866456,243.66531488907322,114.92984613356997,171.60160252074184
391.9245290385752,243.79585212204327,114.73301475453988,167.74233440932443
394.48251049341803,246.1096301455243,113.50399661566726,165.92628892525906
396.22791665840333,247.18068786639475,113.3675155406557,164.7356514283691
397.0349208033203,249.80383809942123,114.20733630088591,163.84980981317676
397.1881155319056,249.57175207823116,114.41669856318998,163.37980749671215
396.92572948348356,250.06682808688123,113.92055932408904,163.47489894292826
396.39063338314446,249.91059561752076,113.44211878379278,163.58279616612356
398.4564365930402,248.20467514005355,112.92708259829999,163.719939817286
399.7274118848822,247.95409922459498,113.5501281617718,163.3714430533469
397.5781647734511,246.4919199798132,112.14416081007964,163.34873642793545
398.5729095378029,243.89045151766788,110.8673588333512,162.38242715547923
399.9402444380098,240.9647369539914,110.3162081579221,161.552088342311
404.49002562198837,241.09567038412888,110.62025029741136,160.98574611496682
405.3500604019189,238.71331245877354,108.94329705002431,162.69821682560178
406.15610463287413,237.74081471019105,108.06119042777064,164.02392918306114
410.7099197242953,233.44987962881538,107.62974776018712,164.49435296519724
413.473123680106,229.59795201233499,107.37847059731436,165.07978807410404
415.62593015921027,226.08974161230702,106.9070480077582,165.44773227351303
417.0788919076885,221.85591304582363,103.75086320403909,166.55526052693267
417.30383565260047,217.69054772769238,100.20799842883005,167.99825436586244
418.56454306662476,216.97625551180352,97.2993332965593,169.66763628752162
421.94156386295094,213.172602282841,94.33113555308915,172.49443327355337
421.14529082351953,212.81508831529806,93.52482928362433,174.17131048089038
406.93586340544806,214.74926945895206,95.56484844166664,173.05944891456016
407.3837277052831,218.86714422393547,96.29806078189985,172.98198834028182
404.5202649044481,219.3187909197122,98.2854739400274,173.60926831680086
399.5354291773417,221.84438338018015,101.19193776789739,173.25345550050977
402.33851668844136,218.8944247750698,102.8327019279796,174.23605055191692
402.6504375073456,217.86243410696048,104.07891656172404,175.74502019847267
392.24540754400715,218.51126513953295,104.27031460790784,177.37328982545117
