44.0,184.0,240,139
33.96510314941406,186.3018798828125,230.17899,128.48364
41.036407470703125,187.0231170654297,219.26001,128.50473
52.804039001464844,190.90066528320312,209.76619,127.233826
70.7941665649414,195.06662368774414,200.11089,124.9685
94.35319519042969,200.2255401611328,189.65823,121.81021
112.25853729248047,204.6183853149414,180.08095,118.04436
132.16234588623047,209.4734649658203,171.70345,115.29935
155.94322967529297,213.64377975463867,160.75795,112.36179
177.0562515258789,216.373046875,152.21916,109.7171
194.89956665039062,217.5465545654297,144.24658,107.99362
211.7074966430664,218.94459533691406,137.16722,105.90485
230.76409912109375,219.97681427001953,130.54865,105.498245
250.3507957458496,220.8066291809082,124.36335,103.97512
268.3402404785156,222.69258880615234,118.40274,100.84453
284.3494415283203,221.14344787597656,115.73114,100.81088
299.975341796875,219.2837142944336,112.98825,102.03319
312.0542335510254,219.61766052246094,112.76266,101.63376
323.6560935974121,219.1879539489746,112.53245,101.46528
328.68396377563477,220.12885665893555,106.70467,99.116615
334.1217803955078,222.4248046875,101.190094,94.9158
340.11183166503906,222.4172592163086,100.547455,92.85759
345.78929138183594,225.02283477783203,97.36896,88.56999
350.2050018310547,223.34137725830078,100.76019,90.03084
351.3567771911621,225.43846893310547,99.71708,87.25859
351.8306083679199,224.21070861816406,104.40595,87.74335
352.3903045654297,226.80771255493164,107.43225,85.7423
352.08242416381836,225.7322769165039,109.022255,85.32289
350.1218452453613,227.98065567016602,109.65563,82.81054
350.0353889465332,227.59313201904297,108.64315,82.7816
345.721736907959,227.23394012451172,105.796425,81.118576
340.7571334838867,227.22792053222656,108.64925,80.518036
338.1828804016113,226.17340850830078,115.12243,80.54729
336.0265350341797,223.41779708862305,116.32062,81.52027
334.2897758483887,220.34950256347656,118.56333,82.39017
333.5109214782715,222.34142684936523,114.14289,78.91511
333.6312942504883,222.20133590698242,121.02855,78.245735
335.0028991699219,221.40532684326172,123.57321,77.95952
336.3307571411133,221.45235443115234,122.70296,77.48833
338.5542411804199,220.39627838134766,123.51966,77.3333
340.87847900390625,218.81841278076172,123.75134,78.06401
343.7446479797363,219.44281768798828,124.1679,76.965805
347.8922119140625,221.3621063232422,125.31741,75.14172
351.3538475036621,221.10782623291016,123.84397,73.73094
354.534481048584,221.67495727539062,121.42304,72.923706
356.6886863708496,219.76714324951172,125.607124,73.37416
356.83343505859375,221.71330642700195,126.66574,71.1459
358.0644874572754,221.90773010253906,125.95571,72.82312
359.7170753479004,225.26973342895508,127.908806,70.45263
359.1256790161133,219.50291442871094,128.94777,76.04544
359.31917572021484,221.10076904296875,129.78346,74.976074
361.3546905517578,221.2454376220703,129.5267,74.11566
362.9911422729492,221.11234664916992,129.01195,74.825935
363.9998474121094,221.42094802856445,130.11261,73.447655
365.19068908691406,222.8443260192871,129.73947,71.551186
366.1300354003906,222.27131271362305,130.03088,72.00233
365.2721481323242,222.86665725708008,132.55919,70.38909
368.2552032470703,223.98626708984375,132.85867,69.19571
369.66451263427734,222.0826530456543,134.12193,70.62525
370.92871856689453,220.6640167236328,134.48119,71.87601
372.00230407714844,221.23381805419922,134.34952,70.15758
375.8969955444336,222.1992950439453,135.31087,67.45004
378.93299102783203,221.06652450561523,135.33052,67.730354
381.4754333496094,221.62953186035156,135.90485,66.82385
385.71844482421875,224.68967819213867,136.84015,63.03675
389.9957809448242,224.12691497802734,137.39589,64.1306
392.664794921875,221.7098503112793,138.40634,66.53333
396.3404769897461,223.67064666748047,138.72752,65.438126
399.8708801269531,224.90635299682617,140.79004,65.0875
402.33497619628906,225.17218780517578,141.5463,65.58943
405.0591735839844,224.61553192138672,141.965,66.2599
405.2789535522461,225.4997100830078,141.01375,64.88187
406.5759963989258,224.58495330810547,141.71742,65.318954
410.6617660522461,227.4475440979004,141.49806,62.617485
413.2988967895508,224.94887161254883,142.05171,65.02596
415.0884246826172,222.52299118041992,143.29147,66.83747
417.98841094970703,215.95394134521484,143.75911,73.401474
420.55340576171875,214.7534294128418,144.56711,73.74839
422.86267852783203,215.63409423828125,143.07375,72.63159
427.04056549072266,219.18360900878906,143.77199,67.30206
431.2315673828125,214.96434020996094,143.38779,69.83725
423.3026428222656,216.57940292358398,157.30841,66.97886
417.03308868408203,214.19713973999023,166.88506,66.413765
416.74903869628906,210.1136016845703,169.926,67.89572
447.3162307739258,209.6797637939453,145.39378,75.411316
451.62738037109375,208.53293228149414,145.88425,78.30108
456.27840423583984,208.85469818115234,144.25298,80.86803
461.1777648925781,207.85114288330078,144.08221,79.51143
466.24073028564453,205.38343048095703,144.65181,81.60799
469.3322982788086,206.17777252197266,141.39299,78.80827
471.09923553466797,206.40887451171875,144.05891,81.09906
473.95091247558594,209.40568923950195,146.03317,78.042015
480.25672149658203,211.5414047241211,142.51268,77.17821
483.5843276977539,205.87594604492188,144.38124,85.21579
484.66300201416016,211.94971466064453,146.03911,77.49898
487.3666000366211,211.71454620361328,146.06364,74.70912
489.1870803833008,210.37070083618164,147.71361,75.83196
489.56787109375,210.11410522460938,147.92987,74.89078
492.25016021728516,208.1143913269043,147.8701,76.52302
494.55648040771484,209.25575256347656,150.22835,77.40912
499.7712936401367,207.19318008422852,146.15947,81.2055
495.84417724609375,204.58445739746094,152.13324,78.239075
497.58302307128906,206.6672821044922,149.75995,75.381256
502.40118408203125,203.32078552246094,147.86264,79.25754
505.4540557861328,198.0502586364746,151.3287,85.96754
506.45116424560547,195.3415641784668,150.14992,88.66386
508.1182174682617,192.1394920349121,147.99077,91.792915
505.24329376220703,192.2157325744629,154.55894,93.21322
516.2981338500977,194.7474708557129,146.01329,91.295494
522.417610168457,196.170166015625,143.26653,87.67319
525.95556640625,195.00285720825195,143.00919,85.02264
529.2417602539062,196.51871871948242,141.69818,79.76173
527.1722412109375,196.99621200561523,146.30423,81.97419
530.7217712402344,197.78319931030273,148.17502,78.29951
538.4609756469727,202.19362258911133,150.89989,75.404655
546.5256576538086,200.27685928344727,142.0359,75.582634
547.1117630004883,198.29303359985352,140.36879,73.185875
549.7873153686523,197.3011245727539,138.03786,76.304184
555.6647338867188,197.04361724853516,133.7735,71.88954
555.8254776000977,195.49288940429688,133.23897,70.3638
559.7535171508789,196.19985961914062,128.95879,68.78006
565.5002288818359,195.05746841430664,125.06625,68.72314
569.9539451599121,196.9064826965332,122.11167,67.5039
574.0811386108398,195.7155418395996,119.331436,64.12031
578.1911201477051,196.61829376220703,116.732414,64.16362
581.6787338256836,196.15000915527344,113.12785,61.04254
586.5540237426758,196.50533866882324,109.36452,61.130955
590.6582908630371,196.47201919555664,106.379524,59.71157
595.5392265319824,195.89559173583984,102.81248,59.12419
600.6636505126953,195.86328125,98.56763,59.26181
604.8418121337891,194.2243251800537,94.89792,59.941364
609.625560760498,194.60318565368652,90.13877,59.639027
614.6996078491211,193.9407501220703,86.10167,59.62372
619.6459541320801,194.09705352783203,81.86999,59.10472
623.4704971313477,194.64616584777832,78.27904,58.062374
626.8375854492188,195.54603385925293,74.23486,55.451023
630.1784820556641,195.164794921875,72.26831,55.281982
632.5988006591797,195.7379493713379,69.62207,54.30645
634.5809097290039,197.1126594543457,67.308105,53.398384
635.7822532653809,197.17635536193848,65.723625,53.015377
638.4848804473877,197.41610717773438,62.148983,51.8947
638.0854949951172,197.90761756896973,59.932877,51.473934
637.8217678070068,198.19491958618164,58.092747,50.14927
636.7350940704346,198.80799102783203,56.84515,49.751633
634.4326362609863,198.14273834228516,57.323845,49.968582
635.2909355163574,199.29853439331055,55.637978,49.130028
635.9054756164551,201.6489601135254,54.993217,48.221245
638.2679328918457,204.23025703430176,55.976707,47.954876
637.0716819763184,205.32619857788086,58.975212,48.581627
634.4619064331055,206.03237342834473,63.968475,50.998745
631.3620300292969,207.93303871154785,66.434875,50.931408
627.3662567138672,209.50942611694336,71.326385,51.62327
619.3878440856934,207.44099617004395,78.66486,51.899822
613.9603729248047,205.9492950439453,83.50021,54.413437
611.7780303955078,204.50591850280762,86.57678,54.787373
608.344108581543,204.49713516235352,90.5291,55.54029
607.4230041503906,203.08380889892578,90.999146,56.74643
598.1621475219727,202.66345596313477,99.31816,58.62568
594.0256156921387,200.84820747375488,103.31458,60.198345
585.072193145752,200.0155487060547,108.44042,61.333603
579.6053695678711,199.4832000732422,112.724594,62.715622
572.936206817627,199.24782943725586,117.353935,65.190025
565.9285163879395,197.8965950012207,121.71807,66.87592
559.3167839050293,198.63884735107422,126.31327,67.60333
553.80126953125,198.72193908691406,130.31027,70.11473
545.3388442993164,197.43542098999023,137.47282,72.30407
536.1257553100586,197.52163696289062,142.32451,73.50877
530.716194152832,198.1987762451172,145.9233,75.96077
521.8650360107422,196.61792373657227,153.4479,79.79923
513.0628890991211,197.65991592407227,159.79189,81.52302
504.27484130859375,196.8269386291504,166.07126,84.57673
497.1006546020508,192.81880950927734,172.92406,92.33804
485.6361618041992,188.15733337402344,179.7516,100.68938
475.3955307006836,184.67010116577148,186.89882,108.33883
466.50521087646484,188.24139022827148,194.77596,108.55648
453.39842224121094,186.39973831176758,201.11154,113.0145
439.07266998291016,185.20938110351562,210.6779,117.09737
427.8038024902344,182.07454681396484,222.00409,122.224396
414.2984619140625,177.55912017822266,231.65424,129.46375
398.3365783691406,177.09976196289062,241.67908,131.10133
385.8622589111328,165.65206909179688,254.96909,143.43349
373.7442932128906,159.1868133544922,266.49677,149.66136
359.2928924560547,157.9048843383789,279.61044,150.30249
346.0352325439453,163.57555389404297,291.44553,145.40683
328.2508544921875,141.07913970947266,303.07275,166.47156
318.0609588623047,121.64653015136719,316.9059,182.40117
307.84844970703125,110.54906463623047,330.79608,190.52396
298.6588439941406,91.78433227539062,352.39392,207.10176
294.5781707763672,101.39410400390625,376.7109,199.5121
297.87330627441406,108.42073059082031,356.42923,191.69102
304.4179992675781,117.3194580078125,360.9331,182.79298
314.938232421875,125.23052978515625,365.99835,175.81215
320.84974670410156,134.76728057861328,364.70486,165.78662
321.915283203125,139.89669036865234,368.9997,160.6489
328.81690979003906,144.52782440185547,372.93448,156.90506
324.6634979248047,139.67100524902344,374.2794,162.54668
323.72894287109375,146.69143676757812,374.039,158.88496
326.0429382324219,149.5653839111328,373.755,160.56175
319.8856964111328,150.82437133789062,373.84988,166.12166
335.8757781982422,155.12195587158203,349.4802,169.2627
309.71376037597656,156.79730224609375,378.81326,172.55507
297.6329650878906,164.8990249633789,381.49304,170.6861
286.8778381347656,172.9769287109375,381.734,167.62172
285.92262268066406,168.99974060058594,382.6083,175.3704
274.0826721191406,165.1581039428711,384.93604,178.87228
254.8390655517578,177.60305786132812,386.28372,168.1263
252.41001892089844,180.9827880859375,388.67783,167.34181
238.1673583984375,177.8304672241211,384.9665,174.50192
224.31838989257812,180.17880249023438,384.22534,175.13338
217.35440063476562,174.981201171875,380.1869,180.43044
197.3262176513672,177.73323822021484,380.96005,178.84421
184.4835205078125,175.6431121826172,384.7398,179.2675
173.38558959960938,175.9850311279297,382.6731,176.93144
156.67147827148438,164.0648193359375,384.81738,186.10011
140.21263122558594,160.81101989746094,381.93478,185.42961
132.0702362060547,163.8321762084961,383.58688,181.72787
125.5264892578125,156.22594451904297,384.56952,185.6083
114.78868103027344,158.18152618408203,384.9774,182.57239
117.40512084960938,159.87347412109375,382.59717,181.93385
120.37413024902344,157.84266662597656,385.28427,182.5548
110.65896606445312,161.05421447753906,387.0193,181.12303
96.4354248046875,161.53144073486328,381.65436,182.60669
92.53921508789062,166.84893798828125,382.0774,180.81056
89.29080200195312,179.76207733154297,381.11926,175.49014
81.65855407714844,167.44180297851562,382.9758,192.092
73.23043823242188,185.18415069580078,381.73743,180.41272
77.64694213867188,183.74492645263672,375.25403,186.82974
64.55548095703125,181.82273864746094,385.96234,192.10454
63.91094970703125,182.9552001953125,374.9505,193.2433
72.67984008789062,180.76210021972656,373.9475,198.47166
80.31217956542969,183.6799545288086,364.13132,200.11252
80.94050598144531,191.22747039794922,361.81314,194.41287
89.37884521484375,191.34197998046875,356.46478,195.48903
90.23324584960938,195.20599365234375,352.55176,194.93239
97.40516662597656,189.07694244384766,347.9905,201.5495
107.33082580566406,187.5626983642578,336.29996,205.25731
114.18544006347656,180.5569610595703,327.8859,215.12474
129.9420928955078,180.18724060058594,318.03214,217.59587
138.8843994140625,171.87909698486328,304.22662,228.5769
164.35189819335938,170.4798812866211,288.68665,235.95187
190.09669494628906,160.1807403564453,270.0684,247.8983
210.34136962890625,167.18128204345703,266.69598,240.04944
237.84359741210938,180.1502914428711,266.42297,229.89474
258.4635543823242,171.93891143798828,240.16579,239.52228
274.02596282958984,169.9931869506836,234.79787,243.66208
288.9269561767578,170.13542938232422,227.25626,244.61679
293.2934265136719,170.3617401123047,224.01788,245.7329
285.57201385498047,170.73966217041016,231.7046,245.58606
279.1880340576172,166.84085845947266,241.45273,249.12537
269.48785400390625,161.74512481689453,255.63507,253.33319
262.70887756347656,157.82616424560547,263.76694,257.67667
257.24525451660156,159.60454559326172,280.33688,252.81277
262.3066101074219,156.4040756225586,286.0998,257.905
248.7325439453125,148.87921905517578,301.78516,267.46558
245.3493194580078,152.45380401611328,312.92368,264.9431
246.40367126464844,148.61182403564453,320.34,267.40662
235.73257446289062,162.99413299560547,322.59564,252.5563
238.7604217529297,160.52532958984375,324.8328,246.08473
235.41896057128906,172.6414031982422,333.35715,229.77007
237.55630493164062,172.80236053466797,326.59344,222.99832
242.43565368652344,172.5282745361328,324.62625,216.19322
242.5498809814453,178.80780029296875,320.97238,206.25087
246.29208374023438,184.91368865966797,313.3388,199.50662
252.7998046875,187.4329605102539,305.71094,189.50873
251.11212158203125,186.76058197021484,303.79144,186.1713
260.6221008300781,187.22520446777344,296.5688,178.25743
267.4185028076172,185.21358489990234,289.2939,174.7634
259.66319274902344,184.39629364013672,293.0106,171.77585
265.6326141357422,186.21309661865234,284.3143,163.74112
270.1967468261719,184.9428482055664,282.8714,157.6178
277.6068115234375,181.91192626953125,278.3994,151.8835
286.19085693359375,179.21346282958984,275.73547,148.56497
293.09918212890625,179.37125396728516,272.02142,145.12347
296.6666564941406,178.51968383789062,270.31195,141.21669
298.5557556152344,178.95236206054688,268.40485,139.20668
298.6145782470703,183.02333068847656,269.48856,135.63786
300.78826904296875,187.00779724121094,267.43036,131.00597
304.34925842285156,190.01222229003906,263.0743,128.60222
303.5545349121094,193.75572967529297,261.10785,125.90103
303.7353515625,195.63518905639648,257.78284,123.81136
303.6385498046875,195.4763946533203,255.07965,122.74547
298.6880187988281,194.6719856262207,257.5932,123.371315
292.2382049560547,194.70502090454102,261.6713,123.122444
283.6238555908203,193.81199264526367,265.756,122.912224
280.08192443847656,189.59703063964844,267.43832,126.28209
274.01678466796875,186.87975311279297,270.93903,126.29239
266.4850769042969,183.3891716003418,273.73108,127.21508
260.7835388183594,180.66617584228516,276.4248,129.15161
254.76705932617188,181.2366065979004,277.17517,127.65913
247.0865020751953,181.0155792236328,280.24887,126.8521
240.59547424316406,180.4246940612793,280.50204,127.524895
234.78970336914062,178.7449493408203,280.61475,129.07976
230.7918243408203,175.56055450439453,280.8784,131.53326
227.00741577148438,180.07242584228516,280.998,127.17352
227.0035400390625,176.73626708984375,279.06256,131.06532
224.0524139404297,181.99803924560547,278.96982,127.00015
220.43438720703125,184.08129501342773,276.97284,126.00576
221.4595184326172,185.57944869995117,274.6763,125.27508
218.5153350830078,189.26855087280273,273.01627,123.76345
215.8225860595703,192.71557235717773,270.44772,122.81478
214.30030822753906,193.72318649291992,266.22916,123.6314
210.8391876220703,194.95983123779297,261.40793,122.964386
204.4004669189453,195.51537704467773,257.73526,122.92196
203.99613189697266,196.5235939025879,254.81035,122.8227
200.37650299072266,198.79135131835938,248.36986,120.537125
189.73668670654297,197.19662857055664,245.2281,120.492744
183.9044189453125,197.29985809326172,239.67377,119.16403
178.49842834472656,194.95351791381836,234.8594,118.49868
172.33905792236328,193.7856101989746,229.30913,116.15121
168.75799560546875,191.31704330444336,223.77814,114.82082
165.67811584472656,190.13293075561523,218.38303,113.50442
162.5766830444336,189.7652473449707,212.09663,112.79685
163.48967742919922,191.23565673828125,204.97627,110.54591
164.49835205078125,192.6529769897461,197.55994,110.74014
160.6331329345703,193.9446678161621,191.9559,108.205956
162.23473358154297,197.3736228942871,184.44185,106.9927
163.9684295654297,200.32590866088867,178.01639,105.69073
165.4242706298828,202.62661361694336,171.15146,102.96755
170.27490234375,204.58973693847656,164.82092,101.51848
171.8266143798828,205.48501586914062,158.79031,99.96437
171.73491668701172,206.78054428100586,153.28358,99.04708
173.5152359008789,206.9871482849121,147.576,97.586815
178.04324340820312,208.09839630126953,140.9729,96.65341
180.2888641357422,207.74822616577148,135.21725,96.62859
186.95230865478516,208.80952835083008,128.96971,93.93839
190.07633209228516,208.4757537841797,124.51878,94.11604
193.90076446533203,209.76792907714844,119.81325,91.78023
199.1131477355957,208.11587142944336,118.740135,92.692314
206.02310943603516,211.37471771240234,116.03581,90.04736
210.57011795043945,211.9133186340332,113.31054,89.53297
217.27626037597656,211.92578125,111.82526,90.336685
224.30921173095703,214.34193420410156,108.56291,89.34325
231.5977783203125,217.64242935180664,103.953735,87.22291
237.84928131103516,221.46517181396484,104.36064,85.39606
244.37185287475586,222.77993774414062,97.884346,84.87047
249.92753982543945,225.8199005126953,99.537834,82.92848
254.3276710510254,226.52738571166992,101.419395,83.87588
258.0195426940918,227.08948516845703,103.804695,84.18045
262.98302459716797,227.5433692932129,105.52629,82.96714
265.94686126708984,226.7378692626953,111.02806,83.814316
269.8601760864258,227.78804397583008,110.407364,81.5738
272.902774810791,228.57225036621094,110.55462,81.04347
277.8043403625488,227.64017486572266,113.232414,80.52072
281.31970596313477,228.98490142822266,112.79211,79.293
285.7165107727051,228.93659210205078,115.77633,78.84592
290.24134063720703,229.1692886352539,116.92998,78.609375
289.8836364746094,230.56678771972656,121.025635,78.863235
284.4065399169922,226.64455795288086,124.397064,83.8153
277.71240997314453,227.3752670288086,131.09038,85.550415
268.3384323120117,228.71111297607422,138.30168,84.777374
263.96556854248047,225.67829132080078,144.10915,86.74786
256.10797119140625,222.60416412353516,151.70187,89.98938
251.29237365722656,216.96817016601562,159.13574,93.65224
247.72338104248047,211.0951156616211,166.01128,97.108826
241.62114715576172,209.47369766235352,171.37303,99.1641
236.86145782470703,205.91596221923828,178.81807,105.05844
234.91893005371094,203.2539939880371,186.01794,108.14062
231.20372772216797,199.9989128112793,193.16307,109.89614
226.6082763671875,201.29179763793945,202.11148,111.35401
226.02796173095703,197.7283935546875,210.23622,116.74852
224.16765594482422,195.87739944458008,219.31615,116.00971
220.10780334472656,183.3229217529297,228.09131,129.00844
219.8005599975586,183.0941619873047,237.8192,129.8525
219.3177490234375,175.04888916015625,246.30246,137.4384
219.23038482666016,170.42496490478516,254.39723,143.4863
219.42282104492188,167.76315307617188,263.41916,144.68156
220.78353881835938,155.7126693725586,273.89706,158.02039
221.38523864746094,153.14405822753906,285.00403,160.92836
226.9163360595703,148.43165588378906,298.33643,165.48317
233.14532470703125,138.56295013427734,307.76413,172.32782
233.88917541503906,133.55879974365234,320.9052,180.13562
229.77732849121094,134.25758361816406,333.69403,181.64363
225.03134155273438,128.9491958618164,348.73068,190.07657
232.10533142089844,126.6048583984375,362.84406,198.5764
231.7032470703125,126.4979248046875,376.1071,206.13426
228.9335174560547,123.26406860351562,393.17108,209.43657
240.70904541015625,126.05728912353516,402.84903,210.08939
259.8723602294922,130.67269134521484,405.5876,206.76825
283.2954559326172,139.42952728271484,408.23578,199.57013
305.5499572753906,136.01242065429688,408.15414,206.56743
306.7575225830078,148.46007537841797,409.82996,197.58948
296.1297912597656,153.77600860595703,412.79453,201.08334
310.38575744628906,154.1626434326172,409.27478,202.45546
330.8663330078125,150.10222625732422,408.61307,207.21472
332.0861511230469,157.92791748046875,412.21933,201.52037
349.83253479003906,150.34073638916016,413.17346,206.80264
370.3065185546875,157.13030242919922,415.7289,196.91211
376.5321044921875,150.27333068847656,419.57254,200.44514
394.66334533691406,150.81350708007812,419.9248,199.54924
410.0751953125,152.19317626953125,423.12283,197.24168
413.3603820800781,158.25359344482422,426.95688,190.41711
425.0398406982422,149.7863006591797,428.15704,198.86525
433.52203369140625,147.3887481689453,430.68814,197.48604
430.31605529785156,138.17091369628906,434.69568,202.3575
429.84388732910156,136.00660705566406,436.08777,201.97737
427.7941589355469,136.78799438476562,436.18442,199.86418
419.13494873046875,138.08325958251953,437.21573,202.02939
413.0610656738281,139.37432861328125,438.91,203.13988
404.46588134765625,139.7105712890625,439.02408,207.03197
389.0876007080078,149.8687515258789,439.56482,203.05667
378.75843811035156,152.42401885986328,441.39355,202.86606
368.93531799316406,150.48394775390625,442.91003,206.34776
355.6254577636719,152.9501953125,441.90903,201.6002
342.7818145751953,146.58568572998047,448.9314,205.4458
336.2969055175781,144.26710510253906,443.79367,202.11665
313.16075134277344,139.67691040039062,444.09784,206.96281
308.943359375,138.41446685791016,443.28836,207.58841
306.20701599121094,135.60761260986328,443.57123,209.80576
299.9340057373047,132.6770782470703,448.60553,212.2209
295.45179748535156,126.28898620605469,446.55957,216.77016
300.2688903808594,129.4298095703125,442.94443,211.10374
297.9286346435547,121.19830322265625,441.41327,217.79906
298.16822814941406,118.90538787841797,440.42017,219.25757
311.1865234375,114.56211853027344,440.63028,223.89528
312.7148132324219,119.59779357910156,441.4835,218.35933
321.15185546875,120.6243896484375,437.2399,219.26842
337.8520965576172,112.030029296875,435.47284,228.51988
342.32127380371094,112.81045532226562,434.71588,224.98149
360.4316864013672,99.2437973022461,430.11456,236.39288
373.7949981689453,101.7774429321289,428.02637,229.72012
390.35919189453125,96.07489776611328,423.74258,234.26144
408.3485565185547,86.55960083007812,424.96454,242.80095
418.40110778808594,97.72384643554688,421.17816,231.2581
433.3866729736328,96.46198272705078,418.6941,234.98679
452.53944396972656,89.09343719482422,411.77234,241.95813
470.93251037597656,84.52542877197266,406.3761,243.98502
482.4119567871094,76.67622375488281,403.33408,250.12325
500.252197265625,79.60001373291016,397.59964,245.48026
515.3108673095703,78.72034454345703,392.77625,244.35104
529.7806701660156,74.51954650878906,385.19016,247.8177
548.5129089355469,78.37013244628906,379.5803,244.82137
559.7366180419922,67.0423355102539,371.52142,256.72208
571.3011627197266,72.0186538696289,364.90002,252.00198
581.8402099609375,72.24244689941406,355.19693,255.46028
595.0119323730469,71.49771118164062,345.9199,253.57097
605.4204559326172,64.53182220458984,334.70233,257.50214
611.0176086425781,59.983192443847656,325.2402,259.9484
605.7272338867188,50.07274627685547,324.9501,264.38672
605.2179260253906,39.414756774902344,320.71445,270.93866
608.270263671875,35.869056701660156,314.11453,272.88565
602.8528289794922,29.93579864501953,312.7481,276.99472
602.5837707519531,31.46825408935547,313.94443,275.25916
597.9506988525391,21.730430603027344,308.17578,285.84747
594.6144256591797,23.06218719482422,305.84125,282.47766
588.5663146972656,16.780845642089844,303.16098,290.7021
583.9637756347656,21.32678985595703,301.87143,284.3226
578.0541076660156,14.189033508300781,298.8795,295.18283
571.0221710205078,18.14238739013672,299.4994,291.6089
564.2625579833984,15.545036315917969,298.93878,296.45703
557.7500915527344,10.216300964355469,302.85678,301.99976
552.4722137451172,16.31792449951172,305.76263,295.66467
547.8002319335938,19.080589294433594,318.00613,295.79193
538.7269897460938,1.3263320922851562,326.3372,317.1984
531.3104095458984,6.950965881347656,340.07684,313.41507
528.0895690917969,17.475440979003906,350.7999,304.59866
521.9399566650391,31.20293426513672,365.5575,300.54382
510.6136169433594,40.84313201904297,381.02255,303.21448
499.21485900878906,60.84473419189453,390.68604,290.84958
468.6079864501953,44.89997100830078,408.6781,306.99533
437.1007080078125,64.68408966064453,432.50565,292.3668
415.94036865234375,69.37601470947266,446.6265,292.4186
403.4071350097656,68.16191864013672,457.56955,298.73267
392.8409881591797,79.80451202392578,457.80634,293.60605
381.19602966308594,92.61153411865234,460.42084,284.0572
370.0837707519531,101.38115692138672,462.5671,277.23816
354.6060791015625,110.41468048095703,462.85684,271.655
342.1874084472656,117.16577911376953,465.2087,264.95663
329.1031036376953,114.87177276611328,462.1759,258.78964
302.88316345214844,111.1423568725586,466.19403,260.45905
293.6619110107422,105.39478302001953,461.51202,259.5648
275.46771240234375,106.7892074584961,464.27872,256.92023
254.7853240966797,118.61724090576172,461.65973,244.98645
245.4664764404297,125.17789459228516,453.9428,234.06778
238.11700439453125,131.01226043701172,440.98282,230.2826
223.4965362548828,142.5625,436.54602,218.21422
222.87278747558594,148.5235595703125,425.10455,209.39488
215.20718383789062,159.28475189208984,417.5599,195.732
209.72071838378906,165.26512908935547,408.62366,189.63855
210.86912536621094,168.69850158691406,399.11713,182.77034
214.19149780273438,171.4679412841797,387.15866,179.60292
217.1927032470703,179.50038146972656,375.60657,171.56795
224.6082000732422,186.6922836303711,364.72626,165.01666
232.66416931152344,193.54524993896484,353.8692,158.34186
240.4593048095703,200.07481384277344,340.19,153.33864
242.0884246826172,204.1181182861328,331.39252,148.61977
243.3768768310547,203.90898895263672,325.4867,146.47412
235.22071838378906,204.78936767578125,326.86536,144.78899
227.644287109375,204.18671417236328,327.6517,145.87192
220.4665985107422,203.0710906982422,328.97504,146.93935
213.8067626953125,206.13217163085938,329.91757,144.60765
208.28524780273438,209.81021881103516,328.55997,144.90439
207.9385986328125,207.9961929321289,325.64102,148.20969
200.8232421875,210.87712860107422,324.66403,146.03223
196.85440063476562,218.16802978515625,322.07693,142.51292
198.0236053466797,220.39612579345703,316.29205,144.88467
190.7035369873047,221.4021759033203,314.00256,145.48006
185.60365295410156,224.60728454589844,309.34808,144.1186
181.51226806640625,227.37503814697266,303.71927,142.9213
175.21426391601562,228.2123260498047,298.11502,143.09077
170.71067810058594,228.82371520996094,292.03503,143.19398
165.23155212402344,228.20286560058594,285.49213,143.17061
157.8946990966797,227.47312927246094,279.4967,142.75392
153.09132385253906,227.37866973876953,272.75262,141.20993
147.49542236328125,227.22673797607422,266.43997,138.18451
142.6465606689453,225.82280731201172,258.1718,137.7301
136.81061553955078,223.9314422607422,251.1794,137.23213
130.43094635009766,222.4413833618164,242.5801,135.88675
125.57077026367188,221.17206573486328,235.20645,135.31552
120.56802368164062,220.98438262939453,226.80759,133.84537
116.53214263916016,220.68041229248047,218.83455,132.76965
112.98377227783203,218.60540771484375,211.1396,132.0352
107.52684783935547,219.0027313232422,205.29411,131.33638
103.1559066772461,219.03123474121094,197.66142,129.36897
99.19734191894531,219.45789337158203,191.08832,128.20114
94.35092163085938,218.36601638793945,183.78433,127.211006
89.53433990478516,219.6465835571289,177.11171,124.28293
85.97162628173828,217.0107536315918,170.78261,124.95724
81.44851684570312,218.05521392822266,164.49307,122.949066
78.41107177734375,218.6265525817871,157.86551,122.03185
76.2435302734375,216.0997085571289,150.4454,125.50003
73.39546966552734,217.5746192932129,146.2454,124.26273
69.95840454101562,219.4103240966797,143.21548,121.520035
67.381103515625,221.8931427001953,137.22586,119.315445
65.77173614501953,224.5441436767578,132.33739,117.12251
62.93376159667969,223.10711288452148,129.46198,119.30596
61.148685455322266,223.60274124145508,126.292015,118.53199
59.72663879394531,224.32999420166016,123.54434,118.430725
58.733734130859375,224.1425437927246,121.95053,117.962395
58.90224838256836,224.37455368041992,119.30732,117.25909
60.15578842163086,226.49624633789062,116.0911,114.99107
61.27460861206055,228.7775993347168,113.42005,112.68386
61.272972106933594,231.35330200195312,112.08714,110.163956
64.1061897277832,231.94136428833008,109.43099,110.286446
65.80270767211914,231.74102020263672,108.845146,109.648895
67.30388259887695,232.8191680908203,108.60775,108.12279
69.39954376220703,233.6897964477539,107.37956,107.16208
72.54939651489258,233.52416229248047,105.31481,105.572845
75.5506706237793,233.00758743286133,104.18394,104.96632
79.24479675292969,233.3762092590332,102.250244,104.727455
82.15180206298828,233.21380615234375,101.643814,103.78929
84.63233947753906,233.07543563842773,101.83383,102.42889
87.59852600097656,233.18877029418945,101.4798,101.502205
90.49615478515625,233.3099021911621,100.542206,100.21682
93.42037200927734,233.38118362426758,100.57036,98.2089
96.56234359741211,233.09452056884766,101.15919,96.78122
99.46166610717773,232.54501342773438,100.38877,95.98033
102.2158088684082,234.741943359375,98.56484,92.60878
105.99652862548828,233.82759475708008,101.95351,93.3325
109.39066314697266,236.72362899780273,96.55388,89.95367
112.86262512207031,236.20331192016602,100.8826,89.52601
116.98759078979492,236.2363395690918,99.63148,87.845146
119.2383041381836,236.22074127197266,100.212204,87.150635
123.39472961425781,234.66291427612305,101.47125,86.99679
126.40743255615234,234.64485931396484,101.75493,85.16739
128.78478240966797,232.38848876953125,102.039505,84.852554
132.3131217956543,232.00957489013672,105.38825,83.23874
133.73714065551758,229.90459823608398,98.36837,82.258354
137.33433532714844,223.50929641723633,106.29721,86.13099
139.67465591430664,225.60916900634766,101.11712,81.45154
141.62378311157227,225.61563110351562,99.524864,79.20656
144.59733200073242,220.22452545166016,105.3762,82.244446
147.76870346069336,220.6247100830078,100.36555,80.1487
151.38374710083008,221.2273712158203,97.86431,78.36052
156.05928802490234,222.20786666870117,100.40138,76.609886
159.45597457885742,225.0202980041504,96.29865,72.97413
163.2225227355957,223.26165008544922,95.77053,74.11508
168.9185562133789,222.66350555419922,98.46739,74.651184
174.53175735473633,222.06586456298828,101.42608,75.02237
179.8154754638672,225.12704467773438,94.76172,70.78398
186.25320434570312,224.37596130371094,96.88229,70.04698
191.9218521118164,223.04938888549805,98.23451,70.34304
197.79586029052734,222.91281509399414,97.55028,68.71772
203.89120864868164,221.34479141235352,96.7683,68.69892
211.3111114501953,220.63730239868164,91.367615,67.739784
216.10268783569336,218.63350296020508,99.792915,67.872536
218.86087799072266,216.89569854736328,96.18886,66.806915
219.33312606811523,215.37225341796875,88.86408,67.39015
217.0479736328125,215.89487075805664,94.42282,65.778725
215.96864318847656,215.76433944702148,90.56052,64.937675
209.81610870361328,216.36370468139648,91.393814,64.82296
199.90938568115234,215.95758819580078,92.58528,65.17514
192.47459411621094,218.57290267944336,98.35742,63.728966
184.68121337890625,219.84790229797363,96.46713,63.051983
175.2916030883789,223.53159523010254,92.78975,61.747707
166.8013153076172,222.86116790771484,97.805725,63.67679
162.6926155090332,220.72127151489258,97.09676,65.33311
155.3014259338379,220.5610694885254,98.54592,65.528725
149.60697555541992,221.43569564819336,98.21287,64.10342
146.19283294677734,223.91680145263672,96.362045,62.417328
141.47537994384766,224.63693618774414,95.73308,62.635628
141.0191535949707,225.75993156433105,95.3222,62.643085
137.75535583496094,225.45362091064453,93.55469,61.366608
137.6505126953125,222.03462600708008,94.00543,63.521645
137.75165939331055,225.31858253479004,93.52555,59.3959
137.7298240661621,224.7244701385498,88.15067,58.467335
138.54254913330078,219.41732215881348,93.19911,62.705166
142.28112030029297,219.78244590759277,92.067215,60.99506
146.05547332763672,219.41783905029297,92.24638,59.308075
147.6455421447754,219.68602561950684,91.224724,58.287754
151.9459991455078,215.0226535797119,91.140625,61.08578
155.85846710205078,214.1352996826172,90.35393,60.82277
159.20643615722656,215.04737663269043,89.24161,58.59078
162.33597564697266,212.75550651550293,89.48241,58.381336
165.09405899047852,213.27548217773438,88.78124,58.155594
166.30063247680664,212.06129837036133,87.84048,56.371834
167.4298858642578,211.87211799621582,87.47815,55.638714
165.83924102783203,211.0153522491455,82.699234,54.221813
166.2326202392578,205.9524974822998,86.354095,56.69759
170.54005432128906,205.3677463531494,86.56793,55.386776
172.95753479003906,205.68201065063477,84.631195,53.253517
175.67282104492188,203.2708969116211,82.47995,54.943787
179.26943588256836,203.09323501586914,86.12257,54.390175
180.822265625,204.9481029510498,83.976654,52.639606
182.36128616333008,205.65560722351074,82.76299,51.831776
183.19092178344727,206.41961097717285,82.898796,51.420162
181.79413223266602,208.41427040100098,84.61077,50.497646
179.40322494506836,209.7162799835205,81.24644,49.53819
176.00090408325195,209.30728149414062,83.770744,51.066452
174.6875762939453,209.09893608093262,83.450226,52.46114
172.56379318237305,210.12762641906738,80.522285,50.458935
172.48013305664062,209.57604789733887,83.33768,52.21938
173.21669006347656,208.2636661529541,83.75903,53.669643
175.19476318359375,210.1070041656494,83.200836,51.72668
178.6772232055664,208.88828086853027,83.59361,52.173252
185.4941520690918,209.22325897216797,82.258644,51.573395
193.1263656616211,207.68596267700195,81.2184,51.573708
198.09613418579102,209.74853897094727,83.08633,50.297523
204.62023162841797,209.56369590759277,81.36876,49.896183
213.14800262451172,208.31031227111816,80.68257,51.3092
220.30212020874023,208.70481872558594,80.26664,51.80922
223.16780853271484,207.87011909484863,80.52876,51.039867
219.0373191833496,208.37176895141602,83.82072,52.224983
212.0645294189453,208.00646209716797,85.90024,50.202454
203.42347717285156,201.35359001159668,88.15494,52.044575
197.3269271850586,197.0130729675293,93.095566,53.955467
193.81997680664062,191.8482437133789,96.853424,56.105713
190.70958709716797,188.5589485168457,99.7495,57.15824
186.60095977783203,184.86920547485352,102.164474,58.047096
185.58108520507812,178.28434371948242,108.2337,62.19036
186.98273849487305,175.08068084716797,109.88184,63.121704
185.68178939819336,171.58843612670898,115.40098,63.037865
186.0407257080078,162.60149002075195,118.541565,65.94343
189.3182373046875,157.53083038330078,121.76807,68.38541
190.00146484375,149.7987060546875,126.96234,69.87291
192.9990997314453,142.14309692382812,131.32773,74.03511
199.9891128540039,134.32495498657227,136.09657,77.30424
206.56330108642578,130.6778450012207,140.46931,81.35813
211.3322982788086,125.91314697265625,145.5634,83.68492
222.7303695678711,127.67144775390625,150.48076,82.04933
231.66951751708984,120.044677734375,157.68144,87.10506
242.78665924072266,111.13203048706055,162.88374,91.89977
255.13265228271484,103.30788040161133,167.95103,96.50327
270.3323974609375,96.59983444213867,173.36685,100.43334
291.05479431152344,92.04600524902344,180.3551,104.25853
312.2984848022461,87.388427734375,184.2531,109.1985
344.5866470336914,98.45882034301758,184.9543,105.113625
376.7863540649414,103.86508560180664,183.68385,101.03266
405.7181930541992,99.08413314819336,185.13573,107.15243
438.30108642578125,102.85432434082031,185.75253,104.81297
465.11983489990234,107.13531494140625,187.07768,101.58034
494.6761703491211,105.30076599121094,185.42015,104.82909
522.4318466186523,105.6435775756836,186.70518,106.341034
547.2375793457031,114.70135879516602,187.98727,99.79548
568.5139923095703,117.3089370727539,188.41046,100.57056
589.7150115966797,121.85482406616211,186.91473,101.589806
603.4629974365234,130.21155548095703,185.44232,101.38202
615.9541854858398,139.89130401611328,187.24638,98.31238
631.9095993041992,140.90893173217773,188.88658,103.45132
634.3685150146484,145.3885726928711,186.88873,106.25528
639.0120010375977,147.70502853393555,186.58266,105.72283
639.0744857788086,148.65507888793945,189.1663,106.532326
637.2084197998047,155.35845947265625,185.84137,101.546036
640.67919921875,149.12158203125,187.41068,107.90962
635.4979095458984,166.19200134277344,187.22571,96.008286
635.2559509277344,164.01763534545898,187.5906,102.8478
636.5956573486328,176.23602676391602,186.92725,99.10529
627.5728759765625,183.38084030151367,182.97092,98.596855
616.6226196289062,190.88228225708008,167.5159,100.20237
605.017936706543,204.00575256347656,187.89207,95.23198
587.8712463378906,207.77083206176758,195.97879,93.79569
569.4765472412109,206.7656364440918,181.02039,96.99175
552.5615386962891,204.67315292358398,162.65213,102.202415
541.1072082519531,207.7874412536621,189.11261,102.90395
526.2044525146484,220.712158203125,183.2009,95.4731
508.2143249511719,213.0069580078125,190.16022,106.14125
493.18163299560547,216.90906524658203,192.81013,105.011475
480.9732666015625,222.68122100830078,188.95636,99.7395
472.8089599609375,223.1159896850586,183.79968,99.23239
456.25939178466797,217.37895584106445,185.48103,103.22532
436.50335693359375,212.7267303466797,191.73846,102.387314
417.9038391113281,213.58757400512695,188.88702,100.367226
406.91143798828125,211.78183364868164,183.39758,101.27393
387.7476348876953,208.04733276367188,181.65329,102.73616
372.2413024902344,207.58747482299805,185.86377,101.937065
366.6737365722656,207.9075469970703,177.9408,95.83275
351.83809661865234,208.18947982788086,183.47108,88.27682
343.7926940917969,209.7852783203125,197.60785,77.940994
350.60616302490234,212.12186431884766,187.83363,76.57086
343.64598846435547,210.92249298095703,180.03252,74.85455
340.35013580322266,206.73814392089844,179.71071,75.13609
335.85628509521484,200.0139617919922,187.99065,75.28673
341.75196838378906,199.44149780273438,182.09656,72.3412
342.5072479248047,198.07488632202148,184.76642,71.99233
345.51758575439453,192.06165313720703,192.69527,73.9924
347.3561706542969,191.07220077514648,189.60104,69.894585
361.49608612060547,187.8551368713379,183.16533,67.98197
373.5484848022461,183.27502822875977,184.51842,67.571815
377.99200439453125,176.97130966186523,184.24225,67.71645
387.953857421875,174.93438720703125,184.82513,64.432175
407.0334701538086,170.84357070922852,184.42104,66.92991
421.59226989746094,169.51022720336914,181.32077,63.822456
434.49337005615234,164.97991943359375,186.95796,65.44704
449.9099807739258,160.83151626586914,182.15306,64.86924
457.99717712402344,157.20166206359863,181.10971,62.782177
475.18821716308594,149.33112335205078,175.86191,66.55652
482.0461196899414,148.09464073181152,184.05379,62.53809
492.59027099609375,141.28357696533203,183.57541,64.79477
505.6227111816406,136.27739906311035,176.96213,62.801235
514.7753219604492,133.87049865722656,191.87788,67.48393
524.4229736328125,132.25718307495117,200.11981,75.983696
533.1402816772461,135.03195190429688,198.81422,83.261856
539.2725601196289,137.7200584411621,206.01677,81.833824
541.4976959228516,142.12122344970703,200.56442,79.26752
549.690299987793,142.8810920715332,197.01967,79.45066
555.6207122802734,147.91918182373047,201.50595,77.9982
560.5646896362305,150.2796287536621,200.57912,80.501854
563.5165786743164,156.4343376159668,201.62682,82.163445
565.310791015625,159.72166442871094,201.37811,88.24791
574.8682250976562,162.60118103027344,200.07971,92.731125
583.4740142822266,165.41298294067383,200.84927,86.784096
585.5556488037109,165.32544326782227,200.43564,89.60694
591.2370986938477,168.8575668334961,199.00426,90.66116
596.9418334960938,170.80358505249023,201.4472,86.119286
605.3460464477539,170.31639099121094,202.2354,86.98808
621.3370895385742,170.24709701538086,199.57155,104.14065
637.7890930175781,168.61397171020508,196.48236,104.01951
645.0792846679688,174.5457420349121,198.85785,102.89083
656.3879547119141,181.84362030029297,198.24326,98.691864
665.7235870361328,179.4120101928711,199.61862,103.634735
672.9927139282227,185.31775665283203,201.10423,101.53815
691.9732284545898,186.65499114990234,198.30812,101.76999
700.9029159545898,187.49867248535156,199.08986,102.4536
711.900032043457,190.75432968139648,198.23387,101.68276
726.9616317749023,194.57732772827148,197.63704,100.24978
732.187141418457,195.5536766052246,200.74767,100.78603
741.4222183227539,197.75690841674805,198.60918,99.524895
750.0783615112305,196.7912940979004,197.7754,101.331184
755.4290161132812,201.1115837097168,198.35559,101.15453
765.5619277954102,199.32238388061523,198.42906,102.6849
774.2521743774414,198.73148727416992,198.9005,102.915886
781.3494186401367,199.58412170410156,199.17671,102.94249
795.565544128418,197.56044387817383,196.85347,107.248024
802.5463485717773,205.2362060546875,198.7853,103.7867
806.9977645874023,205.55339813232422,198.53932,104.67209
812.6102828979492,208.74158096313477,200.31538,105.53712
818.9983291625977,207.63692474365234,199.78667,106.13913
824.2791519165039,207.322998046875,197.4622,105.989944
834.2053298950195,210.75025939941406,198.05266,103.18321
845.0035705566406,209.66719818115234,197.96594,104.54123
850.534049987793,215.56389617919922,198.44215,100.74228
863.4556427001953,212.99081802368164,196.23874,103.294136
869.1312255859375,214.4857635498047,196.08636,102.0294
879.7757110595703,212.1090545654297,195.91849,103.63597
885.2403411865234,216.6771125793457,197.19656,101.71226
891.1215057373047,215.83771514892578,193.49875,102.91559
901.191276550293,214.2557716369629,193.90034,103.75709
902.7706756591797,215.00743865966797,192.79532,103.47092
910.8738021850586,214.24365615844727,193.9438,105.05738
917.7142562866211,216.39616012573242,191.00362,104.59197
919.7885589599609,218.19779586791992,175.76407,100.61028
932.0037002563477,220.99511337280273,152.22044,100.30868
935.5372314453125,220.21868515014648,128.05496,101.86779
940.3219680786133,220.77333450317383,190.62965,104.94721
943.7861099243164,218.79624938964844,186.45497,106.499344
941.2587203979492,213.20746994018555,187.13792,115.76583
942.4788360595703,223.84032440185547,186.65265,108.86908
993.3216400146484,222.6557502746582,134.42242,112.33088
969.0072860717773,232.71434783935547,154.61546,108.53186
958.023551940918,236.39268112182617,161.87358,107.84054
935.1414566040039,238.58725357055664,181.28609,110.9307
930.5853576660156,242.5016326904297,178.96567,112.96675
922.7138214111328,252.65546798706055,176.89691,110.23794
916.5233459472656,251.9621124267578,174.14084,116.68544
904.0392608642578,263.58808517456055,174.38257,113.35305
897.4528045654297,267.9040298461914,172.94183,116.18283
888.1046371459961,273.4272804260254,171.4586,117.797585
883.1472473144531,274.72386932373047,172.11624,118.41577
871.952278137207,276.0107116699219,170.0901,120.23125
859.9317855834961,280.4247131347656,166.74065,118.11406
857.759162902832,270.46531677246094,165.53224,125.26204
839.8059387207031,276.47601318359375,162.21158,118.681625
831.1935577392578,274.30744552612305,160.56067,121.68484
829.405517578125,266.8266372680664,159.78494,128.18655
817.7422103881836,266.60573959350586,159.39415,126.64147
813.8562316894531,262.23208236694336,159.00089,126.91662
811.60595703125,259.3730049133301,158.01364,126.18336
804.516975402832,255.47112655639648,157.81892,127.965385
796.3186111450195,251.01918029785156,158.54836,129.6111
794.8460083007812,248.1329803466797,157.39108,131.31953
793.0673065185547,243.17288970947266,157.8404,136.30338
789.9467620849609,238.92211151123047,154.79364,141.06995
788.8170928955078,240.15988159179688,155.79614,139.48827
791.1448516845703,243.61905670166016,154.17712,137.7518
790.0016098022461,244.9742202758789,155.08281,136.92258
795.9684982299805,242.99510192871094,154.02794,140.4958
796.9158172607422,243.8853988647461,155.27026,141.11139
799.7292709350586,246.2007827758789,156.62126,141.84586
796.2044906616211,245.7005157470703,154.33116,143.97945
793.0181732177734,245.1263885498047,155.88464,145.9067
794.2582626342773,247.1512451171875,156.62016,146.598
790.9509124755859,248.24462890625,158.48499,147.89836
790.4911041259766,251.41729736328125,162.0451,147.13493
791.4923782348633,252.69464874267578,172.75233,147.4125
792.0775756835938,245.42218780517578,160.3641,158.45712
787.9396362304688,242.6651382446289,176.06375,162.8057
789.1844711303711,241.88714599609375,172.46593,166.47844
785.5535430908203,239.8391876220703,172.89673,171.70808
783.7428359985352,245.2185821533203,173.81306,169.92665
780.5641860961914,240.69668579101562,173.15675,177.17064
779.2270202636719,251.88587951660156,171.4996,169.41994
775.8890151977539,249.57627868652344,173.8838,175.21638
770.8614654541016,247.5685043334961,175.2309,180.2127
769.4093627929688,251.87841796875,175.25467,178.78026
761.8673248291016,253.55570220947266,180.76123,180.93625
755.8994522094727,252.9959716796875,182.81703,182.10136
750.5883331298828,255.84080505371094,184.29974,181.77559
746.5671997070312,261.07237243652344,187.48703,173.938
746.2826461791992,256.4416809082031,188.58464,179.10368
742.2586898803711,267.07505798339844,191.15025,170.81429
740.1436767578125,255.12384033203125,190.04788,184.46538
736.7416458129883,264.76025390625,192.57631,176.75267
733.5795593261719,258.4908142089844,192.85562,184.29588
727.3742370605469,252.3748016357422,198.12802,191.04121
721.2460556030273,247.15619659423828,205.79326,197.53836
714.9978790283203,263.4483337402344,209.3418,180.69298
705.1889495849609,269.4176788330078,215.1524,175.86543
700.1540451049805,266.5307846069336,223.07567,178.35675
688.8617172241211,267.51990509033203,229.1627,180.31223
683.1948699951172,264.64342498779297,235.53528,183.5774
676.4132690429688,262.7712631225586,239.07864,187.25146
655.5275192260742,264.8307571411133,247.72691,187.30167
650.2466430664062,263.67933654785156,248.69504,190.0019
632.2129287719727,261.40509033203125,254.636,195.53563
623.5165023803711,262.11368560791016,253.64409,197.7673
616.1520080566406,263.1838150024414,256.1282,201.61484
612.3739166259766,267.3866195678711,251.84375,204.6004
619.7424087524414,270.37316131591797,243.5406,206.3277
583.1812744140625,268.72315979003906,267.4991,209.5425
569.2534484863281,269.6382064819336,273.63278,214.11346
562.0385589599609,272.24998474121094,275.5694,217.70631
537.1357727050781,272.1312255859375,292.36313,221.18266
578.9556274414062,260.87367248535156,255.1116,234.71468
544.1504669189453,250.5773696899414,294.5055,238.26822
539.2964630126953,265.6778030395508,297.5061,231.5953
538.1918182373047,260.5466995239258,313.971,240.67355
565.6493377685547,262.9247817993164,309.33527,238.9534
577.605712890625,271.3041076660156,319.0978,232.26689
573.6603240966797,266.53565216064453,323.06256,237.57309
582.4048004150391,270.6862335205078,307.9419,235.00826
584.11328125,256.5055923461914,348.3168,248.72781
569.6211700439453,253.89154815673828,348.63904,254.83188
583.1357574462891,260.92589569091797,348.44348,251.10828
586.1588745117188,257.6425094604492,352.48355,258.37402
577.413818359375,249.33267974853516,362.25455,267.2725
580.3020172119141,249.88468170166016,376.92163,276.1116
587.6021881103516,244.92855072021484,375.96497,285.83295
584.67919921875,232.3269271850586,377.47952,298.20013
587.0759429931641,234.87287139892578,384.8208,287.2899
586.0232391357422,228.18965911865234,391.56134,291.75507
582.2486572265625,219.35332489013672,395.50528,300.00293
576.2965698242188,214.94280242919922,411.10062,295.38464
576.2679290771484,208.27587127685547,412.39288,301.49622
570.7666778564453,198.76995086669922,413.5166,309.50684
561.7623596191406,191.1230697631836,415.92392,322.02167
492.86334228515625,195.49471282958984,473.81644,323.13934
524.2538299560547,197.06671905517578,436.1435,322.85202
522.9610137939453,194.13959503173828,434.36108,328.76633
505.244140625,197.08928680419922,440.58206,319.2898
496.55580139160156,191.29395294189453,443.2638,324.11935
478.6788635253906,189.45990753173828,462.50143,328.35776
463.7587432861328,184.66959381103516,452.27673,332.47623
446.04583740234375,190.13849639892578,457.51028,327.71506
425.2476501464844,183.08528900146484,457.76266,336.71747
403.63978576660156,185.01294708251953,477.72766,332.87216
393.19944763183594,190.02338409423828,440.82184,323.15817
377.5129089355469,198.90996551513672,433.66074,310.2118
372.9533996582031,211.51668548583984,427.4869,294.7553
353.2517395019531,215.8926773071289,420.13376,285.29153
350.3112030029297,221.92729949951172,400.87213,275.87646
346.3365783691406,229.48943328857422,387.66232,263.1903
346.36009216308594,237.0907745361328,381.32587,252.08467
343.1376495361328,241.60636138916016,369.49268,245.2471
339.5482635498047,247.98532104492188,365.08246,233.55486
339.84422302246094,249.77262115478516,353.31134,228.47989
333.1653747558594,246.08592987060547,350.78256,223.60657
337.3751525878906,245.10682678222656,340.72238,218.89058
336.3569641113281,243.4657211303711,336.4161,213.63263
332.6273651123047,252.02251434326172,332.1933,200.1753
332.9692077636719,248.64971160888672,328.53745,196.06958
328.86785888671875,247.12303161621094,326.0247,191.52992
325.3020477294922,248.98324584960938,323.00043,184.59636
328.6659851074219,246.06534576416016,319.55344,182.09042
324.5946807861328,248.68800354003906,317.37476,175.98213
321.52337646484375,249.70226287841797,321.51334,170.91034
322.0853576660156,245.55048370361328,313.77054,170.48056
319.10060119628906,244.92013549804688,301.96826,168.26616
315.5816955566406,244.15499114990234,299.25632,166.44708
313.886962890625,243.68809509277344,293.44894,163.71706
311.3572998046875,246.26419830322266,288.4612,159.48856
311.86602783203125,245.15066528320312,283.38046,157.98625
311.24278259277344,247.04891204833984,275.85626,154.8971
310.6485595703125,248.4016876220703,270.03458,151.21022
311.90074157714844,249.8109893798828,263.72345,146.9919
312.7935333251953,249.11852264404297,258.3329,144.53247
312.12876892089844,249.97328186035156,251.62183,142.4059
313.81568145751953,247.97066497802734,245.20631,141.1582
315.7230911254883,248.8194122314453,239.3561,137.23048
314.79188537597656,249.8323974609375,233.8424,136.5933
317.61258697509766,247.86329650878906,228.42445,135.09291
320.32432556152344,250.91873931884766,222.14386,130.68942
319.5181198120117,254.85314559936523,219.02184,125.34356
319.9988327026367,256.01704025268555,215.53783,121.01632
322.35521697998047,256.6537551879883,211.27672,118.0336
320.7301559448242,257.97672271728516,208.73424,115.58151
319.50677490234375,257.7764587402344,207.36154,114.29851
311.9689407348633,259.36585235595703,208.96559,112.05258
304.5590133666992,257.10168838500977,210.25926,113.69059
294.7950897216797,257.4304656982422,212.6452,112.89925
286.3910903930664,257.54938888549805,215.31123,112.79171
279.10782623291016,257.0362205505371,218.11195,111.9381
270.99149322509766,257.5066719055176,220.74574,109.675545
265.2550506591797,256.5073356628418,225.73285,109.761375
258.76502227783203,253.88632202148438,226.29884,110.749374
251.5978012084961,251.4774398803711,228.5443,110.05878
245.93657684326172,248.07688522338867,229.73839,111.461754
239.2506561279297,244.65404510498047,231.05902,114.01727
233.7294464111328,243.51355743408203,232.26447,112.997406
229.95986938476562,239.24419403076172,234.13211,114.02844
226.42601013183594,238.39893341064453,233.73444,113.683075
223.62735748291016,236.80364990234375,233.62483,113.52513
221.86009216308594,234.60547637939453,234.53534,114.32547
221.53187561035156,232.4775047302246,232.76825,115.152824
220.0225601196289,231.6431427001953,233.20271,113.01192
219.38404846191406,229.73974609375,233.12897,113.71971
222.84456634521484,230.67283630371094,230.47191,112.36183
221.69756317138672,230.12603759765625,229.95903,113.09343
222.83387756347656,229.7359619140625,228.46967,112.86479
225.4314956665039,230.63985061645508,225.63924,111.76881
223.9619903564453,230.45611190795898,223.77148,111.12194
224.84961700439453,231.29391860961914,220.8769,110.95243
225.0714874267578,233.14250946044922,216.57935,110.506775
225.72692108154297,234.59439086914062,213.13896,109.76634
227.12386322021484,235.7566680908203,210.1491,108.10188
229.0156478881836,236.0892219543457,205.23454,107.63392
230.14990234375,238.29702377319336,199.89359,106.24456
232.7049331665039,237.10991287231445,194.19728,107.46308
234.4468536376953,238.59426498413086,188.9986,105.38311
236.94300842285156,238.58684539794922,183.65393,105.04108
240.3402099609375,240.20062255859375,178.11508,103.78136
244.35313415527344,240.45726013183594,172.80847,102.8741
248.19701385498047,242.03753662109375,165.88158,101.32347
254.45188903808594,244.07057189941406,158.5998,100.80324
261.4201354980469,247.8339958190918,151.47836,97.45077
265.93961334228516,248.85041046142578,146.36494,96.171844
273.82071685791016,249.9787254333496,138.99324,95.26968
279.8435592651367,249.3652572631836,133.046,95.026794
285.57118225097656,250.85686111450195,127.31839,94.04484
298.22906494140625,251.0704460144043,120.76767,93.83132
306.84410095214844,253.02517318725586,115.35147,91.95098
311.4368476867676,250.7810935974121,111.10781,93.03054
310.67395401000977,249.40434646606445,110.38726,94.878914
309.2083053588867,246.6209831237793,106.36937,97.07723
308.7665328979492,244.63397216796875,103.461075,99.612686
309.7069282531738,242.08464813232422,100.539665,101.71954
306.5556640625,241.29700088500977,100.10391,101.74128
303.54101943969727,240.54878997802734,101.63143,104.28061
298.36974334716797,240.4704132080078,107.08272,106.40517
289.96113204956055,238.48612213134766,116.960884,108.007355
280.56394958496094,237.30015563964844,124.88541,111.94887
265.8787307739258,235.77556991577148,134.05968,115.43398
255.66134643554688,238.79882431030273,142.32526,115.817894
241.97327423095703,236.88043594360352,153.41234,118.786995
227.30702209472656,237.24316024780273,163.78287,119.49972
216.96680450439453,234.91220092773438,174.47057,123.02394
202.91981506347656,234.98790740966797,184.89395,124.420074
189.7463150024414,232.52335357666016,195.26701,127.80725
178.29056549072266,228.68985748291016,204.09154,133.12213
161.8702621459961,229.59723663330078,215.60915,133.65686
149.84912109375,225.77227020263672,224.38824,138.67435
134.7525634765625,224.0598602294922,235.89752,142.00395
117.86422729492188,220.11188507080078,248.1294,145.41113
105.84463500976562,218.4753875732422,261.8507,146.76799
88.65736389160156,209.44051361083984,272.07474,155.92258
72.19903564453125,207.69091033935547,284.4323,158.10379
56.93476867675781,202.40264129638672,300.44797,161.92508
34.73191833496094,197.23673248291016,314.57388,167.19922
20.980270385742188,192.0285415649414,328.98343,172.1709
8.7939453125,181.55520629882812,336.13367,183.00984
0.4272613525390625,181.09732818603516,334.50546,185.2691
2.776458740234375,174.5789031982422,329.26764,196.28874
0.4093017578125,177.55127716064453,328.9945,203.00586
0.5649261474609375,174.00567626953125,328.23697,209.98354
2.5969390869140625,174.72012329101562,325.4559,213.95564
1.723358154296875,180.45851135253906,327.44647,212.28258
2.864227294921875,184.1154556274414,333.76654,210.52411
3.1445159912109375,182.906005859375,341.81827,213.54884
4.1381072998046875,184.77943420410156,358.1934,213.28978
2.8752899169921875,175.63270568847656,381.08438,222.82286
0.0823516845703125,163.82843017578125,403.89963,232.67274
-0.5123748779296875,173.6647720336914,424.6036,223.56525
0.703857421875,172.22480010986328,439.5338,223.46716
-0.6981048583984375,172.0690460205078,455.08688,223.86388
1.7777099609375,162.20159912109375,468.48975,235.46376
3.042022705078125,152.787841796875,482.80206,245.81508
0.4896240234375,155.4293975830078,503.5177,242.76244
11.535232543945312,162.12332916259766,509.0582,238.20111
23.10235595703125,163.8546371459961,514.77625,239.58078
38.313690185546875,156.2744598388672,519.212,245.72441
51.6571044921875,161.12989807128906,522.4663,239.51292
65.36666870117188,158.18873596191406,526.73834,244.79796
85.38571166992188,152.9932632446289,524.4733,249.46576
101.25567626953125,161.68699645996094,524.9005,241.68462
119.6595458984375,161.80580139160156,524.45874,242.2794
139.60162353515625,158.00780487060547,523.2075,247.33719
159.04977416992188,160.03085327148438,519.95746,247.23201
173.35403442382812,157.25296783447266,520.259,250.5036
190.61846923828125,163.36592864990234,518.494,245.31662
207.00274658203125,146.35515594482422,517.50903,260.6265
220.32821655273438,151.72265625,512.10065,255.19032
233.3632354736328,147.72032928466797,510.702,259.2139
244.504150390625,145.86750030517578,507.53198,262.2257
257.72906494140625,147.43354034423828,502.29626,260.38953
266.4796600341797,151.40152740478516,496.91446,257.7874
276.4339294433594,145.82482147216797,489.64532,265.63113
283.3570556640625,155.52153778076172,484.18396,258.48
290.10768127441406,141.16967010498047,478.16,277.00296
294.0008087158203,145.14488983154297,468.19724,277.08047
295.3501434326172,144.49271392822266,460.41934,281.0954
301.9601593017578,136.69278717041016,452.6605,291.59088
302.7530059814453,150.50890350341797,441.7087,282.4966
299.5355682373047,149.96973419189453,432.77518,285.79114
301.7507781982422,154.43358612060547,418.24454,284.44998
307.5215759277344,156.23763275146484,405.93475,289.42062
312.19056701660156,160.13143157958984,395.4465,287.72458
320.2935485839844,160.63745880126953,381.28387,291.65308
335.3223419189453,153.02347564697266,357.3751,301.9781
340.435302734375,163.14730072021484,343.87756,293.36508
333.0048065185547,128.27539825439453,344.25333,331.9668
343.84104919433594,154.79467010498047,325.1663,310.25784
342.0794677734375,143.85584259033203,315.5221,321.97437
343.8456115722656,153.4647445678711,306.31244,315.29892
337.4143981933594,160.25952911376953,300.7636,310.73145
324.9501495361328,160.58928680419922,301.1727,314.7659
306.9445037841797,156.97631072998047,304.6658,322.79703
289.5960388183594,177.04932403564453,309.15656,306.2434
267.7619171142578,163.91345977783203,327.4327,326.6234
247.2911376953125,172.00621795654297,350.30505,322.94583
233.69854736328125,164.35272979736328,365.58777,336.8069
196.7495574951172,169.87799835205078,405.51004,332.84546
176.70635986328125,177.7787094116211,425.0652,326.7037
148.88233947753906,181.41388702392578,452.02512,324.4912
125.1090087890625,178.15999603271484,469.588,327.99057
99.72073364257812,174.15534210205078,488.66534,333.4524
72.881103515625,172.05460357666016,505.62427,335.15912
53.104583740234375,172.55350494384766,516.4351,338.41986
24.627655029296875,162.41979217529297,530.2215,351.9949
4.368560791015625,154.61963653564453,538.00446,357.0548
3.083251953125,145.73033905029297,527.2843,365.48404
3.575531005859375,145.6143569946289,506.17096,368.82355
-1.92352294921875,142.36414337158203,496.54553,364.09387
-2.471435546875,142.8912582397461,490.54517,351.869
0.8600921630859375,137.08080291748047,489.59525,356.46536
2.243743896484375,133.1423110961914,499.1076,362.38483
3.1977996826171875,135.34300994873047,511.7587,361.65005
2.002838134765625,136.47774505615234,518.3062,363.08322
0.412261962890625,132.62552642822266,544.9964,364.00043
4.380615234375,130.55272674560547,571.2235,363.79837
-3.00518798828125,126.74500274658203,603.1437,377.9879
3.015625,123.2084732055664,622.0084,385.47455
3.676055908203125,116.61869049072266,655.19464,388.58453
0.210052490234375,108.12732696533203,686.5173,396.13928
0.88690185546875,110.9548110961914,696.9336,390.56342
5.967529296875,93.75450897216797,705.61316,400.87418
3.219329833984375,92.82830047607422,721.1274,395.36966
1.86358642578125,85.19478607177734,720.99194,398.5798
1.831634521484375,72.83252716064453,722.4506,403.9784
4.601104736328125,47.93706512451172,723.4556,423.19485
-2.388671875,36.53144073486328,732.01404,430.3098
-4.860015869140625,21.229042053222656,710.9267,446.93976
2.60540771484375,16.64972686767578,686.0349,452.45947
3.86505126953125,18.61565399169922,672.52246,451.71658
1.50433349609375,10.280128479003906,649.4314,463.86444
4.319671630859375,2.3147964477539062,622.809,471.8166
0.346923828125,3.5895004272460938,608.9625,476.32333
-2.46978759765625,5.650856018066406,587.32227,484.18402
-1.17626953125,-3.4722213745117188,552.4391,502.2173
2.053680419921875,1.2085494995117188,526.77484,498.5049
3.57281494140625,2.9889450073242188,497.44592,489.04105
1.1017913818359375,31.42072296142578,475.29507,465.81458
2.0037994384765625,32.51152801513672,464.15488,471.0751
-2.2070159912109375,52.98194122314453,454.61765,456.7849
0.8594207763671875,46.546974182128906,447.60635,467.01825
26.871124267578125,74.4258041381836,414.6114,435.8564
52.59210205078125,66.47998809814453,398.41357,445.2384
75.50794982910156,65.1831283569336,380.00327,444.5505
101.3294677734375,93.37459564208984,364.36743,412.34213
129.70901489257812,111.56786346435547,355.0551,391.50223
154.72970581054688,104.43865203857422,349.60004,398.53934
179.06661987304688,121.03047943115234,340.30157,380.02377
196.08352661132812,117.45157623291016,350.25543,384.39728
204.16439819335938,139.85710906982422,354.7071,359.85367
213.83627319335938,145.8609390258789,365.59613,355.7541
221.36534118652344,166.30847930908203,373.36746,331.20703
223.6181640625,165.00655364990234,387.16528,330.12595
231.80929565429688,172.64215850830078,393.36884,320.26794
237.64663696289062,176.48282623291016,397.0484,315.69867
241.4287109375,185.62056732177734,402.265,305.59494
248.69561767578125,190.76534271240234,404.97974,301.02048
254.05157470703125,194.10181427001953,407.25098,295.08496
260.32908630371094,199.22257232666016,411.60538,288.59003
262.44395446777344,201.3871078491211,417.58633,283.644
263.8235168457031,197.99658966064453,429.40607,288.4281
262.4352111816406,197.6922378540039,447.58478,290.62128
257.1372528076172,195.88326263427734,468.43387,291.74692
257.04913330078125,190.44779205322266,482.66907,295.74615
252.82998657226562,191.51912689208984,504.8802,294.12973
251.50338745117188,187.60982513427734,518.85065,293.08127
251.81988525390625,181.80123138427734,530.0033,293.6932
257.647216796875,179.88062286376953,536.03406,290.32117
259.05987548828125,174.4045181274414,539.3606,289.72272
259.4578552246094,172.51213836669922,542.92316,284.90958
260.0229187011719,170.97801971435547,543.69086,280.2565
263.1086730957031,167.75533294677734,539.8049,277.853
258.4316101074219,164.47786712646484,539.86676,275.35788
255.49505615234375,162.30443572998047,535.6277,273.70218
256.7158203125,159.5341567993164,528.5227,273.37994
255.55416870117188,159.13036346435547,517.4859,275.27383
258.7430419921875,156.0268325805664,510.27332,277.60944
263.6267395019531,155.28951263427734,495.159,277.764
264.5179443359375,148.9828109741211,481.11206,283.19138
271.65284729003906,147.2584457397461,465.3375,288.8193
279.22422790527344,145.68704986572266,452.81473,289.29694
286.09503173828125,148.7595443725586,442.1615,287.05478
294.94078063964844,152.6991195678711,433.28152,282.60544
310.3711700439453,154.42729949951172,418.76096,279.63223
319.5683135986328,157.98284149169922,412.8209,275.95694
332.5121765136719,158.91402435302734,407.74493,274.7816
345.17347717285156,165.5243148803711,403.88815,264.6638
356.63963317871094,168.93585968017578,404.74588,259.07288
366.53501892089844,168.89464569091797,401.39346,258.52774
379.3011474609375,165.76094818115234,394.48975,258.91818
394.43206787109375,162.49105072021484,389.0902,260.0461
405.59886169433594,166.22354888916016,390.51517,253.80292
417.2101745605469,169.3203582763672,395.62347,249.79497
429.0863494873047,165.26095581054688,392.7642,251.34798
442.6791687011719,163.65982055664062,395.14264,251.2845
455.5329284667969,166.9724349975586,397.1297,245.11032
470.5919647216797,174.3019790649414,400.23123,237.08551
483.8977813720703,180.115478515625,396.66855,230.88527
500.8296661376953,177.96343231201172,389.62863,228.54764
511.77183532714844,182.06407928466797,393.76297,225.15286
529.0562744140625,182.63961029052734,392.3418,223.23788
547.8108673095703,183.52978515625,392.8137,220.71608
563.1940460205078,180.95734405517578,394.4277,220.75916
576.0438232421875,188.8701400756836,394.05566,210.82675
581.81640625,183.0674819946289,398.1306,215.67609
589.0896453857422,186.62088012695312,399.24625,212.77962
586.4798736572266,190.00428009033203,404.51645,210.88452
580.4287261962891,192.82572174072266,409.34982,208.89606
575.6293487548828,192.00830841064453,410.16,213.09656
563.1858062744141,194.04642486572266,408.47653,212.23529
545.7869567871094,198.38172912597656,410.58246,207.62144
528.8499298095703,199.1595001220703,414.33334,206.54796
509.473388671875,198.25867462158203,419.6267,206.73694
483.9297332763672,195.47503662109375,424.7952,209.53859
445.73155212402344,196.47725677490234,430.0258,211.59177
409.7868194580078,194.1284408569336,432.1898,216.0477
368.9319305419922,195.93372344970703,438.51993,215.82349
323.6196746826172,196.0888442993164,447.80545,217.31476
291.32110595703125,190.98483276367188,449.64978,224.37984
261.9684753417969,189.73377990722656,448.72467,225.90135
239.14346313476562,185.7959747314453,454.9029,231.03246
211.44415283203125,186.1182861328125,464.52393,230.81508
183.3496856689453,184.3500518798828,466.0825,234.77086
174.69561767578125,179.47705078125,460.62207,241.52113
175.10948181152344,178.51070404052734,457.86807,245.9592
164.25933837890625,177.79761505126953,466.26025,247.70544
166.13340759277344,176.46637725830078,463.82962,251.41138
168.52886962890625,167.81938934326172,462.58777,261.55374
168.0211944580078,164.72571563720703,463.49533,263.73962
173.0187225341797,151.35424041748047,458.97916,273.09647
171.84315490722656,150.31098175048828,455.75204,273.52063
177.17625427246094,143.1394271850586,455.7825,278.9847
182.81439208984375,141.5821762084961,449.7832,279.34384
190.2687530517578,131.68170928955078,443.64694,287.839
198.93692016601562,122.98902130126953,436.36212,293.60413
209.3911895751953,114.4196548461914,429.0565,300.29803
218.88365173339844,106.27674102783203,418.23184,308.3838
233.4336395263672,104.4796371459961,405.17142,312.04953
245.36468505859375,77.71219635009766,394.93323,338.76288
257.8636779785156,85.64461517333984,382.8282,332.18417
268.88877868652344,91.71857452392578,375.8649,329.33472
285.0524597167969,100.63182830810547,358.41302,320.38065
298.22438049316406,91.9941177368164,340.44016,332.8952
307.08135986328125,99.12688446044922,329.4547,330.36453
315.630859375,74.5652084350586,317.17725,359.09164
327.3511199951172,84.12650299072266,304.65457,346.706
333.7199249267578,90.03295135498047,299.36533,346.71597
339.5463104248047,87.53435516357422,295.73953,351.94254
335.0679931640625,86.80742645263672,303.52893,357.47147
330.4443817138672,84.52532196044922,309.65787,364.1575
329.9954833984375,82.7003402709961,310.70618,371.50107
325.38787841796875,83.4212875366211,322.42773,377.14194
322.4815673828125,84.72151947021484,336.4496,379.79562
317.0008239746094,89.30060577392578,361.6269,380.42017
318.564208984375,99.1896743774414,384.06226,371.9051
313.07904052734375,102.30875396728516,415.97705,373.7896
312.6255187988281,106.19072723388672,435.01398,369.08865
314.4774169921875,102.9811782836914,460.98645,371.75275
309.374267578125,94.7748031616211,489.05725,377.27316
312.6637725830078,89.63048553466797,507.67502,381.7576
316.8265380859375,87.95601654052734,520.66614,386.5184
305.0262145996094,83.71979522705078,548.8659,388.66772
292.3745422363281,82.08248138427734,578.9357,391.36935
280.84503173828125,87.8734359741211,603.2416,383.63925
263.4022216796875,93.53356170654297,637.50525,379.6968
248.87603759765625,92.67891693115234,652.3717,382.44772
237.8603515625,92.65331268310547,681.17773,379.19058
225.0308837890625,89.8360824584961,692.3008,373.0604
212.52139282226562,92.8171615600586,701.3913,367.21884
202.30972290039062,85.12877655029297,713.41644,367.03116
193.82937622070312,82.3321304321289,719.77435,365.0368
192.02911376953125,84.11258697509766,717.0807,360.78815
188.15286254882812,90.07740020751953,719.5673,351.73474
183.61831665039062,88.53459930419922,725.9985,350.3965
186.19168090820312,86.3187484741211,715.8908,352.95273
191.47369384765625,78.6909408569336,709.78064,363.3685
196.23907470703125,75.3433609008789,695.8424,363.52582
202.235107421875,74.5288314819336,684.6111,361.15634
208.75186157226562,70.89228057861328,675.5385,364.021
216.47525024414062,80.75008392333984,662.01483,352.7651
220.70596313476562,78.8252182006836,641.89435,353.91245
233.46835327148438,72.01441192626953,626.21173,356.94263
242.0421142578125,78.59845733642578,603.7893,347.76355
252.37295532226562,71.9391860961914,582.4351,346.06854
265.4831848144531,75.98538970947266,561.69476,335.9516
276.1709899902344,68.8852310180664,538.54584,336.08575
285.957275390625,64.67658233642578,516.70715,334.75745
294.9207305908203,63.30980682373047,495.04892,331.30765
306.6944274902344,61.09571075439453,469.34735,328.68542
319.38758850097656,62.169349670410156,444.43503,321.47992
331.3223571777344,63.71831512451172,421.6801,311.30106
343.0232696533203,62.374717712402344,398.62302,308.33078
355.7224884033203,58.780967712402344,371.08237,307.36227
368.73033142089844,58.64014434814453,345.16312,300.70483
378.2278137207031,61.39002227783203,321.14886,293.813
388.9184265136719,56.25794219970703,299.279,292.54956
400.2947998046875,50.06822967529297,278.66614,291.2549
408.7905731201172,44.817176818847656,261.55667,292.50336
412.2025451660156,44.899070739746094,249.24677,287.85934
410.18052673339844,41.56517791748047,251.83572,284.72025
401.00160217285156,46.26081085205078,257.942,275.82812
387.00244140625,42.303489685058594,273.0681,274.02695
377.3351287841797,38.072898864746094,290.15335,276.14975
368.7511901855469,33.73462677001953,301.9898,277.18945
357.6129913330078,38.633460998535156,307.0217,267.0716
349.67657470703125,33.98552703857422,321.63416,267.20645
338.2099609375,38.381736755371094,332.18176,259.24753
323.4202423095703,36.60395050048828,339.26364,259.0531
308.8919677734375,44.32640075683594,342.55212,246.87773
300.1024627685547,39.42620849609375,358.111,249.98537
293.16270446777344,37.19288635253906,357.45145,245.67711
285.48492431640625,37.83079528808594,365.75525,242.80473
282.5217742919922,42.09840393066406,358.9611,234.09032
284.72650146484375,45.347938537597656,360.46875,231.21405
282.0005645751953,57.37458038330078,384.1412,217.25732
281.80845642089844,61.18489074707031,382.9667,210.30003
283.09837341308594,57.739402770996094,388.17056,213.14609
289.40936279296875,62.158607482910156,384.25024,206.79108
296.71205139160156,61.858436584472656,386.374,205.86786
302.2007141113281,57.846405029296875,389.92316,208.21187
308.5779571533203,54.08106994628906,391.08127,208.56737
309.9120635986328,51.51683807373047,394.40964,208.18521
317.0880432128906,48.31352233886719,395.10956,208.19182
318.5627136230469,50.04114532470703,399.04156,204.57361
323.04600524902344,48.09777069091797,399.9639,202.69571
330.9914093017578,49.404754638671875,405.04184,202.13094
340.4670867919922,47.356475830078125,408.33353,204.26888
343.5594024658203,45.84196472167969,412.69345,206.53471
352.2783660888672,44.27049255371094,418.0447,209.36125
355.1789855957031,37.50874328613281,428.06854,219.35362
357.4256286621094,40.83690643310547,434.87067,218.60245
374.71331787109375,35.241172790527344,428.24,230.21225
380.02696228027344,41.04613494873047,433.94473,227.96573
388.7070617675781,43.44159698486328,442.02484,229.38489
397.4360809326172,49.49384307861328,443.2952,230.21606
409.25135803222656,45.994232177734375,444.16013,238.5937
421.03411865234375,49.22044372558594,443.31006,242.97722
432.5882263183594,46.81239318847656,446.28033,251.44566
445.8074951171875,56.418983459472656,446.2162,248.97736
457.9660949707031,58.665000915527344,446.24872,254.5792
471.9670867919922,55.73247528076172,446.64053,263.83292
481.07228088378906,51.48387908935547,451.4919,274.272
497.8814239501953,58.44194793701172,445.34567,273.82913
510.3312683105469,58.611915588378906,444.99127,278.92413
518.7720336914062,58.12822723388672,443.71143,284.92007
538.8030700683594,63.89228057861328,432.64362,285.37463
550.2060394287109,61.477745056152344,431.491,295.13876
571.1693572998047,62.58026885986328,420.6288,299.69275
584.6257629394531,80.73906707763672,416.64374,287.9976
592.8827819824219,87.48151397705078,421.91302,288.01746
601.6453399658203,89.66124725341797,426.18832,291.1674
611.2892456054688,94.45731353759766,432.78516,290.40656
616.0367431640625,95.20284271240234,440.99622,295.57956
628.2655639648438,95.56536102294922,437.6632,300.93655
633.3087615966797,103.19298553466797,434.48953,291.59
632.3724975585938,105.98523712158203,431.23145,290.73975
627.5263214111328,117.03601837158203,433.7186,281.2379
624.9759674072266,117.33000946044922,428.67758,281.82962
626.2078399658203,125.84891510009766,420.2048,272.25983
628.5506286621094,139.39832305908203,405.86554,258.7821
616.9482421875,143.1429901123047,401.60754,254.79362
598.9623718261719,152.07242584228516,396.81232,248.2669
582.4688568115234,158.94768524169922,390.37894,244.03348
571.937744140625,163.41493225097656,388.1455,240.35521
562.6896667480469,171.06131744384766,384.63605,232.8277
551.5364379882812,174.42647552490234,388.15295,230.89487
543.1858673095703,170.72293090820312,388.16183,232.7729
535.8251953125,173.55756378173828,388.9663,228.67078
527.1920013427734,171.07476806640625,390.12442,228.87172
518.6576690673828,169.01483154296875,388.5201,227.256
513.4114990234375,169.28582763671875,388.56177,223.12526
511.9041442871094,169.79529571533203,387.28082,219.65198
511.0688171386719,168.01374053955078,379.9709,217.42004
514.5550537109375,167.78113555908203,375.96887,212.96423
515.620849609375,165.99359130859375,372.07703,211.08888
516.4415283203125,167.24622344970703,367.74414,206.54822
519.1589050292969,166.5658187866211,362.7619,204.27206
523.3788757324219,162.41500854492188,355.4958,204.55745
527.6689910888672,162.04493713378906,347.31998,198.66405
533.0154266357422,161.97572326660156,341.4207,193.17198
538.7549896240234,159.07950592041016,334.89493,191.16998
546.5448760986328,157.60884857177734,322.02744,187.9183
554.9027862548828,157.3485107421875,312.81894,184.8484
561.1062774658203,152.20758056640625,302.23178,186.22585
568.2855377197266,150.6833267211914,292.40677,183.10248
576.3300628662109,149.03985595703125,279.04575,181.04018
585.2680358886719,145.69983673095703,264.57617,181.33997
593.112174987793,143.5955581665039,254.46663,180.43066
602.752067565918,141.929443359375,242.5862,180.21852
609.806022644043,142.3707504272461,231.37001,176.49179
619.5017776489258,143.47217559814453,218.4105,173.04602
627.1322631835938,141.38511657714844,207.7851,173.33672
630.5004119873047,141.83045959472656,196.10678,171.82146
626.6834259033203,146.52217864990234,183.85391,167.84769
627.4747619628906,147.6211700439453,172.94434,167.21715
630.2120666503906,150.24099731445312,162.32483,165.72127
631.7252197265625,151.1333770751953,152.3064,163.9459
634.301025390625,150.7079086303711,141.91608,164.2864
635.8408889770508,150.47774505615234,130.77568,163.94131
631.7772903442383,153.04534149169922,129.3131,161.15866
626.486946105957,158.9986114501953,132.61473,153.46184
619.0096817016602,159.46501922607422,140.1779,153.53513
613.7245941162109,158.32150268554688,145.3049,153.90767
603.9308166503906,156.31505584716797,155.66888,156.48343
596.6413497924805,157.48934936523438,162.05476,151.80879
590.7295074462891,161.19912719726562,169.07755,147.04128
584.8477401733398,164.68853759765625,174.9905,143.52504
580.3067016601562,169.7758026123047,178.45227,139.16356
570.7277984619141,169.95418548583984,185.6536,137.27878
568.9033050537109,170.37135314941406,185.64322,135.21727
559.4214248657227,168.012939453125,192.73174,136.7447
553.3479843139648,170.85157012939453,194.66676,132.99701
545.2688369750977,168.65668487548828,198.25267,133.18384
539.2978057861328,169.89925384521484,201.41739,130.49881
530.2733306884766,168.48558044433594,204.18594,129.083
523.4070358276367,165.71510314941406,206.87135,129.90923
517.9643783569336,165.41350555419922,207.00655,128.73996
512.7781677246094,163.2928466796875,206.37744,129.95473
504.1569061279297,161.29977416992188,208.91995,131.66194
497.1168518066406,158.4568634033203,207.12079,132.73692
489.4609832763672,156.20860290527344,209.22073,133.87193
481.95738983154297,149.72492218017578,208.59059,138.54291
474.6807632446289,155.82403564453125,209.40385,132.02498
467.4107971191406,153.7976531982422,210.76001,134.16978
459.7252960205078,158.65965270996094,212.44534,127.03807
454.94525146484375,154.5689468383789,213.30945,129.96454
448.3388137817383,151.41841888427734,214.35075,133.7645
441.92765045166016,153.18355560302734,215.47295,131.05472
433.5845642089844,152.14702606201172,217.77954,131.57413
426.5410919189453,168.6042366027832,219.91788,114.73258
419.63177490234375,161.13671493530273,224.59277,121.141624
414.1340560913086,157.81839752197266,225.73744,124.033936
410.1096496582031,149.89887237548828,226.41595,132.07336
405.3321075439453,158.14598846435547,229.264,123.988556
397.7224578857422,166.67362594604492,232.1318,115.01928
392.27374267578125,155.49563598632812,232.85889,125.83296
386.3336868286133,164.09914016723633,236.6494,116.43235
380.71107482910156,162.03566360473633,239.98935,118.37351
379.25399017333984,160.3863754272461,240.95601,120.04562
379.02225494384766,161.23146438598633,241.47203,118.979774
374.70886993408203,154.46895599365234,244.89275,126.06033
374.82015228271484,157.9803237915039,245.63893,121.46582
371.37450408935547,160.36591339111328,247.43825,119.82324
366.8838424682617,166.6811180114746,248.2762,114.08553
364.9997787475586,161.97915267944336,247.26936,119.56252
359.92042541503906,160.72196578979492,250.34671,120.29833
357.3793487548828,154.04618072509766,251.9371,126.59631
355.33313751220703,149.62410736083984,253.29735,131.33212
353.0821990966797,145.881103515625,260.2466,134.59126
350.0926208496094,143.7496795654297,255.85663,136.7918
347.3103942871094,145.10100555419922,251.65344,134.80197
344.5760955810547,147.0106201171875,251.6033,132.78004
341.9133529663086,150.79306030273438,250.76344,131.3863
339.2132873535156,153.55094146728516,250.13013,128.78827
338.8986282348633,155.73352432250977,248.11272,126.4853
335.85736083984375,152.60774993896484,243.71234,130.03952
332.4622116088867,149.99578094482422,242.66243,133.23923
330.38455963134766,149.5984344482422,240.08348,134.83946
326.15491485595703,148.7778549194336,237.14433,137.19156
322.16748809814453,148.9444351196289,230.95866,138.44757
320.96142578125,147.15253448486328,225.32172,143.43134
318.9222946166992,146.88985443115234,223.16603,146.44193
320.3427963256836,149.72274017333984,218.4145,147.17984
329.2949523925781,152.1034698486328,215.23438,149.22667
339.2168426513672,152.29418182373047,212.78183,151.75912
345.1182403564453,152.9331283569336,213.27701,154.02835
363.6616744995117,157.04739379882812,211.33412,152.1728
382.76868438720703,158.36031341552734,213.49815,153.15524
390.39798736572266,157.52406311035156,217.47118,156.46056
399.0876770019531,157.7498779296875,221.85638,160.02791
418.9914855957031,156.3659210205078,227.54736,160.28185
424.4953079223633,157.79217529296875,237.48955,158.32088
421.1133117675781,156.88015747070312,243.58527,161.72224
425.0747528076172,154.3514862060547,249.64005,163.91386
423.4796142578125,153.48289489746094,256.03888,166.71391
414.3387451171875,152.40784454345703,264.25104,169.38208
404.0760955810547,156.74129486083984,276.4675,166.01334
398.2239990234375,156.3256378173828,282.34857,169.44237
392.1006317138672,158.4256591796875,294.11948,167.9803
389.0413818359375,160.87600708007812,304.37024,168.55208
380.5634307861328,162.87564086914062,312.65152,167.38087
372.87451171875,163.41854095458984,319.16345,168.84317
362.9131317138672,167.54551696777344,330.9589,166.43663
354.7638854980469,168.15435791015625,337.10773,167.44466
342.92808532714844,172.25125122070312,345.4736,164.93636
330.6343994140625,170.35487365722656,352.97906,166.10966
319.9137268066406,173.15017700195312,352.3825,164.56203
305.11077880859375,164.2746124267578,358.53735,172.77678
298.2059326171875,164.20892333984375,358.12952,172.72139
288.94435119628906,163.12894439697266,359.38852,173.22107
281.7673645019531,161.40685272216797,360.81842,174.85019
276.3556213378906,160.69330596923828,360.44574,177.35956
275.1025085449219,165.2782211303711,359.97174,175.14932
274.37916564941406,170.2838897705078,358.88962,173.66533
276.22259521484375,172.93244171142578,354.21472,172.10345
280.9585266113281,173.2145004272461,349.18317,173.06534
282.07460021972656,176.97576141357422,345.89084,170.33871
278.2731475830078,179.68993377685547,334.0225,169.1749
274.8658905029297,181.12606048583984,330.72134,166.06119
271.24420166015625,181.5173797607422,319.5208,162.32896
265.0175323486328,180.62686157226562,312.09384,161.30525
256.6863098144531,178.56243896484375,304.14874,159.84743
256.1341247558594,178.90616607666016,294.10834,155.23889
254.8886260986328,178.1463394165039,284.32565,152.40039
253.3629150390625,176.77105712890625,276.612,150.11018
256.0548095703125,176.1849365234375,266.3205,148.04695
259.5514678955078,175.56726837158203,255.70566,145.10358
260.5987548828125,173.93335723876953,245.01855,143.06116
263.23116302490234,174.49525451660156,235.38057,140.15611
266.7979049682617,173.05633544921875,223.8647,137.31819
268.7400360107422,172.38047790527344,213.51749,135.26543
272.3540802001953,169.39180755615234,203.26468,134.50229
274.3351287841797,169.76342010498047,194.19547,130.13773
278.05912017822266,171.13662719726562,183.79814,126.593216
283.2160339355469,171.68923568725586,173.27435,123.462364
287.2290267944336,170.60251235961914,164.74684,122.08839
292.08736419677734,168.57910919189453,155.47987,121.00922
296.4527587890625,167.9205207824707,148.07892,118.80399
301.2823257446289,168.18992614746094,141.49535,115.54137
304.5553512573242,169.57277297973633,135.10585,112.183815
310.48348236083984,166.3775863647461,128.81056,112.533966
314.9364929199219,162.2277717590332,128.63788,113.65275
319.3886489868164,165.62330627441406,121.98738,108.0663
322.9484634399414,164.7873306274414,117.77379,106.59906
324.8600654602051,162.60631942749023,117.060265,107.38555
329.1360321044922,165.34466934204102,113.58206,103.33466
328.52356719970703,165.98981094360352,111.99718,100.46775
329.9841766357422,168.5099334716797,108.42239,96.98903
332.48321533203125,168.5782470703125,112.00574,96.24254
334.42173767089844,166.31391525268555,112.78989,97.55538
336.1854248046875,167.05349731445312,117.51022,96.73378
338.3268127441406,168.87187957763672,120.336975,95.34665
340.9195251464844,169.48572158813477,125.0914,93.458015
344.2323989868164,170.91208267211914,126.40361,91.480934
346.4692840576172,169.9437713623047,128.18076,92.28053
349.3498992919922,170.70824813842773,129.80347,91.62173
353.74156951904297,172.90700149536133,128.1006,88.20515
355.83363342285156,174.13005828857422,129.57837,87.29297
359.2756881713867,175.13460540771484,132.30675,86.01395
363.39559173583984,175.70068359375,132.65501,84.58641
367.35254669189453,176.9591064453125,133.21632,83.78444
373.6837387084961,176.29190063476562,135.49751,84.34831
380.2372283935547,176.3910026550293,136.04962,84.42312
386.22361755371094,175.77982330322266,136.3147,84.61737
392.7061233520508,175.88578033447266,136.59108,84.340546
399.25152587890625,177.10668563842773,137.8624,83.03591
406.6272659301758,180.5543975830078,137.22331,79.85869
411.35399627685547,183.6278190612793,137.74254,77.82436
418.94134521484375,183.8188362121582,138.0651,77.86457
424.6398468017578,185.2251091003418,139.25214,76.79446
431.94925689697266,186.00939178466797,137.0879,76.9321
438.7396011352539,187.7762107849121,136.8185,76.254845
445.10367584228516,189.68157577514648,136.20204,74.81133
452.2319564819336,190.32067108154297,134.8668,74.430145
459.35047149658203,189.84818267822266,134.33986,75.2883
465.68324279785156,190.30424118041992,134.82565,76.28796
472.85899353027344,191.34645462036133,134.72046,75.13459
480.00875091552734,193.88505172729492,135.57387,73.450554
483.4964141845703,193.00637435913086,133.238,75.04775
489.02398681640625,196.65132522583008,134.29529,72.45963
494.7592544555664,196.3621826171875,132.99031,72.53035
497.83338165283203,195.19724655151367,133.17528,74.23455
503.19371032714844,196.56169891357422,133.93463,72.857056
509.2723922729492,196.98413467407227,134.10582,73.12437
515.5952453613281,197.65818405151367,134.15067,72.574
521.6410903930664,199.76490020751953,134.03438,71.09207
527.7111740112305,201.28823852539062,133.7227,70.56694
531.7516632080078,203.19386291503906,134.69159,69.70799
535.2038116455078,205.73455810546875,135.15634,67.209
542.3245697021484,206.16600799560547,135.53674,68.20303
545.7022933959961,209.90625,136.08852,66.00545
546.5666046142578,210.24755096435547,137.465,66.897675
552.0202407836914,211.2786979675293,136.05043,66.88772
553.3422088623047,210.42786026000977,136.73224,68.347755
547.4294052124023,211.60555267333984,136.52086,67.32825
541.6981735229492,212.39682006835938,136.2,67.02818
535.4463882446289,211.7249641418457,137.03984,67.75272
533.4190216064453,209.9153060913086,138.6871,68.61255
528.3832702636719,207.77703475952148,137.715,69.899864
522.4287490844727,208.40210723876953,138.55061,68.89899
517.6093673706055,211.39623260498047,139.04695,66.39798
512.9303359985352,211.9308853149414,140.76616,66.82358
508.00286865234375,213.61151123046875,140.5296,66.699875
504.43678283691406,216.26637649536133,141.5734,66.06876
501.6689453125,215.7666358947754,141.65189,67.479805
499.2642059326172,214.99065780639648,141.8931,68.24316
496.17181396484375,214.35356521606445,141.55096,69.54356
492.4431381225586,213.6414337158203,142.023,70.53084
488.17401123046875,212.80765914916992,143.4159,70.06228
486.8443145751953,209.5668067932129,143.49384,72.40989
481.6860656738281,210.72960662841797,143.29028,71.194275
475.06974029541016,209.23094940185547,143.58644,70.05173
471.2449722290039,206.8076934814453,143.98616,70.21333
467.08345794677734,209.8089370727539,144.50731,66.109955
462.65403747558594,208.28030014038086,145.9419,69.822655
460.69507598876953,203.64482879638672,144.95366,74.843414
458.69315338134766,203.52006149291992,145.3554,76.424126
456.01243591308594,203.11412811279297,143.90201,75.099945
456.15716552734375,203.76446914672852,143.75452,71.58161
453.7387390136719,204.93320846557617,145.41525,68.990715
441.5709762573242,204.8647575378418,159.60811,68.289635
430.55786895751953,202.6790885925293,173.28905,68.68508
461.0280990600586,203.17408752441406,144.50789,78.44972
462.5936508178711,203.8960304260254,147.21043,84.58329
466.1823425292969,202.7194061279297,147.78189,85.901596
470.8841781616211,203.1510353088379,148.53969,85.19938
474.87686920166016,205.32417678833008,143.06816,83.86433
480.39684295654297,205.64955520629883,148.71968,84.107124
487.9595260620117,209.8573341369629,145.65694,82.847755
495.7143859863281,209.91550064086914,145.6272,84.00028
500.12176513671875,213.6114158630371,148.52518,79.54977
508.0238800048828,213.69003295898438,147.96707,77.5804
517.2453231811523,213.76075744628906,148.11464,75.813644
529.1504745483398,214.11147689819336,147.1761,77.32217
537.4897537231445,218.7679443359375,151.56007,77.96263
549.1895446777344,219.77848052978516,149.91168,80.456696
555.7469329833984,218.81941986083984,152.01715,83.951355
572.3885650634766,220.1724395751953,147.3266,86.398026
586.208251953125,217.24242401123047,150.21979,89.64383
597.6097717285156,217.71374130249023,144.6539,88.86001
610.6420364379883,218.3267364501953,144.9493,74.843216
625.2473831176758,213.54227447509766,142.00533,68.555695
635.8204650878906,218.9187355041504,141.54202,80.733284
647.6674118041992,217.5675163269043,144.25584,85.062706
657.0406494140625,216.31929397583008,140.56735,85.317024
652.2764053344727,217.5902557373047,157.17442,82.33446
649.8893737792969,218.2421875,153.0881,82.181625
640.7299346923828,219.39408493041992,143.40768,83.25646
633.7813186645508,223.99208450317383,138.04839,81.04063
622.8032760620117,228.60076522827148,138.1444,78.729515
614.7246246337891,233.63567352294922,134.56445,74.91525
604.8325881958008,236.43315887451172,133.20808,72.72687
592.34130859375,239.11438751220703,132.03711,72.74069
578.6880416870117,241.83042907714844,129.48335,71.955795
570.083667755127,244.54302978515625,126.30486,67.767166
563.298282623291,246.4726676940918,123.39059,65.7705
559.1201477050781,245.89429473876953,121.139496,66.32919
553.609302520752,246.53231811523438,118.47433,64.89778
549.1859741210938,249.50550270080566,116.34793,63.238125
548.1706352233887,249.99918174743652,113.16474,62.189518
547.2093849182129,248.7999782562256,110.19494,62.02524
547.026969909668,249.3102970123291,107.013596,61.440487
552.6189117431641,249.81760215759277,102.87799,60.27286
555.6230964660645,250.28058624267578,99.09341,59.7493
558.1185111999512,250.0113925933838,95.73542,58.44363
560.9511833190918,250.75322914123535,92.20838,58.07101
561.8081321716309,251.09244537353516,89.156105,57.48517
563.4263229370117,251.79318618774414,85.23552,56.322
565.1847267150879,252.32716751098633,81.83135,56.17112
567.1352462768555,251.58210945129395,78.972824,56.924755
569.864013671875,253.2132453918457,75.02295,54.933205
572.9318656921387,256.14169692993164,71.22367,52.931343
575.7720413208008,254.91245079040527,68.58334,53.596104
578.6535110473633,254.3773307800293,66.62239,54.630424
581.5812911987305,255.44240188598633,63.623764,53.64147
584.0055675506592,257.4153633117676,62.07752,52.504845
585.6445960998535,259.31999588012695,60.3133,50.694603
589.4616012573242,259.7283058166504,58.03421,50.619286
590.8949642181396,260.32004737854004,56.112446,49.589184
592.5627384185791,261.02102851867676,55.118664,48.62646
593.915994644165,262.3228397369385,53.17265,47.716946
597.4236583709717,261.78112983703613,51.18439,47.954235
599.9061851501465,262.60365104675293,50.109215,47.03452
601.623556137085,263.7989196777344,50.541553,46.063065
604.6374168395996,263.39100456237793,49.305367,46.91689
606.9303722381592,264.25128746032715,48.90105,45.456257
608.1229629516602,264.4498176574707,50.37805,45.357246
607.7449722290039,264.93247413635254,51.721207,45.473675
605.4281730651855,266.65034675598145,56.82392,44.323345
605.2121315002441,268.6000576019287,59.732674,43.65891
606.5921974182129,269.5663032531738,60.656624,43.742516
608.5226097106934,270.1528835296631,60.896996,43.799717
611.2178134918213,269.8893127441406,60.731503,43.74765
609.544620513916,270.64196968078613,64.36845,43.847637
616.686149597168,270.35301971435547,61.79294,43.83937
611.5815086364746,270.5662612915039,70.14117,45.017273
611.0319862365723,267.9090518951416,73.82383,45.88853
617.175407409668,268.7232723236084,72.34236,46.44791
619.2109146118164,268.72900581359863,74.15027,47.00488
613.181957244873,265.9773178100586,82.901115,48.608307
613.9108619689941,266.2062358856201,85.63282,50.320454
616.0151062011719,264.37381172180176,89.0396,51.426983
615.2523956298828,262.18909454345703,91.53233,55.19745
615.7699165344238,263.07662200927734,95.44593,54.21869
617.9885101318359,261.3339023590088,99.47096,56.361935
617.9593200683594,260.3255100250244,101.4279,57.07391
615.618709564209,260.43398666381836,105.78002,58.164604
616.854679107666,258.01519775390625,110.45939,60.812424
615.448371887207,256.9346523284912,113.5184,61.126896
612.0617980957031,257.49352264404297,119.26134,61.800842
611.9335021972656,253.51501083374023,123.70824,66.71688
609.0546798706055,254.15328216552734,126.36795,66.1803
604.9204406738281,250.77304458618164,131.48058,69.21662
602.1084671020508,251.5411720275879,135.82938,70.28083
595.1679000854492,245.37115097045898,142.51059,76.63381
589.1840286254883,241.29920959472656,147.49551,82.41695
581.3087844848633,234.72528076171875,154.25546,89.975845
572.8440017700195,234.23762130737305,161.68542,92.526054
563.2671127319336,231.43115234375,168.79984,95.788376
