509.0,296.0,81,67
508.39705657958984,294.45398712158203,83.07622,68.41356
507.90699005126953,292.15987396240234,85.88234,70.71626
508.4965934753418,291.51940155029297,87.99372,72.12941
509.19773864746094,291.0470886230469,84.61633,70.05316
509.9899444580078,291.06615447998047,83.624146,69.32576
508.34256744384766,301.3146438598633,85.98311,70.18825
517.7316665649414,309.90914154052734,85.068375,67.95387
530.0304222106934,313.72701263427734,86.053566,68.57338
532.6193351745605,310.2908248901367,85.822365,70.21901
533.4624366760254,309.5990982055664,86.24462,72.86659
531.0886993408203,308.6998825073242,87.898315,75.34746
531.9257354736328,314.6916160583496,85.009094,72.38227
536.1612014770508,315.7328109741211,84.03322,73.22386
533.1716842651367,318.0265464782715,84.704025,72.85667
533.5150947570801,318.3227195739746,82.337364,71.80976
533.8842353820801,314.8106460571289,80.715355,73.75548
534.5353698730469,312.7611885070801,77.42813,73.82577
535.1776580810547,311.9929008483887,74.018616,72.00648
535.8448257446289,308.7694969177246,73.13295,74.31461
537.1462669372559,306.61048889160156,72.453804,76.87033
545.0473327636719,315.10229873657227,68.923676,68.54333
544.8675842285156,308.3898277282715,68.49713,74.426125
549.2255249023438,313.09804916381836,68.92758,68.61027
549.6243743896484,309.93714904785156,72.842834,71.45334
559.6502799987793,308.88306045532227,80.72263,68.803734
554.4346122741699,309.7646827697754,77.271706,69.68429
557.7925033569336,305.94065856933594,86.81688,71.721436
549.2471809387207,303.8724594116211,80.03332,75.762955
548.4300994873047,303.7413101196289,78.702545,76.64192
549.3637809753418,302.2061004638672,77.10142,74.520905
549.2127952575684,301.00408935546875,79.19657,76.78595
551.4064483642578,299.8405303955078,90.260315,75.26749
559.466983795166,299.5396156311035,104.47286,76.55065
557.0029945373535,297.04372787475586,104.23974,79.70551
550.3126335144043,295.81344985961914,114.02506,79.860985
551.570426940918,296.9828758239746,112.11299,73.96043
550.6030044555664,296.7986068725586,103.279434,72.94124
552.4500389099121,297.88359451293945,96.12208,71.54046
551.5838203430176,295.0792427062988,97.511284,73.486565
547.6865386962891,295.66931915283203,91.214355,70.28404
544.4166526794434,292.5877227783203,90.50364,72.83115
542.9423637390137,293.7162551879883,88.56452,73.18532
541.0206718444824,295.07271575927734,90.009865,71.18532
538.7271881103516,294.2945098876953,90.53076,71.1936
538.371955871582,296.2271194458008,93.8546,70.28114
545.4628982543945,298.16450119018555,98.60799,68.0637
541.791805267334,297.1211166381836,97.64539,69.504105
539.677677154541,295.4478645324707,101.8113,70.4905
538.316780090332,293.1185989379883,94.43013,71.36006
531.3964424133301,289.00614166259766,107.32311,73.18431
532.9666786193848,285.8547592163086,109.954,72.695206
536.9345474243164,288.0735511779785,106.726944,71.618126
539.7492790222168,289.23566818237305,106.43418,70.34672
534.0810852050781,287.7663383483887,107.56348,73.19282
530.9046669006348,286.0859375,115.8543,74.30301
529.640438079834,284.6269187927246,110.402565,72.82252
530.9037551879883,284.18122482299805,116.76021,73.18726
540.3618011474609,286.94860458374023,99.021454,71.81965
533.8469390869141,288.3921661376953,105.84308,71.10388
530.134937286377,288.15149688720703,112.90966,71.8918
531.139892578125,286.5706596374512,111.21826,73.57877
530.1231842041016,282.648250579834,111.46527,76.35203
538.8037376403809,283.7316207885742,106.86491,74.78133
534.1667404174805,282.50789642333984,115.52727,76.4608
535.6885299682617,281.34621810913086,113.26161,76.176796
531.5381126403809,280.53514862060547,117.66755,75.47298
533.1733818054199,281.97861099243164,112.39533,74.15493
532.3734359741211,280.92334747314453,117.377914,75.94627
534.2691841125488,279.5823402404785,105.52825,74.24349
534.8287620544434,279.9181137084961,100.29908,71.59596
539.4531707763672,283.03303146362305,98.147675,70.346504
543.0621719360352,282.16532135009766,92.735306,75.61354
543.5888519287109,283.26158905029297,89.30203,78.23158
542.9613380432129,283.82062911987305,92.293816,78.62699
546.2339096069336,286.2272605895996,90.69447,76.314735
547.8194122314453,290.4025421142578,92.217285,76.62784
548.922233581543,293.0275764465332,93.70552,73.35287
549.1295051574707,291.87043380737305,97.191216,77.197365
548.5271415710449,291.48326873779297,100.63178,76.854904
548.1666107177734,292.93226623535156,95.315186,74.97955
543.9757499694824,292.0489845275879,97.15928,75.740135
547.3650550842285,288.9630889892578,97.01409,76.482605
540.5450744628906,285.39009857177734,103.158844,76.96718
549.5324783325195,283.48345947265625,94.93248,80.13379
551.9517974853516,285.85434341430664,89.68359,77.84536
557.2762298583984,285.8684883117676,84.23624,77.52322
560.1259307861328,289.1273078918457,81.0372,74.95022
555.5573921203613,289.60661697387695,88.80785,76.25222
557.9810676574707,291.27104568481445,87.34594,76.1289
553.8587608337402,291.77490234375,94.07676,77.75076
551.3668327331543,293.02365493774414,100.10377,78.494804
554.7711296081543,294.75345611572266,88.30683,74.889145
554.2528228759766,296.1380157470703,85.429565,73.1611
557.1141014099121,297.72843170166016,83.66535,74.50777
556.6693305969238,297.2736511230469,80.64675,74.79593
558.5184097290039,296.91272735595703,77.68187,77.48683
557.9494590759277,296.67934799194336,74.644966,76.30729
558.4215774536133,298.1127815246582,78.69609,74.6603
558.3782615661621,300.01487731933594,78.859535,76.339966
558.4423675537109,298.7583770751953,84.112976,78.34213
568.8504486083984,301.9259452819824,82.70892,75.53388
573.0178871154785,303.8497123718262,88.73147,76.60883
582.761661529541,304.9001350402832,87.39434,79.72817
589.3004608154297,304.50850677490234,88.54904,80.111465
591.0789680480957,306.24332427978516,84.71841,80.58928
590.5350608825684,302.2511291503906,94.22346,83.87161
588.1534576416016,304.83684158325195,99.06543,80.47637
583.0390548706055,307.23314666748047,82.61342,79.7267
583.7049407958984,309.38215255737305,79.49036,78.80546
580.1533241271973,307.140380859375,84.91741,81.44202
578.6223220825195,308.89437103271484,86.09737,80.402695
572.8715476989746,305.69050216674805,96.65342,82.50291
569.0543937683105,304.1243362426758,101.60224,81.87819
563.580867767334,302.7270812988281,106.3317,81.4129
565.6052131652832,303.12981033325195,94.520805,78.12206
569.5049667358398,299.58575439453125,91.83046,80.36954
568.4085388183594,297.14781951904297,94.78363,81.866104
571.5852584838867,293.1040687561035,115.93953,84.96789
569.9302139282227,293.9982681274414,100.16133,82.9738
576.0662803649902,295.65222930908203,93.6374,81.51753
573.0142860412598,297.75150299072266,91.09466,82.39482
568.2167167663574,297.0777244567871,93.723915,82.29133
566.2469902038574,299.5703010559082,91.35743,80.87896
568.1804122924805,300.31948471069336,96.20674,80.12162
533.8978729248047,298.0046691894531,128.14969,81.23129
532.6330184936523,296.9803161621094,128.47646,81.49017
531.6055030822754,297.81335830688477,124.796684,80.71874
531.6523818969727,298.05260467529297,121.74696,79.34685
549.08154296875,294.8455352783203,103.66092,80.90033
560.1961402893066,295.2149543762207,89.50936,77.58883
562.7242584228516,295.95714569091797,89.35568,77.99684
559.1010665893555,294.41257095336914,95.19435,79.059135
554.5270309448242,293.9127006530762,94.69316,79.50538
540.3676643371582,292.8408546447754,106.62725,81.38616
544.5821113586426,292.837703704834,106.28756,79.21635
547.8564987182617,291.27925872802734,97.09352,83.94246
549.1037521362305,291.52032470703125,92.942856,83.98178
549.7687530517578,293.1865577697754,94.428894,86.880974
552.506217956543,297.706298828125,93.607895,82.434326
557.4671936035156,300.6832809448242,85.299286,82.37303
558.850772857666,305.7153205871582,84.74758,78.728905
559.1405067443848,307.5832824707031,84.776146,77.70575
549.4466285705566,300.21573638916016,93.07046,85.99541
545.9460754394531,301.65608978271484,92.99567,82.28566
539.507926940918,304.81972885131836,100.69603,78.37006
540.3374061584473,304.19018936157227,102.819145,77.626396
544.2384376525879,303.51598739624023,99.28573,77.65641
541.5648498535156,303.9352493286133,104.42871,78.63704
539.2915992736816,304.1959762573242,99.50591,73.599014
537.962158203125,303.01301193237305,105.19858,78.2696
561.8897743225098,303.3857536315918,81.78094,78.94047
567.9213409423828,305.7638740539551,75.95941,78.15713
569.9773559570312,308.1355743408203,75.14432,77.45239
570.486400604248,310.0447196960449,79.14228,77.33921
557.9291725158691,307.71814727783203,89.932304,78.916306
566.7612075805664,309.4519729614258,85.56468,78.56853
569.8515739440918,310.3845329284668,83.48008,78.64652
571.3239440917969,310.40114974975586,81.863464,80.92292
572.2698783874512,312.0172233581543,79.57438,83.79307
568.8542060852051,303.74849700927734,85.096855,92.29549
569.3279113769531,307.10782623291016,85.31915,90.45015
561.2087554931641,305.76111221313477,91.643524,88.54885
556.2577056884766,308.9059867858887,97.23764,82.98411
558.1875114440918,314.52366638183594,96.12879,76.60773
556.4687881469727,314.58483123779297,96.58275,76.82448
562.5038757324219,315.4894790649414,90.13867,75.975204
566.2698783874512,315.58172607421875,86.860054,77.43057
563.1208267211914,312.6276741027832,92.31755,81.53524
561.5239143371582,314.59953689575195,93.05535,80.359764
566.7360420227051,315.6728057861328,85.96987,81.65271
570.8473358154297,320.88891983032227,89.73337,78.67724
572.945384979248,322.62049102783203,87.61735,79.63832
575.7312545776367,324.7152328491211,79.65584,78.88197
579.7484245300293,321.527400970459,72.62293,82.81928
582.5028915405273,322.1580352783203,69.758224,83.04855
584.8094673156738,323.1059684753418,68.349266,81.66306
585.3589820861816,323.0379104614258,69.14031,82.00758
588.3737258911133,322.103328704834,67.68709,81.786446
590.3990440368652,320.83685302734375,69.79453,80.634094
589.400951385498,320.2131805419922,70.700294,79.14273
596.0419158935547,319.8628234863281,64.0676,76.00311
593.4199142456055,303.84757232666016,68.928085,90.1331
597.7457542419434,308.7917709350586,66.74674,84.220505
599.3676223754883,319.06155014038086,68.67772,74.89512
600.8747940063477,315.4897918701172,71.29881,79.37335
597.4831466674805,305.9305839538574,72.87181,89.442116
602.0220336914062,312.6341743469238,73.03464,84.06786
599.202205657959,317.3254585266113,68.96891,78.74816
603.0475845336914,318.7332649230957,73.79024,78.77755
602.432788848877,315.0067481994629,72.046074,83.08489
604.2846221923828,314.50372314453125,68.93518,82.29263
603.3301010131836,313.99841690063477,64.76897,82.214165
601.2238082885742,305.77519607543945,65.19679,86.83846
602.65380859375,309.41316986083984,66.504,81.80046
600.9515647888184,302.76726150512695,69.71653,88.05459
603.8840408325195,309.7723960876465,68.314316,76.98835
602.5564613342285,305.7100486755371,68.12148,80.679115
602.4699325561523,306.31629943847656,69.983444,77.16205
600.9920959472656,298.0197525024414,73.91669,85.30345
604.671703338623,303.77045822143555,66.18879,78.31031
604.3372993469238,295.322322845459,65.393486,86.87391
605.9662055969238,297.2844924926758,70.23226,85.74861
605.7299499511719,303.64170837402344,69.89276,78.94089
604.3175659179688,303.95948791503906,67.86389,78.80075
603.6773109436035,303.7102241516113,67.27102,82.87737
605.0700340270996,308.2674446105957,66.61088,77.83288
603.4592800140381,300.0109176635742,63.653187,86.0681
603.4847755432129,297.0954704284668,64.68832,83.56007
603.7784233093262,295.8527030944824,65.910286,84.31913
603.4189224243164,294.4404106140137,63.650436,81.06043
603.7482833862305,292.1885185241699,65.44743,83.82368
605.2375984191895,290.5030937194824,66.54214,82.47419
603.9427757263184,285.10631942749023,69.559364,87.94904
605.9825553894043,284.97571563720703,66.67692,85.13072
606.1991310119629,282.7070732116699,65.0563,87.10606
607.1989631652832,282.20068359375,64.05526,87.829834
607.9865036010742,285.2844123840332,65.67314,84.5826
604.5086936950684,281.7539367675781,71.47065,88.882996
604.4402618408203,290.4052085876465,70.98224,80.588844
599.1512222290039,286.9529037475586,73.303604,84.050735
601.2955665588379,290.3965530395508,75.059135,78.37694
598.6393165588379,286.768253326416,72.30099,80.733086
601.5988502502441,285.0702476501465,71.415245,83.70118
601.2179679870605,286.20416259765625,72.08463,83.18768
600.232364654541,288.6425361633301,72.69045,74.80892
601.8474960327148,290.28076553344727,68.32448,71.09109
601.9889259338379,287.3093795776367,72.05959,73.20955
600.4357376098633,285.32164001464844,73.010605,73.49371
598.9647636413574,282.93186950683594,74.010445,73.57245
600.157958984375,283.1774673461914,69.47998,74.705246
598.3343276977539,289.56415939331055,68.76247,67.082344
593.7050018310547,279.94248962402344,73.25452,77.37567
594.7070922851562,284.7446746826172,69.008026,72.95599
594.4131660461426,286.9054183959961,67.360435,72.165634
592.8303375244141,289.36058044433594,72.97641,69.89847
592.3385810852051,288.0423126220703,72.325035,73.97339
591.6673927307129,288.20581817626953,74.10876,74.265366
589.4817428588867,287.9032173156738,72.389206,70.36327
590.0514335632324,290.30167388916016,73.95573,65.97371
588.8926124572754,290.4310836791992,75.39831,68.84779
589.8627128601074,287.6521453857422,75.929146,69.46896
591.059928894043,284.1427192687988,74.95381,70.60433
590.6645584106445,282.5546188354492,75.76503,68.60481
590.5382423400879,279.99426651000977,78.93606,70.54717
591.8152313232422,278.8373374938965,80.14038,71.91871
590.0492668151855,278.5364990234375,77.417915,68.47522
591.8234062194824,279.79422760009766,73.92094,69.379074
589.8329811096191,281.9668197631836,76.05901,69.43584
590.069450378418,280.47229766845703,75.36775,70.25716
589.8295097351074,279.64201736450195,77.61887,72.030815
588.6254119873047,280.608943939209,79.55838,70.66242
589.9228630065918,281.183048248291,81.38691,69.32659
589.6871948242188,282.58414459228516,79.86838,67.796036
589.9228591918945,282.109375,79.97853,69.83432
593.4243850708008,283.7553024291992,79.43291,67.879196
592.6093902587891,282.0662422180176,75.190186,69.18783
590.7431983947754,279.45800018310547,77.00478,69.043686
592.8513488769531,276.62170791625977,74.55917,72.00243
594.833683013916,277.34961700439453,71.19851,68.04146
596.2630004882812,278.90316009521484,72.20706,66.34621
594.5530853271484,277.3001365661621,72.61249,66.55933
595.6137199401855,278.42325592041016,69.833626,65.64244
596.1318740844727,278.21214294433594,73.13545,66.97543
593.6783142089844,275.83786392211914,69.613495,69.26583
594.8073539733887,274.6908874511719,73.44013,72.43799
597.854606628418,276.08578872680664,85.59892,72.197105
600.7345848083496,278.5937919616699,77.771095,70.840065
608.7447128295898,280.19518661499023,91.46895,69.79572
601.5734214782715,285.0394401550293,80.31156,66.39796
601.6058387756348,287.24202728271484,87.915794,64.41606
600.7896690368652,286.5617980957031,75.59141,64.92636
602.1448745727539,287.1677055358887,71.64589,62.573036
602.4058036804199,286.36390686035156,68.23704,65.24191
601.9888191223145,282.34001541137695,70.20516,69.45904
600.8078079223633,279.4526672363281,71.815506,70.569336
602.571891784668,280.1553268432617,75.55873,70.23888
604.9242477416992,285.5369682312012,74.64024,65.930214
606.985767364502,286.21884536743164,71.325096,64.38323
608.5627365112305,286.9361801147461,67.72151,64.42607
611.7015609741211,287.9484748840332,71.737076,65.46865
609.9121932983398,284.1703643798828,72.33766,69.098206
612.4517135620117,286.0718193054199,80.57857,68.62791
611.9056587219238,286.04402923583984,85.46984,70.66234
614.410026550293,290.23729705810547,86.48738,67.52928
615.936351776123,291.3491439819336,90.40205,64.79799
612.4062004089355,291.9037551879883,80.215065,65.64925
610.9485130310059,292.82726860046387,80.58204,63.625553
613.3798522949219,287.0962028503418,75.990295,66.8209
612.6954956054688,285.6962585449219,79.656494,66.662506
613.4345474243164,280.6010322570801,79.27455,70.90609
614.6023941040039,282.63790130615234,82.919235,67.77663
613.6982574462891,281.9568405151367,80.402435,68.0211
617.9758987426758,283.43114471435547,84.90593,66.12077
617.5140762329102,286.0013999938965,79.743576,64.44666
618.901496887207,283.36085510253906,80.231094,67.596924
616.4336433410645,282.7388725280762,82.53365,68.59797
615.7027587890625,283.63537979125977,85.0177,69.32168
616.5743865966797,284.50745391845703,87.40973,67.77135
618.8867607116699,288.1225814819336,83.97794,65.75841
620.4607696533203,290.70272064208984,82.65744,64.97951
620.9120559692383,294.26705741882324,80.83086,62.125187
619.2340393066406,292.10107803344727,79.908844,64.94399
619.8198280334473,294.55004501342773,79.4952,64.06638
620.7947082519531,291.5720748901367,76.29187,67.99089
618.9159240722656,289.06608963012695,78.10919,69.533775
623.4537086486816,290.56217193603516,76.68038,69.64421
624.3281936645508,293.85254287719727,79.665115,68.85824
624.9153823852539,294.77880859375,76.37038,67.269226
628.2379302978516,290.76869201660156,73.38013,70.29941
628.5099411010742,290.90066146850586,76.59035,70.70692
627.7523345947266,291.8946838378906,73.7363,70.71652
626.759937286377,289.8880310058594,74.463036,72.109406
626.5509643554688,288.9719047546387,75.60846,72.63651
624.704761505127,290.0718307495117,77.001335,72.120804
622.5434951782227,292.0514831542969,75.09932,69.62256
619.1973075866699,296.2657165527344,74.97419,66.095276
618.3326950073242,293.37873458862305,75.24834,69.46897
617.0950088500977,291.0618667602539,76.17943,70.74504
615.9531898498535,293.67353439331055,77.81689,68.28559
614.3691520690918,292.6193161010742,80.522194,69.41969
612.0119476318359,291.1631774902344,82.5455,69.81067
615.0149307250977,292.2632751464844,75.36403,68.19086
614.5180702209473,291.8730010986328,68.51656,67.23358
610.5499076843262,289.93264389038086,67.693855,68.65797
607.7150001525879,293.5459632873535,66.442894,64.954124
604.7434539794922,291.3520317077637,64.73845,66.75068
601.9796371459961,290.6017532348633,66.61951,67.46214
599.3389739990234,290.1520080566406,66.39116,69.111084
595.9434242248535,289.2892379760742,67.51426,69.418015
592.9203300476074,292.2566452026367,65.694695,65.188736
589.8817596435547,292.9261131286621,67.94017,63.724403
587.3799171447754,292.62531661987305,70.602394,64.160805
588.3640213012695,293.21263885498047,69.349884,64.17885
588.5527076721191,289.9620246887207,68.48359,65.82278
587.8023147583008,288.81584548950195,68.638336,66.99459
586.8488731384277,290.1093063354492,68.06707,65.33336
585.9000701904297,291.9069404602051,64.47261,61.49386
583.9476470947266,291.04489517211914,63.350784,62.601463
578.5143394470215,285.07773208618164,65.33285,65.73913
580.674955368042,285.3887367248535,58.96828,65.8778
576.4879837036133,284.5903129577637,61.03978,64.02587
573.854866027832,283.73522567749023,64.59387,65.888054
576.1931285858154,288.04908180236816,61.712055,60.43231
571.4783573150635,289.1932621002197,62.21461,62.00984
563.4303588867188,290.94631004333496,67.3492,59.469456
565.8484230041504,293.9004821777344,60.08828,58.807724
563.8768196105957,295.81776428222656,61.344627,57.805862
556.8304443359375,297.91355895996094,65.72272,57.39064
551.9779891967773,291.269739151001,69.22975,63.893414
546.8763771057129,297.05469131469727,73.520164,59.777428
543.9410209655762,295.58256340026855,71.47907,61.149784
540.2221755981445,293.80533599853516,69.05989,61.470016
532.1207313537598,292.41710662841797,68.58851,62.395676
525.5777397155762,292.6134433746338,69.74535,61.94572
522.9883651733398,290.67155838012695,66.4877,61.7983
518.2487335205078,289.97545051574707,68.26425,61.6851
516.8477020263672,290.82359313964844,68.125305,62.37587
507.7114448547363,291.18635177612305,69.66384,60.929283
502.23680877685547,290.7571144104004,71.32811,59.63291
501.5049133300781,290.6850299835205,70.239685,59.37489
491.9795722961426,289.214298248291,80.28806,61.005104
486.08362197875977,287.55702209472656,81.41773,62.884598
478.39490509033203,287.6554870605469,87.723114,63.66667
477.6286849975586,288.05266189575195,86.84515,65.54307
477.8360710144043,288.03990173339844,83.66546,64.587814
472.2202377319336,292.90098571777344,83.694916,60.163773
470.2410011291504,293.6739196777344,76.06605,58.334366
465.8210639953613,292.1616516113281,73.94984,58.203262
459.4094543457031,292.64489936828613,74.152985,58.46809
456.6441879272461,291.9437198638916,74.90813,58.504025
454.18103408813477,291.72440910339355,74.16747,58.34154
451.58970642089844,290.6277961730957,77.23862,59.129036
448.8832893371582,293.54360008239746,71.24914,58.063053
445.10263442993164,295.24441719055176,74.56599,58.45976
440.76770782470703,297.1283550262451,77.60486,59.677845
439.96330642700195,295.3943748474121,76.257484,63.298027
436.90361404418945,296.7966079711914,76.73185,63.968384
431.6502685546875,297.99899673461914,82.197586,65.27079
428.35765075683594,298.6298484802246,83.228134,66.48882
426.2240447998047,301.56540298461914,85.09303,65.51011
424.4162483215332,305.1071300506592,78.12162,61.968708
422.43919372558594,305.8901557922363,72.42976,62.59144
418.8073844909668,300.82016372680664,73.7188,67.193184
417.5114288330078,302.62351989746094,72.93053,66.43086
414.68416595458984,301.8427619934082,73.44971,66.84263
416.1417808532715,303.67878341674805,73.66143,64.97402
415.63164138793945,302.1360855102539,72.6251,66.5419
414.1228942871094,304.4502143859863,71.69945,64.50449
409.39889907836914,302.61027908325195,72.15717,63.603462
406.3880386352539,304.6438579559326,73.38306,61.212696
400.2106590270996,303.58160400390625,74.95684,60.958115
398.3410873413086,302.20188903808594,77.394714,63.530136
396.6480903625488,305.38054847717285,75.49003,60.342556
392.9336585998535,303.4343204498291,78.05915,61.61273
396.59437561035156,310.5571460723877,74.56276,58.869244
391.13482666015625,310.36572456359863,76.59306,61.43501
392.9650001525879,315.26878929138184,70.81635,56.83933
392.9496536254883,316.3616409301758,68.32347,58.997528
392.654541015625,313.2173042297363,67.884,64.28771
396.6421356201172,319.832727432251,63.70404,60.185314
395.97496795654297,316.82525634765625,64.03679,63.743362
396.30724716186523,318.33176612854004,63.096703,61.50137
397.1902103424072,318.9389419555664,60.857403,61.980392
394.5390930175781,321.73521614074707,64.40399,61.65385
398.0509147644043,322.75282096862793,64.320656,62.218967
396.61610221862793,323.4083671569824,61.74181,62.964638
396.66595458984375,321.4671287536621,62.763565,65.56068
395.584415435791,323.7639045715332,64.20933,64.11205
398.46582221984863,326.290470123291,61.6927,63.68798
399.3731212615967,323.97246170043945,63.798542,69.26823
399.9756450653076,330.3134307861328,63.33269,63.300278
401.16425704956055,330.22412490844727,63.687035,65.11121
402.6118679046631,333.035795211792,57.45473,61.450245
406.4979133605957,336.62317085266113,52.93093,57.670116
406.5456237792969,336.0778694152832,50.654587,58.147438
405.528959274292,335.1648178100586,50.950245,61.75972
401.3852367401123,332.1530303955078,53.66402,67.51817
399.02746963500977,343.75665855407715,56.45089,60.600803
400.6332187652588,347.3759479522705,54.438763,62.533092
406.9401512145996,350.4904193878174,54.73913,59.22958
408.8721466064453,348.7533130645752,52.972107,56.92297
409.6828365325928,349.98003005981445,49.708317,55.690514
409.83326148986816,344.5867977142334,47.32896,61.88106
409.1520195007324,351.3747615814209,49.54148,55.566914
409.9228744506836,350.80760765075684,49.424072,58.312275
411.3557834625244,350.21934700012207,51.63757,60.213604
411.9934024810791,347.29698944091797,54.29289,62.95558
419.9938850402832,348.68760871887207,49.660027,61.22526
422.13099479675293,348.0737476348877,52.596897,60.887173
427.498441696167,347.5519790649414,50.2479,59.284927
431.1061954498291,347.137020111084,48.612896,59.02912
436.6844120025635,345.6982231140137,46.418682,59.336586
441.69990158081055,345.43545722961426,44.74758,58.472485
443.83696937561035,341.8550853729248,45.70036,60.11774
447.49492263793945,341.0878791809082,44.529,60.992058
453.2388668060303,341.8168659210205,41.53304,59.354794
457.0316562652588,342.0836429595947,39.8818,59.92262
458.596227645874,343.08417320251465,43.431507,58.460712
458.3353328704834,340.3725357055664,45.7916,58.010437
458.8517818450928,337.83881759643555,46.74251,58.769005
458.9027919769287,336.254186630249,49.92438,63.29407
460.4461860656738,336.4076690673828,49.654594,63.168686
461.1170063018799,337.8075981140137,50.695232,61.473824
465.41126251220703,335.70686531066895,50.568176,63.37176
467.83161544799805,334.44823837280273,52.79023,64.392235
471.198974609375,336.07857513427734,52.654007,61.35562
474.1036319732666,337.478759765625,51.054974,59.421875
479.6162910461426,337.2747402191162,45.52285,59.450657
477.0948886871338,335.5978755950928,48.01457,57.815434
485.6303596496582,334.48483085632324,61.192406,57.627094
481.43813705444336,335.25268173217773,48.438362,58.14483
489.903995513916,334.68823432922363,47.23902,57.79626
491.6054382324219,332.45366859436035,58.526764,58.93664
495.25585174560547,334.7111759185791,50.891586,59.304806
497.065731048584,337.1411476135254,47.155586,58.414406
498.98487663269043,339.3107166290283,41.22597,55.93173
498.9877300262451,337.6420841217041,43.432377,58.24815
501.60340881347656,341.4206295013428,44.17131,54.676792
504.89869499206543,337.16896057128906,47.759556,59.345703
507.48348236083984,337.0294990539551,48.35753,58.763542
513.52126121521,337.64052391052246,63.17766,58.63825
516.0561332702637,335.1198921203613,63.553947,58.75959
514.5110263824463,333.8967094421387,60.122036,60.882195
518.5163116455078,331.1242847442627,65.48784,61.955837
523.6774253845215,329.84654235839844,63.08181,59.497574
527.5859966278076,330.8329334259033,58.303837,58.532803
530.0981864929199,331.73315238952637,51.596855,57.87636
532.1081676483154,331.049280166626,57.685413,58.112865
532.2567558288574,330.0564498901367,62.177406,59.915543
532.8630695343018,330.57249641418457,60.55508,60.1293
535.0031070709229,331.1957817077637,63.772655,62.175163
538.4761943817139,333.3160228729248,58.840717,61.740025
538.2199535369873,337.0427780151367,54.560673,59.25688
541.594856262207,334.21912384033203,57.479187,59.682556
545.24560546875,335.7080364227295,51.4292,61.23818
545.9218769073486,333.98608779907227,52.321682,62.704643
547.4634075164795,334.444055557251,48.697453,62.130444
549.0035858154297,334.33617782592773,47.13124,61.19297
549.165807723999,333.3079662322998,46.80962,62.001987
550.5400447845459,335.94181632995605,44.086323,57.47852
551.7665348052979,336.0642967224121,43.89033,56.399925
550.0597629547119,334.23731803894043,46.480785,57.32822
552.7746276855469,335.8702201843262,44.478485,56.43952
552.176097869873,334.94533920288086,46.399666,56.496513
553.7523422241211,333.2479419708252,48.04161,59.266216
556.1741638183594,333.3697052001953,47.84105,61.604965
557.4581432342529,334.5232334136963,47.181004,61.44958
556.7097625732422,333.5937156677246,48.323364,60.98092
558.1814575195312,334.6962490081787,46.180725,61.425465
559.4872608184814,335.82532119750977,45.019985,62.054558
562.7630519866943,336.18946838378906,43.3893,61.5679
560.6138286590576,335.6610469818115,45.91538,61.960392
561.0119190216064,334.0764846801758,44.64938,61.97969
561.2816982269287,333.1091556549072,45.90456,61.83949
563.3603420257568,333.36517906188965,46.31972,61.52007
562.5703506469727,331.52852058410645,49.316193,61.847836
564.966552734375,331.17129135131836,52.61586,62.085136
565.6291027069092,329.2301559448242,56.184162,63.217087
566.6227588653564,330.8904972076416,53.51869,62.38493
569.4526748657227,328.40895652770996,56.755142,63.63196
569.4001140594482,330.34882736206055,56.24448,62.10978
568.055736541748,330.79906463623047,57.29264,61.53427
571.271806716919,330.2001953125,55.464565,60.85498
570.6565475463867,330.16283416748047,56.37372,59.487625
571.0732498168945,330.56374740600586,58.519424,59.458046
570.4441165924072,330.8726997375488,60.5115,58.958504
568.8072853088379,329.7703685760498,63.401375,59.897724
568.4207534790039,330.04241943359375,64.64717,57.78807
566.9224243164062,326.47289657592773,67.34146,60.275444
565.7556037902832,323.16420555114746,67.765144,61.158955
568.0555591583252,324.2435894012451,63.01057,56.26511
566.4485874176025,319.1921806335449,62.96841,60.796104
567.263391494751,319.22307777404785,63.248623,58.039135
569.1209716796875,318.10489082336426,61.01497,57.528545
572.1229133605957,319.45548820495605,58.309334,56.031757
569.3344421386719,316.8377437591553,59.331818,59.192844
568.7202491760254,316.1213798522949,60.82157,57.135628
569.9304943084717,316.8726215362549,63.451527,58.040203
569.1332588195801,315.2878875732422,64.33813,59.87288
569.5338897705078,314.9137897491455,65.643234,61.044827
569.5679893493652,316.5814609527588,66.00236,59.50871
569.2202568054199,315.9689235687256,65.856026,59.108997
570.5732917785645,316.1274871826172,66.81567,59.501587
573.3835105895996,316.99178886413574,64.321175,59.022053
572.8850364685059,316.9253387451172,64.273796,58.107178
574.2219429016113,316.8617343902588,64.68101,58.522762
573.5377616882324,314.6535396575928,67.1854,58.818714
572.8580017089844,310.83025550842285,70.03656,60.97418
574.0893592834473,310.68052673339844,73.567986,59.785446
576.8008193969727,311.31765365600586,73.18593,58.93035
572.5652198791504,310.06023025512695,75.9909,59.539986
576.266040802002,310.5017833709717,76.94366,58.186634
576.5424461364746,309.91299057006836,70.44306,57.019768
578.7651443481445,310.84631538391113,67.7863,57.91026
583.7441482543945,310.07325172424316,63.492294,60.09727
580.2078285217285,307.55551528930664,65.42942,59.820946
580.5581207275391,308.25984954833984,65.594025,60.339584
588.5110378265381,308.8852233886719,62.314045,58.552185
585.6109580993652,306.8077392578125,67.20429,59.775436
588.0729484558105,308.88601875305176,64.70756,58.444744
586.1605682373047,307.9537754058838,68.36218,59.185406
586.9287757873535,309.1739959716797,68.316216,56.48668
587.2542533874512,306.68382453918457,68.34237,57.87205
589.148754119873,305.82365798950195,63.833504,58.507927
586.9771347045898,305.1933879852295,65.26466,57.649815
589.031867980957,304.364559173584,64.44429,57.694542
588.5656051635742,304.9939727783203,64.435684,59.92096
584.967098236084,307.5060749053955,66.59254,57.846996
586.561580657959,309.10497665405273,66.77041,58.283943
587.2257423400879,310.10157775878906,66.842445,58.290787
587.0119972229004,310.9240913391113,68.93154,58.69422
585.5635948181152,309.7015953063965,71.819984,62.315727
587.0852279663086,312.8922996520996,72.96559,61.309196
586.1861610412598,315.7923812866211,75.26107,61.328644
584.316349029541,317.70086669921875,79.1498,60.623978
585.3932304382324,317.82599449157715,76.601326,60.558903
584.7241706848145,319.5113182067871,74.50735,59.824486
585.9074974060059,319.3207187652588,69.55988,60.886684
585.6892585754395,319.05173683166504,67.397514,61.560513
588.7114906311035,319.8109321594238,67.74145,61.201668
588.8461532592773,320.2975788116455,64.72577,59.951305
588.4138488769531,320.44644355773926,68.47009,61.61073
589.8670883178711,321.29249572753906,66.807144,61.06389
591.2396774291992,322.9185447692871,64.69356,60.812492
590.3856735229492,322.7289218902588,68.409515,61.36291
591.8663291931152,324.9370346069336,68.35601,61.756195
593.0517425537109,324.2527103424072,68.07506,63.474667
596.8861122131348,326.43970680236816,65.04481,63.06866
597.3932571411133,328.15407943725586,64.39749,60.656487
598.6654014587402,330.4437561035156,64.28887,59.613205
600.243724822998,330.140661239624,61.62641,60.991932
599.0495738983154,330.7583923339844,62.528797,61.40114
597.0384750366211,331.03942108154297,65.6349,61.53174
598.700008392334,331.0463180541992,66.394264,61.39975
595.9125099182129,330.954496383667,68.992744,60.941547
594.8667907714844,329.3794002532959,73.34645,62.946415
594.897762298584,330.35559463500977,72.01006,60.79963
594.5468902587891,329.7102642059326,74.85713,60.748737
594.3283576965332,327.4515266418457,76.58222,63.910652
593.3276023864746,329.35089111328125,72.11761,60.173355
596.4475936889648,331.2602081298828,70.947205,59.954483
595.5564651489258,328.3737964630127,68.32779,62.618603
594.8194351196289,329.38560676574707,69.14078,63.239574
594.1729927062988,331.13483238220215,66.23713,61.17795
592.8072967529297,331.8077049255371,66.763,60.597603
590.3287048339844,332.40577125549316,68.46988,62.391064
589.7631187438965,335.50355339050293,68.962654,60.7645
586.6840286254883,333.04658699035645,72.55226,63.66995
584.1245231628418,332.9717102050781,73.31907,63.09369
583.9329223632812,332.52311515808105,72.68762,62.666294
582.2956161499023,331.8146343231201,75.463455,63.805912
582.7823181152344,330.3267307281494,73.90042,62.289898
582.0846138000488,329.1974277496338,73.38412,62.97923
580.7673988342285,327.4639663696289,74.73592,64.48686
580.2627792358398,326.5813331604004,76.929,64.8171
578.6035575866699,326.6156425476074,78.13361,65.24137
581.2216453552246,328.5529365539551,76.36552,64.30367
583.2982711791992,327.2744331359863,75.42897,66.11187
581.7748756408691,327.46184158325195,77.78185,67.821556
580.5844345092773,329.1097717285156,80.90831,67.98425
580.239444732666,329.5353317260742,81.6256,67.74132
580.9749298095703,330.73339462280273,81.96213,67.66358
581.6583213806152,331.0484733581543,82.18781,67.06028
580.4770202636719,329.3767509460449,87.94208,69.188515
580.4837608337402,328.633487701416,90.06443,69.36361
580.0714340209961,329.3972854614258,88.12999,68.03908
580.674674987793,328.40413665771484,83.39851,66.95073
582.9414482116699,329.6486511230469,78.00861,64.637115
584.6614379882812,329.85593032836914,75.193054,63.19256
582.8596496582031,328.3661708831787,76.99133,62.86861
579.7778816223145,328.3559265136719,79.23196,65.04379
580.0191421508789,327.7319679260254,76.84349,66.409904
578.8196601867676,327.97145080566406,81.224754,67.628235
578.255054473877,330.59937286376953,82.65444,67.0724
583.0509834289551,332.10295486450195,78.28634,64.76992
578.7064514160156,334.0933303833008,79.704895,65.06694
581.2671966552734,334.54466247558594,79.96295,64.447296
581.9404945373535,332.5386848449707,81.64654,65.38903
580.5817680358887,331.5165481567383,83.00495,65.814255
576.6808624267578,330.5155563354492,86.15588,67.707565
580.821590423584,328.0861473083496,80.059456,66.22706
578.5612869262695,328.03752517700195,83.034134,66.221306
583.5584106445312,325.0915946960449,80.31787,67.75803
584.5189743041992,326.3883972167969,81.50325,65.341736
587.4143028259277,325.25351333618164,81.70051,64.44222
586.8697853088379,324.3659019470215,84.58419,66.78272
589.7627792358398,328.2415370941162,82.12602,63.566364
584.3614845275879,322.8059425354004,90.76632,68.85613
588.611499786377,328.59865379333496,92.72317,63.93114
583.9925689697266,331.43835067749023,97.17929,62.225777
585.2636756896973,330.72553634643555,92.82259,64.50898
583.463134765625,331.0571937561035,92.364716,64.65395
587.40625,327.2747459411621,85.12317,67.548164
586.5706329345703,328.2845878601074,85.49063,66.71726
588.5544509887695,329.61750411987305,84.188644,66.43391
497.96403884887695,324.0404510498047,99.82531,63.17276
498.5629348754883,323.754732131958,91.17671,61.402584
439.58714294433594,321.3876533508301,71.0907,61.618217
440.56393814086914,320.93617820739746,64.76144,60.29381
441.40247535705566,320.9207077026367,63.880398,60.009125
443.0014533996582,320.29689598083496,65.901924,60.02097
441.54088973999023,322.1056098937988,65.723045,58.916756
441.5048522949219,324.0668468475342,67.09796,56.90813
445.50875663757324,323.2075386047363,63.01639,59.23713
448.02035903930664,323.0383777618408,60.268913,60.065975
451.21464347839355,324.46411895751953,59.725666,61.66176
451.8696060180664,326.29430770874023,62.212875,59.63192
455.80213928222656,327.1677017211914,62.631027,59.381058
446.6388053894043,325.87057304382324,71.86263,58.092197
459.50257110595703,328.6830234527588,61.185577,58.9463
400.15722274780273,325.1497497558594,67.00419,57.333633
397.94408416748047,324.1525001525879,66.41016,54.323463
400.0676918029785,322.585391998291,62.13401,54.763542
400.808349609375,320.3565254211426,64.12955,58.560524
405.8387870788574,321.0191287994385,59.302544,57.837627
472.7513256072998,326.0656223297119,49.609303,57.156307
471.9309368133545,326.43204498291016,54.371326,57.04631
473.48314666748047,327.57831382751465,56.959,55.711872
469.75168228149414,326.86791229248047,58.400063,54.48857
463.71705055236816,324.67663192749023,61.68896,55.25962
419.47631072998047,320.29526138305664,63.11998,54.93592
421.42578506469727,323.4786853790283,58.18763,55.58221
422.2873878479004,325.0175380706787,58.896797,53.94704
424.94801139831543,324.7405300140381,57.59183,55.559452
426.76034927368164,320.985200881958,58.088844,57.87843
428.20427894592285,323.0288314819336,57.908504,56.083344
427.30710792541504,317.7680473327637,60.34541,56.173286
428.3317813873291,319.62384605407715,58.90124,53.818867
432.6084156036377,321.8253803253174,57.35255,52.193172
430.8489990234375,314.0839900970459,61.053055,55.706944
434.1408100128174,317.1404056549072,61.09535,52.51028
434.9376220703125,316.2163791656494,60.350037,52.474545
435.17892837524414,313.7148742675781,61.0478,53.901688
436.54501152038574,313.0962085723877,61.262836,53.334484
436.80613136291504,310.28013801574707,62.3726,53.94302
437.9773120880127,309.47130966186523,62.62605,55.065987
439.7537670135498,309.78203773498535,61.432743,55.677
442.4510383605957,311.81922149658203,60.042946,54.80742
440.71073722839355,312.7588176727295,61.505527,54.91344
443.01981925964355,315.9174270629883,62.430927,53.505722
441.9757080078125,314.8955478668213,64.482864,53.677044
440.9991149902344,314.8839302062988,67.28334,55.097237
443.1551170349121,315.7623405456543,63.922142,54.30163
442.6960029602051,311.75548934936523,64.59194,58.262764
445.19895935058594,312.34900283813477,63.509567,57.457115
445.7899513244629,310.45104789733887,65.03434,56.516132
445.3436470031738,310.8206901550293,64.4148,54.287315
442.877872467041,307.694766998291,68.82932,54.769432
443.520751953125,307.6370391845703,68.95654,53.981125
445.5974884033203,308.38231468200684,67.675674,51.657276
445.56938552856445,308.75550079345703,68.97559,53.779358
444.98211669921875,308.6514587402344,70.471954,53.878983
446.1056137084961,309.35416412353516,70.499344,57.232956
447.3034896850586,309.3771457672119,67.06767,52.84866
451.9235076904297,309.135160446167,70.00676,52.570225
450.6033592224121,310.0017261505127,68.034065,53.29626
447.8966751098633,309.1227741241455,67.976746,52.947628
521.0456428527832,306.00366401672363,65.6208,54.202297
514.1305961608887,305.42918395996094,67.81963,54.384796
515.7751770019531,304.5847473144531,73.42001,53.543594
516.3593788146973,302.46043968200684,69.128716,55.698597
447.9471626281738,306.4204292297363,63.151665,56.480644
441.778751373291,306.6014099121094,66.64623,52.895416
439.62948989868164,306.8973445892334,66.82276,50.391544
436.56484603881836,307.7779121398926,67.4869,53.200844
434.3515205383301,308.20358657836914,69.080086,54.618965
430.68741607666016,309.24952507019043,73.754074,53.20183
428.1549530029297,309.77656745910645,72.72699,55.52766
430.6424331665039,308.8336296081543,78.00905,52.834587
431.3919792175293,310.0360355377197,72.36988,56.590115
430.00810623168945,311.8950958251953,66.932274,56.24608
424.3748016357422,308.692964553833,72.68953,59.13046
425.13379669189453,310.8456401824951,70.75049,54.132298
418.28378677368164,309.1554126739502,71.026924,59.27476
419.2534370422363,309.81046295166016,68.20258,53.165863
419.07178115844727,308.3360347747803,67.26803,55.088963
418.7376518249512,306.06981468200684,66.654625,56.439594
419.61647033691406,307.9088020324707,63.460876,54.676994
417.90159606933594,303.4032173156738,65.550705,58.66056
421.9196376800537,307.68224334716797,61.54404,54.796066
416.617244720459,304.6475315093994,62.520683,59.69534
415.0270690917969,304.3104000091553,64.06302,58.40592
416.9327564239502,304.0966510772705,61.4472,58.77046
414.57081031799316,306.9306297302246,61.028545,56.595192
413.14956855773926,306.2613925933838,60.047756,57.04347
412.4609375,307.1823024749756,59.834732,57.383198
410.7702217102051,307.38681411743164,60.279503,58.205986
408.558313369751,309.41823387145996,59.50169,57.49622
408.51178550720215,309.29247665405273,58.631596,57.19326
405.581844329834,309.8646297454834,61.89611,56.57584
405.4397602081299,310.61778450012207,59.068157,55.649944
403.8091106414795,307.5389575958252,60.746494,56.76443
400.91720962524414,307.9451370239258,58.357048,56.844803
399.74925422668457,305.6791572570801,57.904613,59.11712
402.48893547058105,307.68212890625,55.66451,57.24501
398.7973518371582,304.82455253601074,58.079918,58.03847
402.3551387786865,306.6211853027344,52.296833,57.85173
404.0018615722656,309.25785064697266,52.233994,55.116898
404.9966068267822,309.49134826660156,50.509563,55.397293
396.2057285308838,310.63776206970215,56.970303,56.35303
397.65625381469727,312.73605728149414,55.99125,54.361794
396.10654640197754,308.7721767425537,55.351192,58.92322
394.93860054016113,310.6380500793457,57.783504,55.298317
398.06031608581543,311.0806083679199,54.348988,54.531532
396.94410133361816,310.95575523376465,55.3939,53.332813
396.4231472015381,310.0740261077881,55.939518,52.86211
396.59385871887207,308.81357192993164,57.281475,53.038185
395.307825088501,305.3125114440918,58.69044,57.340996
389.0165500640869,307.0780506134033,63.168957,55.787853
394.2192497253418,307.3348503112793,58.167168,55.81324
394.471715927124,308.88790702819824,60.650486,52.06554
394.3527202606201,310.44646072387695,62.20917,52.97106
396.33131217956543,307.3037223815918,59.353733,57.41146
396.2365016937256,307.9938106536865,60.347004,56.490635
394.8068962097168,311.19447326660156,61.937553,57.386154
393.93580436706543,315.02713775634766,61.176167,51.71144
391.83669662475586,315.0185852050781,63.96775,56.050903
391.1163635253906,311.88989639282227,63.76927,55.50094
391.4759578704834,311.97998428344727,62.764378,54.710686
391.2015838623047,317.8322582244873,62.406006,50.253666
389.82653427124023,315.53965950012207,64.37252,50.814724
389.3961639404297,314.3082218170166,64.71973,49.030056
392.56896209716797,316.2042293548584,63.009415,49.660374
394.1630687713623,313.71849250793457,59.706593,48.485332
384.55393981933594,310.6582202911377,67.58154,51.446804
384.593807220459,309.00157356262207,69.86706,57.10316
384.37162017822266,309.6167221069336,69.76785,52.244034
384.37797927856445,315.0486946105957,68.25112,47.392067
386.5839500427246,313.8495903015137,65.17565,48.587944
382.30541229248047,314.8587703704834,69.3235,46.298435
385.76403045654297,317.4932346343994,65.994415,47.533688
384.7465515136719,318.4596366882324,67.53851,48.516335
384.1059913635254,319.25942611694336,72.96645,47.279747
382.47875213623047,319.3965721130371,74.583755,49.124275
383.2549285888672,319.86795234680176,73.16211,50.2485
380.4259033203125,321.50992584228516,71.63063,49.42253
381.7314853668213,319.8757915496826,63.957134,51.187153
383.8541889190674,320.6908950805664,62.967693,50.750473
388.8761959075928,319.266565322876,57.48145,50.52653
390.1047019958496,320.3675651550293,56.37893,50.986336
388.59627532958984,321.24386978149414,56.39795,50.460808
378.8221015930176,321.129919052124,64.759056,52.078968
383.6283531188965,319.82615852355957,64.051994,52.344265
377.1251983642578,320.2354164123535,68.54811,54.380318
381.0652046203613,322.56818199157715,65.153725,51.390415
384.7085189819336,324.43163299560547,61.913406,50.362656
384.3362274169922,324.4375534057617,62.702682,49.646423
384.0356750488281,324.0833683013916,63.49948,50.73953
376.76334381103516,325.4687328338623,70.51073,51.685215
389.09523010253906,325.35278701782227,68.088715,51.40104
375.48008728027344,324.5936107635498,70.37842,53.552402
388.1669158935547,326.26414489746094,56.19055,53.30481
389.3376522064209,327.7454471588135,53.297092,51.16264
391.8329830169678,329.73180389404297,52.64977,50.27562
393.9804039001465,328.3458557128906,50.657753,51.221573
395.31854248046875,329.08010482788086,49.43097,49.560463
396.17179679870605,329.1506004333496,47.864994,50.830254
394.8014793395996,329.29949378967285,49.06568,49.54452
393.76528549194336,328.8786163330078,50.017082,51.3015
391.1822452545166,327.4971446990967,54.602917,51.665394
394.7701168060303,328.2443962097168,54.293262,52.444756
396.10575103759766,329.67868995666504,50.397736,53.22732
398.3381118774414,331.9467964172363,47.029617,52.78753
395.72729873657227,333.5589065551758,47.66781,49.09256
398.24588775634766,333.4328918457031,44.534317,48.7108
397.3177146911621,331.91482734680176,45.38456,48.09791
396.2030620574951,329.56094551086426,46.92647,48.9306
395.1580219268799,326.156063079834,46.994564,50.88604
390.35988998413086,327.51244926452637,52.462364,50.009037
388.57660484313965,325.67309379577637,52.941166,52.776035
388.6249294281006,326.62956047058105,52.079655,52.51746
392.3840808868408,328.6393699645996,49.823742,50.846504
388.7852897644043,326.4105396270752,53.387154,49.380795
389.1367893218994,326.9480209350586,49.893932,48.74936
384.46187591552734,325.2689552307129,58.81836,47.65748
391.55870056152344,326.1612319946289,52.74501,50.31421
387.06361389160156,327.54369163513184,53.17552,48.357365
385.33616065979004,329.24226570129395,55.798,47.172176
383.91687965393066,330.37437438964844,58.801113,46.66458
384.8711700439453,330.7379741668701,54.991486,48.50353
386.1888008117676,330.8423843383789,53.805046,51.587097
384.076452255249,330.6358985900879,52.586918,50.449333
389.00840759277344,329.73365020751953,50.244324,50.7556
382.46396827697754,325.58337783813477,55.97633,53.012627
382.00231742858887,324.1910991668701,59.35523,54.60442
379.4930534362793,322.59429359436035,62.32026,53.05917
388.1399974822998,323.19025230407715,54.143192,52.498264
385.68858337402344,322.7895278930664,53.727905,52.147095
391.17236518859863,326.7487049102783,50.284893,49.58888
390.26391220092773,324.5135326385498,53.48687,49.625813
388.69415283203125,324.37501335144043,56.570206,49.581562
431.99732780456543,326.40162658691406,56.57088,49.37166
462.4555435180664,320.6536235809326,64.66986,54.402363
456.4087715148926,322.4928092956543,64.820946,55.443977
468.75968170166016,321.89524841308594,66.822586,58.290375
461.5250816345215,321.8592128753662,70.80418,59.33669
462.86127853393555,320.3814163208008,68.7161,61.515396
441.35851669311523,326.5864734649658,65.192665,56.836514
463.14464950561523,323.8131561279297,67.614204,60.26747
539.6336555480957,333.8726406097412,70.13589,57.96375
535.8967666625977,332.5303134918213,75.20903,55.599483
466.79937744140625,322.1058826446533,68.87707,62.2196
445.2344055175781,323.8844757080078,74.48928,58.172028
438.59035301208496,327.013671875,63.566036,55.45227
433.201229095459,328.71674156188965,54.060318,52.79685
446.86429023742676,324.5368366241455,62.75928,56.058163
439.74115562438965,325.99818229675293,57.933346,56.628437
431.4114933013916,329.76049613952637,56.55303,54.529774
432.43272972106934,330.002649307251,54.20442,53.318417
431.8487243652344,331.47819900512695,55.68981,50.967873
431.23051261901855,332.52442169189453,56.197384,50.601227
431.84766387939453,331.5600700378418,56.496758,52.171715
426.46523094177246,330.58691596984863,60.982937,54.497097
384.00203132629395,330.5151424407959,51.855915,53.274235
386.5265007019043,333.1964473724365,53.799408,49.407154
383.8187313079834,332.2430171966553,56.221844,50.338337
372.54143714904785,329.4383182525635,63.953312,51.147076
368.05559730529785,327.9478988647461,63.827045,51.026413
428.6460132598877,326.1506233215332,60.48496,56.673378
432.54660987854004,325.9434299468994,57.784367,56.90858
432.9312400817871,321.5270309448242,56.96193,59.56421
438.00312995910645,324.3895740509033,59.21155,57.98895
438.4116687774658,326.55002212524414,60.676456,54.42202
439.6504096984863,328.3173427581787,58.4274,54.491993
438.94128799438477,329.75904655456543,58.608643,54.889713
439.0860404968262,331.3821449279785,58.412308,55.60621
472.1728210449219,325.2705268859863,71.30836,63.248283
476.6147346496582,327.07789611816406,70.43378,64.32626
439.48731994628906,329.08124351501465,68.12212,57.114124
467.1641845703125,327.460298538208,73.81472,61.248928
540.1923599243164,335.9972915649414,72.017494,61.277695
537.6078872680664,332.37219619750977,74.9524,59.499992
547.049747467041,334.6421375274658,67.710526,60.785946
547.9783477783203,332.9821376800537,74.39147,61.438587
550.5975074768066,334.2119445800781,72.26402,61.597534
553.8043556213379,327.4728317260742,72.516464,65.911606
552.5204391479492,329.0373077392578,71.38041,65.18219
543.8850021362305,330.20808601379395,74.29246,62.364986
551.6657905578613,331.30652046203613,69.48399,62.76318
557.8077964782715,331.44355964660645,70.405365,63.098904
555.5487174987793,332.012508392334,70.1366,63.953102
550.8981704711914,333.21088218688965,73.01069,63.52178
556.4843635559082,336.6801128387451,71.311935,63.04459
556.4617462158203,338.6444282531738,69.94506,61.604546
558.6022186279297,339.02359199523926,66.97903,62.473415
558.8267478942871,338.7785301208496,66.38895,60.24491
559.8767700195312,337.96867752075195,65.79659,61.64582
558.4716911315918,335.08356857299805,67.10298,64.290474
559.8918228149414,335.43821144104004,63.181114,63.506176
558.9329223632812,334.81232261657715,69.13508,60.96227
558.5410575866699,335.46380043029785,70.13942,62.100994
559.887393951416,335.446985244751,70.79495,62.052715
559.563304901123,330.25634384155273,68.90077,65.74714
553.1448402404785,333.7925491333008,72.95773,59.868973
560.5921859741211,335.81026458740234,67.28393,64.391556
560.6294631958008,337.0467414855957,68.86822,65.06771
561.8106346130371,339.6500663757324,64.969894,63.78083
562.2760124206543,340.58742904663086,66.62242,64.509254
565.312578201294,342.550838470459,61.921146,63.107704
564.6867752075195,343.18192291259766,67.457756,62.53224
563.6680488586426,340.68125915527344,73.629486,64.611115
562.0320205688477,340.1886520385742,80.742546,66.09416
562.549732208252,340.55089950561523,76.52197,65.116554
560.8322334289551,338.9095039367676,75.762665,67.780266
560.5450630187988,338.0314521789551,75.77539,68.29684
560.6867332458496,339.03721618652344,78.05406,67.191895
564.0517311096191,337.80358123779297,76.79721,67.67946
563.3211441040039,336.9337387084961,77.13726,65.27858
564.6599617004395,337.2273635864258,70.88025,65.3788
564.9070472717285,339.5442142486572,73.85626,62.666058
567.2429046630859,339.7429141998291,72.028114,61.993603
556.8353080749512,339.43770599365234,74.923935,62.342545
534.1880950927734,334.5646152496338,83.924,62.617382
494.4291877746582,335.12072944641113,83.860016,63.57214
562.816593170166,340.9637699127197,77.427246,62.260235
500.8915672302246,335.33008003234863,81.370346,63.26742
474.4688491821289,335.62285232543945,82.56774,64.63128
571.4342346191406,340.7741928100586,68.63996,66.225815
569.567440032959,341.26677322387695,74.347885,65.5642
571.1827392578125,338.7857208251953,75.55393,66.567444
569.4295120239258,339.57533264160156,77.75701,65.71271
568.916259765625,339.0237121582031,77.18162,64.60852
567.0499534606934,339.03611183166504,78.95851,63.96565
567.4121856689453,338.811767578125,80.06977,65.42337
565.066707611084,338.3680839538574,82.23985,68.16468
558.8081436157227,338.2146186828613,85.52932,66.22704
566.4284820556641,337.41931533813477,85.69697,66.33611
569.1364135742188,340.3310317993164,82.52366,68.00731
565.7924118041992,340.1330757141113,85.39193,68.17492
495.3207092285156,335.53891372680664,85.2703,69.68566
491.1713180541992,336.7840042114258,80.738304,68.93022
572.4451942443848,342.34507751464844,69.80234,66.26749
572.6093063354492,343.4367027282715,77.14861,65.00709
571.0082817077637,343.3425579071045,77.14494,63.29099
571.4517135620117,343.1226749420166,74.6809,63.589397
571.5212860107422,340.9211730957031,75.122475,64.691986
572.6550674438477,340.13095474243164,71.65353,63.685356
576.530200958252,339.2871513366699,72.98465,64.610664
575.5946960449219,336.21533203125,74.074165,66.47244
576.068717956543,337.75009536743164,75.54485,65.23232
575.0490455627441,337.8010025024414,77.1134,65.357285
577.8534317016602,335.3500785827637,75.35317,69.149086
581.1494140625,335.5304946899414,75.854805,68.95085
582.8070983886719,337.0408935546875,74.67716,70.03027
583.2491302490234,338.0796127319336,72.32453,68.24245
580.7895317077637,340.7439308166504,78.066696,66.551414
584.9880142211914,340.81016540527344,76.23858,67.43634
586.0054550170898,340.8759117126465,75.95095,68.219185
587.4217376708984,341.02775955200195,74.16581,67.20876
587.6542472839355,335.8373031616211,75.552505,71.373184
590.5987854003906,335.60897064208984,76.32151,70.806595
591.4674911499023,333.0598907470703,77.13183,73.17239
591.9374771118164,332.5528221130371,76.54687,73.10987
594.0994606018066,330.31850814819336,72.78027,74.63261
593.7029495239258,330.52099609375,72.12356,71.848114
593.746696472168,330.1907615661621,73.1209,71.801796
594.5370903015137,330.9443016052246,71.18236,70.74134
598.9407348632812,331.3831481933594,70.12916,71.155914
602.1558799743652,330.7705497741699,68.40657,71.400826
603.1116371154785,331.99903106689453,69.0556,71.209915
603.588981628418,330.49083709716797,67.85665,74.014084
604.7036743164062,331.8902359008789,67.07795,73.329666
603.8861656188965,331.93191146850586,69.297714,72.71464
604.9550323486328,331.73626708984375,68.73765,73.27655
608.7029685974121,331.87345123291016,66.08269,73.98952
606.4825820922852,329.91331481933594,68.13537,73.61142
606.9083976745605,330.43289947509766,68.80614,71.0844
610.4698600769043,328.7626075744629,66.75603,72.01293
612.9135475158691,328.7311553955078,66.96683,71.8154
616.2686767578125,325.84692764282227,63.668404,73.26452
619.1870822906494,327.49958419799805,62.534473,71.23765
619.7756767272949,326.53245544433594,62.56505,72.79132
619.5590400695801,327.8215560913086,65.01361,72.802414
619.4048652648926,327.54135513305664,66.72586,75.48351
616.6991195678711,330.4178123474121,71.26525,75.35291
614.3258972167969,329.41132736206055,73.08094,77.843025
614.6440238952637,330.9356918334961,73.308,77.35518
610.0477638244629,332.669734954834,75.0939,74.350746
608.3927268981934,330.0205078125,73.51137,74.93909
606.218692779541,332.3904914855957,74.620636,71.68694
610.0230026245117,333.16755294799805,68.20574,70.38325
612.2589225769043,333.24365615844727,66.72905,68.94198
610.8098068237305,334.3307456970215,67.437004,67.66834
610.0059394836426,334.9557113647461,67.25949,66.49916
610.8773918151855,333.0647430419922,68.195755,69.5188
610.3763542175293,334.00688552856445,69.317154,68.78155
607.9431343078613,333.88240814208984,70.34244,71.38771
607.6607398986816,333.48005294799805,71.50357,72.74372
609.9639587402344,335.74657440185547,69.94306,72.59718
610.5464706420898,337.25252532958984,67.28109,73.14128
613.4953231811523,340.5695266723633,63.65377,71.64598
612.0942115783691,343.014461517334,64.22073,70.10264
612.6632804870605,344.878173828125,65.537796,68.41385
613.3099212646484,344.1468963623047,64.943794,71.32843
611.594669342041,344.54229736328125,67.172485,70.49716
611.0675506591797,344.6375732421875,68.34605,68.02728
609.8144378662109,343.9078178405762,70.87977,67.05079
609.8921966552734,342.0145034790039,72.01234,69.1844
607.4616775512695,338.4587745666504,74.09408,71.00677
