389.0,398.0,50,33
384.2415466308594,398.0629425048828,52.00206,32.916595
384.1142330169678,398.3418312072754,48.558582,32.14791
382.443172454834,399.03245544433594,49.086388,31.108505
379.01078033447266,398.8192367553711,50.860947,31.54634
377.19386100769043,398.7172155380249,49.637882,31.965319
373.97848320007324,398.5191402435303,48.652775,32.698734
371.40217208862305,398.4376468658447,50.129402,33.744366
369.02280616760254,398.7141342163086,50.303432,32.99405
365.9710807800293,399.1861743927002,50.114967,33.361126
362.485803604126,397.1676940917969,51.77618,35.066666
359.66841888427734,396.4335765838623,51.722916,36.07102
357.1216011047363,394.26293182373047,52.637123,36.62375
354.35110092163086,392.5994644165039,52.868065,37.534042
351.51966094970703,391.1210021972656,52.810486,38.8956
350.17321395874023,390.7840747833252,53.530952,38.21301
345.9473114013672,391.73937225341797,56.21051,37.02437
343.02812576293945,392.1825141906738,56.974083,37.406
338.8355236053467,392.6876583099365,58.78467,36.69634
336.8560619354248,393.74981689453125,57.489628,36.126892
333.7886219024658,392.7865562438965,57.715145,37.304146
330.28669929504395,392.9394111633301,56.703365,36.13279
327.0420551300049,391.169469833374,56.43147,36.88869
323.77265548706055,391.86602210998535,56.63465,35.77139
320.4812870025635,393.42834281921387,56.25204,33.369984
318.63490867614746,394.600061416626,53.94808,33.049435
316.03602409362793,393.93298721313477,53.088093,34.553917
312.602481842041,394.618257522583,54.994896,34.43597
309.19759368896484,394.73253631591797,55.24803,35.20323
306.66686820983887,393.9197750091553,55.59795,36.624027
303.69361305236816,392.3758201599121,58.539715,37.425438
303.1527290344238,390.55646896362305,60.69384,38.89608
302.7410430908203,390.5365695953369,59.920166,40.52
301.82072257995605,392.3065948486328,59.538258,40.420258
301.2711181640625,393.05346298217773,60.11693,41.04032
299.2645835876465,393.17293548583984,60.974083,42.5307
296.5581703186035,392.6999988555908,63.4262,45.6526
294.16302490234375,392.88027572631836,67.36917,45.22222
289.17319107055664,393.0031032562256,69.16396,44.095615
361.4499702453613,404.4321975708008,66.92135,28.295074
358.8759231567383,405.59921073913574,65.93758,24.456532
357.00727462768555,406.82241439819336,65.36767,19.33651
355.17007064819336,406.08384895324707,65.723366,18.086834
353.72167587280273,406.4163932800293,65.227455,17.902672
351.94537353515625,405.93327617645264,65.160065,20.125193
350.50305938720703,406.14666748046875,64.7531,19.815735
351.77711486816406,403.1284646987915,61.732758,22.15315
350.8559989929199,404.87757301330566,61.84278,22.70808
345.4640312194824,399.6701431274414,66.88941,33.895935
298.8595962524414,395.80847930908203,110.053406,45.752136
302.883358001709,398.08413314819336,101.796745,45.515007
305.6877098083496,399.78288078308105,98.11425,45.900135
306.2774429321289,398.3144130706787,94.00427,45.559025
306.29264068603516,397.70263481140137,92.96564,44.299397
307.19599533081055,396.72347831726074,90.47607,43.830036
306.4895133972168,395.7148723602295,87.58584,41.86263
307.23122787475586,394.1651020050049,84.84103,43.027508
306.89070892333984,392.79241371154785,83.826996,44.78918
309.41986083984375,393.5965156555176,79.1255,45.162422
313.7560920715332,391.36792373657227,73.72047,45.870216
314.61459732055664,391.2562313079834,71.73969,48.92966
318.8357925415039,388.44945907592773,65.835205,47.732018
315.7985382080078,388.4262866973877,69.77168,43.103374
314.4296417236328,386.18629264831543,76.43959,41.404957
313.1952934265137,383.1061897277832,81.96003,43.114677
311.3209571838379,381.437047958374,86.28857,43.7486
310.4398536682129,380.4081611633301,88.85427,44.600533
310.0938911437988,379.9025573730469,91.197044,45.391006
308.8218307495117,378.3464756011963,94.41399,47.798244
308.0531806945801,377.1387424468994,98.59847,47.061123
308.6379928588867,370.525297164917,130.83247,53.88912
306.0607604980469,367.65727615356445,141.7315,54.987312
307.09801483154297,366.4659080505371,138.50801,54.364983
306.6783447265625,366.51142501831055,135.35242,53.600487
307.88594818115234,368.4218101501465,127.61525,57.1791
311.177734375,365.40015411376953,131.27039,55.438507
312.4796676635742,365.0646743774414,128.76842,55.107025
315.040828704834,366.3291244506836,125.32896,52.648163
314.24197006225586,362.76985931396484,126.32844,54.755066
317.93228912353516,362.25066566467285,126.78194,54.13235
339.58173751831055,357.1145534515381,107.74027,55.172123
349.11566162109375,354.824499130249,104.497406,53.4997
359.219425201416,353.5617980957031,95.88366,52.766342
353.9850540161133,355.13368797302246,108.370926,52.600834
349.94211196899414,356.8448963165283,115.44851,54.774883
343.9873924255371,355.34852409362793,124.95643,58.408955
358.2756576538086,356.7577476501465,113.06377,57.155327
339.35668182373047,355.1954517364502,139.22237,58.83363
338.63004302978516,355.4801959991455,142.93596,57.495068
337.38245391845703,356.6998710632324,186.64125,58.708733
340.68170166015625,355.6411018371582,174.24176,62.294594
344.8663864135742,355.5641117095947,174.13774,61.92059
343.62449645996094,353.3943691253662,170.491,63.55463
344.02603912353516,352.4412593841553,167.44371,62.24744
339.81555938720703,351.3970832824707,167.40083,61.81376
337.2853698730469,350.6364059448242,165.21497,62.1221
333.5271987915039,354.9138641357422,164.86037,54.75966
327.9444122314453,354.54519271850586,79.679504,50.93096
326.2492485046387,355.88078117370605,89.982124,50.845203
322.2962646484375,357.4961128234863,94.201904,49.169502
319.06297302246094,356.8143253326416,105.1095,51.327847
315.15481185913086,358.91833114624023,107.80079,49.80825
312.0524024963379,359.1988277435303,113.20556,52.213108
309.86844635009766,358.438627243042,112.51402,48.608845
305.62158966064453,359.1105613708496,115.31969,49.191765
299.23614501953125,359.643102645874,137.58878,50.560764
297.12488555908203,358.9172840118408,149.47346,50.01103
293.9761734008789,359.81164169311523,204.96565,53.865562
291.6400451660156,354.8992099761963,201.87317,53.67358
286.7604751586914,354.6816463470459,184.51625,53.008976
283.01615142822266,349.42086601257324,166.0089,55.96578
280.3533020019531,350.3450927734375,162.45361,55.10524
279.0468521118164,350.32140731811523,150.10191,56.03634
278.2994689941406,349.2298240661621,148.53949,52.593773
278.7847442626953,349.62561416625977,145.69806,52.596504
275.89916229248047,351.05624198913574,149.13197,47.95534
275.28868103027344,349.91686058044434,139.90439,44.644382
275.43968200683594,350.091760635376,144.52994,46.678738
272.33739471435547,349.34502601623535,145.77794,50.15469
266.0876770019531,344.80700492858887,152.79547,58.767597
267.05101013183594,346.9132652282715,150.07834,56.25231
264.98741912841797,345.4013328552246,151.43889,55.394707
263.2655334472656,345.0590419769287,155.13757,55.357883
261.8544616699219,343.8287696838379,156.49298,54.622597
260.31534576416016,341.9646625518799,158.62697,54.759075
259.4375915527344,342.0476875305176,159.4252,52.890266
258.34303283691406,340.6575984954834,162.19656,52.87586
258.4194107055664,340.16427421569824,164.63606,53.364338
256.519287109375,339.072998046875,171.47949,53.45793
254.68234252929688,340.047758102417,169.13443,51.0125
255.7798309326172,341.46742820739746,169.90024,50.078556
255.96753692626953,341.7235336303711,173.64354,52.594788
252.499267578125,342.16126823425293,172.24048,50.943806
253.86302185058594,341.0584239959717,162.85226,46.770527
252.92918395996094,342.2284851074219,175.15091,54.963394
254.00723266601562,339.94447326660156,173.58322,54.02806
251.2767105102539,340.0052890777588,192.04204,50.288326
253.91129302978516,341.0781593322754,173.82292,46.83024
252.90257263183594,340.726224899292,172.22278,41.780567
249.29999160766602,335.4515132904053,120.61736,40.733524
254.6025505065918,336.62983322143555,83.58158,34.77572
249.47930526733398,334.37573623657227,91.24795,34.319923
243.86798477172852,332.19931983947754,98.71334,35.3921
240.19717025756836,329.5567378997803,105.67286,36.401325
234.37205505371094,328.48586654663086,118.55896,30.350471
228.67119216918945,326.8291931152344,121.92837,30.377533
224.7944107055664,327.97022914886475,148.84062,27.039583
222.6706085205078,327.58206272125244,155.38754,29.501066
217.61185455322266,326.56017684936523,193.67381,35.884407
213.19815063476562,324.98795890808105,208.75095,45.28052
208.90530395507812,323.974365234375,195.1182,44.28427
205.30974578857422,323.5894603729248,182.89677,40.00983
197.54581451416016,324.78498458862305,194.18874,38.17945
191.91182708740234,324.42729568481445,190.55345,49.876366
189.88758087158203,327.2027130126953,176.55736,42.03409
188.9327850341797,329.6527214050293,177.27103,42.43641
184.55511856079102,328.0032024383545,127.3991,44.588688
185.01401138305664,326.59385871887207,93.58547,46.111843
185.41967010498047,326.1368103027344,92.62715,36.4075
184.94598770141602,325.74781799316406,92.71438,36.443634
186.3877410888672,324.9874210357666,91.66278,37.68922
187.50747299194336,325.74992179870605,92.11149,37.060184
189.10201263427734,327.0384273529053,92.00523,36.9139
192.27569580078125,326.7651596069336,90.06702,37.94731
188.16839981079102,325.64574241638184,91.29182,37.9791
189.28130340576172,325.21247482299805,104.60339,38.260582
192.10309600830078,323.71453285217285,211.82672,38.917843
189.03302764892578,321.99626541137695,213.37354,41.70414
189.08103942871094,318.52029609680176,240.25194,47.95274
188.17996215820312,323.8781623840332,233.52827,45.418404
194.020751953125,326.6312732696533,230.24904,45.991528
201.91654205322266,325.46674728393555,213.83484,51.661766
214.3714599609375,323.8341579437256,201.78499,51.04578
202.1251983642578,328.13630867004395,205.60368,50.57902
207.06218719482422,326.7485637664795,202.85269,47.81209
201.1088752746582,327.292142868042,120.94465,45.76662
208.56695556640625,326.877010345459,104.49275,43.002617
212.04668807983398,328.1111488342285,101.02468,44.526344
214.68925094604492,329.4839744567871,97.42248,47.80813
209.43194198608398,328.3940773010254,101.29699,46.58036
205.46944427490234,326.8289051055908,102.31436,41.502514
206.01269912719727,325.5989532470703,101.51762,38.031693
206.68188095092773,327.5697250366211,104.701256,36.66742
201.49269104003906,326.39140129089355,117.45946,39.677814
198.8345184326172,327.6708450317383,125.70213,38.480133
195.1208267211914,331.3807907104492,135.3967,36.08957
191.48554229736328,332.4268627166748,152.3436,54.81365
192.5020751953125,330.0433883666992,160.81105,61.6987
187.57350158691406,332.9617576599121,159.5378,41.672966
185.78099822998047,319.4915199279785,177.37521,44.712166
184.8466033935547,319.1847038269043,174.90956,53.530296
179.00033569335938,317.87173652648926,179.29759,59.3289
180.39122009277344,315.7907829284668,176.20045,50.146904
180.10362243652344,314.32351875305176,176.56868,49.266552
180.77469635009766,314.96105766296387,179.24521,49.90694
182.1605682373047,314.6531982421875,189.49217,49.619858
182.64508056640625,315.8492965698242,195.84392,48.6839
184.52520751953125,315.50598335266113,202.35927,46.926464
186.45870971679688,316.14614486694336,209.86977,47.226463
185.5381317138672,316.4916076660156,209.1317,52.264847
185.65880584716797,317.6641254425049,192.68011,55.283337
189.83629608154297,318.43352127075195,195.18207,57.171577
189.30870056152344,319.35314178466797,177.03395,55.843933
192.20755767822266,320.9691753387451,153.79233,56.966114
192.32252502441406,320.48755073547363,135.98756,55.875286
193.66880798339844,320.95058250427246,129.52315,55.532322
196.38567733764648,319.72119331359863,127.67437,55.74571
196.9648094177246,318.5956630706787,124.09768,53.19025
199.87683486938477,317.75786781311035,121.390755,56.2868
201.06487655639648,317.5250759124756,119.66131,49.46851
204.28985977172852,315.42480850219727,117.83747,51.398323
207.1984748840332,314.5096607208252,112.69474,54.868053
213.09889221191406,315.71556854248047,102.28206,55.554626
217.0631217956543,316.7678642272949,97.01397,54.233604
221.82886123657227,318.20522117614746,96.16038,53.72028
224.35742950439453,317.7235469818115,98.37109,54.281986
222.54776763916016,319.1219673156738,97.09445,55.745644
219.42934799194336,319.01287269592285,99.69576,54.355923
222.15258026123047,319.5975875854492,97.57541,53.391113
222.09563827514648,320.34105110168457,100.81637,52.584972
221.27198791503906,320.68150901794434,98.91194,51.34122
221.36520385742188,319.6711139678955,100.91441,52.309795
221.4878044128418,319.74682998657227,98.399284,54.081917
220.53738021850586,317.8346633911133,101.34493,52.54895
221.1597137451172,319.2324028015137,105.01817,49.70333
218.63125610351562,321.64507484436035,135.73009,46.22143
219.61143493652344,324.79486083984375,172.81697,42.267044
215.6152801513672,325.7382755279541,188.82216,41.958706
216.69159698486328,323.676118850708,199.98792,43.844006
215.33407592773438,327.0168113708496,250.05159,43.90554
211.68077850341797,325.3078098297119,256.0363,46.6654
210.80660247802734,326.36446380615234,267.262,48.521393
214.5975570678711,325.40183448791504,270.49368,49.585873
210.84281158447266,325.96477699279785,262.57697,50.18588
215.32760620117188,324.2748222351074,248.92885,53.715263
214.07482147216797,325.14773750305176,243.27267,52.297985
215.87458038330078,324.9240474700928,242.96527,54.30884
215.77239227294922,324.50035285949707,241.36337,56.178753
219.8049087524414,324.720121383667,226.06598,56.467487
223.07821655273438,323.71792793273926,194.21736,53.83131
226.13980865478516,324.44935607910156,188.0947,52.706528
225.68054962158203,324.16867446899414,184.25543,51.446815
228.9973602294922,326.0400619506836,189.03777,47.8071
227.91373443603516,326.4575309753418,189.65659,44.11843
233.09918975830078,326.24574279785156,174.76007,50.652878
232.3607635498047,328.40803718566895,194.43492,46.74931
237.11221313476562,327.9973449707031,184.49406,43.300674
237.6877670288086,328.70782470703125,178.45633,40.060684
241.40579223632812,329.1074638366699,186.19579,43.132072
240.63937377929688,329.8999309539795,184.08928,40.88631
244.5024871826172,328.6707515716553,169.31078,41.74152
243.47586822509766,327.6368770599365,173.58636,46.12723
250.16624450683594,328.0205364227295,167.35017,47.037983
245.39447784423828,326.3235836029053,157.52954,48.37064
243.35240173339844,324.8246440887451,166.97054,48.423084
240.8237075805664,324.51930046081543,163.18808,48.1787
235.00277709960938,323.19364738464355,171.53535,48.915028
230.69705200195312,322.12525367736816,168.15996,53.584743
227.14488220214844,321.72718620300293,148.56432,55.107716
226.13436889648438,322.67709159851074,171.37862,53.536945
221.78400421142578,323.7896366119385,120.435425,52.166775
219.22315979003906,325.291540145874,133.34999,52.790043
215.72083282470703,324.9124412536621,148.98389,52.828575
209.9185333251953,327.5804786682129,147.03307,55.01304
209.90624237060547,328.5771541595459,140.76608,46.646275
206.70189666748047,329.32482719421387,150.10852,47.740986
205.3711166381836,328.7223873138428,153.9325,45.878696
202.8545379638672,328.0042552947998,160.78609,41.292225
199.94976806640625,327.27401542663574,173.6747,37.515644
198.2542495727539,325.21044731140137,156.30255,36.40279
195.84930419921875,324.8218250274658,155.66289,42.316845
194.38394927978516,324.33020973205566,160.08682,46.28027
194.77114868164062,324.07107734680176,153.30193,43.787914
191.93528747558594,325.05150604248047,165.90273,40.773804
189.99182891845703,325.8648319244385,173.01227,42.596493
190.00961303710938,325.89270782470703,182.4309,42.421448
189.75728607177734,323.71831703186035,183.92023,43.05377
189.44049835205078,323.5955238342285,183.0839,41.798714
187.93932342529297,324.2829189300537,190.46262,42.57523
186.84500885009766,322.0837593078613,190.27002,42.762398
186.41806030273438,322.89487648010254,197.63014,41.042538
186.76028442382812,322.45420837402344,195.2852,40.157333
187.35260009765625,321.4079780578613,181.22029,39.338203
186.93660736083984,319.9349937438965,198.23816,37.31301
187.14154815673828,319.5169429779053,228.06873,40.87305
186.4118194580078,318.2748203277588,213.35844,44.75372
191.01428985595703,315.5819625854492,212.5119,43.780365
190.32038116455078,316.2649040222168,211.47781,42.756554
288.5845718383789,312.5433101654053,167.96829,53.76389
284.45540618896484,317.05329513549805,167.67139,39.215416
193.74725723266602,319.6586799621582,102.52413,37.45472
194.55361557006836,320.91005516052246,100.211006,34.01224
189.86738967895508,320.3993320465088,107.56875,32.538876
186.82316207885742,321.436092376709,112.56214,30.650566
185.2158660888672,320.2848777770996,114.81647,30.887505
176.78132247924805,316.45617485046387,127.3722,33.555866
174.6796646118164,316.89120292663574,135.72154,32.445087
168.63597869873047,316.0388431549072,140.13487,35.43954
166.45720672607422,315.3736343383789,145.58385,35.14984
164.57412719726562,315.645414352417,148.37457,36.580616
162.9575653076172,315.5203113555908,156.23529,32.48164
161.23461151123047,314.1893672943115,158.22401,31.390324
154.74481201171875,313.9523801803589,173.01239,29.999125
150.79344940185547,311.28983974456787,169.71031,30.1382
155.89136505126953,314.6403741836548,170.73183,31.652098
156.0263442993164,314.6512088775635,160.21297,33.89651
158.25772094726562,315.2540397644043,153.35883,27.910301
158.34453582763672,309.435546875,210.86583,29.331558
161.18853759765625,305.7992343902588,199.31613,32.893246
162.9980697631836,305.3604564666748,195.76076,31.985767
165.68451690673828,304.372145652771,186.38152,31.258318
164.51544952392578,303.4055595397949,187.1421,32.008812
164.4940948486328,303.826135635376,189.99127,32.603542
166.21338653564453,305.35642528533936,195.05971,31.823694
166.7851104736328,305.24871253967285,195.39102,34.340145
168.64397430419922,305.5329875946045,201.12733,35.561115
168.69390869140625,304.16128730773926,201.98477,36.300823
171.98035430908203,301.5862445831299,207.98729,39.264935
173.14600372314453,299.7442398071289,211.60353,46.050262
173.78974151611328,298.31675720214844,213.53816,44.6118
176.84268951416016,296.37781143188477,211.59914,41.906136
177.24054718017578,294.83839988708496,191.29066,48.795902
182.85010528564453,294.3321876525879,162.22008,51.610695
188.22948455810547,295.7855987548828,130.00758,54.055344
193.68362045288086,296.02234268188477,121.17774,43.855293
196.32366180419922,297.6079406738281,112.044846,40.28224
201.5612678527832,297.1018123626709,103.822075,38.451725
208.97953414916992,296.7805595397949,99.03651,38.39312
208.86276626586914,296.16163444519043,101.46761,36.933674
208.08903884887695,296.1911506652832,107.561,35.567604
207.70546340942383,297.56823539733887,112.18188,35.186573
207.22522354125977,297.2389278411865,116.506645,36.324314
205.8766098022461,295.8545665740967,121.99193,37.386433
200.2796401977539,295.66000747680664,129.07143,38.162544
198.04840850830078,296.69511222839355,133.72145,36.72286
196.74637603759766,294.6922302246094,139.67122,36.53328
197.0430908203125,294.1151237487793,139.64594,34.37829
196.86517333984375,291.4912815093994,143.79596,36.72851
196.56776428222656,288.97711753845215,146.32178,38.36121
194.67533111572266,284.6028461456299,148.24403,41.51109
193.85919952392578,283.9233226776123,150.60692,43.494526
192.95368194580078,282.00455474853516,153.5631,46.371033
193.14292907714844,280.6459369659424,155.65137,49.414013
193.12630462646484,279.8230895996094,157.27428,51.324753
194.1061019897461,277.90333366394043,158.73705,52.484028
195.15865325927734,278.03897857666016,162.09569,52.985626
197.53107452392578,278.60009574890137,160.97667,51.50841
197.01058197021484,278.8519821166992,163.38338,48.144928
198.73600006103516,278.95764923095703,164.98656,48.167175
197.62806701660156,278.31348419189453,170.03583,43.72168
194.39175415039062,278.8429069519043,202.09341,42.29577
194.4816665649414,281.03121757507324,225.59648,38.655506
187.55391693115234,279.8547058105469,230.28099,36.26274
190.1648406982422,278.898006439209,227.07483,42.39147
191.05758666992188,279.46164321899414,224.59567,42.195656
190.81082153320312,279.7306156158447,219.99612,55.50958
199.82264709472656,277.44920349121094,214.8382,40.07881
191.3176727294922,279.5767879486084,221.04065,39.915775
188.08313751220703,279.5199451446533,221.6645,50.043133
200.54644775390625,278.1746292114258,210.35385,38.11621
250.414794921875,280.896635055542,155.31009,49.004353
247.29501342773438,277.61585235595703,158.22821,48.076294
275.34654235839844,278.4010772705078,129.61734,45.73375
270.2286911010742,277.84617042541504,132.35408,37.959743
267.1243133544922,279.97254180908203,133.80185,47.167786
269.06959533691406,280.1913528442383,132.98746,37.161865
268.47314453125,279.4941520690918,131.58496,35.100212
267.69482421875,278.670991897583,129.41223,35.112194
258.7163314819336,280.5669937133789,139.61943,34.659454
265.5769577026367,281.8452396392822,131.4189,36.846645
274.7135353088379,280.68419075012207,124.31924,35.625072
274.9885787963867,280.91348457336426,123.468124,38.53343
272.69325256347656,278.69029808044434,127.004,39.840763
268.2271270751953,280.4626808166504,130.39554,39.45597
273.48955154418945,281.2908420562744,126.146935,40.367977
261.4236297607422,282.68715476989746,136.5203,38.770237
280.06241607666016,280.574556350708,120.21245,39.817394
276.75098037719727,280.29986572265625,123.06567,41.72917
277.7447052001953,280.42027282714844,121.974945,40.708817
280.17812728881836,278.49621963500977,119.95942,42.96659
279.366024017334,279.24021911621094,121.75642,43.23851
274.4971809387207,280.7890205383301,126.67959,41.841225
287.8566589355469,281.1284351348877,112.18448,40.194836
290.661190032959,282.98583221435547,109.402534,39.58847
294.8509864807129,281.8707103729248,104.021355,41.440205
296.6136817932129,282.129602432251,103.01531,41.391018
299.1755180358887,283.2622547149658,101.18293,40.221935
301.2774772644043,282.6188678741455,101.43992,41.32655
303.7342529296875,281.9549865722656,102.5567,41.872482
301.77500915527344,282.4512538909912,106.11255,40.81699
301.636661529541,281.3961067199707,108.44759,39.357094
300.3571357727051,281.819149017334,111.27703,38.79696
297.26878356933594,279.9616394042969,114.9285,39.54384
292.4165458679199,279.8651752471924,122.06861,40.757946
283.04125213623047,279.1648693084717,133.80443,41.104694
277.8795700073242,278.3704433441162,141.00517,40.132847
257.2941207885742,276.56983757019043,164.05635,40.506367
209.47554779052734,277.16487312316895,211.4655,39.92439
213.97852325439453,277.0454406738281,212.58076,39.723373
257.24901580810547,275.42320442199707,245.07787,40.017223
227.6089096069336,276.52041816711426,252.1092,37.66203
214.3091812133789,270.8434581756592,194.71507,45.910847
221.74478149414062,266.9509983062744,164.8581,40.83279
227.29752349853516,267.37157440185547,156.11937,36.381958
226.56866455078125,264.09660720825195,158.11517,40.773445
227.926025390625,263.18663215637207,157.7601,41.096386
230.34193420410156,260.86619758605957,154.35895,43.755352
225.98834228515625,262.7060070037842,157.12314,62.30904
230.75980377197266,261.43889236450195,144.62007,62.67115
232.01349639892578,262.1084442138672,146.46828,67.46199
233.40663146972656,263.79651641845703,141.36243,70.83087
238.44269561767578,263.7321662902832,137.31477,63.430275
235.55733489990234,263.22220611572266,142.89037,52.681488
239.61315155029297,261.93762016296387,139.26549,36.100758
241.50150299072266,263.5483913421631,133.20155,34.82236
243.57386779785156,264.3552837371826,133.82742,34.927692
245.95708465576172,265.68524169921875,131.77101,36.0291
247.62332153320312,266.2713279724121,129.68445,33.278038
249.76204681396484,267.1493549346924,127.518936,34.526623
249.93006896972656,268.6899642944336,126.132935,37.081024
252.57482147216797,269.64280128479004,125.20677,38.680813
254.04975509643555,271.81652069091797,123.627174,61.051056
253.29277801513672,274.13962173461914,123.40755,75.733864
255.63622665405273,272.09267234802246,120.83405,59.289463
257.4956741333008,274.01125144958496,120.049484,56.011356
257.7248840332031,275.3118667602539,118.7323,68.79074
260.75199127197266,275.4063415527344,116.408585,44.83412
263.2236785888672,276.14830207824707,113.70236,42.25941
264.7300682067871,277.98401260375977,110.79746,54.86103
268.1792755126953,278.3153076171875,109.23804,38.05278
270.23474884033203,281.1540126800537,107.12456,53.980717
273.50255966186523,281.01501274108887,105.55045,55.314014
277.3555564880371,282.1536560058594,103.30692,67.75371
279.1124572753906,283.80499267578125,103.23743,57.679825
283.0362091064453,285.35017013549805,99.87506,63.21145
287.770938873291,286.49296951293945,97.043816,59.55152
289.97086334228516,287.6486129760742,95.41887,51.89691
292.2936592102051,288.3094730377197,95.01049,54.88824
295.07846450805664,289.5664806365967,93.82101,43.293934
296.7128677368164,288.6309814453125,96.58226,37.31761
298.44065856933594,291.092716217041,96.19086,33.056892
298.8723793029785,291.48886489868164,100.51464,29.490593
299.9053611755371,291.94969844818115,101.26014,30.766191
301.0745506286621,293.0260076522827,103.83448,31.498156
302.74784088134766,293.76266384124756,106.21205,30.29062
303.1081085205078,294.8007106781006,109.83377,28.531086
303.52239990234375,296.580096244812,111.55725,26.504236
305.46362686157227,297.38375091552734,112.24331,25.954361
305.12342071533203,297.32135486602783,119.01695,24.392202
308.7123794555664,295.71838569641113,120.43437,25.584682
314.5926399230957,295.09350204467773,116.49041,23.755592
321.884521484375,294.6281747817993,120.93317,23.013334
330.32799911499023,293.0869884490967,123.59519,22.954777
337.5428237915039,291.05923080444336,126.523026,23.573097
341.5135498046875,288.6447353363037,100.603485,40.26607
346.1087455749512,287.349422454834,94.11741,59.715614
348.0040473937988,286.0688018798828,94.886955,70.63867
351.2594871520996,287.01929092407227,122.02198,26.135155
357.3118782043457,286.72553062438965,103.9139,22.264881
357.77101135253906,291.2910394668579,134.77917,23.973646
361.17967224121094,294.35047245025635,231.68515,22.375013
360.3063201904297,294.38889026641846,210.71597,30.365866
362.8098602294922,292.0268144607544,198.0596,28.638662
365.86450958251953,295.61671447753906,202.40062,24.562134
369.04302978515625,298.96278858184814,204.92007,24.280416
371.51309967041016,297.40067291259766,203.41139,27.41124
379.2859649658203,297.8709955215454,198.04794,26.279097
383.87628173828125,301.31562995910645,183.70236,19.634457
386.40203857421875,304.3667058944702,183.22809,23.780931
396.93739318847656,301.56740856170654,171.34396,25.83668
382.1283760070801,300.8647270202637,119.57961,38.966896
382.4586982727051,299.77641201019287,101.58889,24.722994
384.9919013977051,298.52617263793945,78.53266,16.588585
386.858097076416,298.0748062133789,79.05128,17.00557
385.66201400756836,297.8375949859619,80.2577,16.548367
388.30502700805664,299.1218776702881,77.760735,16.312626
389.5928611755371,299.67895889282227,78.83546,16.398994
390.43749237060547,300.1885108947754,76.246765,16.83181
393.16931915283203,301.95936584472656,74.615326,16.02858
395.9950523376465,304.53633403778076,77.84284,14.461496
400.1324348449707,306.15951919555664,73.59951,14.713707
400.0022506713867,305.93631887435913,72.7361,15.542539
401.0943069458008,308.79021072387695,77.69951,16.110634
402.0088768005371,311.62025451660156,77.92568,15.310257
405.19991302490234,312.7607316970825,76.16725,13.540289
407.76380920410156,311.69542837142944,75.27544,15.160016
415.1129455566406,312.7469792366028,71.06645,14.439864
414.59739685058594,311.12386989593506,74.17876,14.368807
421.7884941101074,309.1839952468872,120.52624,17.987478
431.66068267822266,305.2993354797363,125.04947,21.747887
427.34056854248047,305.04854679107666,139.12485,20.951582
424.3275909423828,304.16546726226807,128.99062,22.792265
431.54000091552734,305.71349334716797,130.65262,21.01384
429.4355659484863,307.15334129333496,118.54966,19.240772
433.81551361083984,307.0114994049072,161.46933,18.87202
430.0919723510742,307.9571828842163,142.36783,21.304354
432.85968017578125,307.9197130203247,160.55724,20.532675
434.9623107910156,310.9467582702637,168.6762,20.188332
433.64036560058594,314.40288734436035,156.65215,22.946087
434.40279388427734,314.53296279907227,151.07718,20.918999
438.36237716674805,315.4932670593262,124.22704,22.269203
440.59522247314453,317.6707715988159,143.54767,19.235636
442.1368865966797,317.72174739837646,152.91536,18.507463
442.399471282959,319.3802127838135,117.58456,26.06892
447.3287582397461,319.0600929260254,134.06406,28.39672
451.7922058105469,321.2660331726074,129.22673,29.890388
453.03856658935547,316.9618225097656,148.19281,21.97647
460.552734375,316.1280212402344,179.57048,24.587646
446.70762634277344,315.66079902648926,157.10204,35.465572
446.6237487792969,317.1420965194702,143.06212,31.354815
441.4769287109375,315.1580276489258,132.7758,36.505966
443.9439239501953,314.7509651184082,118.36769,21.144249
443.09007263183594,314.7487382888794,117.011,23.593924
441.6350860595703,315.7797899246216,116.26741,26.646078
439.58951568603516,317.36511516571045,113.85574,28.297266
437.1843032836914,315.0684700012207,113.00137,28.314049
437.3887939453125,316.04133224487305,111.05122,26.051064
437.19573974609375,318.17066860198975,106.739426,23.691164
436.3866195678711,317.57795333862305,107.82559,27.464638
434.2989616394043,319.458083152771,108.67196,25.108614
436.5003776550293,320.17573165893555,108.47042,25.537727
435.5529022216797,321.2599391937256,111.5695,27.489155
437.5282974243164,322.60010623931885,108.002716,25.508986
435.97948455810547,321.36963653564453,108.163635,23.484024
434.7297821044922,320.9850721359253,113.32802,22.204935
435.1759147644043,322.1757698059082,114.3991,20.171562
437.2120933532715,325.53472995758057,114.73174,17.309416
432.840633392334,322.41744804382324,121.4898,18.715
410.11243438720703,322.87771797180176,145.7238,27.451199
375.4303512573242,322.07841777801514,173.72545,31.750177
399.6267395019531,323.69042205810547,163.90192,44.728653
404.1235656738281,323.0214614868164,169.26541,43.476486
400.56482696533203,321.2775020599365,165.459,39.059742
398.7305221557617,321.2854194641113,159.67201,32.528893
512.7666015625,337.0429267883301,156.45447,26.46093
502.41465759277344,336.3082094192505,160.24142,26.827337
410.6362609863281,321.3348865509033,164.71596,44.77209
403.57794189453125,324.67115592956543,161.58406,44.963566
405.2159118652344,318.4188594818115,163.85838,47.437336
403.6632995605469,319.3707466125488,158.23555,53.423454
406.14527130126953,316.1351013183594,150.49142,52.011627
401.23099517822266,322.5130367279053,139.26923,52.419025
404.6421203613281,325.6995849609375,161.5822,49.11606
403.3624572753906,315.2845001220703,146.02742,58.71295
395.8570098876953,340.1259307861328,178.45433,37.46756
399.08092498779297,339.33106994628906,174.51501,37.948944
406.56419372558594,337.7451705932617,160.38628,37.894028
417.4593734741211,335.8190860748291,143.71075,38.819256
411.3907928466797,342.30028533935547,150.0587,28.530655
412.30358123779297,343.0722026824951,149.07642,25.49564
398.707275390625,344.38146781921387,164.64317,26.031925
387.000732421875,343.8698720932007,175.78743,31.799013
392.8558349609375,288.016019821167,154.75124,33.17774
390.60436248779297,291.391902923584,157.9154,65.46992
388.2461242675781,283.4173107147217,167.36644,45.74857
381.41986083984375,282.9731731414795,170.24532,46.077915
374.5293960571289,282.3551082611084,178.55292,38.17751
373.8983154296875,280.343053817749,173.53172,34.0172
373.19859313964844,281.03016662597656,179.3456,32.155304
358.47461700439453,279.07627868652344,184.57288,68.015564
353.41785430908203,277.4483337402344,186.84964,57.134125
346.2937240600586,277.78539085388184,189.54623,54.55248
343.8913345336914,278.7433967590332,164.25049,59.648582
343.07432556152344,278.38280868530273,171.92723,50.15705
337.5481414794922,279.4101982116699,167.5811,48.59153
338.15811920166016,278.9233932495117,180.12436,47.107376
353.1752624511719,280.15289306640625,174.70729,52.56073
344.4026107788086,281.4608325958252,176.36566,43.316006
354.90958404541016,281.60387229919434,163.21298,56.69338
382.7336730957031,282.3445701599121,134.96736,59.563026
389.2125473022461,283.3206081390381,142.54187,42.955006
413.9544448852539,283.7880668640137,91.32596,50.26072
411.59941482543945,279.6089334487915,116.12806,31.302351
413.0779113769531,281.30821228027344,90.57976,50.937332
412.48787689208984,279.92766761779785,89.43887,50.389645
414.4632987976074,280.92300605773926,87.38494,48.19032
398.3615608215332,279.8315773010254,90.78657,47.03547
353.98686599731445,278.69984245300293,112.12678,40.900043
295.00585556030273,281.55810546875,116.6491,34.92891
294.23193359375,280.5088367462158,118.996445,34.54121
290.63549423217773,284.0075855255127,120.92028,33.619335
284.38464736938477,292.8363399505615,112.82877,35.7439
284.82193756103516,312.02493476867676,113.26993,30.400799
280.08069610595703,320.4599895477295,138.8772,33.47875
275.6163558959961,319.0027561187744,190.02185,34.535763
287.27613067626953,321.619665145874,189.24005,46.227573
313.33653259277344,321.4531726837158,175.79695,51.19929
353.4683418273926,311.72156715393066,117.46006,61.821285
362.19603729248047,328.7563591003418,152.30951,35.549126
364.87068939208984,319.2180576324463,118.816376,45.46661
361.73307037353516,321.73567390441895,130.77567,45.375134
360.3769340515137,317.535587310791,114.16924,45.750404
362.20547103881836,323.86978340148926,123.62612,34.056957
362.6761703491211,323.3517189025879,121.01935,34.931526
368.5509033203125,326.63214206695557,115.90236,30.098555
372.04623794555664,328.48781871795654,111.46204,30.41128
373.8093070983887,328.97800064086914,112.32134,31.357185
360.7559814453125,329.089168548584,127.51976,45.825462
366.57518768310547,328.9387035369873,119.8887,42.548756
394.9997024536133,329.01055335998535,93.93173,40.469326
318.1278762817383,322.4128894805908,85.66855,53.270794
334.3229560852051,318.7773952484131,106.299995,33.918903
335.8385925292969,322.95756340026855,131.59737,35.71079
336.6545867919922,325.92857551574707,148.69539,32.012997
328.97667694091797,324.96364402770996,159.64566,29.071125
323.08496856689453,325.03279304504395,169.91614,33.751003
311.92835998535156,323.40220832824707,179.27083,45.5021
318.8545227050781,320.2519340515137,175.74168,31.912636
317.2073745727539,320.7125301361084,178.94186,33.685383
305.5393600463867,322.37154388427734,190.78442,34.336136
293.53361892700195,322.26795196533203,117.57163,45.068222
299.2446975708008,317.16858863830566,102.2605,43.96507
297.4284553527832,318.2710933685303,113.25657,47.99239
293.0717010498047,318.298433303833,117.74312,51.185818
286.3220520019531,319.5169048309326,136.4222,55.13019
286.5889434814453,317.442720413208,151.49791,56.55102
285.6400680541992,318.65379333496094,149.08331,58.474823
283.9627990722656,317.5607147216797,150.06395,54.17038
282.7035675048828,318.0196228027344,149.45033,55.01346
282.1207809448242,320.54444885253906,145.98929,51.77408
281.15872955322266,318.60313606262207,142.85706,52.67358
277.4393539428711,316.3403511047363,143.87076,49.214226
277.1344299316406,315.54415702819824,144.18556,53.095493
275.0105743408203,317.05933570861816,147.5728,48.618877
282.8262634277344,320.8789596557617,137.13954,43.73732
275.26695251464844,323.7062282562256,145.6346,39.85561
270.0129165649414,326.6740913391113,149.87881,40.98266
302.0777816772461,326.95251846313477,120.07141,46.083366
285.84136962890625,338.42309951782227,125.517715,42.991173
281.6076354980469,330.41496086120605,137.94362,41.90607
278.47066497802734,326.0145072937012,137.70206,47.49552
303.67231369018555,325.3106269836426,127.106865,43.4121
303.28438568115234,326.1434955596924,130.57364,38.183193
308.0860176086426,329.1570644378662,121.23356,41.269978
302.2412796020508,325.81277084350586,138.20618,39.348915
303.7725524902344,343.8893795013428,146.17296,26.206226
305.6494445800781,343.99283027648926,143.9074,26.1535
299.90811920166016,339.5631790161133,149.21298,30.197433
295.154541015625,336.469030380249,147.83818,43.83919
268.95550537109375,329.4013328552246,148.8481,51.04255
299.47027587890625,325.3832015991211,150.85954,48.95778
313.29847717285156,325.18680572509766,143.97878,41.33879
326.43358612060547,322.3585662841797,135.13455,39.51761
301.6752624511719,339.9091281890869,162.76952,32.882946
342.7669105529785,324.6619930267334,115.135445,43.806812
310.3240203857422,342.069109916687,152.38908,30.51925
331.04322814941406,323.1568298339844,129.16707,43.427643
318.0539321899414,329.9842224121094,135.38696,36.45575
298.8604278564453,336.87592029571533,150.753,30.535116
358.04449462890625,320.91794204711914,92.47331,39.95565
298.4177551269531,339.7416515350342,147.81102,23.877476
352.5731773376465,321.74989128112793,96.909355,37.636356
304.3199005126953,336.83219623565674,130.30103,28.434912
348.017879486084,321.9516315460205,96.18348,39.82983
313.17485427856445,333.6729974746704,123.19045,29.108839
351.9769706726074,321.28179359436035,97.58616,41.67094
333.63658905029297,325.7692165374756,110.96289,34.20406
333.67263412475586,320.3428764343262,118.59823,41.06202
337.6720390319824,319.99342346191406,118.93102,44.08487
345.8389587402344,317.98293685913086,104.07454,46.457253
319.1838722229004,317.15368461608887,116.63798,50.295933
341.84289932250977,316.2266674041748,107.94773,48.807804
337.3102722167969,316.94393730163574,110.771805,46.069553
305.4970169067383,317.9919548034668,125.35553,43.909737
283.0238838195801,320.8155040740967,124.38096,41.859745
248.69451522827148,316.10108184814453,105.91067,39.51741
148.92121505737305,353.34278106689453,93.57231,29.846329
147.9717025756836,355.640944480896,93.00417,28.387743
144.43756484985352,353.3144369125366,91.40115,29.654299
140.8571319580078,352.02209091186523,94.97544,28.588188
136.62908935546875,349.4644317626953,95.9555,27.411804
134.81732559204102,349.2039632797241,90.85834,25.289034
129.68261337280273,348.65077686309814,97.20796,26.94042
128.15256118774414,347.8545608520508,95.8862,25.992157
125.71797943115234,348.8824119567871,95.371086,26.746483
122.47753143310547,348.18728733062744,94.16807,28.822004
122.06467819213867,350.1395034790039,94.99092,27.148758
119.63119506835938,348.83520889282227,95.60415,29.149529
118.84326934814453,349.1685619354248,95.171715,31.105473
118.45218658447266,348.45134830474854,94.78243,31.825132
116.70049667358398,348.030068397522,93.464874,30.563948
115.53689575195312,347.77753829956055,92.32958,32.434853
115.16225051879883,347.12014389038086,95.00795,32.47393
114.5218391418457,346.03425216674805,94.79225,32.136803
114.58362579345703,346.1645441055298,94.467094,30.58409
112.74443054199219,345.499418258667,93.368065,29.032047
114.6884880065918,344.4513273239136,92.17964,27.781717
114.07951354980469,343.1707954406738,87.60082,26.596779
115.25391387939453,343.01952934265137,90.72639,24.777393
112.72918319702148,344.11270236968994,91.688995,24.644117
112.88960647583008,345.11964321136475,92.72717,25.22687
112.38525772094727,345.65571880340576,92.18109,24.160105
113.78965377807617,344.7367830276489,90.44298,24.474264
113.83474349975586,344.03247356414795,91.47888,26.68316
113.62237930297852,342.6228151321411,86.28421,27.997717
114.31022644042969,342.7938632965088,90.13241,27.578304
115.54015350341797,342.2042465209961,88.224785,29.17537
118.67588806152344,342.8031940460205,83.4947,31.434948
120.9248275756836,342.7341775894165,82.39065,31.379698
122.70572280883789,342.63504219055176,81.88783,32.969143
121.43621444702148,342.51165294647217,80.36348,30.750956
122.58857345581055,342.1170778274536,81.79381,28.92391
125.56198120117188,343.47424602508545,80.97602,26.350595
120.89496994018555,342.47176933288574,88.181244,23.922703
123.82235336303711,342.86003971099854,82.709305,24.508268
125.88306045532227,345.3804407119751,82.76247,23.411665
128.28937149047852,345.65704917907715,86.42273,24.189304
129.54376983642578,346.2129793167114,84.655266,24.049276
131.32873153686523,346.48272228240967,82.2059,24.40246
132.6242904663086,346.81398582458496,82.800545,25.167042
133.66053009033203,346.59150314331055,84.82984,26.41195
135.64532470703125,346.10391998291016,78.7512,26.975159
135.67736434936523,348.3283576965332,82.506805,27.164406
137.50159072875977,351.738076210022,82.63931,25.557432
137.98318099975586,351.66663360595703,79.364136,26.304321
137.76194763183594,353.9892406463623,77.696236,26.022678
136.89913940429688,354.6781196594238,83.295616,25.025047
138.46135330200195,355.4771099090576,75.43614,27.583973
137.64137268066406,357.7835350036621,81.10276,24.311745
139.17747116088867,358.7676525115967,79.41069,21.613865
137.94515991210938,359.577356338501,81.62124,21.63203
136.63145065307617,360.2961120605469,82.08034,20.211258
135.8038330078125,359.9937810897827,82.33709,19.83771
137.1179656982422,359.02629470825195,81.29896,20.811592
134.89797592163086,356.66548919677734,83.977356,21.306107
134.35147857666016,357.43351554870605,81.871254,19.655704
134.0453338623047,355.1569175720215,82.664116,20.311592
132.06214904785156,354.87200450897217,82.64019,19.94018
131.62470626831055,354.5300235748291,83.0029,19.207684
130.41536712646484,353.07824420928955,80.287544,18.187033
130.72494888305664,353.17941761016846,79.92044,17.96897
129.6947021484375,352.152494430542,80.48751,18.105747
126.253662109375,352.76701641082764,82.193184,17.311472
125.91270065307617,353.3922634124756,80.76849,15.798679
123.156494140625,351.51671504974365,83.62087,16.868761
121.72874450683594,351.58259534835815,83.724236,15.182557
118.72272491455078,349.21323013305664,84.34058,17.625237
116.31432723999023,349.4637289047241,87.70767,16.290422
116.22183227539062,350.03184366226196,86.76408,15.593371
112.13225555419922,351.9920959472656,88.952644,15.300751
70.16188430786133,352.0344362258911,126.763,16.231405
40.536991119384766,353.01098918914795,161.54608,19.323801
39.01900863647461,353.30234718322754,160.87688,20.422543
38.68874740600586,353.14798736572266,161.91844,21.289001
38.78422927856445,352.75325202941895,160.66205,22.10548
38.95218276977539,352.7153797149658,159.67862,21.650219
38.24067306518555,353.20976161956787,158.00432,21.403399
38.75059127807617,353.5156898498535,157.9853,24.387276
38.54935073852539,353.9312801361084,158.6268,23.139835
39.64083480834961,354.9423542022705,156.03572,26.252453
39.42808151245117,355.042031288147,158.3084,23.039
39.40900802612305,355.1376304626465,158.04225,25.895561
40.43265151977539,354.18789196014404,158.5122,25.136133
37.912532806396484,356.17663383483887,148.67177,27.025806
39.06796646118164,353.37570667266846,151.28494,25.332281
37.821834564208984,354.2237720489502,159.82213,25.078655
37.821895599365234,354.8866939544678,153.33055,27.085117
37.436161041259766,354.29088592529297,162.0011,24.35086
37.49738693237305,355.46138763427734,158.82137,24.63501
35.52097702026367,354.62346744537354,159.32106,24.781889
35.010616302490234,354.3804359436035,155.21587,26.216103
35.97275924682617,354.2080087661743,138.94438,26.010725
37.742740631103516,350.8759422302246,147.41321,25.427452
34.12504196166992,353.14970779418945,153.78258,23.333565
32.95378494262695,354.5433416366577,159.0657,22.845552
34.87617874145508,353.17504501342773,159.57187,23.159874
34.5738639831543,353.2306318283081,158.80434,23.480127
33.5944938659668,352.22275829315186,142.80095,23.409937
34.8411750793457,352.0670347213745,157.13312,20.651346
31.909847259521484,350.9907464981079,165.83284,22.267637
31.816410064697266,347.89308166503906,154.43149,24.93068
32.89579391479492,350.78132724761963,158.67445,21.382704
32.05818557739258,348.77962017059326,163.53671,21.644876
30.129337310791016,347.2180595397949,171.17538,21.476921
35.32876205444336,347.5171880722046,165.24498,21.003359
46.806819915771484,342.5616807937622,161.88432,21.804083
42.5018196105957,344.5973882675171,160.1101,18.935091
47.49367904663086,340.56316089630127,161.78548,21.72373
56.20920181274414,338.1056842803955,152.50659,32.344036
48.737674713134766,336.6448221206665,156.02414,24.154829
43.8750114440918,329.6721086502075,166.72896,26.04682
58.35893630981445,323.17937088012695,150.31949,32.904976
56.42155075073242,319.9024829864502,144.31102,28.028088
51.48994064331055,313.36487770080566,154.95073,28.425991
54.7939567565918,305.76261711120605,145.27623,37.05895
49.07638931274414,301.0047950744629,152.23499,32.39646
49.1451530456543,296.38851261138916,147.28593,30.853636
47.2341194152832,288.85353088378906,141.9779,33.57274
45.43088150024414,284.5958595275879,140.71384,34.423103
38.060184478759766,282.9270877838135,146.1622,33.627895
32.46024703979492,280.31157875061035,150.09264,32.633724
66.91428756713867,285.72220039367676,123.70433,27.461834
102.21349716186523,286.64513969421387,97.13884,25.45464
85.595703125,279.7166700363159,104.0015,28.17782
116.02052307128906,284.19121170043945,88.31638,24.370308
117.90961074829102,281.68107509613037,82.10268,23.43262
118.78866958618164,279.7824230194092,82.12691,23.51369
118.37972640991211,278.24175930023193,81.9807,24.114809
119.1004867553711,277.0326271057129,80.933784,24.760918
117.91055679321289,276.3813171386719,81.94618,23.827545
117.93986511230469,275.7491159439087,81.871666,24.415068
116.71859359741211,275.620662689209,81.65268,24.101997
115.72542572021484,277.00444889068604,82.865074,23.72177
114.52647399902344,280.21163845062256,81.90388,22.132036
113.24827575683594,281.31688022613525,82.932594,23.046202
112.85612869262695,285.0252676010132,81.10309,24.148531
113.69488143920898,290.3316593170166,79.2966,24.475185
112.31148147583008,295.3636837005615,79.30238,25.522648
112.8459701538086,299.13751220703125,79.23356,25.605988
112.04862594604492,303.6935787200928,79.57803,25.730396
111.1931381225586,305.2132692337036,79.228935,24.88384
111.00705337524414,307.4656410217285,79.38034,24.74833
111.75600051879883,310.7984609603882,80.8371,23.839968
111.2956657409668,313.279842376709,81.44127,23.575432
111.67275619506836,315.13162994384766,82.60338,23.656189
112.1900520324707,318.72315216064453,80.58481,22.043182
111.60150527954102,320.58349800109863,82.05794,21.989803
109.9391975402832,320.76513862609863,82.6127,23.096798
109.17302703857422,322.92943382263184,82.590965,21.866688
108.77366256713867,324.0238084793091,82.8611,22.490911
108.18657302856445,325.50646781921387,82.323715,22.200993
108.14729309082031,326.3992214202881,83.48235,20.592487
107.6115951538086,327.92690086364746,82.17878,21.670338
108.20624542236328,329.3900079727173,82.882545,20.97357
107.72568893432617,329.04317569732666,82.795074,21.363615
107.89660263061523,329.8620414733887,83.3111,20.632393
107.04473495483398,329.65761280059814,84.0229,20.620642
107.8147087097168,330.48245906829834,83.37019,20.94829
108.30437088012695,329.5285997390747,84.60367,21.329428
107.62353134155273,329.9758777618408,85.34331,20.730694
107.40625381469727,330.19303703308105,85.995056,20.487339
108.13008499145508,331.4599943161011,86.850876,20.186014
107.70307922363281,331.1983184814453,85.12916,21.429398
108.21724700927734,333.6279411315918,87.062035,20.07183
107.92455673217773,335.20936012268066,87.23198,19.793713
108.84690856933594,336.0621795654297,84.829796,19.97438
106.92605209350586,336.44229221343994,85.817764,18.761396
108.09401321411133,336.6385440826416,86.67984,19.46484
110.67816162109375,336.65588760375977,83.32615,20.143196
111.72154998779297,336.68069076538086,82.68487,20.685081
112.41753387451172,336.35765647888184,81.06739,21.400654
113.0170783996582,337.7836217880249,81.383575,19.972765
113.65776824951172,337.49153423309326,81.29357,20.064478
113.95300674438477,337.0621795654297,82.20955,20.712082
112.54761505126953,336.89026069641113,83.84449,19.865932
113.53147888183594,336.18926906585693,82.542625,21.00374
114.21065902709961,337.23610401153564,82.75874,19.5884
114.69760131835938,336.5636672973633,82.629326,21.101364
116.34973526000977,336.86535358428955,80.84541,20.1715
117.36038589477539,337.4053649902344,80.475845,20.426712
118.73845672607422,338.45995140075684,80.97462,19.454777
120.5101089477539,338.63533115386963,78.96754,20.393171
120.6644401550293,340.09146213531494,81.37271,20.428083
121.37566375732422,341.3303737640381,82.29008,20.579823
121.7799186706543,342.96190071105957,83.543045,19.770092
123.09759140014648,343.5939178466797,80.2263,19.53859
122.57081985473633,343.5426559448242,81.06976,19.977722
125.06011199951172,344.49535274505615,80.0568,20.12401
127.68379211425781,344.4134569168091,79.62682,18.918844
127.41667938232422,345.6561470031738,82.15896,19.49401
128.76051330566406,345.29791831970215,78.75436,20.103367
128.32976913452148,344.7924995422363,79.49066,19.589622
129.06771850585938,343.9945545196533,77.82345,20.390835
128.8294448852539,345.4460802078247,80.54772,19.635397
128.97113418579102,345.505410194397,78.42268,20.475386
128.49980545043945,345.4279842376709,79.613495,21.333546
128.68808364868164,345.79789543151855,81.26486,20.696201
126.4753303527832,347.49442958831787,82.67363,19.784273
124.87062454223633,349.75300884246826,85.02077,18.727762
128.32561874389648,350.6108512878418,81.453964,17.858604
127.86581802368164,351.0674638748169,82.472626,17.85015
124.78168869018555,353.0701856613159,86.85237,17.055277
126.84676361083984,353.2168264389038,85.42542,17.14223
127.2204818725586,355.13420009613037,87.03805,17.850939
125.08057022094727,355.4656744003296,88.576645,16.666765
125.48635482788086,355.11381435394287,88.26451,19.04146
116.95682525634766,355.39277839660645,94.51295,18.295818
90.93233489990234,357.3823871612549,122.22547,18.647823
44.43339920043945,357.8367929458618,86.9433,19.33209
48.46717834472656,360.0096969604492,82.74174,19.918121
47.926048278808594,361.79993438720703,84.191444,19.496796
48.90334701538086,362.3758354187012,84.206055,19.98214
48.5163688659668,363.8684606552124,85.54785,20.774218
51.218475341796875,364.42167568206787,84.81782,21.81058
51.95119857788086,367.81517124176025,84.79825,20.34155
54.20162582397461,369.33820724487305,85.16756,19.103935
56.61039733886719,370.32789611816406,84.548515,19.905655
56.5036735534668,371.46283531188965,85.36748,20.32227
57.79062271118164,372.4019947052002,84.84177,19.061382
57.394039154052734,374.0871534347534,84.89455,18.973612
59.17011260986328,373.7406120300293,83.82598,19.226158
57.8940315246582,375.75186252593994,84.71773,18.345945
58.06052780151367,376.64037227630615,83.964035,18.185457
57.928436279296875,374.8527297973633,84.207405,18.635986
57.72547149658203,374.05023670196533,85.27305,19.06574
58.47541046142578,373.90928649902344,84.31776,18.84282
58.113548278808594,374.9656114578247,84.036934,17.858358
57.2546501159668,376.1149854660034,84.799194,16.956171
58.793601989746094,376.1713066101074,83.78309,17.046196
57.50080108642578,378.19531869888306,85.44248,15.901156
56.84280776977539,377.97620010375977,85.71126,17.065575
56.4654655456543,378.067645072937,85.273895,18.552546
55.90975570678711,379.02586364746094,84.75299,18.631607
56.864479064941406,378.55494594573975,84.408745,19.533419
56.846073150634766,376.8546619415283,84.26326,19.462337
57.424903869628906,375.6714382171631,84.30628,18.49149
56.081695556640625,373.7554111480713,83.92922,19.25378
55.29903793334961,370.1325283050537,85.78624,20.483738
57.020938873291016,368.64742279052734,86.63199,19.435806
56.052852630615234,363.8401584625244,86.7682,21.459347
57.03925323486328,361.54031562805176,84.356346,21.647259
56.52231979370117,359.07022285461426,85.19878,21.06419
57.209510803222656,355.8866357803345,85.17713,22.496168
56.72735595703125,353.6421546936035,87.536415,24.142967
56.65965270996094,352.3666105270386,87.07441,24.500437
59.69888687133789,350.73668670654297,85.574066,24.695618
58.943721771240234,348.73183822631836,86.965256,28.042854
60.799373626708984,345.508394241333,83.209,29.230663
61.867774963378906,342.84474754333496,81.38625,29.70818
64.0380859375,341.5608310699463,81.2134,32.15362
68.04830932617188,340.1456546783447,80.18684,34.827206
66.9478874206543,337.5228099822998,84.746826,36.127323
72.03775024414062,336.2454319000244,81.46229,38.405697
74.22887802124023,337.77280044555664,76.328354,38.89045
76.79449081420898,336.6131649017334,76.41809,38.922398
77.41133880615234,336.82410621643066,75.36884,39.631893
79.66154479980469,337.74077796936035,75.60316,39.252148
80.85232162475586,339.2575969696045,77.46721,38.603596
81.81916809082031,340.59646224975586,77.121284,36.309486
81.17853546142578,342.84302711486816,80.46711,34.151196
81.52491760253906,345.6954879760742,82.1144,31.123596
81.2866325378418,348.20605182647705,83.11377,29.582342
82.56381607055664,351.1981019973755,80.4565,26.85172
82.11514282226562,351.33967304229736,80.62458,27.188513
82.7430534362793,351.94925594329834,78.70317,26.408724
82.95752716064453,351.4605598449707,77.59452,25.187248
82.53602981567383,348.6110324859619,78.63931,25.14436
82.34366226196289,346.0464859008789,79.66185,24.65126
83.87788772583008,343.1639585494995,75.63211,23.337366
80.56574630737305,338.6796760559082,80.09119,23.226463
81.79175186157227,335.8463478088379,80.68164,21.755272
83.60014724731445,330.75094413757324,78.34029,22.848179
82.09987258911133,328.4540824890137,80.256195,23.177635
82.21113204956055,326.0085792541504,81.58246,24.896599
78.74913787841797,323.28678607940674,83.63035,25.73223
79.56676864624023,321.9534387588501,80.62796,28.881605
80.18262100219727,320.4542932510376,78.308975,30.089918
77.6262321472168,320.0624485015869,79.30577,30.79092
76.12506866455078,319.9893493652344,79.62664,31.225494
77.12078094482422,319.63144397735596,75.64826,30.834417
73.44321060180664,320.1381196975708,81.72354,31.156683
72.68628692626953,320.9966154098511,80.545235,30.27978
71.40398025512695,322.33925914764404,80.61607,30.162607
69.30873489379883,324.5164213180542,81.56723,29.141321
71.26114273071289,324.35291957855225,77.99957,30.613802
70.50992965698242,325.96842765808105,79.19827,29.896809
71.45082473754883,325.1332015991211,77.90073,30.553787
71.68315505981445,322.79838275909424,78.195175,31.94454
73.28085708618164,321.70409774780273,76.68532,32.115944
71.94115829467773,319.3152046203613,78.05371,31.575981
72.58853530883789,319.5383586883545,79.39404,31.402958
70.48466873168945,319.2616710662842,82.619644,31.497288
74.90045928955078,322.76632595062256,76.29438,28.293016
73.83952713012695,325.59467029571533,77.083405,27.901114
73.51048278808594,326.784649848938,79.776634,27.123892
70.9167366027832,327.8187952041626,80.88359,27.011335
68.41625213623047,328.2140531539917,83.460594,27.081827
65.74887084960938,329.1586103439331,82.89338,27.055002
64.75597763061523,331.2113199234009,84.27138,30.69937
61.708194732666016,335.84945583343506,80.230865,31.270662
58.28436279296875,342.2904739379883,80.685036,33.143387
55.18841552734375,349.5448341369629,82.18458,32.029396
52.35817337036133,357.37156105041504,84.05426,30.443233
50.376644134521484,364.5362091064453,83.34894,28.602173
49.9716682434082,369.617751121521,81.29175,25.965746
49.270782470703125,374.8567714691162,81.348946,21.16933
47.448219299316406,377.9324760437012,83.08248,21.184898
47.873783111572266,379.5300226211548,82.78798,18.654905
47.53156280517578,382.96417236328125,82.38241,18.059235
47.22517776489258,386.3129014968872,84.19942,19.253592
47.53324508666992,385.6571216583252,87.30148,21.609035
48.238319396972656,387.0519437789917,86.93595,22.234125
49.31201934814453,386.1776638031006,87.97962,22.102253
48.66126251220703,384.8893213272095,88.81074,21.606977
49.47930145263672,382.9836759567261,88.3525,20.03605
50.589237213134766,383.2454710006714,86.70984,17.511255
50.25289535522461,382.8690309524536,86.52031,18.636618
49.60437774658203,385.005051612854,85.27502,18.540586
52.818729400634766,386.81360816955566,82.66412,19.138958
50.8187255859375,385.6190233230591,84.73333,21.129751
53.03976821899414,385.2606897354126,82.243484,20.694777
53.74751281738281,385.6400547027588,86.18412,19.306057
56.31807327270508,385.16308975219727,91.04028,18.784966
62.2264289855957,384.24218559265137,123.0365,20.064167
63.291873931884766,386.3726758956909,129.63702,19.18841
69.71774673461914,383.8111448287964,146.27475,22.596048
107.93537521362305,374.97348976135254,152.07045,29.92358
126.37440872192383,372.98973846435547,136.103,37.422028
133.0620002746582,372.5060520172119,136.24808,35.34106
111.06457138061523,374.0986156463623,143.9413,34.75237
74.87501907348633,377.84125423431396,155.80579,29.840273
79.02518844604492,380.68831634521484,133.58308,25.260956
82.56178665161133,376.8272714614868,143.78705,29.799086
85.1939926147461,379.8884382247925,123.8352,28.17422
87.4310188293457,377.5196189880371,137.20425,34.411736
88.67997741699219,378.75526428222656,121.46201,30.877518
93.95330810546875,378.05014419555664,114.58726,39.231514
95.77186965942383,368.252161026001,145.88461,37.635555
98.88212203979492,366.4021244049072,141.48097,36.463284
102.24348831176758,365.2104263305664,138.71094,37.500427
104.1751594543457,366.41568756103516,136.46396,36.38913
110.2326545715332,368.16065406799316,129.6431,35.122677
113.0921401977539,367.98791122436523,124.09789,34.93145
113.09348678588867,368.6731872558594,125.565475,35.30229
112.69742965698242,367.87000846862793,125.43733,36.777363
111.63351058959961,366.8036518096924,123.05238,37.04414
109.35235977172852,366.3419952392578,121.98346,38.647293
109.19222640991211,365.8430347442627,119.02763,39.39723
107.33332061767578,365.5204563140869,118.41811,40.1087
105.23471450805664,365.72616386413574,113.85562,43.109455
105.55440521240234,367.6194152832031,111.51363,43.072037
103.40333557128906,367.84231758117676,115.31336,43.27403
101.65580368041992,366.88513946533203,116.837326,44.23175
100.8370246887207,366.0892753601074,120.45767,43.98867
100.20567321777344,367.0437355041504,123.365425,41.031105
99.1631965637207,366.5823440551758,128.89728,38.806183
95.5327262878418,367.93282318115234,124.61125,37.4104
96.71923446655273,367.59520721435547,129.97426,37.869843
93.10009002685547,368.9047203063965,127.12881,37.385612
93.63343048095703,369.05274391174316,107.2138,38.111263
93.08795166015625,369.42128562927246,95.123116,36.88126
89.98149871826172,368.2037181854248,93.74673,36.446735
87.28808975219727,368.0366668701172,98.39194,37.247055
89.12287139892578,367.7478370666504,89.49319,36.37165
88.69348907470703,368.80840492248535,88.785255,36.332424
85.82310104370117,368.6058826446533,89.28642,38.4882
85.40595626831055,368.55837631225586,86.72398,39.026756
79.44052124023438,369.0299243927002,91.86033,40.568615
76.2656021118164,368.3968334197998,99.26226,38.83791
69.62530899047852,368.9508228302002,101.37192,34.896618
71.94199752807617,368.0608425140381,100.22566,37.63004
68.70033645629883,367.04113578796387,104.401855,32.292713
70.20862197875977,367.5491609573364,87.2789,25.00347
62.8767204284668,367.0689506530762,115.08006,33.33355
73.10904312133789,368.4945888519287,173.63275,41.333164
61.35789108276367,371.34156608581543,197.32698,32.56798
119.10662460327148,370.9562129974365,151.67058,38.536564
67.35654830932617,371.77385902404785,187.48314,39.20312
61.926387786865234,369.10247802734375,193.76106,41.16948
50.406917572021484,369.3679389953613,195.76189,41.075356
53.737735748291016,370.00411796569824,204.80563,45.841602
41.87360763549805,372.9375858306885,215.7018,40.32046
37.12582778930664,372.9556636810303,213.92767,40.185734
38.634334564208984,373.1904296875,218.65309,41.5345
34.945804595947266,372.9433536529541,199.24167,34.957027
38.143497467041016,371.78892517089844,209.52869,38.26384
35.06996536254883,370.5099506378174,204.95721,35.48109
36.95344924926758,370.3795566558838,221.47461,38.272915
37.9065055847168,371.556827545166,215.61717,33.14225
35.81765365600586,372.0013427734375,228.58894,29.575699
37.567989349365234,375.1364440917969,221.1465,37.25392
38.834285736083984,375.8085708618164,228.5898,31.37976
38.21702194213867,376.86988067626953,238.57451,32.43811
34.27055740356445,376.1396903991699,236.81406,33.479485
35.11496353149414,375.48681354522705,239.87085,30.180563
36.34486770629883,374.0953845977783,245.32712,30.201519
36.950374603271484,375.6148376464844,234.40627,32.210403
35.82674789428711,376.21335792541504,243.91579,32.3706
37.51029586791992,377.70003509521484,239.15526,35.7825
36.89535903930664,377.1244783401489,236.31036,31.973104
39.11507797241211,378.17974281311035,210.277,36.10342
40.889400482177734,377.7136516571045,201.1446,33.76845
43.42348098754883,377.32032203674316,209.43552,32.922054
41.805362701416016,376.17377281188965,186.5169,33.16663
37.980953216552734,376.4424533843994,194.69936,33.597042
44.89332962036133,378.32955169677734,187.33649,37.131104
46.61433792114258,380.5379304885864,157.80392,30.700918
47.59353256225586,382.3484535217285,157.29198,33.84568
57.33491897583008,379.8303756713867,166.682,36.53244
51.51808547973633,379.92383003234863,166.14215,39.931652
49.7496223449707,380.030237197876,166.85397,35.70126
50.1935920715332,377.3837070465088,166.10895,31.626064
53.07449722290039,376.01012325286865,174.60767,30.933474
51.40607833862305,379.18160820007324,155.98671,31.90865
51.22652053833008,379.3961372375488,139.54016,33.326942
49.53191375732422,377.8676109313965,124.67721,36.54824
50.3323974609375,378.6444320678711,125.26374,36.836304
51.43623733520508,378.9974365234375,121.16351,38.902847
50.19620132446289,379.54416275024414,119.92493,40.42106
49.20841979980469,380.5268974304199,121.99183,41.925957
49.980690002441406,381.81289291381836,106.047966,42.355064
55.22477340698242,385.32812881469727,145.55104,44.64097
60.55887985229492,381.30133628845215,156.85323,53.79642
58.50149917602539,375.4000358581543,156.65268,64.00576
60.6207160949707,379.2840270996094,156.1047,68.11934
65.43088150024414,376.38826751708984,156.09012,71.90512
65.08599472045898,374.58361053466797,154.07289,73.775665
70.42817306518555,374.4945983886719,160.13173,76.26601
65.16827774047852,373.70694732666016,167.23438,81.23273
68.88602066040039,374.14889907836914,163.96362,86.80854
75.25085830688477,373.3603172302246,161.34125,89.71282
81.98994827270508,374.52549743652344,160.54984,92.49931
122.21053695678711,378.0513458251953,186.16542,85.37392
101.22237014770508,376.2715492248535,235.6564,91.10459
67.57324600219727,377.9652519226074,254.88544,94.99233
62.57315444946289,377.11919021606445,223.7641,97.392525
63.3363151550293,378.22265625,201.90202,98.33476
89.40197372436523,378.79858779907227,179.48286,100.5178
172.7429313659668,398.6422348022461,104.015976,87.05774
194.3551368713379,406.3235855102539,89.63223,81.10809
197.82902145385742,408.7814598083496,88.927475,82.5122
205.4183464050293,410.4745101928711,86.739,81.17267
209.50183486938477,411.02441787719727,87.927185,81.59046
216.73889923095703,414.0865783691406,92.03359,80.89189
222.27199935913086,414.9189224243164,97.49107,81.09274
227.20185470581055,413.6297492980957,97.20567,84.85731
230.21622467041016,416.2376136779785,92.62856,82.54423
239.21906661987305,415.9856948852539,90.74538,85.78723
240.94778060913086,417.80763244628906,92.56023,84.778366
153.56029891967773,423.1512641906738,82.81264,79.63007
159.50837326049805,420.6619338989258,92.61397,84.96939
73.66961288452148,373.07899475097656,153.47676,38.671677
74.47522354125977,376.00551414489746,171.92545,29.636448
78.07268905639648,377.3068656921387,170.01631,26.675926
80.95198440551758,377.2462854385376,192.26868,27.098295
78.29056167602539,370.9005184173584,180.40302,32.847996
75.95988082885742,375.98237800598145,189.8036,33.009075
78.71457290649414,377.1120910644531,191.51797,30.931625
81.32445907592773,376.99678802490234,172.731,30.099548
85.36893844604492,378.20789909362793,145.56822,25.902058
86.14273452758789,376.9530191421509,115.89984,24.43971
87.83734893798828,377.3569450378418,113.42593,24.559776
83.69378280639648,376.7446126937866,205.80794,27.938463
86.1308479309082,380.5335350036621,205.00153,28.230583
93.69518661499023,381.37804222106934,191.82057,31.452213
96.17380142211914,380.1727809906006,203.15439,28.199009
103.20296859741211,378.9876432418823,166.17085,28.634928
97.3077278137207,378.31262969970703,154.90674,24.472687
92.79278945922852,372.01974868774414,112.655334,26.687355
100.00512313842773,378.282395362854,145.8256,21.701063
104.46316909790039,379.2394332885742,140.12668,23.171417
106.38217544555664,380.0466537475586,135.14651,24.17041
107.00913619995117,379.5301218032837,132.5577,26.988844
106.23382186889648,379.47976875305176,131.21419,28.967083
104.66941452026367,379.63309955596924,135.01411,26.919668
102.32384872436523,378.63252353668213,140.12483,25.463545
100.62630081176758,380.6860103607178,147.28644,25.48685
99.43452072143555,379.85157108306885,153.83592,24.928984
97.66303634643555,377.030704498291,158.56627,25.006996
97.32477188110352,382.60321521759033,163.2898,22.797094
97.00146102905273,381.3729314804077,170.60103,21.65024
97.37693405151367,382.50782203674316,146.98189,22.821468
97.90340423583984,381.52962493896484,112.51205,23.288727
98.28499221801758,381.5595188140869,116.84888,17.890347
100.65224075317383,381.19516372680664,115.27185,17.95124
103.30370330810547,382.7429304122925,116.282646,16.630365
105.39151763916016,383.2514762878418,118.85955,16.53109
106.87424087524414,384.51326179504395,120.79819,17.298199
109.12158584594727,385.42103385925293,123.12213,17.60561
110.52817916870117,385.3368043899536,125.74718,17.001028
114.03256607055664,384.8024835586548,126.843994,18.18051
112.22643661499023,384.01226806640625,130.41197,17.381607
110.79414749145508,383.74538707733154,137.85571,18.108667
107.84548568725586,384.3550748825073,143.2494,17.235453
106.14113998413086,384.299111366272,150.3684,19.076933
104.47587203979492,385.24044036865234,155.49132,18.220276
102.36581039428711,385.6579122543335,162.13506,19.586626
100.66376113891602,385.12305641174316,167.16971,20.158596
99.09241104125977,384.8485097885132,169.51895,19.879686
99.45859909057617,385.3669271469116,175.1223,19.255816
99.1031379699707,385.8774814605713,176.9097,19.202358
96.64445114135742,387.4222421646118,183.9641,18.023756
97.79555892944336,387.18402767181396,189.12718,20.38196
96.01694869995117,388.5290861129761,186.75798,21.190683
96.71258163452148,387.8042058944702,161.25517,23.276094
93.45572280883789,388.1482353210449,112.8403,19.208458
93.22391510009766,386.8748445510864,114.02129,20.992514
91.48231506347656,385.7093095779419,114.27448,20.917578
91.01379776000977,385.6544876098633,117.15494,20.648987
91.05615615844727,385.6427392959595,120.217865,21.442595
90.60808181762695,385.5954866409302,122.117065,21.371695
89.71356582641602,386.261794090271,124.02423,22.361956
89.7587890625,386.43103790283203,126.37034,23.407806
90.63013458251953,387.1791753768921,127.58486,22.91672
90.24210739135742,387.03657150268555,129.08199,23.124748
90.34100723266602,387.16742420196533,132.2067,23.237646
91.64535903930664,386.89230728149414,133.5419,23.115913
94.3425178527832,387.8061008453369,134.69165,20.087734
95.6027717590332,386.47109031677246,136.13806,21.972416
97.1759147644043,388.6698818206787,138.90712,21.377872
97.36344528198242,389.1848087310791,142.30482,18.773983
98.3158073425293,388.9978485107422,143.65941,20.021774
99.72084426879883,388.6530704498291,146.70428,18.238857
101.52235794067383,389.43328952789307,147.8959,19.366835
103.23809432983398,389.0687131881714,150.56877,18.813303
102.43434524536133,389.81397342681885,153.85214,19.41464
103.14867782592773,389.27605628967285,156.0453,18.702267
106.87629318237305,389.7323522567749,159.1812,19.331667
105.87418746948242,390.26490116119385,157.55428,19.069181
104.96572494506836,388.8957643508911,158.50063,19.387686
105.52052688598633,388.42336559295654,163.16495,19.935694
108.61069107055664,386.898983001709,165.01877,20.50042
106.86202621459961,386.5030937194824,193.23256,21.17199
106.30771255493164,386.6484479904175,207.00183,22.872461
106.34671401977539,387.44064140319824,208.74985,22.854511
110.39953231811523,387.465859413147,204.46126,22.815825
116.46077346801758,387.1785192489624,203.30115,22.70453
138.63962936401367,387.7314758300781,185.69948,23.769882
149.01677322387695,387.3293876647949,173.83044,21.79821
155.72539138793945,386.05266857147217,165.1847,21.4125
183.68579483032227,385.9510793685913,140.15005,19.254625
191.14502334594727,387.42224740982056,132.73444,14.675265
180.70295333862305,387.26608085632324,143.58348,16.660023
189.52573013305664,384.898099899292,163.83899,18.96288
189.6097755432129,380.85840797424316,135.20248,22.110836
181.18098831176758,384.62487506866455,139.90512,19.785727
203.56268692016602,383.6278820037842,121.61694,17.743092
214.3255958557129,383.6105947494507,102.611084,18.183397
216.97695922851562,381.98338317871094,99.75327,20.75467
218.99761581420898,383.5280427932739,98.74925,19.598272
217.61987686157227,383.85464668273926,97.22354,20.493343
219.82975006103516,384.19951152801514,95.27845,20.595026
222.80001068115234,383.5972661972046,91.58454,26.280779
224.17061233520508,383.64329719543457,88.743546,21.60847
223.65874481201172,382.82425689697266,88.758064,21.498657
226.132568359375,382.15897941589355,85.41175,20.78223
227.8609619140625,380.73167514801025,83.815285,23.59564
228.84691619873047,379.5399341583252,81.8677,24.015133
231.8730239868164,379.2530059814453,78.48365,20.484055
230.01977920532227,380.32047176361084,78.758865,19.761217
230.74693298339844,380.7218179702759,81.04128,19.881376
228.76741790771484,380.3236846923828,82.830605,19.355469
228.06079483032227,377.7456512451172,86.12912,21.354294
228.8235969543457,378.8082513809204,88.51413,20.882307
228.00375747680664,378.73062229156494,89.9579,20.284239
229.65203857421875,377.8499183654785,90.91679,20.625282
227.98998260498047,377.9005546569824,90.020164,20.250725
226.9431610107422,376.7896480560303,93.53892,21.563587
226.7039680480957,377.08212184906006,96.58954,22.361269
224.64678192138672,376.6209020614624,103.24197,23.643465
225.32821655273438,376.3011770248413,104.01571,23.363344
223.80780029296875,375.5669002532959,106.85015,23.650547
222.03520965576172,374.78423500061035,104.75126,22.256557
222.95081329345703,375.20199966430664,106.07189,20.799217
219.50247955322266,374.96487045288086,106.75321,21.241554
217.25311660766602,374.8368663787842,110.19672,21.843311
216.56411361694336,369.48616790771484,138.13814,28.10971
213.46877670288086,370.4814395904541,160.04619,26.16
211.91862869262695,369.6090440750122,149.77167,28.194494
211.83748245239258,371.29475021362305,147.67123,29.86425
207.05474472045898,368.47960567474365,149.33318,29.95093
196.2920799255371,371.7233695983887,144.62105,27.755394
210.36499404907227,371.31125831604004,154.74948,24.64053
186.8966941833496,372.0846004486084,152.39839,28.061527
187.59164810180664,372.6863212585449,173.73737,24.94915
376.5692253112793,442.13896560668945,84.39079,83.96842
456.6814155578613,436.93122482299805,81.085236,83.457115
457.7265167236328,433.9324531555176,80.9347,85.70255
458.13439559936523,432.5168762207031,80.51909,89.05357
458.24295806884766,431.57251358032227,80.072105,90.40925
458.53411865234375,434.01845932006836,79.743965,87.95428
455.7780227661133,433.071044921875,81.71856,91.10957
455.76036071777344,435.12977600097656,81.492805,88.62288
453.09620666503906,435.421573638916,83.05387,89.11045
452.1819839477539,436.8127136230469,83.17666,87.67876
451.8985137939453,438.45067977905273,83.649635,86.68481
449.1962471008301,439.00063705444336,84.7742,87.29571
450.41894149780273,440.0505714416504,82.925644,86.036964
450.5414276123047,440.1806983947754,83.34821,86.8335
448.73921966552734,441.60399627685547,84.46462,85.0639
449.54218673706055,441.6147270202637,83.98805,83.52831
449.14041900634766,440.90747451782227,84.07119,83.76917
450.0919303894043,439.88372802734375,83.4052,83.62926
450.5853080749512,436.08498764038086,84.74742,84.43786
452.5106315612793,434.71205139160156,82.59358,83.688614
451.37007904052734,430.2735023498535,84.583244,83.182045
453.8587188720703,427.35064697265625,81.78739,83.81328
453.16004180908203,422.17457580566406,83.76635,82.6635
455.6986503601074,417.22741317749023,81.80647,81.776054
457.456974029541,410.98037338256836,80.51718,81.342155
457.6104202270508,402.4711723327637,81.14745,82.50588
457.9712333679199,394.3613624572754,80.63808,83.35743
458.35423278808594,385.52980041503906,80.171486,81.6595
459.76642990112305,376.2349052429199,79.24788,81.33611
372.1908493041992,422.2245559692383,81.92666,82.70236
372.01159286499023,418.864070892334,81.41118,82.047386
370.4702339172363,411.6083679199219,86.3298,84.92238
370.0873146057129,405.8663101196289,85.54547,82.04019
366.6151542663574,400.63270568847656,89.72221,76.98207
360.6348991394043,394.72362518310547,92.08266,76.424805
425.8648452758789,348.94422912597656,96.58788,63.778015
427.4354057312012,349.12907791137695,95.50511,58.291252
427.42373275756836,349.7613945007324,96.02495,57.148262
427.40628814697266,349.56197929382324,87.93166,55.30277
424.9839973449707,349.6702823638916,113.246735,53.46052
424.55290603637695,351.79219818115234,154.75122,50.79802
422.1915855407715,353.1189384460449,161.59926,46.874
421.9843940734863,350.740177154541,156.40317,47.11654
349.86381912231445,356.0540294647217,207.16977,57.209385
370.4709587097168,351.0543670654297,167.26396,51.52237
254.46315383911133,373.59521293640137,165.62242,44.679325
243.42405319213867,373.00874519348145,186.27692,40.579952
255.23010635375977,375.9438533782959,162.57768,37.249348
253.44841384887695,378.0193557739258,150.68538,31.824326
244.00175857543945,375.84728240966797,164.95723,38.920273
222.99987411499023,378.9076108932495,166.54758,31.542475
237.79487228393555,378.207067489624,151.13351,33.435993
151.21171951293945,378.4003200531006,186.99081,35.42513
254.84076309204102,377.808162689209,137.04779,30.551826
202.65429306030273,377.9467372894287,161.04187,28.527332
244.36413955688477,377.1621141433716,138.8531,24.652334
228.18129348754883,375.0647563934326,122.79573,31.278751
205.09568405151367,374.74294662475586,144.87817,33.059425
178.08874893188477,375.59810638427734,165.76698,32.719315
142.7808952331543,378.04766845703125,186.98837,35.866302
144.73036575317383,379.71799087524414,185.8622,39.086143
139.90522384643555,379.89373207092285,193.98462,35.62187
141.74927139282227,380.8296318054199,186.9005,33.634438
142.70033645629883,380.07519340515137,192.98512,34.24558
142.85422897338867,381.11291122436523,190.07382,36.04856
141.05409622192383,379.82113456726074,189.8655,35.634617
140.21401596069336,379.1676254272461,187.97491,33.52382
139.68584823608398,382.00447845458984,170.77423,30.813095
140.38836288452148,382.7299556732178,166.74515,28.914753
139.51098251342773,385.4657049179077,150.9253,26.382555
162.94585037231445,381.0517168045044,162.1526,29.215536
222.4876365661621,376.14564323425293,147.58182,32.310368
240.29766464233398,372.1395854949951,150.1496,33.85596
252.8704490661621,372.7075386047363,146.67706,32.99218
247.60245895385742,372.3860778808594,146.76431,35.100586
194.69892501831055,376.3171844482422,168.93863,30.424835
149.07272720336914,377.6732234954834,190.87062,32.99056
142.60640335083008,380.1082000732422,174.35686,35.982178
138.54213333129883,379.4563808441162,188.59685,31.89632
139.96905136108398,380.4551582336426,170.05344,34.234673
138.13986587524414,380.5711154937744,185.61937,34.5081
138.28643417358398,384.0093126296997,147.11295,31.881979
136.3229103088379,386.7481441497803,127.92485,29.746998
134.66737747192383,388.67119216918945,124.97975,27.749779
135.87946319580078,386.5321846008301,120.79191,26.267082
135.33618545532227,386.33101081848145,125.29994,24.21185
138.62225723266602,387.5879726409912,120.89339,29.506855
136.03017044067383,385.06675243377686,122.36217,26.77003
136.43438339233398,385.5185089111328,117.17938,39.563293
136.8054542541504,383.7703170776367,109.313095,37.654892
135.18831634521484,384.1153745651245,114.10346,30.820826
136.23435974121094,383.1573123931885,107.49102,31.22697
136.10486602783203,380.6382236480713,107.75898,30.81364
135.7520980834961,380.5132637023926,112.741554,33.17916
134.81281280517578,380.29122734069824,112.17573,32.84772
153.07738876342773,374.5901927947998,157.99704,27.69498
222.44945526123047,372.2228994369507,104.94611,25.492556
231.39929962158203,370.2614812850952,96.61103,29.371721
179.75696182250977,377.22662353515625,84.026505,32.695343
131.4837188720703,376.031400680542,124.813896,41.26267
136.08734130859375,376.39072036743164,117.960045,50.212975
131.5098533630371,380.52839851379395,116.04251,56.301266
137.68188858032227,381.6057529449463,111.14192,62.33949
136.34332275390625,385.61585235595703,108.79165,68.04933
138.2761001586914,388.695858001709,102.86881,69.99827
139.20689392089844,391.8483352661133,98.44198,74.8401
141.13647842407227,392.30131912231445,92.204544,75.58474
140.2843360900879,390.82679748535156,83.930984,83.96808
139.57354354858398,393.6193084716797,77.72073,87.118225
140.45990753173828,392.0666961669922,79.02058,89.864044
137.95968627929688,393.99034309387207,82.77709,32.174618
141.63226699829102,395.4098768234253,79.93082,17.323938
140.53564071655273,395.41796875,81.57851,16.909409
141.0809669494629,395.90728855133057,80.45712,16.428526
141.97154998779297,394.3861885070801,79.51046,50.027214
138.4028549194336,391.17605209350586,70.722786,67.810646
139.94593811035156,384.6594657897949,75.72115,58.60058
139.87025833129883,380.2676773071289,80.00514,62.937286
133.2280616760254,374.4168529510498,92.98656,63.010334
132.28513717651367,373.25080490112305,96.500854,51.229546
137.05837631225586,375.39256477355957,136.53705,45.424816
140.56825637817383,376.0508270263672,148.68684,48.88698
141.75561141967773,377.66159439086914,147.76968,45.254066
146.8196678161621,376.7281494140625,141.58539,38.95143
142.61470413208008,375.4880180358887,146.3611,38.856438
141.98009872436523,373.60599517822266,146.05536,37.87198
141.32177352905273,374.9621334075928,146.04593,37.399082
142.66814041137695,373.7159309387207,143.61366,35.177803
140.75703811645508,373.9918975830078,145.101,36.321793
141.22231674194336,372.8111324310303,144.08295,36.888737
139.68297958374023,372.6351547241211,144.91714,36.128174
137.72754287719727,373.35261726379395,145.66148,35.157024
138.54460525512695,373.9533462524414,145.7165,36.298218
144.81502151489258,370.9747886657715,139.39375,35.060783
130.99580764770508,373.7208557128906,152.38652,36.606064
132.87629318237305,372.18890380859375,150.10797,38.399643
129.6923484802246,374.76636505126953,154.49701,38.689423
132.71974563598633,371.81409645080566,151.59636,36.04394
144.8003273010254,377.4373254776001,137.85857,30.248564
138.80861282348633,374.00890159606934,144.37556,37.683475
135.12395095825195,373.20169258117676,149.57161,38.21034
128.71047592163086,375.14915466308594,155.80319,41.109634
127.24762344360352,372.26635360717773,158.19774,41.75759
133.6290397644043,374.1013526916504,151.21255,39.11277
124.38858413696289,372.0630702972412,161.01851,43.36713
138.19097518920898,374.06381607055664,145.6612,35.755592
128.41989517211914,373.6009330749512,156.19493,42.309013
129.5913200378418,371.8782558441162,154.47864,39.8028
129.77246475219727,371.85787773132324,152.62581,42.62105
130.13734817504883,372.1425247192383,152.3397,42.944916
133.97881698608398,370.73395347595215,145.99152,43.63431
136.26852798461914,370.3545799255371,142.69228,43.512383
137.99038314819336,369.1650924682617,138.35074,43.548737
140.93117141723633,368.0475559234619,136.1876,40.210415
141.30087661743164,368.3942241668701,133.06285,34.68401
144.06125259399414,367.76111793518066,129.97063,36.927822
144.3761100769043,367.0767459869385,128.31503,39.53982
144.1678237915039,367.75583839416504,127.560005,39.956112
145.04597091674805,368.16976165771484,127.425476,37.015106
146.33900833129883,368.7893409729004,126.468765,36.06974
146.05431365966797,370.47858810424805,126.45454,34.36904
146.05083084106445,371.9107322692871,126.72972,33.261253
146.80851364135742,371.73987197875977,125.827576,33.15461
144.0053596496582,374.40589904785156,128.88005,30.645096
144.2056007385254,371.38693618774414,128.66713,36.103462
143.23662948608398,372.2019729614258,129.11307,32.20938
141.8710594177246,369.97224617004395,130.73236,32.40437
141.58760452270508,369.7865390777588,130.42781,32.504086
140.14934158325195,367.53632736206055,131.95296,33.95736
140.50976943969727,366.9092216491699,133.50941,34.342766
139.86175918579102,367.3294219970703,134.21397,35.018265
138.55823135375977,368.28056144714355,134.82521,34.79952
139.14236068725586,366.33013916015625,133.7286,37.03813
138.78700637817383,367.4797782897949,133.1132,35.893852
138.98151779174805,368.4117126464844,132.89102,36.664627
137.09059524536133,369.2625732421875,132.97398,38.287888
136.13848495483398,370.178466796875,133.33582,38.436295
134.90037155151367,370.93079948425293,134.1456,39.83135
136.14807510375977,370.91718101501465,133.09068,40.776005
136.37272262573242,371.92591094970703,129.4154,41.845398
136.2633934020996,373.6336154937744,126.62265,41.66174
138.10436248779297,373.28828048706055,122.08283,42.914177
139.00938415527344,374.16790199279785,119.059074,42.46139
139.97256469726562,371.36672592163086,114.886925,45.266075
141.5017204284668,369.55738067626953,112.05835,45.479004
143.8272476196289,381.17364501953125,106.456795,32.938553
145.45381927490234,368.1817798614502,105.21122,38.273174
146.6440544128418,368.3659725189209,104.136566,39.483128
148.34791946411133,362.5369529724121,108.05095,44.483665
150.8751564025879,364.79704666137695,106.44365,41.329994
151.58437728881836,364.1140251159668,106.70038,39.813194
154.4870376586914,363.20138359069824,108.27851,36.40688
155.0233268737793,363.80198097229004,109.20355,36.039852
155.86345291137695,364.3144989013672,109.976,35.71016
157.06779861450195,363.8097839355469,111.40526,37.217453
157.6220817565918,365.9600086212158,110.12378,40.78227
158.2467803955078,366.7989501953125,111.04192,37.30812
157.49553298950195,368.3477897644043,111.30684,44.76687
159.63108444213867,367.6467342376709,109.72485,37.383976
158.19863891601562,368.44741439819336,112.31182,38.377098
159.05714416503906,368.67124938964844,112.327446,34.226883
158.95980072021484,365.5536460876465,113.07639,27.829674
158.8692855834961,363.75185775756836,112.878975,40.01803
156.08212661743164,365.02869606018066,115.307816,36.86224
154.33353805541992,362.94989013671875,118.2775,38.150436
152.4703140258789,362.2464962005615,119.71839,38.26932
147.86236953735352,362.95535469055176,123.34578,39.007305
145.2835235595703,363.2465286254883,125.48199,38.037415
143.56628799438477,364.91314125061035,126.87111,38.26269
139.84462356567383,364.80177307128906,130.93044,38.762344
137.4355812072754,365.01547622680664,133.85667,39.071846
134.92547225952148,363.8839740753174,136.80737,36.99876
130.7143440246582,365.2771816253662,140.52367,35.111973
127.84904861450195,364.23790740966797,146.69658,34.996033
124.72912979125977,363.66280364990234,151.85878,34.240784
122.36681747436523,364.18507194519043,157.23868,33.70464
120.97855758666992,363.1155776977539,159.94897,34.588654
119.5700569152832,364.18124771118164,164.04234,32.943153
117.73354721069336,362.6626319885254,165.32709,33.64341
116.57619857788086,362.47507095336914,167.63034,32.743507
114.80547714233398,361.68091201782227,167.1976,31.293068
115.24395370483398,360.4418363571167,164.85675,29.42634
112.17190170288086,358.51455307006836,167.09415,33.358696
110.45727920532227,356.7860851287842,173.9651,37.40627
110.45741653442383,354.64437103271484,173.80147,42.44586
107.11558151245117,352.8820495605469,185.0,56.96077
107.89271926879883,352.6374816894531,188.994,69.14348
142.72121047973633,354.5155601501465,158.4951,84.76983
169.46036911010742,358.5704765319824,139.55432,89.105675
163.2741355895996,359.5411567687988,153.51022,95.086006
163.41510391235352,363.24620819091797,154.07918,105.65094
218.71258544921875,373.62557220458984,102.88003,102.91327
223.6284637451172,378.1039505004883,96.149254,105.226166
332.401912689209,407.370304107666,78.80878,77.85581
329.1736259460449,410.0135192871094,83.05185,78.58174
322.10254669189453,412.24952697753906,72.48069,79.846085
322.26122093200684,412.7854690551758,62.79475,78.09885
324.86219596862793,408.6626167297363,49.778347,82.52244
324.03917503356934,398.25852966308594,42.040173,102.63768
251.78594398498535,398.1290740966797,55.83388,110.19731
243.30701065063477,398.1094284057617,53.59787,109.56497
215.62152099609375,397.4797897338867,71.27207,100.58621
211.8258171081543,406.93907928466797,70.1042,89.442474
198.26324462890625,406.97582244873047,77.51081,81.67029
185.38164520263672,402.9771385192871,84.13314,80.86285
178.24549865722656,397.50003814697266,83.82731,80.03613
174.692138671875,392.63806533813477,83.5648,78.74296
174.2628402709961,389.2087821960449,81.59014,72.63021
170.53900909423828,386.5227279663086,81.293724,64.54889
132.01146697998047,364.01953887939453,92.51296,36.308258
139.08622360229492,367.82008171081543,147.39018,29.654682
143.31228256225586,364.5591411590576,132.77458,30.512897
146.19802856445312,363.94829845428467,126.15061,26.960566
149.55047225952148,363.34312629699707,121.414566,27.744335
150.11866760253906,363.80581855773926,120.27332,25.241192
153.5440559387207,365.23367500305176,115.875824,25.426983
155.65076065063477,363.91876792907715,114.29367,27.406101
155.9701156616211,361.8592176437378,113.41985,23.328943
156.9914321899414,363.85636138916016,114.32546,23.13211
156.49481964111328,363.81892013549805,115.3211,39.795708
156.03355407714844,364.72768115997314,115.60813,25.43427
154.13479232788086,365.71174240112305,118.338486,34.661766
153.90980911254883,363.98750591278076,119.48093,26.722025
151.87096405029297,366.98325538635254,123.1567,29.896938
148.87428283691406,367.4021644592285,126.76966,43.11506
146.32146072387695,368.50989723205566,129.43924,33.73007
144.62103652954102,367.2251625061035,131.60077,37.64112
143.86138534545898,366.7772331237793,133.43001,38.016563
140.12607192993164,368.2879066467285,138.8251,45.502083
140.56457138061523,368.9417495727539,137.99593,39.670044
140.22918319702148,368.4028511047363,140.79262,42.471046
139.34081649780273,368.7739887237549,142.07484,33.16087
138.58540725708008,369.1281261444092,142.16571,46.299152
139.13176345825195,369.46543312072754,142.99457,43.91122
138.92802810668945,369.3837585449219,143.76904,29.956863
140.04919815063477,369.05610275268555,141.07764,41.851036
142.0319938659668,367.8813190460205,137.47255,34.156475
143.23359298706055,365.83162117004395,135.86678,41.92848
144.7970085144043,365.0643730163574,131.86116,37.838707
145.17033767700195,363.61267471313477,128.96884,33.167152
146.22588348388672,363.0276412963867,126.136986,46.92859
147.22547149658203,362.78699684143066,124.10964,47.27331
148.06287002563477,363.3033103942871,122.95288,43.7564
148.97134399414062,361.9842166900635,120.97889,42.722347
150.81095504760742,363.2224712371826,119.42702,38.746082
151.21664428710938,363.1672172546387,118.37498,40.008995
149.4802474975586,363.29442405700684,119.96154,40.75086
148.1734161376953,362.7154026031494,121.03043,40.911312
148.0187225341797,363.1354179382324,119.99741,41.42959
147.7180519104004,363.3397464752197,120.14346,37.67596
148.58155822753906,363.2456741333008,120.57047,34.992035
151.02833938598633,361.92994499206543,118.90564,28.223072
148.90327835083008,363.22982597351074,122.57913,28.552326
149.30000686645508,361.24693775177,122.22986,27.561804
149.05995178222656,362.97428703308105,122.84733,27.05965
149.81144332885742,363.03368186950684,121.92787,26.906223
150.86342239379883,362.20832920074463,121.75226,25.340254
150.6613998413086,363.84660625457764,122.21285,22.932077
151.23119735717773,364.4341106414795,121.63493,27.097218
150.76615142822266,362.68753814697266,121.9027,29.914734
150.8275604248047,363.8780851364136,121.35078,29.2689
150.87177276611328,364.3544006347656,121.123985,34.833664
153.17595291137695,365.75653648376465,119.78525,32.20612
152.1532440185547,367.29133796691895,118.51435,38.771435
152.2706184387207,369.01834869384766,117.00604,38.270813
151.33878707885742,369.69258308410645,115.76662,39.79951
151.7153549194336,368.55904388427734,113.922874,49.158295
153.79376602172852,367.9448471069336,109.54593,56.358612
154.48220825195312,366.91627311706543,106.16065,47.350758
154.46055603027344,365.9322204589844,104.36707,45.121994
155.70999908447266,365.58873558044434,101.47286,43.76627
151.05454635620117,362.1547660827637,104.22414,52.37063
146.50124740600586,362.5724182128906,107.223526,57.888412
144.30300903320312,361.98851585388184,108.5333,56.583897
144.4001350402832,361.1861000061035,107.41257,52.735817
142.76739501953125,361.57867431640625,108.35578,50.73317
142.0805435180664,362.5891532897949,107.95403,45.460808
140.46936798095703,362.9965076446533,108.68105,37.29768
139.62908935546875,364.18976974487305,108.39204,39.515373
137.80465698242188,365.4707736968994,109.49769,35.830746
137.31763076782227,365.89024353027344,108.108215,28.457077
136.7771339416504,364.9338569641113,109.32526,28.14637
135.58452987670898,365.4575386047363,109.208115,32.546852
133.8780860900879,366.006139755249,109.45941,35.45725
132.54232788085938,367.19965744018555,110.71186,36.797386
132.59332656860352,366.39545249938965,109.431946,40.0842
131.2209243774414,366.7793483734131,110.24947,43.13883
130.62173461914062,363.947790145874,110.912575,42.251072
130.49147415161133,362.3462104797363,110.47876,39.948463
124.46729278564453,361.54565811157227,115.97909,45.030586
126.10306549072266,361.40209007263184,114.78976,39.579838
127.92567443847656,361.7660427093506,111.87553,36.37772
118.10589981079102,361.8031311035156,122.23816,40.830734
114.81919860839844,362.59607887268066,125.5106,40.366207
112.24225997924805,365.18504333496094,129.78609,42.740524
111.59955978393555,365.98974609375,131.62914,41.415512
109.18106460571289,366.2237911224365,134.71738,44.74457
105.95318984985352,365.6537494659424,140.2713,47.048534
104.96262741088867,364.13722229003906,143.615,46.75746
103.38932418823242,364.0965881347656,148.61403,45.002792
100.62295150756836,363.197566986084,154.08406,44.629448
98.37008285522461,363.03293800354004,157.75664,41.416714
97.98193740844727,360.9546928405762,161.38559,40.74624
94.3803596496582,363.9671745300293,167.14496,37.655388
92.6131477355957,362.0040054321289,169.80606,41.03055
90.2491569519043,362.6538772583008,171.83333,40.98056
89.18094253540039,364.51221656799316,175.49307,38.71069
87.1823844909668,364.88593101501465,178.65498,39.813267
85.56758499145508,365.8009624481201,182.13208,38.680225
84.4775505065918,364.9271488189697,185.05305,33.126156
77.8457145690918,364.4389839172363,196.11684,37.116768
78.2880973815918,365.67804527282715,200.97673,37.818058
72.10272598266602,365.87740898132324,206.02252,37.53832
69.27814865112305,368.71594429016113,213.6555,39.295574
66.94044876098633,370.1648464202881,221.54758,41.364323
65.2760124206543,370.2397994995117,225.04582,40.97516
60.26345443725586,370.5090579986572,235.56557,42.591488
58.13959884643555,372.73645210266113,233.93132,47.177837
55.975284576416016,372.68067932128906,216.91394,47.173416
53.34189987182617,369.2949848175049,153.01387,44.30827
