6.5,166.5,42,26
6.72190006457695,165.83931839672488,42.68305883350867,26.32136320655026
9.077938502294163,165.68593325252155,43.36608148941159,26.628133494956884
11.564022314753991,165.62374651215188,43.86573188008397,26.752506975696246
12.488876700710879,166.15260332694123,44.223831983715264,26.79869778389008
13.38160345523183,166.6331562862125,44.65841325794948,26.947609256985594
13.714859971130764,166.5410877688625,45.11089780194628,27.131746291685616
15.892706538978768,166.43275940771417,45.270552648560646,27.348403013982246
16.367225965578616,166.9166101077545,45.45637903715325,27.515566855693887
19.146192482765404,166.83459296694383,45.60068877060993,27.679601137315224
20.343025608858824,167.3396127071518,45.49774344467234,27.814922120023923
20.26319076558889,167.2510427562922,45.6574131312122,27.992062021743095
22.500933377276773,167.8640007001041,45.78778062260159,27.9176093128106
24.16605038513924,167.86543741842905,45.91400952494529,27.914735876160687
24.61654599607813,167.84485124234106,46.167005230695025,27.95590822833671
26.310830012181533,167.83873070858783,46.25378397755247,27.96814929584313
27.381794965864096,168.35363467347355,46.43174902461483,28.098288843285474
27.944380810269998,168.30731331465532,46.47136732514542,28.19093156092192
30.73722916478066,168.2685952296591,46.72037222786138,28.26836773091433
31.246345247794096,168.7310961343956,46.874093287744785,28.515319147351583
33.48242090730592,169.28681717486978,47.11554740425775,28.582278425287434
35.32303573999077,169.2973284236748,46.98369531694998,28.561255927677372
36.41479237342533,169.31229052448373,47.16179732357935,28.531331726059506
38.73850933121855,169.27303452287435,47.24619012017768,28.609843729278282
39.85177124477852,169.3052254648219,47.3907382631752,28.54546184538323
40.362494800435044,169.3043666573887,47.555894653176445,28.547179460249588
42.11622533075586,169.92909778522534,47.615705331681724,28.486807784291962
43.8730687576591,169.94748439062835,47.66890500488439,28.450034573485937
44.30130377462335,169.96868400584623,48.00156795510125,28.407635343050195
44.811057946285686,170.54504298393195,48.17542230877759,28.448280083879766
45.29322890490728,170.55685225419973,48.40771337357673,28.424661543344207
47.67290448649241,170.50523996375358,48.44709858292586,28.527886124236492
47.53708400843936,170.37031924813095,48.71873953903197,28.79772755548173
49.277940249997144,170.84468706159726,48.868863158059675,29.059603962596878
49.161396228958104,170.7957246828385,49.10195120013775,29.157528720114364
50.30497707261414,170.82807575903317,49.259561965344446,29.092826567725073
51.5816069591251,170.81426097710445,49.15357313831123,29.120456131582507
51.56793055754275,170.8259545052869,49.18092594147592,29.097069075217632
52.825544647768794,170.84182655946572,49.110775121879016,29.065324966859997
54.64202845721684,170.90825228441804,49.14068684749171,28.93247351695532
56.283013320427074,171.40936894135945,49.5161928957175,29.14939879462125
56.74728002141016,171.42041549712656,49.816063867562775,29.12730568308708
57.86725139420627,171.47716245375503,50.04108789131884,29.013811769830127
59.05839820142975,171.51345388334994,50.12659484228229,28.94122891064032
60.24504424330882,171.59436995069998,50.221178743023316,28.779396775940214
62.04345838478872,171.65900358374157,50.32213382315941,28.650129509857024
62.668311884480374,171.6492694677778,50.30432150050893,28.669597741784564
63.20263581612653,171.54343424099477,50.467635266841825,28.881268195350607
65.62764266152209,171.50731486638009,50.56952217485812,28.95350694458001
67.43296388811416,171.48739790564406,50.68101257402485,28.993340866052073
67.98268887879638,171.44358241792068,50.82460149698636,29.080971841498823
69.19586914407137,171.29344522663305,50.891548627301006,29.381246224074076
70.3503489106706,171.10984653166508,51.0880703820445,29.74844361401001
70.9187878956559,171.0443200652803,51.21307040136746,29.879496546779592
71.43718245267155,170.96182265145626,51.442233409199204,30.04449137442768
72.57596138791459,170.9031126018988,51.70896885080856,30.161911473542553
74.92737019477158,170.90091607081112,52.118524860320484,30.16630453571794
75.973138516078,170.8773525655669,52.59547586678491,30.213431546206376
76.55463000026944,170.84822205190704,52.72460675919831,30.271692573526106
76.51537992121908,170.84242668619964,52.80310691729905,30.28328330494091
76.99593166240689,170.8472058347627,53.13837949629568,30.27372500781479
78.27298779193262,170.74489252315007,53.18662762112105,30.47835163104005
79.36868763384734,170.58735128791204,53.60596703516069,30.793434101516095
79.28872726678206,170.51487622645925,53.765887769291254,30.938384224421668
79.70068449007513,170.5238954604085,54.263733287784035,30.920345756523147
79.57010408872148,170.52161408543125,54.524894090491344,30.924908506477678
79.31598036644516,170.39340660298566,55.03314153504397,31.18132347136884
79.06723465329515,170.40414984244504,55.530632961344,31.159836992450117
79.54145622695393,171.11663456041993,55.93384012412746,31.086517866601362
79.58585515728865,171.22053041238803,55.84504226345801,30.878726162665146
79.5290125909089,171.16875266402616,55.9587273962175,30.982281659388917
79.35297748344308,171.06872335568795,56.31079761114913,31.182340276065325
79.12966021926339,171.61506141198208,56.757432139508516,31.45322812375829
78.94729045194286,171.5722909105482,57.12217167414957,31.53876912662605
79.58626147241584,171.50683655762947,57.225856662735254,31.669677832463513
79.58297531522305,171.978993931921,57.23242897712085,32.110754612175846
79.54394299008209,171.9850193838373,57.31049362740278,32.09870370834326
80.19765547128235,171.9251264947002,57.39702264178101,32.21848948661746
79.98010127508243,171.97162894135232,57.83213103418082,32.125484593313246
79.93531251046711,172.00326054009102,57.92170856341147,32.062221395835806
79.74243989417619,171.9597757519506,58.30745379599334,32.1491909721167
79.50205145952738,171.81939164970532,58.78823066529094,32.429959176607184
79.29764275084791,171.99970151462261,59.19704808264987,32.06933944677263
79.10231326370767,172.82418084110626,59.587707056930356,31.841685379984597
78.97722759310051,172.70656205694394,59.837878398144696,32.0769229483092
79.53145754994844,173.17338659784826,60.160295323977365,32.57415070602911
79.4546686796285,173.06858935500776,60.31387306461728,32.78374519171013
79.51947748415536,173.7004666375954,60.18425545556354,32.969980699197166
79.50160622934308,173.5538317384316,60.219997965188114,33.26325049752477
79.48999553627998,173.4285993385313,60.24321935131431,33.51371529732537
79.40012124099536,173.34006957151914,60.42296794188353,33.69077483134968
79.2421463541034,173.1965503934294,60.73891771566747,33.97781318752921
79.00647558838925,173.0283884048285,61.210259247095756,34.31413716473098
78.78997535917108,172.8965346035265,61.643259705532095,34.577844767334994
78.62949212380148,173.39229088358,61.964226176271296,35.08656400980897
78.32990328897262,173.43184861101335,62.563403845929045,35.00744855494225
78.13517929016535,173.40912739557265,62.952851843543556,35.05289098582364
78.12441904335775,173.42221468531986,62.97437233715877,35.02671640632924
78.07412539146041,173.42025542703232,63.07495964095344,35.03063492290433
77.87715696335792,173.35651143680565,63.46889649715844,35.15812290335768
78.4385019730723,173.24296690171687,63.883307447904635,35.38521197353519
78.37477399644659,173.18205857852143,64.01076340115605,35.50702861992609
78.31708302283857,173.84377721906355,64.12614534837209,35.734646548140674
78.22667709497696,173.76478018065225,64.30695720409531,35.89264062496327
78.74833385243014,173.6803584106495,64.82564806248902,36.06148416496883
78.68485161713537,173.4892891693654,64.95261253307856,36.443622647537005
78.62308582541507,173.33814638481596,65.07614411651913,36.74590821663586
78.43248137530746,173.12981357360303,65.45735301673437,37.162573839061764
79.08017594263978,172.97972501489826,65.76259466755842,37.462750956471254
79.8635127833985,172.7333095323274,65.80617177554689,37.95558192161298
80.45976243802662,172.64410225864196,66.23293371498023,38.13399646898385
80.2664377444776,172.55930849383483,66.6195831020783,38.303583998598114
80.88956096273478,172.55392937444225,67.01055810070463,38.314342237383315
81.52654032517779,172.43462216944485,67.37979658700067,38.55295664737808
82.26160646448402,172.45204041675223,67.56238262771487,38.518120152763345
82.92516992830394,172.47325218385222,67.89008690264636,38.47569661856336
82.70925448657937,172.34684226701424,68.32191778609551,38.72851645223933
82.49814969289247,172.21436289186926,68.74412737346931,38.99347520252927
83.05128179602974,172.22751862694076,69.31826857566857,38.96716373238628
82.9178595445322,172.07197624591436,69.58511307866364,39.27824849443908
83.59797772306857,171.88347339092255,69.92257039244359,39.655254204422704
84.35163465882337,171.61872169796297,70.12435491101608,40.18475759034186
84.95855117729788,171.3739281358988,70.63160271778341,40.67434471447017
85.49659514914433,170.92774821986382,71.29242017629939,41.566704546540144
86.21775970888324,170.5717747335116,71.61192051105357,42.27865151924461
86.8804772655445,170.38712173634147,72.06510353549787,42.647957513584856
87.40397822427221,170.21312868637767,72.80969504148187,42.99594361351247
88.15542539378424,169.95755393479135,73.11533929198443,43.50709311668508
88.81356414601953,169.6986650018223,73.62077823034208,44.02487098262319
90.19783774102618,169.35828324707475,74.52817639052866,44.70563449211829
90.849723480255,169.05452715450585,75.08736147194332,45.3131466772561
91.67481624138274,168.76676936805669,75.31869710727105,45.88866225015441
92.38797713344059,168.53921157958703,75.78703382830402,46.34377782709372
93.97987432274743,168.34514265907998,76.42183137830875,46.73191566810784
94.6328770086792,168.08043562682997,77.04111368044431,47.26132973260788
94.40331957020007,167.89004187556415,77.50022855740258,47.642117235139494
95.90289362051112,167.70329510719222,78.4144241416597,48.01561077188333
95.67034775751931,167.55526107816095,78.87951586764333,48.31167882994587
96.40582042312991,167.33315822068354,79.39706754808229,48.75588454490071
97.08939679910337,167.05779338882348,80.03359784587806,49.306614208620836
97.39698036836916,166.98796203583842,81.44086386240635,49.44627691459095
100.01194389976646,166.84526174240995,82.3482211166906,49.73167750144789
100.62370845796339,166.6893798169946,83.18877417247344,50.043441352278606
102.32633589244526,166.4371074246186,83.94721901586058,50.547986137030605
102.91719470832996,166.30725575915844,84.86714584088037,50.80768946795093
103.46302990989741,166.27256736528875,85.89518910031349,50.87706625569028
104.12290935780686,166.0119837767656,86.71160192326444,51.398233432736646
106.91885111703914,164.8534664194366,87.59105024669913,51.55815753342818
107.56894278630092,164.74374469110984,88.46374772521958,51.77760099008165
108.11158993600054,164.61131692351427,89.56800569521471,52.042456525272826
108.8096807522879,164.5026090602646,90.38224871288196,52.25987225177212
110.71002108613592,164.33968862664523,91.03394020590626,52.585713119010876
111.33533543279098,164.03905079788518,92.02468509610722,53.18698877653097
113.6728873411102,163.93443360299977,94.1483558840459,53.396223166301795
113.18864139041565,163.7784465708374,95.11684778543496,53.70819723062661
113.50915633555618,163.52432842692198,94.47581789515391,54.21643351845737
114.70366346535961,163.3464607954983,94.40685701505416,54.572168781304775
117.43176768721227,162.99406018564937,95.92584346890567,55.276970001002624
118.93498808354786,162.47832035310424,97.63847662642856,56.30844966609288
119.00735514941238,162.16944419908373,97.49374249469952,56.926201974133875
120.28432037304367,159.9547392144204,97.35055164887666,56.53413274058115
123.77754327516688,160.1962416418365,99.97200576579448,56.05112788574892
122.73217496970362,160.45419971055767,102.06274237672099,55.53521174830663
123.4278163576564,161.10091421249234,103.12612827866403,54.24178274443729
125.5224937821549,161.15579201126437,103.83309343975777,54.132027146893236
123.07730017440859,160.8947673408329,106.26681649610643,54.65407648775611
121.66667228983388,161.1618876693272,106.58668372081895,54.119835830767585
130.08690524114706,160.96121836409665,104.72740671073981,54.52117444122867
128.7874208780139,160.76230517265188,104.84987822974583,54.919000824118214
126.72437515455212,160.50065951235626,108.97596967666935,55.442292144709455
124.77088669115355,160.3812801255319,112.88294660346651,55.68105091835814
125.06457486989527,159.67864644348487,114.91163099340899,57.086318282452254
124.97406143315638,158.9808646566876,117.76274358974166,58.48188185604677
125.03720844573563,158.3925160883636,120.37242305852041,59.65857899269472
125.91116764814363,157.9322808104911,121.4190423841666,60.579049548439734
126.44340672608735,157.35852593902607,123.18035658315888,61.72655929136984
123.39065778279732,156.97617303126037,126.41442103863818,62.49126510690121
121.84367031072767,156.46996083737537,129.50839598277747,63.50368949467122
120.35646110569164,155.95125699745952,132.48281439284955,64.5410971745029
118.98572209803551,155.43353942872739,135.2242924081618,65.57653231196717
117.65202516621997,154.91587171635334,137.89168627179288,66.6118677367153
116.30205231798439,154.54017234870213,140.59163196826404,67.36326647201773
114.95947637817247,154.11322559572767,143.27678384788788,68.21715997796662
115.16339612978179,153.64941045646304,146.1466995913528,69.1447902564959
113.97496692651077,153.214232213723,148.52355799789484,70.01514674197597
112.59236841909126,152.76888610835186,151.28875501273387,70.90583895271826
114.59786889732855,152.1374402222578,154.16056876834185,72.16873072490638
116.6476822709783,151.46557647942345,157.0715076499534,73.51245821057506
120.5394854401402,150.91394716958854,160.00132000522518,74.61571683024485
122.63981936988094,150.39612331332353,163.06679310435078,75.65136454277493
124.73111091856276,149.92951083296802,166.27579277509278,76.58458950348592
128.88602288208142,149.46459383230808,169.24237685574568,77.51442350480578
131.21017099041777,148.92461982804966,172.2305227088358,78.59437151332263
133.4718798882671,148.48105858344627,175.46826115863956,79.48149400252944
133.9199631216814,148.02619897148801,178.5152713641239,80.39121322644594
132.29034315056984,147.59687411156466,181.77451130634705,81.24986294629261
130.75386559263657,147.09511095480988,184.84746642221359,82.25338925980218
126.91837875187193,144.6529363337943,188.39042831187493,83.00972670996546
125.11622943807936,144.0171492396849,191.99472693946007,84.28130089818418
119.12374669232992,143.4471471559763,195.44502076079863,85.4213050656014
115.22764314200649,143.0628351482687,198.89980747954604,86.18992908101661
111.14872082451178,140.79580293613043,202.65663997408635,86.32298136484405
102.57361414661153,138.33664512191626,206.43369977695522,86.78357914229522
93.90645531934199,138.0851469090456,210.20663036640562,87.28657556803654
87.02143897195013,135.79242062249116,214.80893478626464,87.28816400368306
77.81493831746616,135.6529792780911,219.27114053816183,87.56704669248317
70.80476480323102,133.26476142966806,223.85248053197557,87.62397887200098
61.99774496911547,132.9052170065029,227.10726592415824,88.34306771833127
59.63019103182661,126.0658988935729,231.84237379873596,87.48348720292566
55.09226755986239,125.85545627719615,236.01961756491045,87.90437243567916
55.21134077907618,125.42224059125945,240.74752789652268,88.77080380755255
55.52023517046945,125.17725231973307,245.17914103219164,89.26078035060533
55.85960565860775,123.24525993316777,249.62208087499968,88.0030843046513
59.148096086374224,118.7538191894005,253.36988116651779,86.66118464513475
67.42608217477186,118.5310120354169,257.5796508280789,87.10679895310199
68.08470800367891,117.5890643298182,261.52194700387315,88.99069436429937
74.15432058703507,116.63928246735438,265.4330192854727,90.89025808922702
75.35771882329954,115.2480184518985,268.46670581184577,93.67278612013875
76.18013706869274,113.69818672727344,272.35628378422064,96.7724495693889
80.27091256938076,112.51656783518347,275.4672288448389,99.13568735356884
87.58959953533011,113.91808595050077,278.0304780406658,102.06619216550946
89.05611401939905,112.44661922846616,280.9206576282597,105.00912560957866
96.70045017341877,111.59279886623648,283.3850551033211,106.71676633403803
98.25120809415,110.73042725635842,286.2673044725757,108.44150955379413
102.89136637496753,110.17499483761871,289.09924292776714,109.55237439127356
108.00568548677975,109.67381736472483,291.1040519315315,110.55472933706133
109.89545706491319,109.25344845479532,293.48801272819804,111.39546715692035
115.22844795312145,109.01941246999036,295.24766524627677,111.86353912653027
117.39221037015281,108.46355358755613,297.1666144908209,112.97525689139871
123.39105195195762,108.00794478599327,297.75690890888933,113.88647449452444
125.92428291913086,107.62221378188572,299.009278449397,114.65793650273955
128.65620803365258,107.4378099700408,299.89608840986733,115.02674412642939
131.44455987489147,107.31435937936567,300.6893960824733,115.27364530777966
137.72613798399195,107.02360306920566,300.89790318043487,115.85515792809966
140.94117739899633,106.72331184848498,300.86708707903017,116.45574036954102
144.10862992807589,106.3182949699167,300.9417750876158,117.26577412667758
147.38249513972806,106.03098018664966,300.819228697948,117.84040369321168
150.733625780492,105.76534692054825,300.5506806081479,118.37167022541448
157.39143551736424,105.62556009869353,300.11377926510636,118.65124386912393
160.9568890671932,102.68934164721378,299.4209475261394,118.0856054113925
171.25954229789372,99.57003337385095,298.0696293750439,117.906225854683
171.63007870116803,99.37083272138997,297.3285565684953,118.30462715960493
175.16467852561038,99.60694001134115,296.6511675007355,117.83241257970258
181.71821300961537,100.10930067493413,296.2913533568986,116.82769125251662
195.14324032466487,100.60111317820106,294.84326257188684,115.84406624598276
199.22878441142961,100.6505293531646,292.984245997412,115.74523389605568
215.52238802830163,100.86846339035357,291.8148915487824,115.30936582167774
235.77868375686543,100.9116866891387,288.8560493275051,115.22291922410747
252.8199600618693,101.06767899334083,285.8477087225528,114.91093461570321
272.69778503109853,101.31435596086669,283.08785249309545,114.4175806806515
292.38118517280384,101.74948262524994,280.4255671312236,113.547327351885
317.2593225701442,101.97033813122101,279.17773754835605,113.10561633994284
