227.5,207.5,122,99
243.08338781780333,205.5631172398047,127.416384764784,100.36262159758479
256.9232738552214,209.27419497312917,129.56989706799956,101.84738751765462
260.1939470478589,219.54976073829977,130.48903995579587,101.74094859900777
259.7305043411712,228.51983635478035,131.44397877207197,102.27349748506514
256.8039522063855,235.09485997013394,131.83097519633702,102.90815923110355
246.01423721127065,242.32914752830203,132.24814131632738,103.99290881416928
241.35250087165423,246.71210246349398,131.2521140260778,104.80156197021361
251.26506441660575,247.63789013832857,131.37309098585737,105.69721214353939
262.2080407478815,255.878018417999,131.18646960687522,106.19883195748955
257.2097512791306,262.737301878607,131.4282286743819,106.84951438014554
249.92341130149038,262.11353302018085,131.11474396444018,106.73200976816332
250.3805445111106,263.20890679033664,132.19281477206744,106.6245153730697
259.2775961261334,268.85873720594356,132.7424539126273,107.27357642753701
265.40238021888104,284.6952840231318,133.11205973073316,109.07157120258435
273.59686587815446,296.21269693654403,134.28361049165403,108.19425613320624
277.61968461742936,302.4711687535038,134.76106909769902,107.43881381154262
258.9969176865019,301.6887553213851,135.83375139705396,107.80406417870205
239.64475060616718,291.65387573479774,137.74510536363152,108.13012523175948
235.0873029169445,274.97919325013186,137.41628564655684,107.91416351041745
244.17418647552577,262.1518423070607,138.69661627719705,108.26412639814669
259.85353792028684,252.34349502690995,139.112514370341,107.6342351125009
270.92634048044425,256.4684810131987,140.06041892409837,107.55669699307288
260.0985314802125,271.9507633265049,139.49379838391246,110.3273694880425
232.39605592816997,287.6999177556577,138.3608657294526,111.66853053940483
213.69200368790735,292.06463219933437,138.49047060670634,112.41664452924879
232.12385288492942,268.2353421766746,140.26623372999623,111.03679912901165
258.608516199725,248.40560779470857,140.70698324176246,110.61178760729916
275.17326752693856,247.88264277090138,140.18470028338024,109.54063458225119
284.0861068674682,259.433575264587,139.9056352955583,109.02629782363974
275.00563535637696,262.27778693175804,139.45695917711583,109.45601327942822
246.59395648243776,256.8874332155705,142.55199203485745,110.62077680311185
213.86162127062394,251.36444830189222,141.80397782713743,110.35931731680881
199.61630066729236,245.20944017504524,140.1619114379754,109.64612685968731
205.11287707474207,245.73295128139085,140.40659259982155,109.1683899205481
213.35652108131998,248.67052918226918,139.19396755816234,108.60714746412833
218.07163669737318,248.21363664822707,139.20598085578007,108.53733066405995
219.20723049414715,252.58131861689284,139.90270593618231,109.30488306278795
210.9168909410634,256.97420381535346,139.2730159322424,110.16931732437499
203.9432301982972,247.97368665319578,139.2392049104506,110.74540963208878
202.29131103900528,235.91745807066383,140.04165301029968,110.68748143643496
203.61960847711387,218.69324476125703,141.46984836387986,110.99835388654736
217.90794842447144,203.34799792304935,142.59086515495574,110.46146108835337
229.5160755815159,204.90061285742397,142.34549516398693,111.43082667095912
220.05553187706468,221.08926900730384,140.20374306483274,114.29960812119937
212.89052513312888,241.29712226427358,139.63622504330493,114.6594104878751
220.8507430117602,256.9446479867048,140.3926958717357,114.21410765446285
235.30780611447028,266.7770570502773,141.37405268328322,113.56546956577003
227.35376210653266,276.0492125366477,140.46205517364584,114.11594046863954
217.9965905459976,281.0321432532358,139.5989160712052,113.8468830820942
215.03430971989602,270.75974978692545,141.55351822595657,113.24352243170713
202.94771069477542,249.25500390420174,142.26541828730618,114.33010159949828
195.79883362588086,224.46766107806837,142.83365639573736,115.47118587237051
207.041881268319,214.34010739020925,143.11437438905935,113.75109831705842
218.96119220502254,217.44398492747715,142.13764903054485,113.81799047839303
229.08771218519468,219.17422694593887,141.7947290805765,114.1979591125206
235.32783686968,211.847854378308,142.81386363799749,114.55036931736242
241.7256622006056,202.04845519653725,142.77224797217903,113.4593578817096
232.59105666821569,201.03381788047272,142.22564978708087,115.6052957760867
214.03937961833554,212.43410230537967,142.87893827404818,117.68336233276696
197.87920558851255,227.98931441649285,141.830344072952,119.31908908099956
192.30959674040645,240.8367183365128,142.93525619665442,118.58449776317643
212.74557959521707,234.86481034044036,144.34247292111525,118.11822521619781
233.6412396030168,227.71269954281627,144.95043726830875,117.09176310325509
244.68054501701965,214.4800649757023,144.75087764879913,117.44457877678965
243.11525103160713,201.19838758364241,145.00364679676346,117.37949842602171
238.10863643851476,194.95160327817564,144.56317496366108,117.63023389944303
221.3269023448156,199.66221304012475,145.26121041180158,117.92587419304971
194.27545979227565,208.8649447435323,147.8338220793815,118.43000436838796
177.27295480648655,208.24764536038145,147.27349391619404,117.56740345626862
171.84064730279567,192.6543508042403,147.12504549278972,118.61178065448841
172.00536142754453,165.87755633463692,147.13636394405572,119.83930071552135
170.3733834206607,155.69001299947845,147.59338965424973,119.00372263669279
173.73143075986204,172.58528119297273,148.1609277311266,120.26632116791711
201.8191227958719,171.08372827993873,148.07016508855025,121.74409096683974
231.31089682128157,167.49427078929767,148.65944723792623,121.63141859536918
232.41693592630287,191.11489536457614,147.5637801177808,121.82782966209736
216.7081211000576,243.95083965113892,146.51664612891386,122.4727059205148
225.79572967009298,302.93126093026575,147.5458776887943,123.54439510054235
272.04497364896,323.0787124676037,148.53300069297427,125.80910430003641
298.1234543038029,314.12615338312366,150.29858195531006,123.9394650837426
281.74286898686944,277.2998056541413,150.16790307135471,124.287785846883
242.4051406927909,242.88344775458063,151.99839658578128,124.78001702686379
198.5878183884148,214.48214414064884,154.6221845661155,124.27115040829182
180.49027293584743,206.97719490473634,153.3134531445901,123.38027106334434
189.16800770542835,224.5565401699622,152.74330007271337,124.13879015813679
194.5548898127377,242.36481959565737,152.71659854120014,122.98394319029134
193.25517840891223,242.16327390682304,152.70123329343116,122.26494685090375
196.43364528320055,222.00426489347603,152.93049596743145,122.4635953707618
203.07620860324585,198.80661089351256,152.79645518091752,122.36053606111847
202.7039929745211,184.76470475290742,152.35356465625486,120.79879856815882
200.1330743507915,187.50728602570504,152.62480930956738,120.86245079612313
196.29001761550774,202.96420660562106,153.09347073087955,121.8108151416622
207.5143010387704,217.48003997795843,154.64720605415397,121.26037436439469
234.68963012398723,211.77201170769382,155.75827502605435,122.1914646268477
250.9654414328822,201.83882133672475,154.90858722271753,121.16294027845385
264.67596304513415,206.7688773000537,155.2720689158161,121.99460367375636
291.58454931385234,218.2612067993195,156.51426832662202,123.34061980034687
329.22976092415684,228.72160221044658,157.30558643902077,124.04781779340033
353.0480568731538,230.0454644070083,156.46834146485494,123.24860330799939
349.48305554917033,216.23621165334185,155.5755808605636,123.21490048708517
334.39102933061133,199.75965479635968,156.71103977656347,122.85046354186981
304.5312020022825,194.1210326346097,158.66641983605317,123.99222126258661
285.66188796322086,197.66967518360823,157.732821962028,122.83478124973357
285.77770136300376,199.85927876801173,156.25186547629735,121.67821221111458
286.445564274213,201.3772673543168,155.80337803717202,120.53925645135385
281.89114757228737,209.51407180866116,154.97083189390412,120.38754428643955
270.8389010191097,223.0869267318987,155.25273512599193,120.5356347939684
266.6767804725525,232.65934441113447,154.01564160912093,120.2946003998523
271.8189389840562,234.34535953288818,153.8824676601492,120.97869722772549
275.9233669343075,234.9712787927943,154.66122448395066,121.36001846457373
255.62371075454615,243.84128185180796,157.00690906637388,122.254255358021
224.5620349288248,254.54879440617117,157.6647799133732,123.356032083401
206.8693547563495,242.91386121101345,158.63059603835308,122.92261325643128
222.2523257956924,221.94464166405547,157.96156062165463,123.33802683765197
246.41581076584058,206.9397709431815,158.29603248433676,121.96168276914605
263.30882797059144,195.61645663734237,157.16642736560647,121.21049186178129
253.0556126810439,203.16990115441521,157.10002392980905,121.54605716570931
239.32900066395743,218.91541336716656,156.91145566661868,123.73457528171052
234.89279991730234,232.56838276547902,155.8521087697311,122.7198409376003
240.91924724900838,237.23153818853,155.53568146776925,123.64554139063156
260.8602324810105,236.30043850267916,157.24233405064007,123.1465118194622
273.55467046645566,233.85860267500817,156.34862295096548,121.93253247001294
262.84802763767186,223.53390597651153,155.63067539320107,122.32842206756771
253.21343062778627,220.93963215366398,154.14614817578962,121.50815966992784
264.7851560198517,223.42388648473494,155.4676250649986,122.33729371561066
282.27592549364925,226.29605722789515,155.9466879240441,122.52686927488348
277.2762526446664,213.1260604912241,156.95827593920956,122.57270953472461
261.9417709981269,199.53102204493257,158.01650238536462,123.05764917450003
245.10964471858512,188.31944552053318,158.34363870299316,123.1627709122637
251.09996582345457,186.21411280117064,157.66903344241203,122.20834292905269
257.6964944366723,187.55138973993257,157.1612675062597,121.74959148263542
241.8877647982622,186.68549522096305,156.87241193322643,122.98760807346525
211.33267629224844,180.7110755963228,158.42766874872072,124.45373171605632
194.43058970714873,176.27116009369774,156.5362127990471,123.72257982640892
208.26930239442842,174.2739650010028,156.7608965706059,123.26943783482739
219.74309092603983,174.38381008968935,156.1952222020852,123.03965225858124
198.84817541290877,172.52849465707595,157.12695233723406,123.2190419452954
153.4612304429427,175.24858317887868,158.35314330255682,124.45373491588063
138.6671119794589,184.9260177163745,155.78436347537405,125.36467966840365
183.35300843400137,185.41091084753384,158.65054664050783,127.30862355058574
246.15922555428986,186.36608527897633,158.9580190161418,128.4348504819207
277.8401371922064,187.94570209168316,158.57584051569933,129.04782006352303
282.07515690952664,190.47136111285965,157.06228444516404,127.11992798171082
276.482814383726,190.05251712586468,154.6812546606447,126.51679240070807
258.5629455541684,183.19132545594098,154.57783512371506,126.1698884404456
217.8591295636199,177.22634116187825,154.9821559475855,126.18008869513604
189.15830723999875,176.41340300563792,155.38488015415393,126.2010665548579
192.54076908609497,178.47862978066593,154.24291178422715,126.2815614720565
207.01647473463063,179.6468906246971,153.43672982675542,125.93278053907534
207.02233589832105,176.4257170801978,153.9187089573519,125.58801682256244
196.65334116853865,170.4827269154678,152.20766086503684,126.15252784507669
195.4852396712828,170.93018801554572,152.73747536219588,125.43961893306114
200.24947689988778,170.56375351330936,153.64278729719786,124.77526076945064
217.818122129496,167.73054273922435,153.85813126791305,124.90267322338242
244.79750338536542,159.536985636432,155.13839387214105,124.29624761878644
261.2073315280877,145.27058891147482,155.1392751538351,124.1319204021969
247.8550270869914,138.5110908799142,154.4828572721117,125.88661897996658
239.67778589311908,147.3172678179864,151.7508757316337,125.85241871405168
256.5428993283027,145.36001527345542,151.8045844081414,126.27381433846821
282.507092707732,140.09178351407968,152.1333845389313,126.47062388840865
295.25657562930735,141.52321617386406,152.59126493296327,127.24826769741051
282.94254991005187,170.694251233449,152.22692287782178,126.27821448497889
269.3429122015374,207.4311972681809,150.6748097450461,128.47192495457756
262.6941578466276,229.32995452384836,149.46375636685292,127.80287037366259
260.91953700538613,218.37849845727817,151.3698884893231,127.83018169198365
254.87210575322624,196.341959627938,151.71332238951692,127.94015510261708
244.57902803577386,183.18404316937915,151.66681409761503,127.3365773141684
230.46652304505875,183.26555351650399,151.90871746588604,127.04105865362916
221.11776409696722,186.44147734077848,150.86945710279176,127.23670541654872
216.17690304375287,186.4400366150396,149.71608399437673,127.01414173159861
220.41994643098337,182.43103611846027,150.03926044928582,126.33076294875626
239.47320535117683,178.61830161824167,151.22141219508055,124.47727954135652
260.85195891028127,170.4910868973098,151.3235394762857,123.36928794745367
271.6430547292704,168.9045906962776,150.06540827837108,123.70985547044398
267.6675925260097,171.45074795338107,149.24047380580302,124.66296923229909
271.6194723992551,180.92722069246312,149.71934345384352,123.91075503160077
275.9942196954724,196.7593725785735,150.12914108247824,124.20710837913101
268.87853489074246,213.45103365519776,148.62586103373496,125.59942862090199
261.6894638994754,223.61259191044743,147.08733984640816,124.69573807475815
261.5937197374385,221.56864698516307,146.42094751853114,125.35451143782379
263.9698687728104,209.71114399524913,147.73318411194148,124.51495008061553
272.5426696770376,195.71476689519812,148.315760327779,123.81528904329085
267.76546411639583,179.70441820322375,148.27370443093517,124.04921083825032
252.323988116435,168.18042779100819,148.15907876362047,123.60324749459059
240.4132204156768,167.94239146803562,147.5234570301271,123.8464674729656
232.90845843718705,176.7253267243576,146.26513392594939,123.74140857531194
222.07102364986775,191.17896979121593,146.50442420066122,125.47236134845556
222.1423329813244,213.33354421985928,146.64096818308795,125.57958669771185
245.4719378024027,219.81224428853406,146.84100384122428,126.6437109896836
280.9079902726158,214.6587134774711,147.71750272159886,124.47056230754922
306.9597234301092,199.07861750019993,147.03824218664133,123.62939241516777
303.14784604408345,183.31596961511764,146.78629410072162,123.24616653311065
301.91390010207346,176.72323912167303,145.40151221574448,122.47112108079094
321.14123362540727,176.01706591976563,143.27197181702607,122.05280845273771
340.4382726912809,173.41639309354696,142.07673554318902,120.45675649164971
352.1600868035189,166.41215862076862,141.81415094359087,119.8825275688592
346.8766833461387,159.39225003525627,141.41250159004073,120.57136493489119
325.43664269356157,165.80490463934865,141.59941425505832,119.98734868019764
310.0411623583712,177.00057797097713,141.18169572622023,119.94168225375711
328.9902233017235,181.89957996498367,142.81662437662493,121.22574957006532
371.1582949106859,178.3011071975127,142.77432728907127,121.8643631386071
401.1679075697094,176.95461773906501,143.40427189289932,121.0826661617189
413.94844420420463,178.35544325108967,142.61423477198008,120.46697876834588
417.88726119881386,186.73257064646873,142.99854555357467,119.6260674071532
433.51440402815257,191.88842336244917,141.78819376330546,118.86812727212833
445.9472205813636,185.21362784650455,141.3386697419665,117.53920286975244
438.05749089057565,171.2598798500092,141.17470871338608,118.10502215070701
413.7321450696268,169.35541888984483,141.72875118536183,119.83197075675045
377.39290312454324,177.3871993926785,140.92125790267744,120.45148088755775
338.89038704323804,186.3206071531713,140.82253792905738,121.05238158361317
320.6261232672226,192.782707285169,138.61685069837333,119.2946013025279
329.86913820692473,191.2698099974125,138.44794995410098,117.3501285822035
341.94072977989026,185.59978194601507,137.87675968231542,115.44745263696373
355.2379966522924,174.08222129911096,137.902686447765,115.21801895335494
365.38671704816795,169.73050554416088,137.00910384082843,114.48762115569896
355.68844965247706,173.96647269940974,136.85223477784007,114.63180622996686
346.5550369673842,188.74288971781252,136.88988648774748,115.37307772294645
339.6037464151869,199.7535890125947,136.69064283170505,114.91985921761062
314.72831997717867,192.30072475942012,139.73658924409852,116.2059921963108
271.8175425762972,177.48007604147833,139.5917133817988,118.84579808556354
230.00088904875895,177.59859063451628,139.19406035386763,119.66218086008945
205.50672121783975,181.59730520274937,137.97450645882122,118.86240549407006
212.0184408814555,187.2678486777957,136.6776677785624,117.35865031582794
226.36323145613403,187.13619248958034,135.62928764849246,115.55314388465678
223.88849042867557,180.1060330335682,135.09348203708856,114.62658726262343
208.52518677415458,179.83424395323914,134.65392876263448,115.36292679978169
198.16151684539312,195.85085620816838,134.1192847486974,115.39733687244274
211.57220746607285,210.08470027906793,135.7321457558731,116.02603277910558
247.72174671766984,216.86895319871616,135.67606346849942,118.01561047404984
269.5200124008879,226.31076542408584,133.93461556763953,116.67691934240221
248.03115812383913,216.99050272380347,134.8504153998132,118.27826589470038
210.44786881494164,210.92902783879347,134.6343112173152,119.27543651280388
186.7704535070219,208.261704044787,135.7174018734379,118.78285698518576
181.57481406912328,206.20198469672138,134.33233072787283,117.53701123841535
211.6078884123952,203.0419973959564,132.21853265778407,119.13534572992945
259.4935129592534,201.12122373696312,130.77243310020046,119.61697946034582
291.1244437581011,206.35693225119064,130.81392767315933,117.00968863733509
285.4443338085805,211.89510236873394,130.4859599730185,115.72910760329833
249.78687831755127,210.1154004677535,131.6300259233386,116.85070265319925
192.46545188576613,206.92181878685722,134.27956976591284,117.25477990583047
148.74322578420797,205.0436148620974,135.40903478641195,117.735136710886
132.84212376568206,202.0334252361048,133.74737545066105,117.04956522587165
147.34978023771362,190.61689145700126,133.37732045642704,116.26191668910806
176.6235267547538,184.99008382989473,132.72620117112592,114.45661108303058
193.11271368691325,183.22225435842125,131.2834642086625,112.76385930515232
200.32723967200403,181.27120732472883,129.79013458955518,112.1423051105132
214.5548961306061,185.03933889112835,129.0347594927856,111.27599293978085
235.9117836838543,186.43456529613047,128.55986072906262,111.50122807228152
255.65665970125343,188.8310935496848,128.6244452421159,111.1196357794978
259.3036516687276,195.6713568500449,128.19253758966883,109.96040758728586
248.0905407121262,198.65589173593736,127.68083416412652,109.54921917078659
237.50227420300283,205.1815299459611,127.382452631592,109.64404184131529
232.61443506854675,217.7724858704568,126.82309271538452,109.30545656092744
233.41503435596348,233.10587807410667,126.6714662268853,109.3723318978904
236.885039785868,233.81563044453162,126.65846304224715,109.35103219892585
242.48919915479573,214.63489227317126,126.34821845447715,107.04177413612902
250.83513926910115,188.40862482160537,126.35032893326377,107.21303996577444
248.5272783221597,190.5893622477507,125.96394463741888,107.4365394024242
245.2512339655981,210.27543942627,124.534801661089,107.38135587058093
235.99474763258576,228.0317004283215,124.38736439974545,107.98876413381191
223.4296768918106,235.90259311161873,124.52942681025087,108.32941437512761
209.77368722235582,236.39284359023685,124.54483251024442,108.60519741638072
208.94726783877175,222.53387991157425,124.80402324903883,107.07243622084951
216.02796868896638,205.2394156532574,124.89409306811979,104.78292006585235
217.72322312402727,190.04694367117466,125.17461686515804,104.32797068895336
225.92890937504117,195.68660602235855,124.87369701510778,103.89899541285513
245.3009693333933,212.59531309525877,125.49812263063009,105.64201751583397
256.75366478713966,231.69343914202713,123.58027101451916,106.30647556634023
253.73102624917456,235.5303206826487,123.02558919381242,105.90375387837712
244.83744923660842,224.54905757169848,123.70691207270448,105.64128544085372
245.81998477048668,210.05367799261592,123.1903142200511,105.28406982179717
254.85073452964838,200.20133474314812,122.96627998798263,104.72555365349642
259.3833403463725,200.54852919790332,122.4893375882379,104.35637972601882
262.84407690544333,204.79754711412562,121.89582162341665,103.94361858992434
265.30302143058844,202.63029717524358,121.4553505189882,103.57902941739539
267.5832011101342,198.74027503968017,121.50253033683757,103.25887208177176
274.36566805390146,196.3557735476591,121.99052346651496,102.15954458714569
286.3334805763384,195.19541868784984,121.78003803956105,101.03659094807588
291.65000386848294,183.35631376436783,121.86687251301129,102.16367431493737
288.0626971361253,170.91871905994796,122.07824869211251,102.43623120119406
278.2853071216715,164.29427954274416,121.62999412934525,103.64558806458115
266.2048472348388,176.5013118640499,122.333377205623,103.4664572751191
274.33840454513745,201.44694894767684,123.6578935206947,103.08402939082421
297.86828056352954,220.50143359739735,122.63255768264094,103.27638684309218
311.23361695551625,217.24452846764413,122.21555219603079,101.54571792321627
300.09246747963806,188.45522446231433,122.87957836641512,101.91577261966685
277.57239808155884,174.8157797663377,121.82911047312035,103.20904532766022
261.57961137313237,181.46154299862835,121.77870748006131,102.34588361680203
266.58615999502825,196.97302020032419,121.61232425604484,101.70159513748263
281.5529880915857,206.65767503641243,120.8065290858792,101.04406219870457
288.80947636432256,213.74267099653432,119.68291010723902,99.78201877241834
282.5081810671359,206.20026596245575,119.19330995911953,99.31722442468192
279.1904905696487,188.09427288703256,119.67733759487156,98.10034705013769
269.69353082690935,164.68925410603453,119.93582922390499,98.69671960358883
277.00180549926444,163.40775550732312,120.16793367252981,97.71223335679775
300.0642749162707,177.01168617558045,121.31275497035327,97.80954207948719
310.54969228536527,187.2843737828082,121.78543600975189,97.44925025431394
284.32655952562266,179.00887789398865,123.18672243377817,96.81176546945298
249.68581174610898,165.23501402320267,122.62105765345007,99.62629123043419
225.41194835942036,167.67910988888917,123.2442543975304,100.24212018997909
226.8013102862012,170.94493372365685,122.05349472110044,99.22916167602241
245.1279937701995,166.33782255654904,121.09665714153152,97.64352973167354
261.81973057197376,161.6297650406186,119.58778299477018,96.4026079822234
267.30848773939897,156.5366319504084,119.14674288782498,96.26109820744358
246.91171124461022,153.66320199553337,120.56885880464861,96.89722031659554
214.43888163452422,156.6890779493295,120.91248250235962,97.10857046359925
200.24863103461695,168.86533535736098,120.31436126565075,97.39490872065636
197.26744442419704,181.02086652310965,119.34111703959115,96.68570262084845
181.2801153206454,187.13622852272454,119.33972200877943,96.39848104776613
159.61601497029113,198.09070918431047,120.12423679640199,96.07199347947713
155.6435081387877,208.2433699820779,118.97730385754122,95.84368299234069
168.80668891653784,206.2829860648633,119.41723487406239,94.42320326817611
187.88689721394863,190.12234426233206,119.73048160931893,94.43310076484016
200.44895221168247,184.04649289441375,117.60980102669302,93.60792724182672
188.63261579611304,184.03958980980104,117.51548792643544,94.209231241443
175.525559023654,194.80852095327833,117.10377368204686,94.69416177065057
180.32518337993707,206.36297531086967,117.5999410385115,94.20931273259193
194.29531676921408,198.38925982233914,117.5522142379848,93.4142319603854
205.2069347740379,178.92834053999246,117.23963458514868,93.02987240496155
212.22354513914505,161.87258383439496,117.48087083277863,92.8222940192816
231.90240117694998,155.5240885163106,116.9116490525789,92.83592455565783
249.46880575712146,158.24406393947083,117.09082109340787,93.78829911064352
252.80698119555925,177.20397989712376,117.02612306763699,93.53232370168533
247.0652371542496,191.57989604854367,116.36960603856201,94.30979018119413
241.98099031590155,191.7928257631512,116.36985821440355,94.36272318094939
234.93696987485603,167.78244830970388,116.57076168346971,93.54621688789287
224.43949312836475,142.40715045976737,116.79481826483118,93.0755525169651
210.74882400326806,138.3090906459737,116.6969809473976,93.46806468071577
215.07405449324898,154.68962870758162,118.01185772073167,93.56509707800771
228.74050000926422,174.31246101550454,118.3352300401416,93.74648400635135
243.34400492682641,183.87380671032471,118.16391432733164,93.57076451002155
253.21108118771662,175.51457393270007,117.57816497327588,92.52806444637434
265.7228790165573,162.94455422290125,116.85271270243543,91.2430722039847
280.34293075648065,156.3748387303173,115.77867443865307,90.92645136267556
284.00587301304654,167.64330697218801,117.00894322294567,91.25912280434915
278.7507267444949,180.9909489917739,117.91724601395515,91.66951350882974
249.73323432181996,183.582295998037,118.17806856682455,92.06776212707132
201.33757748582187,172.48285768539603,119.86150260014888,91.8929433788181
169.13437648570203,166.21293219310542,119.91255029130653,91.52562120666106
157.51250930830756,163.65621937834942,118.94957192331714,91.44663922814084
157.9891045510958,168.3256538211772,118.487404471598,91.34794463600332
163.23064769111681,177.87235120630714,117.21196456149006,90.88258064272102
173.17696538757346,177.34488395132342,116.13187875964121,90.3470032346205
196.5638278939711,171.4453480751563,116.12681524586938,89.28908035804854
226.77257102738082,165.1109899680128,115.32233938554407,88.97913122046779
245.91683081887527,162.13397109455764,115.0445925076333,89.70212753595115
248.63462680966893,160.12845879859395,114.08310016212383,89.71861024440986
249.27903095405804,158.23665232344317,114.14005114592102,89.85432332860734
241.19515446743742,164.85051466096397,114.39476586537808,88.8584893319715
234.251375046759,177.64777226582788,116.12378779572421,90.08329670830327
225.92953321376444,189.51255303507585,117.08448997062442,90.43143292371353
203.39775182207796,199.41942876757122,117.4997144361263,89.73425479246305
172.75981186353067,204.13904145624423,116.57286608173652,89.90086628340313
141.05524701288067,202.7351580759015,117.4884731389935,89.5102118042357
120.27000945262796,197.58338774530273,119.99726460471379,90.52254896659295
115.15700160912274,191.90011532345414,117.98623500363828,89.84985106584429
127.02851151128564,192.98317787861717,116.38560258944919,88.29065215829229
154.02133233967353,190.46074466652226,115.7610029553785,87.98549722017742
177.61954833472217,180.61461252160493,115.2557368893535,88.60687871277088
193.40053279839282,177.4134457273906,112.81286281064504,87.7473853091646
212.43253359936512,174.76628973095404,111.29237164571214,87.63582924860142
232.17363162236575,172.41978178442093,111.31803006138082,87.67084085776264
237.40169285758316,162.91688264192985,111.69103681000115,87.31233173918035
229.90426188945244,147.36789692148858,111.69169041038612,87.86277395948187
208.63927632741132,146.70315503354723,117.12949844853082,87.62814554893265
195.90234231983547,153.08166097539123,118.36582145025481,88.45622239510307
204.60340402545285,157.93785876528142,116.2351538037906,86.62046951933272
226.64487682461032,159.2351742997977,113.06558405996785,87.76343496214093
241.0576975010261,154.5592289240102,111.49040810020264,87.05867555197277
252.00601520135908,144.23957351538286,110.19026737421932,86.45292640218646
264.38922108570443,142.9106156053851,108.86926156561165,85.85137247463868
261.8102830419148,143.7284409420773,108.45372904952268,86.75686259600825
252.87920691165624,151.73364204226053,109.77770381980542,88.19040341932345
246.31813111894286,168.39993965524332,109.7587096990554,88.71503170410007
244.38687191801006,183.03476554950709,109.96131408419741,90.41146344218384
240.99746527723295,185.80993047635772,108.70667437808075,89.70263577811882
247.33767409284624,185.90869074067456,107.52932376345571,88.23176322254571
257.0634866838653,179.82887365385292,106.72633635302405,87.2883929406226
263.9914001970289,168.3649986535699,106.76175326132821,86.5111315733908
280.71036451395554,157.10873964736967,106.3693110776702,87.08813895041528
303.6115731362596,162.40855982820108,107.07153250493711,88.07214631671877
325.9089718685997,181.9596943714344,107.48431865842093,88.63710592898258
329.63409725524394,201.92870691543567,107.17863871261656,87.8494218749156
304.28739489302376,225.46041821882386,111.2939565840296,84.88409802302205
271.563238070166,229.15692257319432,115.12519335596579,85.65346381074107
255.5501792665709,219.68874371267108,113.433953327658,86.50528974772993
255.37570635665358,193.11652850720472,109.81717801712153,85.70266815670952
248.76890434291437,174.06914642898454,107.8567631847367,86.1044467784819
238.8573814814789,175.39610207884124,107.07869463453628,86.82126015680805
251.2709516648988,192.04707105321782,106.70876480846799,87.91019516337718
273.51517849008735,213.43808037747345,107.30656909266119,87.91505319333274
268.4229085951282,219.66807680289378,105.94416903272601,87.17787204140566
264.77908982864517,203.72502353740117,106.10260944502562,85.31723250915843
271.155230523355,178.50731897097884,105.7222305214262,84.76911731949333
269.2509326491488,178.0886441141635,104.62371843979103,85.17958813378819
276.0773383404421,203.02378313110697,105.53925498811253,85.94040980082893
282.51387280495175,221.68804398861985,104.71865912733061,86.17849651475824
289.3249489840593,211.18483658311428,105.65689247315602,85.2338500769901
298.2267512985961,190.06918156978563,105.08549037398959,84.60065433582515
296.7958475543313,189.00397665843929,104.70993166302586,84.77133293731876
293.798872481326,205.78491551099535,104.2711783140109,85.32702801663049
294.04797850137277,216.16460592726668,105.5475970589057,84.69504281397067
290.2468219003261,205.29762701040443,105.4903615015386,85.07433298412096
267.8070822653781,189.69286195865283,106.82505241083894,84.93166925522664
244.32802129292872,179.8595794182565,107.18385871242708,85.41114441597537
245.1010196987961,188.74258239671687,107.85972970045121,85.8969618843476
258.3088381446905,206.59925681401438,107.172558842598,87.30883048749675
269.53465595399496,218.15388027028308,107.51684836436996,87.02351622266438
278.71427421893884,210.66716938274186,106.97871016211883,85.94154287140404
284.03375071376115,190.14552072881258,106.24089261711535,85.63770654278804
289.19388901179946,183.38371297491693,105.62986647117299,84.91909068156076
307.6871262578682,195.64604654319766,107.41481531887925,84.59632402717708
318.7026698003958,202.70088355102652,106.12086698199299,84.7330517983235
295.29576576062965,198.6314134181656,107.09609779101754,83.91249842696038
260.6634953162097,185.656126122537,112.56269556462306,80.15049710574205
230.4608581638464,171.4793496895104,110.58598515865627,82.29916830370442
229.98362766658113,175.42151359158942,108.43273054649741,83.55361632504683
222.48395042668278,185.37108903314143,108.72985171177992,84.5084388306147
203.8063889370253,193.50023031713908,107.34737627190545,84.63296494792215
214.46156032302568,196.90472730012328,106.05643695754627,84.65228385579407
246.43414254124508,192.38495040555878,105.78116006383212,84.39843020473751
260.24653759630513,190.94793220889545,105.0959565931163,84.83488148263143
242.29981095325064,196.7259647771414,106.41450829841473,84.39217389008486
213.52110811280266,202.0101748705287,107.68980948712318,84.97778831787326
213.98728690845823,206.39286937559115,107.1860605517416,85.29008371021413
255.49062891607966,202.65210049536722,109.61572449792452,83.04401946565713
277.79004533807495,190.12545954319467,107.83486574451018,83.34208858618874
273.2662240377135,180.99074427058912,107.1543074327574,84.11822727654149
256.1588662774003,182.74231949558117,109.31792889820808,84.00108222816867
241.89528040730244,186.54672556874567,110.10891556455125,84.79347037633431
248.16140450263933,193.8310885526088,109.61886174033253,85.40380534458218
296.99976234630134,196.13874481792783,109.64281438796947,85.16658796393799
345.0360544103807,192.97204251310018,109.06595016947873,85.63865157399005
350.7163798783994,185.9999197035447,108.57363400364393,85.56713677134807
334.1418855337327,178.69845631480678,111.67856675425665,85.59119563653141
303.0453661886074,173.4631820648353,113.51611762102091,85.39910642590308
257.3482759001953,177.07088762014578,115.50953373251309,85.2017450322316
231.97860752831258,192.0978328850182,113.55958138326095,86.11407154350243
251.46026131559046,203.443464999271,115.3921150257462,86.43011246026047
283.82740397316076,214.42669631246417,112.53979916250992,86.88301094837608
301.9921024975512,208.81183661481876,111.04935703926623,86.86879475864492
287.2768453294297,191.79036506125567,113.52842293495738,87.11826176103474
254.01316320218518,188.5334538684055,115.54235945507139,87.2731998121709
233.4155420807343,199.60307255706257,113.57508415036574,88.13974360856281
240.56864944865353,214.32432664021934,113.74897672196136,88.50352320775221
262.3108708362132,212.5267571881034,113.09488291534788,88.35654184602339
270.03676710169714,197.09211670956665,111.71667970933112,87.8011230197717
266.20157367405477,182.1413230479042,111.65082045560712,87.96699447700773
253.0919305944563,187.27500753293228,112.06652537701109,87.85561896856048
255.60758402047915,203.61679282029007,111.80439834597979,88.77483541166713
270.46963191280827,205.93851241851848,111.77834447721511,89.2739867379764
289.25400447682074,196.45860259618237,112.98152241437572,88.68359542988986
303.1716381387297,180.1962416550998,112.74787290366814,89.23143819218195
316.981210664122,173.51152251802307,113.11554998117948,89.03216613918698
339.35740598357233,193.4420201481223,112.78308121727872,90.33546989021897
352.3222125797936,214.38721715747107,113.15077217827869,90.30906665521286
355.1768382331285,213.26981351207408,113.18782872149288,90.16964379959877
353.02930923890926,192.63519996243764,112.64043942904752,90.71700810590288
348.7966054919352,173.3374364635068,112.33304457009037,90.55158692261222
349.6259771258823,166.92789188775845,112.98039928651013,89.93706325062257
356.0663877252519,171.82038466375968,112.81584853454827,90.40475275507768
354.6329960458655,176.20470981945982,114.00200550095659,90.46777701948305
339.5784072195925,179.20218888853836,115.31969069134436,90.28903773432279
307.1885840860612,186.5078421751437,117.2018416886316,90.53012049674439
273.14213665761355,192.22306927713146,117.3686501197457,91.37509315739291
259.3640080504329,190.12073728950756,117.72932399060105,91.28762427817908
244.95429984172563,177.68821594809475,117.85173418242968,91.7337903130555
216.5795477866397,159.5013818719718,119.26416782751367,92.68715130587753
184.61634900621942,154.30803158625395,118.79813985124483,93.26556616411747
164.64511648961613,163.9115214736914,118.61043215495926,93.34623935860289
170.9671397513123,181.22746516899784,118.61132219315142,94.39923890036306
211.64118153227142,182.57921525510835,120.23908396814723,93.96691315898921
251.58295581784623,160.75469713949892,121.23928631252494,94.518033740794
272.12475230018345,143.38384332864106,120.28693800727427,94.10199218648434
271.296225164669,140.03740569133998,119.93453063699152,93.65132707870123
270.36523536951455,157.5453664741568,118.74510646639041,95.4392499649719
281.5945106470998,179.65864842019067,120.31209149471596,95.52430869253308
301.1289562778519,178.93561887402387,120.40934937261613,95.84334587610655
297.8617086566861,163.63328761652164,121.41109877678235,95.13520130798116
268.132300079702,164.59118169714654,123.08329483700064,95.69929109549236
223.17777253061809,185.29717751174172,124.92479164659423,97.53392727391918
196.12503234813,211.61651079461836,123.87634516220521,98.28991784317563
206.29562050013215,222.819784309339,124.60908243241965,97.85023063123923
226.18723373309496,216.97705098944957,124.63744806854481,97.75715856709968
220.17509684631898,202.0547237441085,124.89106716375207,98.19441864860215
199.29363813260747,197.16758310881735,125.2956815211067,99.1445908417308
191.32709121762468,211.8392888589659,124.17973360302538,100.03657858764957
199.40415810288007,240.78492345410638,124.42232262609373,101.59903711953652
214.71654703205297,261.6884607220014,125.00599699247934,101.18973632642229
229.96661538835417,264.2346819840408,125.9716481674502,100.82548470123874
237.09339522645476,246.64636368940913,125.9180663660049,100.56786759787514
251.2370318035571,221.72500053947792,127.47082960401211,99.88576021853834
267.5511373118484,210.63340116346063,128.18032992165803,99.85232994225262
270.7108800868268,214.3026094551284,128.92729067602244,100.44902488159167
279.38831741090496,232.1616755444752,129.42640849002441,101.55852179225352
311.745755822911,230.19698807480012,130.35729887792638,101.93122535060692
339.6683854077546,216.8317553787501,131.15950827513376,101.79479888174507
332.0302398020924,184.90128576642087,131.9302109549639,104.03259967866916
290.5846888982022,171.98364438231414,133.7644279971193,104.36107702696073
237.83520161402922,185.9261366495034,135.3661476216177,105.44511142873945
219.34560428875307,223.4670023428606,134.72752916181844,105.1472850713219
227.8173533086676,242.152746896145,135.13672086503135,105.69232657388399
252.374588923661,215.74954557351484,136.23381274539608,107.02201413125368
265.9576437498471,190.79850917318345,137.5968874344547,106.61479509231683
266.8354512299742,193.2474499717736,138.30992806044304,106.28794744975691
275.07700012214457,200.68574040922203,137.92292822226932,106.65269290695232
310.7982009585136,197.77437872594737,138.19391308517584,107.55167493286443
352.24229217606376,195.18168356011466,138.93752081120834,108.88177723581285
364.32292540174456,198.23206498573256,140.23452920115523,107.99994176799986
327.19278617213547,204.17372917747895,141.90135520676023,108.48126315715115
270.00822026347976,210.9345516565901,142.58468837905212,109.78831731086736
225.82036549298138,210.02244659499485,145.57862301770507,110.45711082620105
206.64789708853306,195.15659526914223,147.9173800170314,111.99490097180278
200.20788238016195,177.36208608079062,148.50292815630783,112.00339871862319
211.96973762769704,172.28298923024016,147.14229978404032,111.24768822966064
231.69406501545046,174.50255973154333,146.0983996472054,111.71764728274886
250.33737053539755,176.79441345138673,145.72866635389326,112.093005280379
270.67061875085585,177.5554819849825,144.79298199573054,112.84304471732258
294.1098726260965,178.14083020498276,145.37820028895044,113.73617173885467
300.0884232907478,169.6313197961278,147.11334825774352,113.48975066203332
276.3850414859242,165.25755815644112,151.77558595796685,114.03564144171182
255.97249765102146,166.15721757788768,153.91597743026264,114.15965433633703
240.00135367118057,170.3756694225205,155.3262600798858,114.18882463693953
231.63885536747182,174.83119304933643,154.2352757760484,114.48853940723347
237.04488827386263,173.19568908476447,155.165835199778,115.13087616709639
249.77419947359957,170.04109922547946,154.43340145997212,115.87085393940788
244.4262392285565,170.6729373130026,156.45029725370813,116.18836668152166
233.67743771578193,174.44491086638084,156.36926792452098,117.36932649615187
246.62026075957647,183.59450883277202,156.9817907822444,119.96903917848181
287.17231034045875,191.27051723620173,156.87711178649542,124.8303593162025
326.6366415691728,202.3570362206696,157.1146556889306,123.79320086386826
318.2637379216194,193.84495433758727,158.7692077960491,123.50859158926146
286.44655701094354,186.46114746479364,162.1252760077817,124.77573898810802
252.63118278187258,183.99044353603085,165.6427813628963,125.30288264351569
219.21033428955764,182.58771390947967,167.92450367711604,126.22347172507108
194.99445849192264,184.34557065981232,169.64252541398758,125.52377942840053
201.00498383540275,186.8310686916135,168.17694805466405,125.27451455071129
218.44919940712373,187.66125088019075,169.11319723959124,124.31482679356333
224.8795112620258,179.76518214949596,170.341786901064,124.10682883319998
237.43540280251307,169.6552874007001,171.02708290639316,124.44072927744698
245.42248930321145,165.87106906161597,170.61147885946417,124.58678884608764
239.2217838786679,163.80878061482113,172.23379215148339,124.59362415489949
231.32784719191397,165.42037571190107,172.6172341819126,124.07526269990585
232.2419459801912,166.63927951523132,173.65675077199944,124.20490895448195
227.47799519062116,161.24281823940947,176.06822731375547,125.58063237129895
200.0303060754849,156.1376008517829,180.9128891438815,128.16974594522767
171.0177217922518,163.96810881161295,184.29225998085553,129.22933587578729
168.24360214366476,175.16095408252758,181.68876969428933,130.5092813965801
181.12056663928965,182.9389749194532,180.6953215837769,131.61237744855896
186.6563740036127,174.9841082619876,182.4507255929237,132.02375394433733
167.78797191302468,166.22843673362726,186.14491197624824,134.81268775270593
145.1321126810672,173.49386629523445,188.275188179421,135.95571302127618
136.2959605070434,196.85470804398926,185.4849776501493,137.34977125350292
129.49627722759251,215.8460366578489,187.4437230237483,137.32336707754146
123.40142255190253,218.3465346742076,189.2725295888734,136.61854271001576
121.24310567418058,212.6035018285965,192.16223553937039,137.33800779241224
129.10691790620092,200.91416467634167,194.08075403492444,138.16567768713188
144.28846900527427,194.71505818885387,194.70851372947794,138.18322202197072
156.84493723485937,194.03446396393886,196.224674255171,139.4338331045546
165.9050443558756,197.98491526951784,197.78838754914932,141.41992580894836
168.46075997439522,199.52535832800925,200.76439108078682,140.69596041111234
175.93912105512794,193.07141882473388,202.24971794581063,141.28001167413277
167.94687421796635,183.8188533656849,203.68879764918654,142.9126641071233
151.65225071744337,185.6718890359163,206.90817160335752,145.75151178063754
142.19876390071136,197.66241412401698,207.141158801885,146.0997195695241
136.906556493226,199.08692113396248,207.842032509678,146.89860183945854
133.42246921302728,189.36325352964627,209.97363537665504,146.59277657140635
120.63545898362455,184.28169254909878,212.77873684437162,148.49861341439833
116.80404867326568,188.35593715262334,214.93674617816308,149.85761531910458
124.65345115336146,202.678197134085,215.98572869355746,152.38009708042443
129.6922897175169,214.338431495125,217.46368320281982,152.15541159198702
125.33850670774069,211.9558676255026,220.5199487920744,153.2505030153138
110.24865232836012,205.1510503147962,222.0484048042535,155.3883292031939
103.59773571140487,197.19935505638585,222.80655880079829,156.85028009141357
105.45907824671828,194.20557916093918,226.8708114437945,157.88252010709934
106.9330769440099,199.54338367549536,230.5328194279344,159.64254759837274
104.72361949538121,209.94292810735374,232.7423129289363,160.78687914481222
100.03502523432073,211.61913199554067,234.70718655924207,162.13788533175622
98.46532473561382,207.54108325769718,238.32376112347413,163.22215873365172
101.72678278902154,204.3629917244836,241.76937757891454,164.721194583282
94.38378546250321,194.82898072573283,245.1509107527642,166.3024268774144
73.13749343350736,188.5956597845014,252.49789544552152,170.04717354198175
45.60489246031631,191.79304258838596,259.1468528850677,172.68494253351685
36.9432344220628,201.03618559257467,261.8584565058252,173.2009567875906
