228.5,236.5,80,64
232.46862119268508,231.05863475070353,80.15337574817474,64.07588578728921
234.96893071750284,234.30730208517298,80.225636489799,64.12872201678783
237.56697062242336,240.32019407330978,80.26318066143382,64.15558944584873
236.72710954860685,246.3550846628316,80.27536595432285,64.16149186055507
230.4270884361091,251.60747802272024,80.30764961913768,64.17614293069475
231.07373777418692,246.05263468623508,80.51698427618821,64.3453236222198
229.2567047948965,239.31483350232776,80.55541291329689,64.31926945774681
227.55476461104655,231.91321303656576,80.56907716885995,64.31028504747394
228.97304088819104,238.5568465046968,81.07639716172066,64.44014858148772
223.3478102570632,260.49240648218864,81.4873255718035,64.71257949930677
224.46724907619284,263.4464220678077,81.68770913158802,64.83271605267802
229.13000492467626,249.06558673201891,82.23101953239951,65.13379254700953
234.24628577335915,224.8670244826446,83.01880352289993,65.69915663926399
231.8526552816249,219.13268963582766,83.03604831297858,65.69368902668455
236.3524622574166,231.3361872494966,83.49592609113148,66.0152399419248
244.39920518347859,238.25206622485516,84.10292737584832,66.29172021142249
254.45087372741645,231.1096939684987,84.52168119983781,66.59374434907437
251.46622997636138,214.15046879744347,85.42038392793064,67.17431551027667
233.46661911375972,206.0166912506196,88.39231149419841,66.31423083341659
205.95541342528918,213.14252452340878,94.65915341313163,64.98906460827277
181.13150678524204,224.79507293186956,94.51662245494471,67.4193594081725
196.86921408692942,234.6813335704914,95.28961330811289,68.52806753156361
226.03448284408708,243.4114396780561,97.0842741580554,67.03290982845813
232.32990816815988,247.35813932645578,96.98780541451184,67.64727916264017
207.14364288600206,246.02964925698006,99.70678296979432,66.31602692740034
185.57453203533404,238.76491125673815,99.18318521312248,67.57919223605069
165.33501239447128,233.36516568266975,99.05059882346131,67.94998865915086
160.8611106512056,236.34430871202318,98.75893564281742,68.39419369312591
177.6627738873345,238.42472433609592,98.52318576968065,69.4658768263891
198.26869167909982,230.22857036825525,98.57869179991957,70.98916620738297
196.86900524220442,217.01655639861298,98.38124422388125,71.09636637261964
190.6422706192585,213.16280526235823,98.356785308152,71.13354050487035
188.25886560974212,220.98294736344553,98.3042679727536,71.13473770223186
202.06890900817584,220.89725472533817,99.18419834202386,70.2420428593136
209.0309501644192,216.5790963678513,99.13981669024268,70.25533558747095
206.15817361266878,212.18578234090367,99.07793285068938,70.2566176101772
201.5471693642978,218.97904870681114,98.78360776741425,70.47220127240523
202.22621441887048,243.49615316962064,98.7517905035371,70.28654123594639
209.6216045990892,266.1664921754735,98.40156953030669,70.35628650304933
211.78840682077652,269.26741915460525,98.37790208720672,70.40465665825012
202.59940617415594,259.2712677339131,98.44355787568713,70.34218235424873
188.94736906976112,257.7743524787835,98.77626901684982,70.46703245679306
177.3237031472794,265.9182772961051,98.76810579040215,70.5981662816225
176.89110280402306,273.8626101932253,98.7556671236395,70.61081045442309
191.41226165324062,272.54035874377587,99.80101689041437,69.47300191380782
206.09501417603437,277.0825699376889,99.72963454074973,69.54377857688503
212.74173590515883,281.3737046939295,99.70691537907062,69.57780869361532
211.69409643732752,276.65655792825794,99.60291667534423,69.74640188468742
214.98098575222485,255.94674215190335,98.87972255253807,70.78079860463293
228.39325043989766,237.75442703450375,99.12982391449714,72.15471716951026
240.75783562430775,234.66969344391237,98.85188073378728,71.83656304331998
256.6486523506083,249.08460297257585,98.55569421111784,71.94759519754086
253.19849661136806,252.74021093454485,98.4600397319567,72.12307122535456
228.63683220654886,245.6874814568936,98.50252366244473,72.39822412749545
204.90544486856436,236.4015784505997,98.73849551248597,72.07788116852564
195.10899906553885,231.23268820645876,98.7237802307196,72.1102770208822
201.8091305470363,233.069233346181,98.62320083858658,72.16127040347082
209.0075350493629,240.35406770028226,98.3427334248147,72.06148179933324
223.525705900888,246.78602707885744,98.74414730648132,71.60572897388452
231.7099768473172,232.63301055724853,98.57778627604964,71.73687340626255
230.29192042015183,218.70438026708695,98.59881562665723,71.72407783424195
226.1661649140634,218.25653801217578,98.58503256382193,71.71765719145732
236.0791595805101,218.5771504931264,98.77479030124101,71.53052878526594
253.79896578750407,214.62658904481944,98.38148831205777,71.31628951452142
272.0217862005083,210.7992754532505,98.87355729439886,70.75063986507875
278.91239187000406,218.01748204142146,98.88569712880825,70.80215031086817
274.98144907070935,233.235791512015,98.79806786152243,72.27290479802582
257.7392194649767,245.44532171272004,101.2374259072162,70.77928232386184
248.29481099181234,242.48201734612195,101.25293848647954,70.82458726982657
258.40402949231395,228.39871802661378,100.60706084216575,71.7848184161671
265.5876972964726,220.0134152244704,100.5400897281722,71.83093671576634
269.3111237084529,217.84558489433022,100.71051071173726,71.68610573786316
273.1131411706874,205.43589977051735,100.1093267966371,71.76152991004943
258.07428912632145,183.78764011642116,101.80645952001255,69.71032430369104
231.99937123525135,170.51159855469731,104.80616026186959,67.82740033180181
206.68714347966895,168.4100701488478,105.41509376986056,67.2052613541637
193.93186775044785,166.53699404421658,105.24127137271194,67.34128086918174
202.0426766341015,166.7189622433433,104.26865892309266,68.21836217016993
211.2775949342848,161.2372791907501,103.7124461325405,68.85307780080802
218.341477911409,152.77901093574096,103.63501987708361,68.98381146963978
223.38085986962648,166.38749445848418,103.21702542323409,69.24342599763965
223.27906470269932,183.5109684240881,103.08436184583164,69.65184305666617
217.00863022846812,197.52083101400953,102.93240356956257,69.85853923302449
212.33265111666597,203.84962911666358,102.88532633937045,69.91189197180819
199.02911614273586,201.2468711548934,104.87633412292405,68.37657985808659
182.8152489324765,191.2165263042039,103.41865060521033,69.73356281813253
178.74620729930524,179.59066685843837,103.17159822091809,70.08796573065972
187.48605275010507,166.0126356778574,107.60876599241413,68.015890121851
206.222763356452,175.5442640265365,109.69652489446639,65.22969679424378
227.76954154199836,209.2202130149027,110.49346382366662,63.88484074866372
239.56808728435908,235.82423467734492,109.97106411140614,64.25770333808588
234.89702852181938,246.78221735627878,109.10994219556758,65.00902389940764
227.79479450720268,239.22386173748046,107.69066812122429,66.42837700559555
218.92355308822556,224.76497811966598,106.94041795746953,66.48166517628312
213.8226737278071,207.78836545184146,106.86409859908282,66.53467154830915
217.98654931628704,209.18582319903987,106.76942828607561,66.62028879545892
223.17984300037404,211.01225073800072,106.21845607598266,67.20690133838681
232.0102878774054,205.57135985033793,105.05993715627048,68.63306234802639
235.74739040217133,192.55270339985225,103.65023053126868,69.69382610043816
222.45914082317194,191.65147196164705,106.5779202562841,68.36672612208172
209.29102237883734,204.2519967813908,106.02809070818569,69.10663641301416
212.188724046175,223.92343133481756,106.92984857117273,67.1562386196372
247.61654445324547,224.45683417542,109.1951870661138,65.86407764110524
278.88688339207386,211.9403319256299,107.62776816062498,69.61483841204782
271.97054655320267,207.10564296461382,108.1744349108772,68.39131395981238
245.66138252040994,206.0328004628033,112.60340140419697,66.11899349697224
222.2977114395179,215.78134626568442,112.31621719879352,67.43976154086815
206.83448748686249,217.6907951828282,111.72220879001748,67.8211286373057
206.93998749222905,206.31869722572108,109.48244977659881,68.80989051526505
204.83742201236868,192.87196504999994,108.64386287514404,69.37263968726398
210.61354607864112,197.16684318365157,108.30145456346092,69.692666783303
211.54133619267486,209.70735498157705,106.79134324394184,70.34658848469327
234.19102312633538,222.95805104253483,110.97870185953093,67.20959531907654
274.090800755039,221.98614063562968,110.50645525690874,67.16644797321125
281.76018380564074,216.71077156904425,109.56950075543683,67.64119066113065
261.4515896712715,205.79686930965568,110.48623049756398,65.66313275314997
199.37589841286447,194.39909318105322,115.48190470138974,62.909549802225015
140.88457650678544,191.698363306577,115.00353471960253,62.99497237313793
119.68507733373114,186.31128120220313,114.86992121878725,63.08504215286948
133.31668513405782,186.1846984591621,111.75204558395419,65.94418135950212
154.03071856647526,185.3401092723107,109.19244414270334,67.87882849870208
156.86613981585384,181.67550583398167,108.64083382168052,68.19274702239385
169.51264935729472,180.10444828887015,106.64305514102047,69.92819809875431
186.7065474022444,175.50979006052228,107.06627513388473,69.0589589524227
203.36108129246213,175.26700005395023,104.21326967034382,70.63027631316966
212.36436973278154,188.95393175361767,103.48250112405562,71.07041208986016
213.88911221159555,196.66595124270367,103.15508805249024,71.25707848735951
221.83941681569888,196.82265896753552,102.74997654783581,71.47702792970176
224.99140689937516,190.90938376065563,102.77639017168194,71.42520329005576
230.70452489245258,188.52546872873708,102.02839591526342,71.74903644761235
229.78651634027602,196.9386520422712,101.4237136807036,72.29865591978725
229.50705266680018,202.96205471450648,101.64167390891521,72.0765108765252
248.53663429118797,204.38822544104434,101.46348066136036,72.18438976036356
271.0032770925104,218.12918217883708,101.23039800060991,73.60873582152122
280.3820977432961,243.97403025861877,100.65842945904839,73.7168988538524
276.39426236828695,261.68258213987303,100.21110941011644,73.94590944070904
275.52468365114174,276.4061974910075,100.16068697609028,74.12539344486109
273.59371611403355,282.92931156955154,100.11965054418785,74.12974721984087
273.91158876041266,273.7970946507675,100.12240224640188,74.16940002103198
276.54180686015746,264.12041742901465,100.13121167145444,74.21337679424958
277.8429985978857,252.51688550983823,100.08967929310491,74.23775859524892
277.70770915744686,222.99159300785047,99.7274389982624,73.63200586118732
278.95753973584453,193.20642894063758,99.7415384081785,73.92865616968538
275.99788877238126,191.28869794684084,100.17290240785893,75.00276204193769
264.0901304885843,227.56172388055822,100.18518106041378,74.12109310907321
253.92131887230684,271.55954437655436,99.95722583227536,72.77652938758877
250.70505523510278,282.9906438693659,99.95666861876846,72.77749530369907
248.28549439618345,293.98791359700664,99.80631695371157,72.80291243716268
237.05021894495164,260.75820570961207,99.20416544833832,72.99123293607292
224.95865958519929,251.9657510468982,99.29963577611936,73.50734228896651
217.25994000393837,257.7865839743995,99.29663186155382,73.51664689294824
217.2473851752887,249.3738482219349,99.27414241182608,73.5412398730972
216.25839574993324,232.9135346373552,99.26321356772038,73.56783933229566
219.83062993574828,227.91823281605969,99.25529562257351,73.57317438205222
230.06365857599616,228.36514922172015,99.3115695798707,73.64026101052396
235.71887724658637,219.53176693769754,99.15566371757211,73.76242413813947
232.62644898981932,196.14097598714244,98.72481378731956,73.65956084881998
226.41920111219417,189.95419147142985,98.72544254580478,73.65891666155622
222.77724269501405,181.3342820733045,98.72674419538104,73.65761416569262
228.22551237052494,174.78496878123488,98.368702769164,73.70812597322056
239.39221549013791,182.59328275568953,98.36755093972803,73.70325530275365
243.21273948312012,183.8781465879809,98.36991268276753,73.71700728103892
232.70365848537864,184.7809558564969,98.55260829336285,73.77917252887329
209.90095810984508,185.73116781163083,98.42116212060179,73.86152490282322
186.18661133086528,179.65566763314746,97.94162203598333,73.6591097705932
184.36323234054382,171.0275810811983,98.00046507293115,73.79544606724058
199.82325639219326,154.02036391721524,99.25069742617522,74.83982576874182
216.32709950640412,135.34070987920302,99.05051775903279,74.85332772294007
209.01858214772304,119.14800887721287,98.98445272969089,74.85896135533837
205.21555517219,119.49300512897591,98.96758426025524,74.86435645366468
205.35537338467,138.36314303462754,98.85095946070436,74.90373991360168
211.68177038906776,144.39302215413457,98.64292291345672,74.97768681374777
224.83681701980026,140.28816268310666,98.65245932118113,74.96349256305456
230.76344923825204,139.93658364218987,98.61904199121119,74.95913910066056
231.21518380393854,145.02198352723718,98.611947860315,74.97074575604196
231.10815864147924,166.1208886755644,98.37632489021254,74.66963727213167
224.57337450770598,190.44428934371612,97.84542452220003,75.12495919632632
210.67673118591108,207.48135100758978,97.83423347413941,74.95188262150869
206.7935049742601,208.38324805219915,97.80074674186277,74.91876705249257
208.0056867838816,189.78702099444746,97.83235150259412,74.73963913674595
198.00392745495003,157.97132182956182,97.86048640191235,72.7521333527477
184.6823251072184,112.31048465311345,97.30700339901135,72.34880923152335
181.619814470086,99.2969430819333,97.24106378918188,72.3283822267889
193.84077834092767,120.86937995638903,97.5002335359019,72.32797106332669
208.1530144458686,144.29256175381443,97.68148833102491,72.9901981667181
228.740678086558,154.92597403773738,97.82951767806406,72.81265468102552
244.70157646656446,154.16896607746904,97.74188458382267,72.79876203794828
240.99055869177073,147.0079428666792,97.51928350239811,72.75766930700111
238.3729611184654,139.233367347636,97.48948307405762,72.76095337883991
243.99533504600151,147.44039954827178,97.32273433397563,72.75701470999026
242.6615609874449,157.54170857862624,97.2706321825342,72.73537733165435
233.66800323369313,162.32732633143183,97.35788730795767,72.63590925158029
227.8964236548138,170.06140438325855,97.22278184779638,72.69645969852505
230.7369453790455,179.03711034964542,97.22251881009957,72.69761009790462
233.5594613213754,179.0420737872356,97.2353190711307,72.71893374053958
239.77764348453155,176.53168696022516,97.21216561365385,72.69061510177484
245.55716698311502,170.2841900587295,97.09305525436531,72.75329975407031
243.7527017203754,154.5938437005625,97.07644242390276,72.76089218964263
240.1435972894191,171.39660522010206,96.24314142863768,73.11775242082717
237.18030588786795,219.03308899821965,96.18107486345383,71.90121186654513
241.74762552857126,255.92657232930432,95.89546703041145,72.38715627615312
252.18553579151924,267.2597099593731,95.90011487304578,72.39550832009272
263.2315757333242,270.6051928901473,95.89771089275624,72.39983397770933
255.43291846704474,255.9551657012531,95.90713575398938,72.5597821543259
242.99148331120654,247.8808989091367,95.91546001464042,72.54922569644441
243.32521617604053,249.48141010518611,95.85807136808326,72.73955595784899
255.92520293164603,265.2102276514287,95.7086731132199,72.73078866321538
264.62908117909313,265.96098855939135,95.70736498258351,72.73328145853428
261.0747902234194,253.6325047140598,95.62384732270283,72.77615918337709
249.72759544316486,239.9197635247558,95.66402011685462,72.73924303293236
242.51970980140607,234.17140098015906,95.64990362876574,72.7437491508734
248.9819913348093,227.50262246335177,95.63101931104376,72.96150752420967
262.9942987048753,212.40377035054593,95.56849410948604,72.99366342523639
263.68183148160233,188.03073756057057,95.46305517346353,73.04437454351716
256.5181204949798,182.29948028915132,95.44574295481405,73.04693673192453
260.29675270724397,200.66080541684403,95.44820762955936,73.04978849069924
263.49237362726063,211.83010917681418,95.44822116824922,73.04995279082735
256.077299285712,226.22070626945845,95.42803949856335,73.06722624164716
242.51948271834084,212.5164307892111,95.2662068129931,73.15978675414381
229.60007566749437,204.414581773259,95.2500900370005,73.15740911771309
223.80452496974996,219.15721715639745,95.2544681048526,73.12402738952213
229.14423530789466,227.94766652997944,95.2544440578967,73.12418905190403
236.63923703488794,236.5515752085592,95.25446803158349,73.1242059385189
244.60026331411325,250.1286456419898,94.975325476795,73.07464499719484
229.00038366774052,212.36970041404695,95.06617134790959,72.97521062397897
221.91240035243143,203.0569871376515,94.98297221467278,73.01749584986554
246.81076877874858,214.11084530368788,95.66599076364979,72.54849144711409
279.942053042842,217.47297070316083,96.15888488194733,72.55023189725269
290.6093763694907,201.54431287975603,96.13442842945565,72.47913224560037
269.62957787691664,185.35519261822787,99.07993773760172,69.35045290781679
228.06949130994025,170.7438849177128,100.31289621091001,68.2649513960052
190.6529015107743,178.52099006276097,101.20952185416377,70.16785246455143
171.81957059344592,188.48763745404023,101.15866583603734,70.19102244944894
171.81527204523866,177.13539243150606,101.07472209462753,70.26963320679755
174.88541041935414,161.04367502539841,100.75101610521614,70.537025691132
192.67379149242714,157.57376716016077,100.41786434115023,70.71989390421226
229.24045637408474,156.10639185067035,100.38488400410456,71.08932784609961
252.74306653842038,149.91292790869733,100.33927366078483,71.1440594943889
253.21753929386807,150.39929493805903,100.3096257854447,71.18912981989706
236.19884177674646,154.93177521766813,99.84913416197313,71.3989399973732
211.24187085148193,155.70160452024948,99.32004088676975,71.54317662250376
193.41550023707308,166.06276700023147,98.72933195079253,72.21134505548414
185.00606827226648,185.49382663434483,98.59811691617233,72.24484041128086
175.27268574461306,200.78044892028493,98.36478774845673,72.28780296220341
156.81952239096165,203.34029638842878,98.42591487079856,72.3011298574281
136.5062201733221,186.53533595459294,98.08668373478858,72.6563243151877
139.08135601901,168.5798954606874,98.06151074870455,72.67569910793041
159.40609936037282,178.3826132434347,101.42523436260979,69.1540877001507
187.3382794951312,202.24871649722292,101.12365638069073,69.302980893502
194.54138470957093,212.06473328596746,101.123294454924,69.30340123446987
188.824965786421,234.8618396053472,100.9193496550447,69.3811208161694
176.81656706897195,225.55551898156315,100.52823769663226,69.54911522841034
169.4754513952127,214.95425633877264,100.47430399745886,69.56553097114472
169.33031880101777,220.44825751579276,100.39156394469305,69.58724655838861
186.28674921514087,225.74137305264892,99.97503337767732,69.8517978790855
220.5903363523802,223.15460356876514,99.65032980632365,69.9656988234766
262.9716453034205,211.8212190123138,100.15918864984863,70.22773046384512
290.17613227869464,194.05526842489576,99.47244370320655,70.47676420704055
287.0084172644027,195.40059815901157,98.15284586542691,71.57574087391029
264.0930812273608,214.86911873467596,97.51427584356338,72.09083290129243
249.47817074747343,224.72788952981338,97.37423520055493,72.06893950437696
244.85682070475494,213.45076155253366,97.2281737656062,72.06884365229578
230.38483628418282,189.99507720331331,96.36863575555412,71.98227991665443
205.36801407174664,174.15932816207246,96.02394994971361,71.83505813524455
187.704877812343,176.70148592570658,95.81014144435093,72.06881063547263
190.36840209903198,199.763228827823,95.66377028491341,72.11766903900343
219.63896593314647,235.40666093442434,95.63174448436025,71.44117927648439
236.16310238066757,239.04983244873233,95.6319373180778,71.4408546194504
238.91428149412516,240.0297614450892,94.76316788205617,71.3756166876574
213.05194425536428,225.079080449738,95.68863657954867,69.42584342445355
197.07869181334266,213.32506660732986,95.60582170040827,69.48818476893781
205.02422902901375,223.55679146430919,94.52575381508662,69.83515413762072
227.64154977038618,245.94169746645753,100.66649380206829,67.26699847487679
270.33438763432616,251.2935698993025,99.36967000289933,68.22517797136948
276.91719804655503,240.1850679106587,98.95042521603918,68.37329996013167
261.2434412752998,221.9906933431194,97.47726767700668,68.51124037938996
236.45455141922818,205.93641456516912,95.54076516258745,68.79727291087647
233.78341437665483,195.64553537584015,95.28089977477268,69.07604132981761
255.0166196571298,207.55876229079823,98.88313850581497,66.20529504995027
271.05889407975974,211.13980386820432,98.88321490469569,66.20505948653823
262.84416908216656,207.07362751295818,97.36260310178636,67.46977933112476
234.91708872200036,190.58188239997588,97.07197317270467,67.6120143691011
237.08967524175435,185.86023451058213,96.80057113310518,67.87646474230999
257.6906896860781,181.71664334040565,96.35270789387171,68.32882299742735
274.5113680933114,180.22059707145476,96.13914648956143,68.50889118039443
268.080923938345,171.911349253781,95.24247502318798,69.19698501367897
246.36336506848792,160.12919991036844,94.98266554732601,69.2562463927648
245.52429003744538,166.3017268853821,94.85974587293035,69.30161144908519
251.76512511742396,178.38849760614656,94.83964263802207,69.31434739708261
257.3261220235066,175.05185777083648,94.66601689836644,69.5574131394801
270.418661558172,163.57295619958705,94.67893969060795,69.75252859887351
283.45270405976544,167.03019394778372,94.55190807792408,69.91561018942475
295.68616600719764,188.74397859248708,94.42270886872856,69.96255872228362
302.48882088549897,205.0429240459103,94.39648446216256,70.01135818408952
292.00545203157225,207.20313870530458,94.31690411581681,70.00758354746037
288.2199915553603,197.37881986267837,94.31169277072478,70.00557502299604
276.27351467805863,192.25387225459878,94.3598112439561,70.05759807729001
227.18088119491244,191.3889898420212,95.76166146220154,70.59209212569644
189.30013534272106,203.04705985627896,94.99934945564682,71.57494806886062
200.19246364110512,203.22743885674126,95.82319047850766,72.75603932349789
227.2933764967489,181.2870947401421,96.41990678992516,73.92456172417666
239.93603802329503,176.22858480456864,96.37069823878603,73.90263506212048
235.42272317808454,175.259739123918,96.40226700849165,73.4097198197993
219.12946116697842,184.33827421228676,95.64270262128007,73.63931498730004
226.8100196152314,203.68358005839548,94.81747821134638,72.63363600382287
259.56520501057827,210.2213218676575,94.6968397814925,71.59371490055757
287.5562676870235,190.42815323065486,94.00415839832863,73.55592574023675
303.19047371390286,170.40763992267293,93.13929744625442,74.4137324465326
302.1496675359738,160.46348823656785,93.62004360357287,73.50926543300056
282.9222618296668,167.04458228326484,93.20759885163605,73.30033871503383
278.55396639105294,198.59554124763935,92.41496628678613,72.8015434974665
300.06838708459264,221.23703518434422,92.7250569370602,72.00955293850983
327.47688832141637,200.43510777589523,92.3115540666843,73.10751404813246
334.42764288430976,180.60861472910273,92.15571907419823,73.09622783336783
324.626996175872,174.08594153553238,93.0340186403657,73.12250359520333
303.849124709708,185.05404931819015,93.21043952069184,73.84937396738779
290.75927138380524,196.04930789327977,93.12967864320045,73.71478142353178
293.1910150354738,198.8086140907497,93.07330546416148,73.69206155331116
293.8655441676462,192.6090452087427,93.05595598868847,73.68397943054536
287.37097721182465,186.3797637931917,93.0233213303852,73.67329444365424
283.25432052614946,181.4711707634813,92.94789503956518,73.65782745742077
284.01450682444477,179.32976266914085,92.83514859501314,73.58136067567318
277.728553783174,179.00921806061368,92.5776670127598,73.38739507791199
268.8697761145569,181.51437269656037,92.64089495741591,73.59831249821829
262.8061207616812,183.8153065162987,92.55051901002997,73.63317362232198
263.90873633703814,189.49767659144456,92.4627879260734,73.62083997380029
262.77088440276475,195.64188579743995,92.36865308002054,73.58175589713666
264.3478786897593,196.518295093762,92.38562207133903,73.48742915439183
274.99344250607516,207.1903515918647,92.99566707664681,71.85878933323528
291.0362174476361,214.78261001979388,92.96637253410113,71.836713731039
287.49949151164367,221.365589259681,92.91977111476514,71.80533967814465
272.29528639446295,218.28018998594123,92.96602924951722,70.69148885352337
263.89001880722236,208.3420714285603,92.89368516679623,70.71220571987212
266.12027553965095,210.19780481396793,93.09739918759573,70.44514641213061
284.8255322581555,217.8818441819836,92.74832145004962,69.66729671052309
269.0334574993868,219.3165244245865,96.00303371172748,65.40380921401817
227.3080771821525,217.83767431582723,98.04034219775872,63.5579095970946
216.5682035364276,208.45444735340325,97.12201629279737,65.58951168478434
231.17210854445037,196.29074195178083,96.2985103233827,67.43931094628113
236.77405758352964,195.4440595887316,96.1469146057588,67.60710146507373
242.99215241155383,194.6981092322529,95.76965534674409,68.17157327683555
248.12333340246494,197.28298256067916,95.69236626378664,68.27188382136852
242.28538859715326,201.5744096213663,95.32715632607017,68.57457543058509
239.53791340720596,205.28516777859545,95.24411569720624,68.7705598981397
250.66571481586203,202.26047548432382,96.08763206629543,67.97831402785116
254.29419350002507,199.54421840945375,95.24028067788882,68.9182372733555
240.76790689981,200.25875371696492,94.9772506220934,69.15497688572722
249.13523890701725,189.8462683845287,95.43482064698546,70.33695743829496
257.68332386569244,182.32002524854764,95.35280516383921,70.4646075515047
248.6949595199477,173.8250313664379,95.29366425694,70.97799466875149
243.39839921137857,171.97888686468056,95.04456361400749,71.02497374718683
251.74663193040038,183.27324535666457,94.15963496490428,71.27897298025984
256.33479359504304,190.58318631193058,94.05744074023326,71.32018573525518
252.47493561863718,191.7979401827372,93.35044084221487,71.55748278413878
233.90759857745374,182.2729300420002,92.4079512282927,72.02588571026602
218.92973578049322,165.10785572187007,92.40569380524593,72.02475841058494
