198.5,249.5,95,325
191.9505486790637,243.37747090409758,99.03684037838383,326.96237386563297
188.9569957037151,244.43959913081576,102.33917693706749,330.5728428875079
187.43476805579468,243.8210481256024,104.35640924191866,333.27909603719394
188.64726628959735,243.27367076249112,105.97568424342951,334.23248356637976
189.16544592056206,245.0167072951723,106.87409306221146,333.4439383864544
190.22001670056935,247.4913439623191,107.06187204014549,335.25372877286395
193.10798020996802,249.1987598136937,107.8951731555034,337.8851540891577
194.30037097435115,250.74958579929023,108.93679061927563,341.2263932388753
195.44091496433305,247.71924130719128,109.94355087348848,342.7203426638996
197.04626114706912,243.2627260956187,110.093649237539,345.1351969891749
200.78501758482776,245.37375730607465,109.89581613725974,344.2438979082593
203.202630708892,248.75464394055592,109.72110710486007,345.25642139985587
204.46292230068548,251.6210611201108,109.27399809005053,346.36638765796414
205.29163392931179,255.2940795476672,109.09753949344244,348.42161976189675
207.1112219709741,254.56205931371446,110.30463015663886,349.81661464887867
210.071771756791,249.9477805001921,110.62472960157606,352.107674183272
214.71880390329096,245.16667305875754,112.0967108789497,352.3367992376499
217.9203797561488,242.39626583123345,112.62481260646152,354.9095286421152
216.6746061469491,237.99904657644487,112.97979723903029,354.79078680043506
212.4473927700311,233.3189701913048,113.95224557642342,352.8485132325194
206.71807337095393,227.44371860851143,114.51978921313975,351.3335859476667
205.05481328506764,222.51932881452512,114.86375184974084,351.15242588415003
202.05725445232127,221.50058335963107,115.55643888550335,350.70165604793596
198.7022961575974,219.9300110073524,115.58072896814565,351.6365498465027
196.82356183582908,215.8486894163615,116.44592299353351,352.4582892694818
198.60280370943747,210.8307383722568,117.09271335138877,354.38533706386795
199.54285760040358,206.03830726946615,116.94339535007325,355.4680391971226
203.2231869538906,206.89365220798112,118.2911659796471,356.22527582232044
209.26240236479467,213.72454092333643,117.3684072312032,355.58682812641206
211.98973656985362,223.96650436951327,116.48800620847544,355.93802238884354
211.40034606733633,231.33905257708423,115.09671813887925,357.2265181978227
210.3349606110715,233.79941408632158,115.01516157109276,357.90913485143665
210.0046410695634,237.70658703220775,115.12711617630288,358.21702616516967
208.34016541957214,238.19457277779603,116.54977324963896,358.74307467540456
207.9873578230179,240.84878967876188,116.58030367302167,361.6591415296008
205.95239448927668,242.3766026849353,117.34883373215145,364.3573664541436
202.70633304738948,236.4945692878253,119.39332764101131,363.9833536051141
200.27016861606103,228.95415205200374,120.95811346434628,366.15300090482117
198.42392480098317,223.6894541268451,122.282916253346,365.7647360419426
198.01250777339823,219.65830923429513,122.17022667932738,364.7111753784342
200.71605521984304,218.0662586477282,121.2410742531736,365.0873611024256
198.8257157242018,207.22590980465014,122.4696382809245,366.34070016126236
198.81074467034054,197.96830595344022,123.4622603112278,366.4449543419537
200.37134307123455,193.91712035723515,125.45713187262947,367.32471267654523
208.34072459201082,195.85639386051747,125.69464408437284,365.2756849418312
214.14463603086622,194.52360517128434,125.01284373626407,363.9195547855074
215.35471799253764,186.56251325238276,125.86164934874886,361.4690140902295
222.00155670711843,190.73367346957934,125.6195332751781,361.82303707777237
228.65330823193995,199.0978889362652,125.15518828370158,360.012084705802
230.07347653253754,203.76141828586515,125.38611261161404,358.4316299723614
227.35160820237968,204.98281711689503,125.74103644386585,356.39801721320805
224.95231123659866,202.06663767955615,126.94346877150025,355.28869899437996
226.0705440911408,200.86861004608306,128.1191794330367,356.2978246300929
229.56836058301866,202.52873074130497,128.54052910003782,356.05709488210516
232.82675013022026,202.6797723554639,128.64094418135483,355.26156694281735
229.896246625493,201.01102252030933,128.45637128053104,353.1899884919412
229.52769008902396,206.8567759997236,128.16945271436998,352.60054852682606
227.70970482426975,209.48125805722452,128.77252338731103,351.42097804662035
213.8361272086429,202.74617847864062,132.05493405069367,352.1132832380289
196.23226201312167,193.56825307993552,134.35828364339625,350.3001715568014
182.41009440071895,175.21744878004756,132.49423607096045,349.7742525381691
175.8874506869352,160.6638302795996,129.58400954436536,351.39640119067633
173.2205244517951,150.91688340424193,125.60727508532429,351.2262229046485
171.90795448423694,150.53866732874113,122.77248603103024,349.81860495341624
175.60398057340154,162.20907033300895,119.95533591034874,348.163473612239
178.559277116713,163.23104204541102,118.2681167136489,346.07133100692124
179.25342755134625,169.25541903745858,117.12527614602004,344.6799723856801
182.39665959858584,170.53713558762556,118.5624558312955,344.52438454405893
189.30437351377896,177.92878737363245,118.9934355097594,343.1702649320061
194.8345031607439,181.1791432979829,119.98969000214538,343.12360362422925
200.65378273572162,180.66947987763282,121.6605924458179,341.6798507739962
207.87316676102188,178.89398172319585,122.4200389261622,341.166297159927
211.68207655040663,185.38696568934068,121.15616603318372,340.1909865381232
215.12985243863972,200.65778584154978,121.69136939511475,341.0607823146376
216.2027235261011,211.04943411240583,120.6147404747391,340.20911876853097
210.90623239350276,212.84950999596566,119.47727401709639,338.9926149201125
210.92809706136973,211.02979033603918,118.72675691633643,342.5182904456625
209.8695691226972,200.18193353585062,119.88734325785384,344.7322268548775
207.9370605207612,189.32869834608167,120.41258728362521,345.87168254020156
206.50921737894714,179.89780290793541,119.1569878807604,345.67047750584953
208.44233366925357,177.3618889560287,117.86090829811818,344.86291087841295
211.31137298264514,173.2026271690209,117.16625856919265,342.7664716838739
213.11240926609003,171.92471350672074,116.44013300089907,340.1256976176356
216.72844051414592,173.57098973000382,115.48023103487768,337.4353088435166
223.38645052487416,178.48629697855262,115.34632752190502,336.596450785628
230.59761707996284,193.15235562385473,113.29034267832927,336.01692939651304
242.24442970065348,199.7164823759885,115.00128744427221,337.47040768851014
255.87521511164283,209.06977544185523,115.8339205712681,337.9114350821673
265.9497701026131,212.86338235109469,113.90233416415668,337.94755042628606
288.24893826673707,213.7564225214959,111.7392242763384,339.6847402156411
308.5312280788413,213.27564849982164,111.51300067019635,340.3545232843955
321.5753877961407,212.7285932498167,112.55043273095879,339.04077803527514
335.3813257936686,212.66619020300243,113.39881331244112,336.61598162035875
349.5187364136433,209.49747334580695,113.82676039829747,334.9102892284875
355.28327502167593,203.38212097220813,113.50087970780592,335.0992144575577
353.39575375552477,191.58362135297452,113.56233447918294,333.7525548672896
352.86661736893757,184.07540338468493,113.10429667973308,331.60596399417636
356.57452431187687,178.037368349988,111.41468337445149,330.24438242935395
356.56496612819313,172.28701573898655,111.18877160365818,328.86718466673767
360.4563352883171,169.23610156147595,111.8892495691158,330.5374157889403
365.85131982753376,169.75313314817026,113.01103319148825,331.56363126965016
363.48929818879964,164.50596499288213,114.69981293059581,329.74817792263366
360.84186292256743,162.7412821515158,116.51921292015251,332.91624310711916
360.75507204969705,167.83489682562276,118.9434095474088,334.10199769140036
364.2440278161839,170.0176527764982,118.35853533361842,337.8288644059825
366.9634427966975,173.67037221197288,117.4043736274435,340.11056084997455
369.382099546207,177.33703807956033,115.78144826051995,343.566102787285
373.8290810708777,180.0046563488193,113.75964183120414,346.54944782988275
377.2593723850974,183.36376755467495,110.3021344209654,349.3242502442213
378.6201938362711,189.59157427489455,108.98612890207905,351.07884665027865
377.33969476354844,184.3794357365648,107.27362517450803,354.1058811808566
375.09005316287954,188.9033217981111,106.47275082884866,356.64360309920687
372.4788636088737,195.98054574272868,107.31431347720454,358.45395318360454
371.33245636250666,201.18014756344832,108.799443608004,360.98384862511205
368.72893046542384,196.63245547041544,110.36940209658191,359.64760172292097
363.4496292578348,184.7162935656839,113.38876987354594,357.367340464635
361.8609470969176,172.36952621447864,115.36638412957674,356.9875032798385
353.4476375800941,167.80687907790815,116.54260967720072,357.0768220967417
347.1601856171197,173.97308146117732,119.93845838922138,352.0732227768281
338.20107614010544,182.41382460675283,123.9330266016728,348.09771564217124
328.6927666965673,195.34426520429435,127.9241766624551,348.4124707385921
322.2956742421664,201.02433768667817,129.8794743565962,348.5097995287073
315.98336503294695,213.86688007900148,131.8337283951523,346.8025189280206
306.0649056067315,210.64940296823343,134.50297222927264,348.68456377531965
299.53506467130165,225.64952052711357,136.08468493051564,348.29710255282305
293.54118065406584,226.77992849412416,135.57634204884957,348.95615580329587
292.051708720453,233.38122112325786,132.91999863122413,353.7737769964445
290.63481652463327,239.09480258807426,130.56677607248523,354.87707156345476
290.68524238678475,246.10350031157907,128.13933023387867,354.98220705363997
290.1008447962985,251.39233098161006,127.04420510769182,352.3551468144996
291.547617704251,251.7053874276304,125.24485382322747,351.1127130143893
296.02624301273227,252.6836093857819,124.1218431659818,347.92090370730875
299.9333626771311,246.35461409423831,121.09959125631255,347.30265394158
302.4365475477942,244.75583489749312,117.69022604780034,349.3381302589977
298.8803935388869,237.59105987222173,116.4112653354514,350.0319352610175
302.1439460988994,232.6178037124667,114.15066879468056,351.6958195211404
298.50374101163993,224.47293348610873,113.37881666298603,351.2816911078895
298.23619549912695,210.63343441280813,111.60923592363824,353.18337030002294
297.11479321798373,202.9025781597129,109.65177460152532,354.5115378843384
296.67054295531756,197.46974925364503,107.79890230314243,351.9677642389546
296.0573091278542,191.28842815406094,106.34519083895913,350.2719071018801
298.80492595771744,188.71119110106906,103.79094285885903,349.19668731824595
302.13706537438344,187.44629018853394,101.26006494258029,349.10770829195206
305.4426719770284,189.0114016355084,98.80808626106355,349.41698382253315
309.65814701085753,194.9723942875236,96.2097944842683,351.0570283570648
310.5516382835671,199.50618407174238,94.06613366159499,350.9422934083782
311.84452044321125,200.7504135634679,92.53246702049125,350.8012274608158
313.69024285473716,203.51387303170796,91.83346957369062,350.62276872178444
314.9645426743034,205.42606972069188,91.43856909418042,350.58036253406317
316.9017180230313,210.6046138259474,91.05042945820215,349.9238921137743
318.15840034664427,218.24511605839473,91.22709991572785,347.06830840998805
319.3030226807175,218.9389354879973,91.20176315697472,346.43149203527616
318.9356132800382,219.20380290240172,91.06156789163718,344.6181233783042
318.90483063885415,215.5749702309192,91.09545277883426,342.68519309443815
317.74235028020075,214.29722318627876,90.95288467610315,339.4527671855501
315.6207562266288,213.4063361317575,90.53479119755364,335.42201983692047
313.5587059750135,207.29443422665986,90.20908596424258,330.7498580709439
308.95985350870916,204.24345061441446,90.00900380273501,326.4135470971925
306.3391971646002,193.5164487417376,89.65340219957118,324.1146135256517
304.17119876788223,190.07284909911345,89.51303008889327,323.4099119853995
304.6284902241353,193.29565015988206,89.20415810005889,321.7546045110791
304.55314082703046,194.97705575450078,89.07420359636744,321.2118311636385
303.332770222461,189.84232479227393,88.78336645543915,319.2941745578188
299.28972360747974,190.2892647522217,88.45572048099491,317.3563977243948
298.22003254700337,191.73704678424178,87.92568712800977,312.71911608337405
299.44528463002683,193.63806649764973,87.25908334209734,308.91060815235653
299.61176007715744,205.9858077181849,87.07776229810457,302.5096165254952
299.6222840454415,217.7480616885301,86.8689316567062,296.9668571657374
297.44783945838043,227.86707645161596,87.69337243605297,292.0063602170803
297.0672549162641,234.0852020855009,88.01565544407373,288.7752376190492
297.83130163896254,239.19966504671908,88.03913849384745,286.54444630964997
298.05382901254853,243.51981708923606,88.37305827975649,283.904057824439
299.5168046291557,246.37200907055927,88.78903171390058,282.3988082116156
302.004637937108,250.6682231758458,89.0145031175577,280.5451104316455
303.41691845966267,253.3598749514008,88.98309535842859,278.773211776318
305.05155080694476,251.82427082421646,88.33243794650298,277.0991674214338
307.7676892886384,248.6791536958214,88.4129168539348,274.91989446081664
321.0133395708352,250.06491167711272,88.842806551382,273.2948757478373
317.695696840345,251.03781641217097,88.45828944201939,271.7785253429197
320.76625305229567,248.60342929744576,86.47201176543254,270.26485042228467
321.58288574772473,241.65436918297675,84.8808222879738,267.5381880889668
324.70561123801724,234.28368462149143,82.69975052262932,266.12909601503804
326.7848430901024,229.39521618245217,80.72002541251408,263.4761804074598
328.99571362366004,226.73580270157632,79.68697124076937,259.5674015495094
331.22091831363707,225.3989662964572,79.08697089172955,256.16170100006747
333.4410871785719,224.3099314168727,78.05638052399686,254.51336070407592
335.24572799717794,221.51844119111956,76.96423593741336,254.02487661700798
339.33094984113905,222.631186216748,75.48443699054947,251.5203446198168
342.9883282512263,229.33342909505703,73.70515065606229,248.11084635099172
345.15896827901395,236.16658602107884,72.3285839355242,247.62334643327424
345.7336564263946,242.73570706475172,71.19319990562973,247.7089460131038
345.329101614613,244.5322626328123,69.75086232841775,248.25697533795068
345.10627898571227,246.83267809484565,68.39916981575726,248.29736832135467
342.89287619831646,249.2788275595202,68.01587578880316,247.24567035941274
341.63593060697553,250.70139808336143,67.30585592450328,246.30174569947906
340.4851445380578,258.2206667697073,66.96815084256637,246.7933978409475
339.79384733441435,262.15553335217766,66.76452200518622,247.06930886393397
337.591009765902,262.97956907078446,66.71013463839623,247.30844922634193
332.6757691540309,264.89825304030353,66.72616559816144,247.3471286601218
326.50962338935034,268.2043002687774,66.70386098952197,247.43120119536167
322.43908656762426,268.8937254141797,66.7121803071075,247.6287067194907
317.8696687380509,269.74830848470907,66.70377246649836,248.93043106228822
314.0342702147794,256.6944106947651,66.69186077280696,249.32610467867514
311.44571059722216,248.5665079683555,66.67351635054234,249.5761804562014
310.1442069527777,249.05198513629264,66.67445306943905,249.6472768395883
306.20469518629517,238.2038131293179,66.64305761512999,249.63602884303972
306.1397695867348,239.5381031852832,66.33535412698915,249.47763850276132
307.9718034874022,232.96764895286125,66.5725102235883,245.96853399763455
317.9980992968647,240.63866769733303,66.10386292534204,246.0889055281612
313.9214842936165,237.0356263716826,65.9357304364161,243.61378624464763
316.82453020100627,237.2074868919988,66.92440409404873,240.00911988388583
326.99100083267615,244.28781061165864,67.32279942433681,235.9986160679182
326.0057230797096,248.96150059910684,68.63477796493791,233.83863214252133
326.074234700173,247.83880907805394,71.07472363232107,230.0947073042255
328.7553398409433,249.6284049035362,71.69007720881262,229.72403630412464
334.8029038290973,254.98852724109247,71.37675045625956,228.91471081846524
341.1118207707785,263.981047370031,70.56673880037518,229.33550475858624
344.10058076304074,268.3152491103895,69.57481404213854,231.44607390360156
344.62450326684836,269.415410945182,69.66140290007048,231.86791186083246
344.1659151202542,269.0772609281349,69.51113069644016,232.07376650041067
344.92384701385276,268.5281287311483,69.62382959807061,232.98055010877556
346.4282342968407,267.8083886798397,70.40427011998543,233.49324164289598
347.33516413363543,264.91031366251286,69.95223758148195,234.89680592315517
346.815171779322,259.6366232197256,69.13020000941583,235.80859911646894
345.54721705315194,250.93781319043282,68.25305428025267,235.43585250635334
345.7539601057636,244.1198975746227,68.7478181492801,233.9046352836889
349.1008473784058,244.59132229696598,69.1250484715494,233.91119001905224
354.8122591747345,242.30754374342135,68.76518836460977,235.06791424421402
357.76951786008726,239.42921665982306,68.4260980492632,239.21823300987558
359.937427213954,232.43290513712333,68.77140688974748,240.14421710874183
362.73725209614963,225.13128243362462,69.17820682475809,239.40174222460158
366.31326411202394,222.92397151126943,69.93741574131262,240.16519429239543
371.90566527004785,225.40915329113332,69.64508187771843,239.22797425302286
373.665591700586,229.6048440015939,69.52313007483922,237.56510750342736
375.81087162295165,235.53541939760052,69.06446653519207,236.26625262511044
376.65364669959104,231.27976392801446,68.90897583873851,235.9601845664798
375.23050042674504,233.45604576694592,68.73120360514896,235.63383262720333
374.75927860059846,233.47902022890247,68.55301162874187,235.37852314847586
373.19384318186997,241.64517652510682,68.38045906150526,234.99399688724395
371.875207714197,248.98296554757502,68.27726793210803,234.882113796226
370.8612792264273,255.71638820336653,68.20599236980564,234.9555812516718
368.6389056816501,251.6401987164257,68.10733678754613,234.91266107699394
365.31502010200745,257.11457628923955,68.10818917318036,234.92241346920795
362.05154831072787,260.9907651052045,68.1081924099754,234.92765712557764
357.78630952387823,258.1647502495772,68.10993482284694,234.93468304120844
353.3720841357973,255.20769885523987,68.11558591639162,234.95426363978916
348.1761456457587,253.75294819386286,68.12664357579015,235.02492996155132
332.54361502297127,247.14902579757285,68.08193423725857,235.5671396451836
328.43155247914245,238.86730186762964,68.13408037441566,236.24064438220623
315.18042955591824,230.1593418217414,68.14106788956528,237.18354582774248
317.6724779315797,222.57876505773774,68.13101212334988,237.18288180509063
318.3741126621775,225.4330243855645,68.18388270350552,237.66865283373278
318.4835672504109,221.8314197004977,68.96152623280356,234.23839739063396
318.60330665661473,226.21493871810316,69.11366152967354,233.30152092692572
315.647352246356,223.84411313039033,69.276673274538,233.4142830184891
312.99245454284954,214.76970532046641,71.74037884161557,227.96926471499705
313.69010150444166,210.4562174017032,75.19926668494136,220.43451836929594
325.71195941169793,215.79782008221406,76.01849451972082,214.0196044816629
326.564361612579,220.04153548403193,75.9559156218802,210.82124285374738
330.59110523415814,226.2434401164214,75.89503358807245,207.99945434855096
336.12551643217245,232.89618911562047,75.1933109540067,205.94165036565573
351.8080456781722,242.4423000332028,72.73516621933135,205.54917561606237
353.8499748357171,248.5983824811103,70.53899773311439,207.18783068942463
359.5571769170199,249.80817859264886,68.97037871149993,208.8368109875572
365.4184417090563,252.59888039133574,67.65255322136026,209.04713207203767
371.38774127445515,256.4992067745727,66.13287270018171,209.2725088923557
376.3209374843936,258.0925703571396,64.85043890609823,210.06989351311063
381.05269316308187,261.2196416199641,63.81540578968854,211.74941817038405
385.24612735821427,263.9298450195631,62.87950852598011,213.64927904849304
386.91824385614603,266.18367237994426,62.58467109133484,214.8437737189052
385.75617060699733,261.7187655628866,62.32527881895652,215.68439591625295
385.4908496400612,256.4063200563004,62.46226530367687,214.0357330811587
385.3951587230863,257.73902569130513,64.32559211347959,214.43125420899162
384.9539650678762,253.54905374624843,65.69091482271685,213.91807542607035
383.64416954625483,254.93622724988518,66.76210176840253,214.67220584914048
383.15131276359875,250.2731583526189,66.99537738453414,214.17728918505486
380.3002047290272,255.6427599791731,68.74336648300459,213.85900630395577
376.5662074225374,255.2487812346535,71.27130715616488,214.13459284897183
374.9539272570034,258.2482741782268,73.49059021119376,214.65307970581327
370.4721817120363,257.55419239876437,75.55651021424443,218.4452573753033
367.8046718785267,254.7364489103434,77.04604252507772,221.1351049802733
364.2885556689239,253.92320992539754,78.42047474668195,224.39614973407004
357.84924315520436,249.45390401424396,80.44494137263172,225.82731002210596
351.7589999718174,247.96298572527047,80.93191005446914,226.43454976587023
344.9045305745917,246.33328361995626,81.75791809330526,225.69217632757287
339.3617898410142,245.94948913075308,82.76503995657852,224.7026111988854
332.1634174225179,245.44974430867748,82.56629719896665,224.4276967941169
325.3071562537019,245.8870872453097,82.25006720963326,225.8987164300383
317.2756514305595,243.20925698362635,82.42292678572764,226.27820212201462
309.5072962922642,243.15869803618537,82.02325667596568,226.50115647057277
301.43996692959803,240.50938514541662,81.75065641387133,227.4040117023361
294.8392672777898,240.96960880243603,81.16294839479488,229.16053892328569
288.40189101793004,241.74090550609117,80.69533088125021,231.03808363662665
278.7423644171602,241.12497564959807,81.2762649574237,232.36031118835317
269.9051519801781,241.7713857282532,80.9972768217443,233.3221235040349
262.22316261568943,241.3456209334793,80.02976789508203,234.97540113092094
254.48324213046607,241.5518712219596,79.3315311677749,235.9068641770072
246.32834346355014,243.3940688958632,78.35749785890654,236.21624300484393
238.72908661835285,244.50801218703995,77.35336720115657,236.71265752226765
231.50509314879233,247.5191542155977,76.68797561549735,236.29281382236042
226.24102187257608,250.96064648913364,75.88367016225357,237.22323288170332
219.36222405925866,254.54304026533302,75.40429393372482,238.15751397096716
209.62593981795976,255.55533090825614,75.33825386529725,238.96049072573982
202.86340594631173,249.14164230314617,74.65691882996782,240.75755349046415
196.93691537735054,242.77035302860676,73.8757742583565,242.21136613225536
191.7718110105518,238.61613959269363,73.3255661218368,242.1996988955001
188.14287231443603,241.28027326569068,74.00189577694677,242.9615704617069
182.40264757053154,236.16589530042785,74.05964438279771,243.53594273286978
178.46283461555177,231.72622858742986,73.49378613138032,245.32327758174785
174.6727405599074,228.263125208171,73.88002597377869,246.34992961080388
170.8508235690296,226.13279165430825,75.09165713952478,246.2810936591422
170.89879963837802,226.25925480902993,78.76712953276456,243.52983651817115
172.87090448924982,224.3018476899497,81.24089430306688,242.76444111964332
174.27321059859713,226.22175117857108,85.18477384844083,241.29777376222788
179.15933198142164,224.23365884254446,87.40157431857061,240.38693498533704
194.0799358018049,233.458597251523,87.792155313058,239.99401541225296
196.34457279713064,232.08663243126495,88.9670367675054,238.78242418446766
201.3943999774511,234.7005765981603,88.73835217920337,238.95674608627272
219.58267548986998,238.12741569498297,87.21195603107459,241.16018630845988
223.03766426754348,242.1599146142537,86.9238604375501,241.560130448373
240.16231938906276,244.72477686266262,84.6534491965867,243.16117558580197
243.58181963488005,241.76110245695196,83.00877987408055,243.70318322977334
249.52046044723286,241.4341602858976,82.05741492112787,245.43333779454593
256.6594166961231,240.52707276349912,80.60166981989273,247.91093029787714
272.990817069108,242.82658496004223,76.78997571759973,247.06548337557035
274.46883519426785,247.14534926117452,73.47355339369078,245.50548372685802
279.4069055630667,258.19029891702996,72.71088273360775,242.41743072862363
281.8362403287836,261.1645357520613,70.8678172213389,241.9733501592996
285.9587843085622,257.39720133637377,69.29266067352489,244.02726032368247
289.68249269737964,253.13628799855167,68.43717428529428,244.47968335095013
292.02071339908093,250.4750310076161,67.93077682720424,245.01679789587058
294.5231916022324,249.3519106465759,67.61953790060713,245.19434116540583
294.936420621685,247.9960825888875,67.18088413149256,246.49141073674576
292.9167544973444,246.0764429402309,68.07854901414584,251.2724396664175
291.64125309513315,248.25876594956245,68.77064888735504,251.85181582640433
289.5192085146721,247.2799078600941,69.30772706385646,252.70707543566937
286.22551723964483,247.2893912077191,70.20241161204935,253.3374001961651
283.69057290451866,243.73008028181994,70.05376056748842,255.72813775536088
278.92776509194687,242.80105265862295,70.254409761968,258.8247965936738
290.3518823692825,239.0088819510481,71.62607915321952,258.50351504968654
282.19721271352455,242.10006400646785,71.63888106544341,259.24966112790344
275.12673062326917,237.9414334041441,71.65137196409383,259.43724551370326
262.0529925445769,246.12842290603473,71.23094651015026,261.41637014761733
264.908192736933,248.21877412050694,70.25609891321878,264.60683728578107
266.6189792223349,265.458958871159,69.53541433772452,268.6718588672407
266.8385169518618,266.62740321057413,69.40150178531744,270.8375079157663
267.54890953110373,266.25644336064903,69.80721060533395,273.28167606971044
266.98788520818727,261.0898620986827,71.36177940230516,273.9169673854522
266.2551000980095,254.13229667033045,72.46683527987577,273.31983780514497
282.85799936928987,263.1256973043903,73.12749944483464,277.0863305281141
280.1437319358005,256.7189021363184,74.51977036909484,277.59356920257585
295.0617559041907,254.27496311880947,75.25578015631348,280.40995981083586
290.18796115500487,246.85614341980113,78.05586513426887,278.7295194511621
306.66332321857044,243.80151295244303,79.05006822271383,277.6274642771747
306.4365035147735,245.72491540200173,79.50146128398305,275.9403509502466
323.7498878962625,251.78701292060686,79.38696440210859,274.26649427668383
324.1523534240783,247.35061231999975,81.23606629210997,266.20423306945077
338.5511832930403,259.0054127491931,79.97510966392717,266.74091707739706
339.43915488550755,249.57699686366217,80.67663234698882,261.65750035907905
353.64807491717085,254.28814252124866,80.00992715609883,261.4998365005711
351.95907046962816,243.3537539902154,79.70174043923048,260.12406285768157
364.1918784826581,239.98589499818797,79.34355773226227,260.0374970969244
361.5867154559925,238.92303345042473,78.73275875507602,260.50630834247534
363.5169115098671,230.76480022093918,78.1441764636873,258.8531626798644
364.4767222700516,226.41221011642824,77.89488904404153,257.9101962595528
365.1308749690513,225.9344889640744,77.53384891341422,257.79171438041493
365.1719295360054,220.1939183819513,77.25010586420092,256.2471854930864
363.22228093799663,214.32335835112883,76.65965935065421,255.59775780235097
361.75301126117785,208.5140870183769,76.27354841666364,253.66238067567957
358.1592222459901,203.22841530293636,75.91444122822804,250.92998169780824
352.38524786675737,207.99563946707022,74.9590406824943,250.60444526529244
346.2698694347261,209.46774298510442,74.15767779558033,251.90907188553507
331.2753169095154,215.01927409404675,74.00967881157779,253.3086141522085
327.741010550471,223.29383260366728,73.990136736881,253.93496367044304
312.05923468169794,231.52179736488017,74.59602093292318,254.75811739997036
306.7777693730417,239.75678023873525,76.04951456140516,255.30592241947215
287.7820100188231,238.90606572681625,79.2648644466002,257.79057137681997
277.9423378081234,242.9791772406026,81.68524051472814,261.179968084965
259.50470337655247,242.31468658041058,84.17598407879771,265.0209654633172
249.22581147808768,244.2042182325343,87.554227241572,266.6520631774414
231.5529605758055,239.0740886876203,88.06713104198596,268.41286300060676
226.7908393174923,236.63885913091562,87.74834262904695,263.57573391821535
208.4620520303182,236.82907144269785,85.91730026003572,267.13411940474305
204.3889338680976,228.82189096273981,84.60188096771667,272.26139635739594
200.50971150190855,220.8721742815959,83.52273643617875,268.9900953141662
195.2318776638439,225.04773397549462,82.15360800787694,271.13662321183017
182.37101145033023,215.31663577454344,80.7104348868086,270.85798060921593
182.94946760103667,219.38305779007402,78.64481335735691,267.75913983590624
182.19675958535728,218.39620101726018,77.37369316244309,260.01459833850413
179.3375592497356,225.43640011156035,75.22898615241209,258.69306169165185
176.58129035258364,221.60292563738707,74.32093020816005,249.92919398960777
169.58038711752764,233.08259092032955,72.18399804606992,250.12235594691617
166.48703806007404,226.52980384754733,71.19935521859429,246.13126566376965
156.77337116807928,228.2583368542444,69.79183106190996,243.7052576042101
158.54415731480623,232.3135695873824,69.64059146727811,246.15773750383983
156.73780246894026,233.90410706195092,71.16872455225955,245.3104507112122
154.6360761944525,236.62516662046494,74.89193025932757,245.58276669473958
156.13432560625716,241.23789513615947,78.73962346376389,243.16537603145355
157.9915257716239,249.10856564190837,81.12319647974064,242.33834261425505
161.62920870800798,257.7589205045506,80.79911120084455,239.5999087755062
164.78610747209044,261.8543629481946,79.89496685947775,238.88905919324142
166.9184601063609,261.1883628075722,80.2497636585027,239.26865521385082
169.3263626773712,260.1281486068341,79.99859760797378,240.407104722047
169.66828423624366,251.42856075885456,80.03209454235673,241.63902883109205
171.23294978069114,244.7053775803421,80.15659102533068,242.3111051032781
174.47099428660619,241.32806487295719,78.95446641856039,240.30657619828474
176.81556862916636,239.86808486944676,77.84476357236827,240.5807499199052
179.68914045623234,234.70863405347694,79.68483724916891,239.092155480983
181.94171074107004,230.3742683937695,79.89341747798599,237.61403335343743
181.31353675630572,218.06992123685717,81.20539412720736,236.88325585024552
182.57512964129617,207.33077018697534,82.08162027395923,235.2029313936127
183.42266101989782,203.90465712284907,82.39303320378289,234.64535889973388
185.37130044228175,204.48049741437316,82.42946541095597,234.20317660293296
186.73395658667198,208.50703132820342,81.86501246856525,234.44238611139303
186.51832507722622,215.35119680365233,81.30794023564864,235.10018743893764
185.85424766028828,220.95213542843652,80.44679453241514,236.3074307490616
184.4599768892145,222.57135560500524,80.32197595569677,237.74889151897105
182.50782214489453,223.26010856801207,79.82494543655471,239.52777840568626
183.11041509465105,221.1479163857755,79.42503742104815,239.45550473106638
182.90904605046626,222.17365211348002,79.08548537021942,238.6835281572873
181.64859754546,227.16420970716237,78.59178091119203,240.4059051345344
181.48874213948793,228.51686043376498,78.18824586399006,242.44496031356186
179.40798288090934,229.3005794133737,77.95819476673682,245.07012260458856
176.37932993528017,227.36054771883127,77.70552646442218,247.64155302381715
173.46107808846483,224.2858838897554,77.337675871859,248.23051405141467
169.5193610594351,225.81218580039507,77.41185862147728,250.11470260379255
163.80532539418752,219.19298990032186,78.13742770130108,253.01617080469583
160.34124613951127,209.03289815060083,77.97225344316698,253.2086554058225
158.12574441182483,201.26647435105497,78.28862906040516,253.03783536422816
156.46666445769483,199.012993371039,78.35405120812126,251.71927776249257
156.3038941810774,198.6063447283477,78.23971052599505,249.7500394948966
155.6355103961526,195.58114645216642,78.5489353855404,249.67129805440027
155.12974778012014,189.72293882420047,78.94343971258748,251.10323798379412
154.33943068855774,184.47538299829498,79.43609481741939,251.00428969145224
155.55256181282297,191.04879025896153,80.45525092673806,251.97196472547802
156.96370102531483,197.9578574868522,80.68858053588829,254.71982071769474
157.30180299070892,204.0328096674134,80.82896387440627,257.3474222312061
157.2259355448815,206.48130232198426,81.07319556350356,258.7817595920473
157.49514494118677,209.6448374898748,81.36529424172966,258.77537845762123
158.01931413504556,215.59742005703364,81.25576197059303,260.5440300042117
158.34549147657248,216.37637673667646,81.56324597591274,260.12567770201684
159.9186323630227,224.03738385958872,81.64069309819969,261.6682626840976
160.0520216498395,224.89837415691932,82.01478378440035,260.47040200301444
160.5177071542724,229.65477035470195,82.13848806335352,262.3125214116484
159.9557399306206,229.94641545481352,82.6617772069309,262.5746386973872
158.52378769566738,230.82963329953998,82.6786474609102,263.83370330548064
157.08826884615027,232.33200642866808,83.10294214846984,266.39483162379304
156.36109094147312,227.44964877850242,83.27696265070284,268.6857138400179
156.4072516143339,223.50224980277568,83.13235471360048,270.3338649103679
157.3992769181396,220.8085919067535,83.36661446212915,271.4667494547011
154.8712698278612,217.46175203312785,83.24537396586716,271.71569987379684
152.54967127226362,212.36321874823062,83.25590401239555,273.55937002788085
150.74220027827667,204.70074614916166,83.5503184468111,274.1485230659846
151.65617420489025,196.68658911045816,84.42574927095211,274.72711103865527
150.1891967840455,188.20573995091115,84.6315980907605,275.1217584239114
148.84453368990702,178.6637278329043,84.53107213670346,275.38865352479326
148.5638994406887,170.02639698633146,84.70829402097007,275.88963548466256
148.77187326388395,163.61641476327083,84.95715452868568,276.19544168188247
150.2386695417623,165.59616871354189,85.3366582577953,277.46654605932497
152.5141162930639,171.27181029528793,85.71328789133105,279.9868172705277
153.43982426572836,180.44536369316552,86.00136421933277,280.6950769908858
153.89616062172465,186.71860307478755,86.14891437149124,281.34310964121596
153.4741825945186,189.60784280637725,86.52691025110438,281.8380366836213
152.49300110992863,192.98355467273007,86.72477570174486,281.82721019899304
152.75141656005493,200.97845322495098,87.11937200133282,282.0525753717729
151.38208380001424,205.0433153920263,87.2158141632599,282.0850376602419
146.76819403532008,209.16688598380347,87.53509778963308,280.6183687552825
141.81801640858134,212.6279858239005,87.8839117146804,279.5615717736053
138.73325770696135,214.54626696586868,87.7759914310002,278.618348885192
135.842713415736,215.0490097852734,87.53481457918578,278.6446203627003
135.53477242742179,212.67742437901362,87.35712013646072,278.49804403242814
131.56961762432897,207.514512054212,87.62426608068954,277.8612117072389
128.8596847330696,205.75831116728426,87.32919036159086,277.6557496829529
127.65846147493573,203.49312543062752,86.79678952296966,277.83188359980886
126.25563974906646,205.72656975750706,85.75236750496641,277.77202791266353
123.23582130869332,203.88875603401476,84.96175984454449,279.1117858089432
122.59312960673361,206.01329989269234,83.80182478799942,280.17989207657337
120.95231553200031,205.61594174557015,83.3452653859676,281.20510476247176
120.49485943704863,203.91797903462123,82.54305442504544,282.65352912102276
119.26847775259336,201.4317690759977,81.73423208152315,284.58672179103166
120.3460064788246,198.6722005475604,80.94591509422483,284.09149889688695
126.25837842291449,205.39383301752227,79.74644872527115,283.0603872009818
128.07168850601587,207.72458093876733,79.0977951060807,284.71398344528365
129.31159773089132,209.41249285456217,77.70471631563922,284.763849072541
129.73573140248362,210.7084363082543,76.93170978300859,285.2785343163408
131.43702665927665,210.90738009863958,76.9098615809002,285.03022101535544
130.35138531202603,208.54794970346742,77.15586871120772,283.6304747614798
131.700254858952,212.80340352089414,77.80230614819382,283.47908803879676
131.2816376707216,213.3378644929992,78.41010347145101,281.8957954147313
133.65345319986722,216.75099717168183,79.41106603346012,280.7077460760428
133.8671252483261,221.02306971779024,80.40863415082151,279.56518513223295
133.89954375296728,221.4253950852187,82.08873634956986,279.19192080856607
134.07168517199747,221.8855879476814,84.2706673958631,279.15001796184885
133.80096019542384,222.829182817708,85.1076280582961,279.7095960288025
133.83052117024846,223.78239689930436,86.86310967577023,280.12376789841613
132.95695522273434,224.05616331678772,88.22325775894319,279.6527427733698
132.75874702795682,225.49301755160292,89.37701553338592,279.65184562118327
132.40894920763452,226.8810535388907,90.98492814390201,278.6260107538846
134.37725027694455,229.99127544358032,91.61524104052978,278.56258274498146
136.57516660763338,229.32327286045302,93.14070688302786,278.28392407189585
138.37283909136278,229.51491490686178,93.58489696119284,277.8899733209078
140.2432671229857,231.32284711050903,94.07906868801653,277.3697462350855
142.1692491249642,231.21749427599713,94.6707864009785,277.8975222094567
142.88150911868263,230.94688089905537,94.94575219235028,278.8208750264487
145.70669687273238,231.0184191896743,94.91550388533108,278.8428603809933
147.24413656600245,230.55684152620438,95.08618848270817,278.54534178920903
148.9488864821934,229.22658799370532,94.72301886387307,278.7416385823718
151.5139244878652,230.76360174630878,94.19646896794691,278.648589566087
152.28903866879722,230.13236294402319,94.11020328022383,279.04477880672465
152.5828856448608,230.56914625016995,93.3258590614493,280.05963063048154
154.72810132966515,231.85150369751682,92.63085353603307,280.9179694772429
156.48572991805503,232.95423566656578,92.01196200180095,281.41681810208746
158.42667509060678,232.24936624623365,91.41809036015813,282.5119127550629
159.5084127091519,233.842364609231,90.95694452026942,281.70966217622396
160.93057284787665,236.89176526709971,90.50158651164926,280.6475448967414
163.15189823138786,238.15692616712454,90.00343046890055,279.9771427639357
165.67425765969958,238.5251859814531,89.19330643420703,279.4602578917245
166.53708578415058,237.05368351029037,88.54379976816793,278.5054259104507
167.73475020211805,234.81218801329123,88.3540497362491,276.84011434936474
170.23129368838173,234.1142524319039,87.0034359845469,278.33781958580215
172.07890969100293,233.4607414322015,86.64097885685274,277.5919369793415
174.97207472527455,232.58347106900732,86.26935740265884,277.61010845352496
178.3265123705979,233.0702396340115,85.94106110676313,277.9683492537763
181.75879842104365,232.44245133661747,85.75867703992925,278.306170423588
185.0924979702651,232.39661192135637,85.61959443928907,278.32189866135394
189.80353224474726,231.37247930884,85.55067816541023,276.77936169369866
193.26047222451268,232.07996445823755,85.37009173920457,274.4630737388634
196.98317315454042,230.14021085378658,85.29110585662711,272.40005508411787
200.75626443399648,228.03260348105545,85.7698332708595,270.4749342697352
202.6312747693615,228.62004745584298,86.36635638903937,267.89124953289814
206.060594970181,228.82519196581922,85.90391950531419,266.2264536865449
208.11506590850294,227.3041139257628,85.27781101413784,265.44398689716616
208.76665317203936,228.89294250205336,84.15198961585585,265.03295395685006
210.31224297947955,227.00086298408092,84.19310060270583,264.6136484847383
210.30629154296588,225.1714814147647,84.23419267121707,264.8257966426731
209.8812126657586,223.30447078240462,83.40196879568782,264.54522764402657
207.78089152799396,220.60324050395803,82.528780943501,263.2804695157696
205.76415662244887,220.02784186326556,81.42534317707656,262.78906716164886
205.76698689065216,219.75467865904812,80.406285781501,262.398218713421
203.35685735922658,218.34570095718536,79.72728584929595,260.92840289217094
199.70821810910178,219.28411642753838,79.28812750567351,258.88390550132203
195.19635098288336,221.391261915295,78.91739154326663,256.8812825403352
191.68593544980672,224.20987785464163,78.21730061616427,257.1238309541529
186.20544310799863,223.73413632799372,78.37629192972429,256.1490169388528
181.71421245096624,224.3275469535775,78.05554298530518,255.2802080742457
178.07487318669183,225.0398810053452,77.86675897418112,254.58773206980467
174.54348712776857,228.04852036602813,77.69596623835943,252.82575911549816
170.5641149138889,228.7358138175298,77.66861857551211,252.39268974436666
166.31627596842227,227.7874836443776,77.99761613044684,251.46563607280297
160.3004215131831,227.51447714707626,78.1236262646801,249.7201775860824
155.96474433783231,228.70811539578511,78.85485991836018,247.60584375090377
149.1032777057158,227.37999216460358,79.90776354239537,245.7458086085
142.8553950159738,229.15730316895852,80.3579738071333,244.3574544716468
137.13117720394848,231.18506157773737,80.3617225415355,243.59061653859536
131.1069641778494,231.21918362252472,80.49655720884601,242.2908225899737
125.46196853417881,232.5132462782202,82.02998626321599,241.57326924952235
119.26580122406173,233.32576360658757,81.7653603960844,240.22798347961128
114.00495035332267,235.06178023266455,81.02616831584622,240.16247178621893
109.21427974396147,235.5918443706673,80.54038898250565,239.89452357155375
106.78364955617053,236.52612037842508,79.05850827913856,239.19259324106628
103.72230517368247,236.44059414499526,78.02616727040251,239.78704655702984
100.99963979047442,237.18258154896105,77.09238293214332,239.8055594085526
97.57052215052919,235.5936839155289,76.54984277944712,240.75045071804993
97.65952096102677,236.418061028761,76.67222967993631,240.2691457275019
97.174209521099,236.0984184822239,76.85319991420394,238.79927087413446
94.73891820760792,236.9964022103035,76.94826698485065,237.60205961208993
94.87346506158872,233.6722227586711,76.85471499072287,236.8841565562788
93.61327296170964,233.28313363025006,76.77793885112555,236.6907209291487
92.02081765046054,231.96943650730466,76.79426131215523,236.37129658487532
91.26584761063043,231.65052524869236,76.94522812712124,236.0503945437465
91.63023782554889,231.65990796139766,76.50587870300066,235.13868865670028
90.84369535378269,232.6659574423064,76.2055897804518,234.60720805254124
90.73515073049104,232.70040810413838,76.48462267728078,233.74869062093657
91.95113619628398,233.95678019567265,76.5775004452646,231.84986653045075
94.05378700990539,238.0442536431729,76.16300415783503,229.84912827650248
96.07619594172137,240.3490990142481,76.02086716807392,227.47485466196136
97.82089553541846,240.0958150157525,75.92505819254802,226.50232910731683
101.29709382469417,240.09945309228297,75.45516359763917,225.18805064827137
103.76568945968796,240.53012088047362,74.87801633018456,223.70850386211606
105.92072621884617,241.71859528936815,74.1301614779448,222.24584016767523
106.91752533295079,240.0631309475446,73.65078992476913,221.99885697845852
107.23927231374081,237.3027514232427,73.04007652478523,222.08006467360775
108.29070561555898,237.7393243795273,72.1189682057177,221.53807838251572
109.57249195917242,238.7143285550315,71.2708027708025,221.3121887410715
109.68466740246865,237.29037255232555,70.54369898408645,221.2807820323416
109.47517181359095,238.51570080328324,69.97798525013303,221.719253500168
105.69557445905556,235.1402040014633,70.02042485513887,221.33512051307912
101.67591923976649,235.4384378328971,69.83600711378537,220.5509508798727
99.08479632261276,235.6287408051047,69.65170822458208,218.941107379
98.00385970674199,235.31035522305643,69.853073109766,218.086323209959
95.24604128431574,234.63028868995258,69.72446671426206,216.33583601592807
94.75939210988383,234.86765660185347,69.35492129214502,214.72073804860975
94.36854743953506,235.89576151234235,69.22738558620792,212.068472898786
89.97069915036457,234.5817181642855,69.955768970274,209.63562219026716
86.76121282901468,230.9905875491574,69.95611530453259,208.0663575416171
84.87182864324694,228.410267241369,69.67106951286007,207.1911633679177
85.20869646277387,227.6745956067936,68.85904406457922,207.0569898457249
86.85868330252555,228.7610956766243,68.2730136281026,206.34243704321403
87.51964449916595,232.6819008866597,67.89723611368609,206.29081561774166
86.73644602893077,231.28622685598572,67.77057551707759,206.1595002288485
86.85372155816852,232.36461362095747,67.5161075702757,206.20226111510374
88.32522201763916,234.23761973132721,66.43851829054798,207.07340349260033
90.19302044407165,235.17668975607148,66.23209075874317,207.0070024110073
92.8665568032576,239.40636312404501,65.92431609792743,207.6641965838737
95.69183786935406,242.60044948992976,65.99461492383388,208.60157917665867
98.58271871107087,246.2362587886321,66.18503599110215,209.84207319674664
101.92453701806886,250.5918433029527,65.46350894284103,210.2533368768457
105.4362101313018,250.89559742797024,64.26225763367249,210.57126059359223
107.21021355856698,248.32822329917403,63.18099329470614,211.83031409944516
108.74692141328161,245.12121481213018,61.69871201425482,211.58637304283215
110.04119687940124,243.25287327879013,59.799235240684084,209.0926598387603
111.37938805490494,244.22077114923044,57.7579115311104,206.52546357230977
114.17961952140948,249.23702453849057,55.813462802126594,204.8985840444609
116.39740195772005,251.39725133411613,54.10459537442122,202.34146389303675
117.86484801104739,252.67371686010907,52.88788845415265,201.00599037393357
118.37170531259324,254.309381669638,52.07514210169323,201.70183194704492
118.17665789238846,251.45496027649625,51.612037162115456,199.7607423488374
115.84595524352221,248.46361303749762,51.92004365995172,197.91844703114987
113.74335483158924,245.2414250574903,51.89397607790335,198.2288570220788
111.22042167806012,239.77875094181798,51.987681072858315,198.2504395750177
108.97250923963834,234.74837671415628,51.93570493194065,198.52643136987965
109.56556896534326,232.96694259886078,52.0903819511729,198.45866123949352
109.174400620246,231.47366870176765,52.29239494523094,197.28092385072688
107.62306932257961,230.31411347994487,53.0212169701139,193.7362447359618
104.85579995304353,230.3069485045426,53.564612005725365,191.7282420184619
101.3228703878703,228.7204380745863,54.414695646264704,189.7142258872551
98.3992477726757,224.9841205777891,54.760866085699305,190.07592137813347
95.93956824707362,218.21548688833622,55.19525122943277,190.7116527691852
94.08812716596607,213.31732923424826,55.293708676605746,188.35233224362088
92.03259440155787,211.94567541647186,55.17128183100196,186.8443996257252
90.98605014490752,214.23732702929834,54.46881427588228,186.05451814537253
89.49025564271238,215.9538583437634,53.76600869180207,185.32248672448077
86.8760759038843,220.35565687677934,53.21722516790185,181.8196890282609
83.8685612264831,220.77918228172857,52.89462997283855,178.8322359013153
80.72668714646714,224.49575119258745,52.92432358651425,177.4685098342057
78.52079894924505,227.2594481294239,52.891053556092714,173.29410026972923
76.45713095124795,230.63178841596556,53.0480459623042,169.3075619295408
72.95097862513397,233.30848025462058,53.007944303497,169.384212889682
64.0702234491877,231.07096884555241,51.985158619622965,172.02614063411835
64.49670126357118,229.37358978656022,51.54006437262515,169.18181260097967
64.28094649310452,234.55045991975027,50.780526602729296,170.29609182007326
64.09655647845038,241.12629714150827,49.76281998252435,171.70167693618856
64.73449107278714,243.1365853682197,49.34745542107862,171.95451366407065
65.20023871958549,242.3570356925183,49.2475657407136,168.4233815968638
64.49122351477249,247.71305555309522,48.5688957204232,169.02586843363238
63.59231561906876,246.0196007336645,49.088738575200395,166.3883401681359
62.04486920694683,245.3423387654832,49.43348644094818,165.09402415393697
62.12071995679145,243.98364963770493,49.60339974314263,164.7487929753657
62.7399290933602,241.15689288769613,49.76596122731408,164.46117726777223
72.00957477239221,246.09443454104286,49.77054460985064,164.93906885274137
71.89395808306745,240.69415696258943,49.78855453116375,165.12560461572727
73.78652518475397,236.019524464609,49.69961950648639,165.20419013781125
76.61157373627623,238.49234819080255,49.2019820248713,167.78618731967092
79.32637270746496,237.442316827691,49.088490401921355,169.84741597324455
86.6058584576664,241.74160357899643,49.01107388656484,173.28043674706188
94.0918396610603,246.7922190397978,49.02795635129802,176.4567193294875
93.69290359499918,242.51329272406693,49.156115463095574,182.73317962505752
96.15316650071283,247.5963209368812,49.268438009822574,187.02017667385525
98.61166202035406,245.88515920080107,49.429234369832116,190.36543271867836
99.31720635818294,245.4135655977497,49.503344430365146,196.91475910782546
100.0965978071739,243.01512658359152,49.50897007310895,202.91850769201955
101.710138862868,239.8776081872478,49.819022132252954,205.3930805698358
101.94875977113766,242.55114370005987,50.42749143727277,208.05829859145283
102.12253700717523,236.5424416569096,50.585186048239784,208.9322891340522
105.89882042138333,245.83913581470367,50.8101613340814,212.49011541807346
107.39097700478129,250.82579366451841,51.02297503267242,215.8479488197013
107.974965294255,249.17637765842636,51.18612371312443,216.49525748021608
108.30817884065529,249.17706768368328,51.371521261551585,217.38005502913234
108.09441183024062,245.93188297926417,51.57947895338808,218.2935582880682
105.55866366208642,238.3492060728684,51.64037663018109,218.44287034518345
114.69470512844083,235.8666926098293,51.75163453304356,219.05185488616036
108.89273043758722,239.77778417518425,51.9146144475877,220.4130757242615
106.20401863833942,236.09146692040784,53.04033573742851,225.7215448800393
103.06863562340905,234.01463840568877,54.886118742692084,233.2653000044176
101.32871681522734,228.35444894372338,56.23289995684908,239.68372999951538
98.38365271981363,223.04623960215093,57.7409700040608,245.34326143748203
95.04321189198964,218.29871046597864,59.28657724946096,250.35463135533445
89.8415922197024,216.4326859322719,61.663285374553,248.87077904793102
84.945710642806,215.69979068474228,63.16093727651473,246.64985703955705
79.06877146917847,214.93796679511254,65.6550137591458,244.70474528207336
74.9032930427156,217.33196109774386,65.53626548817017,241.27166752733564
70.666058882235,222.81381514186256,65.64336415733693,242.65366351777254
65.15885193943835,228.5432562523519,65.05116011537896,242.3236722880048
60.350351711723846,239.19184459882263,65.24535955304674,243.03504242428698
57.588602814932166,245.06680781123038,65.68363700971604,240.24158172060186
55.17634928351279,249.0133258338117,68.54971557047196,237.44381106392797
52.10810689301404,252.2306635258663,70.41668436025853,238.21957583866276
48.562500553442064,257.27356463082174,70.45350088690614,240.06658345846387
47.862300088830594,259.65009179406957,71.69741955172955,239.42677175815828
47.92071378399945,259.2325031222989,74.53043461439476,236.824009934677
45.34116391869805,259.40457292636546,75.66163841756837,238.06071127178768
42.913115364498154,252.2961054542545,75.85916332900771,238.6739036165223
43.638984966951845,247.25645511879276,76.22230187258971,240.6535672558906
55.418461600832636,249.2642134247418,79.17818968454004,241.06675728995813
56.386587541946994,245.37374152506192,80.24629537868157,244.3512988256765
68.5738012873793,249.9691871459545,82.53595899804647,245.65939668911597
71.47889327293709,247.81866135015056,83.06948401893527,250.0685876838882
75.09782264556785,242.38377670642262,83.47630005165837,253.35050258596812
79.06095646969321,236.62573151903254,84.3870837950092,257.068418102655
84.69318411843365,235.1117636558143,86.23390989248682,258.930392325109
89.53682593575195,234.53408989541862,88.41674153800157,261.8330154367969
94.51889787829143,230.03929382135047,89.92640784884549,263.7473178586759
100.36406288642823,226.97984306056696,90.12095789848985,264.7650254753662
107.41370864333095,224.72438166194183,90.40001759623225,265.4683303698607
112.49206767169659,227.18496761802243,89.79752832215479,264.2723958272369
118.50418399505178,228.4049767180876,88.76403645150643,263.88846369049156
123.53903983762686,229.48616990646101,87.57918861981084,264.52117776426047
126.82275360493234,231.50065014342078,87.25080050628142,266.6949765562406
129.50571594259839,232.56614333060492,87.73812538081503,269.35935551542946
132.02413439575088,233.34093157609624,87.58607174248496,268.84835395845255
135.56956154343322,237.3841227271779,87.59406817420157,271.12891692301287
134.62701307662886,235.07491186693323,87.42972233971336,272.26360761208434
134.64425453722257,232.30201475236242,88.14749944784188,272.52808794504676
136.38537982926914,233.30930743156762,89.22720956092279,272.98763870075686
138.32988277755484,234.62675079014116,89.78280043177692,273.56726385494767
140.9409222329451,234.8660939849431,90.05170309982333,273.96380408220324
143.44978775370174,235.92590748950232,90.85899094106149,274.7771943269605
146.09928426819002,236.95614912228734,91.29983317438354,275.8420858553968
149.96001394833837,237.08720807759855,91.5789317135619,277.53584977880456
153.23140002387754,236.2077167871323,92.54257445277293,278.9993664135395
156.44326644303243,236.02685632785602,92.91469713661891,279.86721671613293
160.15948946310482,235.3577511854964,92.40936558316844,279.83683104309614
163.1052193198013,236.65334195318798,92.0566999104554,280.0772961885449
165.92170838030495,237.81335803961417,91.59157991322738,281.7630823826969
167.6742294850919,237.95495691329577,91.26715122141472,282.5327707637593
169.33967083526636,237.98389249050385,90.98238272737987,283.6771273210207
168.72432236775,235.87528650461525,91.7260850382747,284.2512714560364
168.05868523542944,233.3805400577727,91.84261902657921,285.0499188602196
166.85867608628303,233.129075763889,92.08132832104206,285.9839391738132
166.36826166108546,229.4940837298683,92.72890500969592,285.6173432514677
165.70082813932817,228.32866360679702,92.59486302801828,286.39603742045415
165.81147842330714,223.61580498628058,92.98249388229392,286.29562112419455
166.10256538995367,224.800730731623,93.22187788805343,285.8893449966689
167.71255034490957,224.12500776064581,93.5570921040419,286.8176322929934
169.4842847665469,222.3388447931096,93.64213993480898,287.5822056188129
169.97086440864874,223.7553261081284,93.38421409577285,288.2983672296505
171.0934140350953,223.72617703748625,93.6451334814906,292.12294816779456
172.18621198785618,224.37371421141012,93.96918899846939,292.68840097773034
175.06480358117784,225.45854730726026,94.72374077428948,296.5306118459666
172.9953109238292,223.64272400552002,94.58047043942005,297.6405819090723
170.88217527325526,226.28141611030964,94.75907566772256,296.0667728337704
170.26465624879677,226.67571585313678,94.84715178922559,296.71743693034574
170.59835106760323,227.90717402317787,94.70384499110159,298.99391096349353
170.44113546284746,228.89318058470997,94.52367548736015,303.0044718264828
169.34026045162489,226.27141335187872,94.88254502236325,305.83149594859367
168.46030215443164,225.09113499733968,95.3630331346941,308.7900606346806
168.37584364442,226.70751249071745,95.70246359091558,312.3933027525698
167.51036649384474,225.26619630306408,96.3001776691352,315.15880621924236
166.71724824462274,224.13073594450978,97.66322423249105,317.19218786848654
166.4046579809448,222.74746612395916,98.55469339796188,317.2398621149955
167.56912383084898,223.9614656273559,98.9512668117552,317.2579633431874
168.23240974537862,225.06717500274806,99.5345596467737,315.68545887949335
169.1447954520567,227.11598048710067,99.73347941078566,315.9516541584993
168.6969376555346,226.82926951538616,99.9456039360389,315.8678827988201
169.35452604041825,228.36143389223582,100.18312530164755,316.2242319454351
171.28002404799093,228.2851779243766,100.43492822525343,316.4773294610257
172.0263612889185,226.87180820861306,99.98698392986068,317.3719901734137
173.14985018308957,227.2728961081396,99.61512141690156,320.9150497221084
174.97816503018734,226.8552637542419,99.75711099303072,322.9808083330639
176.97853597177942,227.13910792008048,99.59257340023659,326.1941785512677
178.55285869050383,226.3032229005478,99.59736414671721,329.42492917447765
180.91217147063287,225.61795985606858,100.06627911761754,333.58297161895064
181.94108244119218,225.19405084438384,100.77146600943047,336.94780629156634
182.49925208681083,224.80709372123056,101.31702044358839,341.73705275985776
182.609208848388,219.17361623605333,102.33079968566997,343.6001504990721
183.49618981403358,220.26493043544798,103.13851089967298,344.6299993074666
181.98823083162307,218.83159836828807,103.69610490895809,345.1331144477221
182.77853026541186,220.7721342784034,104.23533116612113,346.71389756218383
181.26786554117479,219.4908125454223,104.7458151918505,348.1485851146023
180.1937296079598,221.00630713246275,105.07423709032395,349.9906981286318
177.64013256272193,218.4260899207534,105.63646591361827,350.8344449681271
174.2161481082957,218.49759443944964,106.35273287621219,351.42014497280695
170.99233486408824,218.38156563823372,106.99282610046697,352.7629990268074
168.16949126954123,218.5157938065367,107.32414313422652,355.0507334193427
167.70346992562577,213.30908003476006,108.27334965379805,356.70920853217086
166.48403654972435,208.92292034162662,108.50151780101712,358.7312170206106
164.2109191355225,205.80988984601214,109.31731058230173,358.6061036572863
163.95821552692985,204.49641766603435,110.76108236485945,358.3911603047633
164.88025810594792,208.4612303223496,112.47253514589497,357.27359487143576
169.30978855468766,219.102296390888,114.24181020117427,357.73858454527203
171.2143318931323,219.45126283323958,114.84171724529331,356.5256889873816
173.17054757513833,224.9183325953556,115.61354672646557,356.705407686111
175.52373922343838,228.0935630535326,116.25246696532693,356.21701971439813
178.4906570092573,228.04737877174932,116.9067432711305,355.28140950007923
182.69327918281675,228.5545114575604,116.80768846105994,353.5664594022188
185.72361749979805,226.34672049050633,116.81155269013442,353.46666524532355
189.77779548308175,224.0518819674037,116.66586132775403,353.10090939968313
193.94805768760807,220.62537827759616,116.76863335119654,353.1235110671705
198.49313116722527,215.55673440825768,115.79982142156416,354.1992143331912
201.21785219318508,207.29098635731813,115.62487211027567,356.69636003986767
202.40228252019824,198.03645812354608,114.85653790831387,357.0466335484274
202.75168467402287,190.53960484347564,114.17468486361547,356.7039229103871
201.32510383480042,186.91029540964763,113.78817173546557,355.87919827218377
200.88888612429287,180.2959506793308,113.66397779914269,354.63502644283943
200.27229053910486,176.42661656312941,112.72252497614102,352.985465305125
198.39943740219,173.19663701511473,111.9686961662,351.1904624336861
198.8013976670448,173.93289364533828,111.19859623580794,346.79313924053025
199.04213820989168,175.6246658095014,110.45733042182556,342.7195629664986
199.92013954156042,183.0094406814056,110.5354269320339,341.78809267520484
202.0906543582743,189.02783995505706,110.89321359804461,341.5521020807828
203.43476527781576,202.47817542660925,110.4563180815172,340.0424814764235
203.33582228175626,215.10377485060943,110.40799050339905,337.7311897023978
200.80143110733454,219.89818207165115,111.27986533194832,337.58427742095887
196.83764393354244,225.2651609190184,111.64293648663087,336.80322061276
191.27875824500222,226.37586586732152,113.55253506555462,334.469222392501
186.71428722935465,220.42844126339753,112.85503628569252,332.80725263825184
180.47106487469017,222.39841343609575,112.78623178084908,332.7446319203273
176.7061548171412,216.7676730464248,112.03689616474588,331.52849734322393
172.39319958309687,211.17525215884336,111.32849228652103,330.1123364252105
167.51168167859012,209.6667342419441,109.9691754954369,327.8468481501223
165.7195732341966,205.1361954967758,108.2525195814896,327.72542098652826
162.40401219056622,197.7171189622259,107.16211170811803,327.3204014100592
160.27758984752927,193.85070308538224,105.8569243583643,325.8475351504409
158.72908126437,192.78686494954536,104.3115765458925,323.282956401973
159.51547661159316,192.509017174593,104.06549607559782,322.31211799058167
162.44199552920486,190.84910230084097,103.60285006700408,321.51613019124125
164.96010562523063,187.1686982811431,103.66131161475965,321.26283491337625
167.25760434363457,183.3864013998165,102.61573501153941,320.2788370622599
167.77838837729433,182.8723526551656,101.63004731197574,319.3746485274681
168.8162122965505,187.92465125495792,103.77682684162751,317.56793340796156
169.92022618230214,192.93023591700623,104.90318470359287,315.0836591300991
171.6813994219395,196.59579746370846,104.72065670194877,313.55055115433987
168.15471391786352,198.38338004127073,105.55581653608948,312.53532299949
166.54939111312135,201.17162380673963,107.84791016412471,311.982094631455
166.59076166526754,205.53022289614205,109.76731458862565,310.13428741715825
174.16834408650112,205.61773927420097,109.62940743658814,309.4702581255008
178.15522300839018,213.2254868094939,108.39029162161866,309.14829008585974
181.58446962305038,215.73635187671297,108.00032475567102,307.95049164545236
183.26124983070622,215.09787392541807,106.54962140556019,307.52148655904375
185.60383041229142,217.6239754089932,106.51486946403895,305.56631375470477
186.94426569975047,215.26035654578405,105.3547593061054,305.28926996027957
186.08894192701877,220.4108444031868,106.20594584206637,303.80607664751267
185.6012960022262,216.49687509716708,106.1702859342205,303.853503403473
184.62270614695856,214.75748152460088,105.86018888083974,303.3057922308869
188.20586599633017,216.32957471030372,105.60393674038511,302.76167109080444
190.54201025954436,208.4745880616744,104.90860529670516,303.27343081079255
192.03974098318892,197.679936109856,104.80134031776929,304.08802119819404
192.42777050106073,187.5862422544046,105.30461475427757,304.7440940592433
195.72580553851606,184.41023499971652,106.54275793620283,305.10307372898933
199.0970975742981,181.71331178963356,106.86845837620494,304.55027488929807
201.62105544732339,183.8535543416201,107.66764431853935,304.4767704905862
206.15558864894118,187.55692627062632,108.52779430019149,304.7516548598077
209.00927990847939,190.59960877250342,108.60995588664485,304.1429467698108
210.05339193756905,184.44174646538983,108.4678741443301,304.2931221057787
211.69744110845062,191.79481161083243,109.01703128047224,304.85603192262056
211.53334734849494,198.44418116850497,109.8937438357649,304.89890276210946
211.1254112433089,202.45663161738275,110.77207362625637,304.1662849225204
211.28106676116394,207.89900909838846,110.80025741495574,304.53987461077753
209.27173731625948,214.19087162022632,111.03208325689789,304.1241621861204
206.4628454009536,219.1487418689054,111.25975850215195,303.2884654814868
205.55522804154242,221.4924989381408,110.9953781048549,302.46785846276697
201.67790020919472,223.78988799157148,110.67408600801465,301.3988169262639
200.21305488471256,225.55381705356004,110.60899635493129,301.65476035792034
199.99501118592082,226.23651985666027,110.30226152265253,301.29042775453513
198.90867674486856,220.0706776866458,109.8920775643335,301.32426148573836
197.66811424109736,221.743176883601,109.32585812569361,301.158361459519
201.5591302935313,221.17252135548623,108.59670487748467,301.69404933011396
202.96733274451736,223.78483986769106,107.67124767505938,301.63894555842035
205.68604472540926,225.60043535170433,107.00374453923385,302.39226987588575
205.27939897839053,220.36841041874584,106.56420898496958,302.5873788162046
204.85070853890963,216.95818694082953,106.75535239044353,302.13140803979843
205.81191569617454,220.16534894169087,107.40678298558169,301.8462806819051
207.33682182553002,221.350238823803,107.46538180055542,302.4333397638875
207.7044742107493,225.70748738412544,107.24059963410546,303.0158492502983
206.43631006748774,223.69340040363562,108.1881262982379,304.4617161109819
202.93852627633595,225.6373739285985,108.03897761772409,306.2410916967068
204.23888779056836,225.49796545668778,108.33116936129296,307.6719037033563
200.87427721137243,220.47704339420542,107.24097542721655,310.5319031170173
197.06770814258687,224.41639920481015,108.89887760668827,310.6418580302317
195.13769301883465,218.86241528740874,108.64793974124719,310.9145616591019
190.89192767972946,223.14321061346593,109.13791116195026,311.49608032858174
187.51075817496476,221.74452881034082,109.40028831845228,311.8690126108268
185.4265099899111,220.93981649109364,109.67331836089235,312.3374541446154
181.49620787884575,219.12952517608846,110.22647896424864,313.2808135690593
176.6146770183513,218.79256926880532,110.85934220653883,313.6496016372305
173.06258544362834,217.56532806684606,111.27595907561975,314.13182642701327
169.27654481215643,216.51413978811462,111.51740145306553,314.8469989334584
166.20483530007425,213.94329720205567,112.18764781258753,315.57073061436535
162.77410672534012,212.0582801668468,112.51494720906508,316.153847618209
157.79265471459772,209.56821800227638,113.00847657387266,316.33470894686155
153.4895733400378,208.02576092185095,113.94732050203915,316.08177110652224
150.57525362404368,205.18791095205955,114.64706465128201,316.40700574840605
146.8929441083115,203.49865736172154,114.88007471973366,316.340863232732
148.0996708126326,209.7955560208428,115.12631336011795,316.46296824298065
145.84322045896323,204.45411992453364,116.06927183151001,317.28138235149254
144.94594344792833,202.18071337297158,116.59663348984081,317.36509835912716
141.69320664685927,201.09839753793364,116.86308674438374,317.57292575369036
149.73626582412948,207.51477477131888,116.97032013544877,317.6771915887387
146.1367887262503,204.19634894129499,117.3526082049559,318.856862748756
143.12088674420832,200.35707178492046,117.4894870515472,319.1267432982299
143.15159388435936,208.0843152865945,117.74230732601272,319.4104726950283
144.49367446885012,213.57336040826266,117.90627781367795,319.5272158257154
149.20133224469652,212.68290280327616,117.9461491058572,319.5493889416485
146.6536506366199,217.13545979179446,118.08214456993531,319.6168549206666
146.53255344940806,214.88753184205586,118.2963781447245,319.70426736921604
148.08983935541002,213.8296327558275,118.32216907228356,319.7165062860728
146.09617128130833,216.00710236329095,118.49633836372116,319.8089509517611
148.11946826761633,214.3707315669476,118.53473393883468,319.8252223410482
146.21876991676058,216.70841036607152,118.70177795652519,319.9053045011011
147.8169289936592,214.5892659365834,118.72444989023714,319.91840605844163
148.01698316160847,215.8297821319483,118.79305114238942,319.9442546663233
148.11971447212682,216.4458556520502,118.8883323396358,319.9909616386088
146.67627242165028,218.37358896201846,119.13478694382371,320.0977998492234
145.8705590387546,218.49454343192926,119.28271547486624,320.1768014824075
146.96924935593097,215.34249462604794,119.34802276203756,320.2123243795095
148.07122511050983,214.32018007123133,119.41982188993425,320.2501103990853
148.14366388951862,214.51959480469245,119.53146266606703,320.2847880468119
148.94771244752445,215.23002000511903,119.56224151135908,320.30146267990955
150.02005975545603,216.26645531143214,119.85950150822784,320.50355139307374
150.1045305251769,219.47734974112282,119.8906300221251,320.52489064267064
149.7839124471944,221.8296327560166,120.16529367881486,320.6649348271165
145.53790665495515,218.62864664621182,120.24183323265375,321.0756336435583
143.4704960624442,215.8248575488668,120.26112297312609,321.4031401028663
145.0375307807033,223.9191173333263,120.46298293037619,321.56690973377636
142.04048818210163,217.28303844434197,120.73397652525408,322.0794868995624
139.3553305980704,212.96375453737377,120.77366282139883,322.4326886551492
140.63611101998185,220.3752119209225,120.98819379161702,322.6808159489038
139.52281512679411,215.79847082075872,121.00486278746521,323.1749582444462
140.63288457438506,221.6982589887126,121.3025480652569,323.5710234261776
140.91557982700837,221.1346082076067,121.48367533745325,323.6806305151228
142.69001356349438,219.11184337249682,121.63907250528933,323.9274584221895
144.60583781621182,216.91679876622234,121.91227000052584,324.22017081131315
141.8789904861156,219.60915556217944,122.00411487586719,324.3729628460774
142.8142623151088,219.1230879618743,122.10027797065788,324.63645955744136
138.63252583322839,221.7955867627976,122.2366066930857,324.8597359767434
137.2825988830357,220.20446405085937,122.59926090551335,325.1041185275425
136.6724424316855,219.22207098726776,123.16695295622011,325.22316672061316
134.87663842699843,216.41212799941914,124.39103562646774,325.51358444603574
132.85517262932305,212.76894414776,124.51164518698268,326.3810635804758
133.0393128823656,209.47192027781293,124.04341018755375,326.915776088589
135.06556768157992,219.25063891594098,124.43961389173741,327.77683399055553
138.99968329704512,220.59271176336,125.64974512571175,328.7340888713553
136.24810935173775,225.2016368938612,126.46223158596761,330.1506904765028
135.73642041531065,220.86480118052614,126.41570083989487,330.14441977213045
139.5437723254679,226.90478819058293,126.38726544456816,330.5395872772854
141.66582287535033,227.2507403761157,128.88706655122417,331.7601608763432
145.4549837212839,231.96579501216596,129.66648907627598,333.8604728612617
147.15985556419616,235.70993177385623,129.41882520154763,335.59117535869416
146.67811185904864,234.56168872861286,130.32240798061542,336.41925083802823
146.31581721238243,234.78948003022757,131.2360299477836,337.00403655335657
144.5649650951629,236.84797771544498,131.2086173132499,336.6747806982263
143.35184326989798,231.78098300144526,130.26396724696758,336.5415381850026
145.5278133413755,235.41294699614167,130.0498692823573,337.1916951069562
144.69009060209885,229.91152221223695,129.60475173066763,338.2191456574317
147.08077633977183,222.84060489750183,128.83874299488468,338.99148775607915
148.07523241117286,216.97138118519305,128.51370738559092,339.22358275607513
147.6655709674405,205.84228722685918,128.2014291778561,339.1743632935925
146.38734062657593,201.1408058144293,127.99835383167687,338.08434897611824
145.401040929606,193.82515128315057,127.56241440725734,337.4112900195717
146.2738972065922,188.6738311892151,126.91001995802891,337.0995522319788
147.88703468116626,189.80759027002406,126.85824022906516,337.80061646209975
151.91958209473594,182.94204881342748,126.5313212709138,337.61703892149654
152.42730230197887,180.21529783414977,126.43634435883503,336.5756392229475
152.81417475978768,179.47758232785714,126.28289645793068,335.752259515089
152.85385494286552,179.92743134363403,126.16485040861397,335.1314282514185
153.8908129259218,181.01667790729317,125.79463093183548,334.83518149918416
156.45613824979304,183.9023594937329,125.21767882382692,331.252570023845
154.66682935585771,187.56847325501008,126.08758141127336,325.52010804045995
152.9334033815607,189.55005940167158,127.60802556491504,320.0415335492991
154.91745652002072,189.77970124575967,128.14004326565612,313.90926812207874
158.1184593862645,198.83503783229617,126.14750284612632,307.19609689450135
158.49996929623484,211.58087992441253,125.1594799774081,300.9563295956446
160.67596909309492,222.18437995605518,124.3233469017085,295.190566028331
162.21206293474754,231.00623299233956,122.96173992499969,289.9408657312139
158.97263445513167,239.49872033139576,123.12164766166673,286.1381248635263
159.83340516922917,246.79770640042398,122.53059689413914,280.6181222765563
162.89252087942336,255.11788100416842,121.85187105083816,274.0179179894165
165.82163524297778,263.69718417600586,121.12252997708012,268.1376043016864
165.1482323860156,270.06524676221056,121.7271911659534,262.5163654131516
164.8379862960993,270.90574305872985,121.20671061228835,257.1067177202442
164.49306506756625,271.79563556110855,120.8546281158938,252.72424249560765
164.1764924678832,272.43508699954236,119.84920872862045,248.7355357990836
166.2958193701483,272.8238065810423,117.78084277160917,247.11605448797064
167.27459151920698,276.2440661531695,116.49084319604893,246.00972246987578
168.00686818140605,275.64749849453983,115.53318410249332,245.75689905357646
167.222717142963,274.67842592877076,114.92568990900895,247.65808682431054
168.48506204300173,265.4782458904357,113.10449710151957,252.49737645878105
168.2029614331052,267.2561272955784,113.83926888856288,256.90716979321
169.1865902328567,260.2678844240778,113.05571685737348,262.3490848422414
169.2331792691344,259.57751085893506,113.77332378037393,268.0933807281726
167.17994949122885,256.3308532356241,114.21741670753815,273.1861384567892
169.26307464107413,254.76821138949023,114.20085322120212,276.9527072704978
168.88352126899372,256.65411356188883,113.86258600296058,281.4633125936693
168.7671019076073,257.62905874907784,113.78527633758608,285.40236970616877
169.48262563033165,258.0976049248273,113.63546697120844,291.08777109856635
169.04595612332503,255.73770817637296,112.93061005569439,295.9750707687281
166.7061150386573,254.96057763472825,112.93037202849665,300.60961239439115
164.68663015368404,253.67616853542944,113.43800286831316,303.8501121759165
163.24279435548092,251.00750429843606,114.21949808837662,308.21596039954466
160.2260865779454,250.1429951502033,114.57032315882847,312.82169626345404
157.79514836938787,248.80878949287353,115.51554594282588,318.00953869231034
154.7707870414408,247.8170444944632,116.70329524056577,322.3783386237471
152.362080244526,241.3117218007008,117.08106259034628,324.03933839664785
150.710533609681,238.09473234133804,117.55413590916957,325.68644778946395
147.71651969377615,237.0535626787852,117.41848553358182,325.33902785057734
148.12038791184466,241.66556135830334,117.56415185508948,324.6252472044927
147.99334415602723,242.10032849625568,118.46867994041662,323.6327243841835
148.32928257391154,240.12753801508018,119.74594556070272,321.0603042669752
145.84596574015416,239.57717069070208,122.00757239037259,319.3626351758022
147.55523695171624,241.15796125348604,124.37269562429191,318.20320482423637
143.91143748375157,243.42807761085447,127.7398412502084,314.0534511079221
141.45778308350484,247.61442752917773,131.22484530121307,311.26436752798946
132.6541031909194,250.8102837131054,138.187125473652,306.4575523206642
123.86931250485723,251.10808805634332,145.16953624488522,303.21833673301956
119.07367781565372,248.0734922925247,150.78805591320923,301.5580279669251
112.38739351130818,245.50819179708333,156.51341535441986,299.5215428333877
103.5574290189234,243.89720318023402,159.96963855153072,298.9431782225276
98.59194749904306,246.2093292134885,163.56550284785268,298.2464073304876
94.71300484165624,252.16208971327904,169.98857754804044,296.5484840634505
89.57686336906546,256.7826087099338,176.24700789693904,294.9707275108758
87.51106205773368,259.8874729627261,184.97942963047296,293.2845194749567
82.64103725150997,262.8036569475321,191.3701607385869,292.4099485558208
81.16534062270246,263.8834938866695,196.60134010612623,291.5587738945794
74.9178419414191,264.6246473701725,199.71629062421053,290.88932330374456
73.82337785436076,264.77310650565437,205.06253524463153,289.7164164897472
69.6050322869693,264.4732756743572,207.21009044649207,289.5655721685121
67.36849298853987,262.8772194714874,209.65418807296825,289.48510442746203
66.99314505961289,260.8168222474247,212.54162652268013,289.71091892182164
72.25247202612523,265.666869563752,213.57697630517058,289.4077683351874
72.88537294675884,266.56777076337534,214.82740790811724,290.424649798627
70.1042486115814,260.9967210799773,210.9457669605522,293.37611062324777
70.71531350579603,256.04526051864997,209.3439227129421,295.19874571990147
71.68918220528033,252.87653113190984,206.30005375078684,298.64260474477027
75.75423461516205,254.8283691052591,203.42098176030808,302.9274501832646
79.19202314117206,261.34597727046616,201.9383166192988,303.62774849365854
79.37111687666243,258.7386195398862,197.24750042135884,309.24912188900737
84.79111793096075,260.33398654846917,190.59002490120213,315.02444183454895
91.3575414436366,258.48614447109367,184.5505049212911,320.51335103927244
94.77840059185905,256.8424258189852,178.714595693526,324.73639887625006
98.31687272927269,252.3754535707782,170.24608859921784,328.26700446351487
101.62372005484295,250.43017663582447,162.83732884311593,331.93706133618514
104.55481252866348,250.7611424021456,156.97819442999517,334.90917588127115
107.88963947558122,252.67486231599807,150.98085893511217,338.1079949990313
108.68404777603705,255.0612070208552,146.68886869681037,339.26918448793765
110.8763115747961,252.65101230677146,142.5804890907111,340.8356712423838
108.09105801293072,248.19806627662578,140.18986178069554,341.0522465531024
110.97399812809513,246.53195947445766,138.3467704087804,341.84316820530546
111.02982993603383,244.71703305516922,137.42085143611436,342.9849066868877
112.11827455499888,239.54475432383833,136.39463248817756,343.29021282203485
111.4746129781561,237.01713284284628,134.98484808838106,344.798883814033
113.23806997099754,239.24759821347197,134.432853421851,346.2895002186251
113.62570505217869,236.55863232390882,132.35103883638538,347.2755786652319
112.98172139366383,235.94191119241097,131.3793635524019,348.1696042455074
114.74008270864012,229.65483933698954,130.76134974279236,348.99486852367204
117.7301316138436,232.91815938568837,132.0016699087648,348.49982317953976
120.34613298216392,230.26998405320464,134.0815572973988,346.92333773153115
123.44012351261206,233.9250366672585,136.2776142079991,344.82664526511167
125.49804249385085,236.8075132290508,137.540403545784,343.6868924131335
128.14067331032885,239.39338133858087,139.02436798704673,343.4594744885985
131.2015763050651,241.39168251819905,139.06928620259134,343.0358501490765
134.4144685968227,244.83088388572267,140.65430388805808,342.51219852410617
136.54077701836928,246.09196453266944,141.01984729276765,341.4341513192248
123.39244622386637,243.29526748069102,137.76594316216895,340.4824571320134
134.75202598819283,242.16417145930063,137.65737933664107,337.3541724711504
139.77268121528027,241.68558116214655,138.03341106844027,336.0399933833754
125.66809722162708,237.1676507304246,135.30149324031697,335.28763193389204
134.99608871741532,235.51577305049855,133.85101371248558,335.93575598995693
137.88004561380512,236.4222035743611,133.5514393629128,335.8251386279542
123.63173380242341,234.18310127580574,131.67086381270258,335.5024422889382
132.64284282576216,232.81467294728964,130.35937727237274,335.43070829541193
117.50226554736983,228.18369094313138,129.10360555962615,334.4484773192924
128.4909697494008,228.5729872827228,128.08043986186306,334.3311951936603
112.7258854103074,226.69283538865716,127.10357042359475,332.7641302455245
120.86056039245707,225.2247303796533,127.04173236115088,331.904603950666
105.35234472826977,222.72897718616102,126.00299935236727,330.3442490514872
113.67798521164752,227.9731858695907,126.75820680419086,330.3062387128261
114.7038457214584,228.94223098030008,128.9550233250049,328.36519728337095
98.15163063825118,229.47774057193885,127.64986181661467,328.5349911169849
104.16810081701095,234.00512076155945,128.2748155936166,328.1301502476314
106.2488264928211,235.87642011683874,130.86195232717088,326.46538948110356
89.80021717763955,236.28699534950076,129.7530407390281,326.5080028845883
93.6316278471341,237.56445805642045,130.37587156068355,325.7726415748291
96.75781154371776,244.80304263862985,131.93245554538487,324.41708019086684
84.38213210625435,243.53945006961203,134.74021853408124,318.2153272261803
91.03056769154067,249.18178858689834,139.39321651939238,314.1434378197815
73.10097606906959,249.12504702176886,135.45150788811384,312.50617970667804
83.17487732629317,250.8876509472597,138.25161377515593,309.2428711183631
70.46784876320123,249.33956169832686,137.4004063902314,305.18936184919994
76.69817062177967,252.7147855585561,136.6532083365267,304.8614047255127
81.44013614279187,255.95001650153503,137.32521830402376,302.8307054318705
63.786118066313264,258.2083599644645,134.4889635329087,301.75859476943936
73.74522380713607,259.7529193725519,135.89474573412443,299.64005796162627
76.78979834645233,261.6216203243514,142.61839515555295,296.02741918171847
65.33623230918592,262.6706175325988,143.25860904771272,293.0673410321418
69.71493515610314,266.9469984293306,148.67619686889293,291.36695617654436
56.4657506838448,267.9660691853036,148.8770575736635,289.3146046565137
59.67687583041777,270.6723331359219,153.34909915826415,286.72255233358504
43.61786112387833,270.1251816812095,155.81744938738308,285.2848516018814
42.326096631717036,270.6346556306841,161.19037751873935,283.0500533496912
25.966658136927293,263.4342007763391,166.57511182338231,281.0237379454662
29.395562875281286,263.7921169700635,170.62595465227736,280.8825692566907
26.402215895117564,262.70779088393465,172.53771365319318,281.0841833935555
22.492772864279175,260.16078693916404,173.04086342107723,281.8432775524754
19.622985983965094,256.29956960163,171.55702609848396,283.7682211539351
17.60853437877489,250.36068332569315,170.11159125420738,286.0730328522322
14.70704223957155,247.61601339785932,168.7563719307769,288.70013644653204
13.828836577919304,246.1404623619319,165.07811089842954,291.28317825737577
14.906970334144034,243.4812005965302,160.36718020467515,293.45583730148485
17.458248999619286,239.67593187951502,155.71462095445509,295.7437538668323
22.312020311450794,234.38144028740965,147.87229041365492,299.6354070530267
32.04017564885183,231.91285513066157,135.56772791924226,308.562137016944
39.756501166366235,225.3539564128229,127.11958492178059,313.63467497691335
45.16898349550051,222.0229267253982,120.16452645056953,315.983807105669
49.77381967198948,221.97241343439362,114.1541012194025,319.07162410630303
68.05764343336939,210.51809090314924,111.84589888707237,318.52525207894803
66.32672576095477,217.73927654280203,108.99068520541235,319.41753274666394
68.33569505826097,221.84441648176463,106.39387369171732,319.85420168313084
71.61885584564145,226.14855173379647,106.17936114176715,321.1093430824485
75.43830870644415,228.54277223528172,109.15843446984437,322.6807114781291
80.35114119391534,227.35239257195428,112.26305208767543,322.3678842168781
84.59966477728706,228.0199668435267,115.58017289731137,320.2902625482755
87.49183893937709,230.2506485188848,119.22439341315817,319.1172490644264
90.71085798853363,235.28592426806665,121.73050528585338,317.51566691115545
95.19416360149893,240.04703549309954,124.17752836015472,315.86479045794636
100.351792869917,244.45025951128918,125.73519367433177,315.2511372213718
106.51710972111441,243.4297631734812,128.72422683442474,315.0854686726225
114.39290503132911,252.42282133544296,129.4982385546936,315.72542618597925
136.72112441709095,261.03705543401753,128.37925248092378,316.2581712914424
143.49510907263036,265.9277904832228,127.50485475645388,315.2878507901999
147.63237590022348,268.60553396484477,126.45477025898248,314.5393322298185
150.34457924590978,265.0457186497427,124.39789462878235,314.6473299407111
167.53969162623977,264.3814122288978,121.03673213924054,314.3015764274586
167.0130551400968,260.0142078481864,116.9537889478912,317.2160822920002
170.27771940105433,256.26963468835646,112.31624914706076,323.3073363749505
175.59787986861852,254.2008453593759,107.80373964381715,327.3707235222343
180.66240730093455,252.5607674427352,103.26337649061085,327.2202710829632
183.93795678087366,252.8983145792261,100.20871651083517,328.2503642498999
