269.5,62.5,524,618
269.3335386470211,53.24358884916239,523.3329227059578,617.5438076995616
287.75630565514706,55.82287881709607,522.3898722098535,612.3852277636943
288.08154098041905,48.815887659319856,521.7394015593095,608.5427912793019
296.94979299202726,48.260197565111184,521.7894895804361,609.6541714677193
296.17896651315004,45.887292640919554,523.3311425381905,614.3999813161025
296.84458677281526,50.974453833712516,521.9999020188601,622.1283292695177
300.9169956021812,54.980382621556885,513.8550843601282,632.1169813561884
300.1983998185633,50.48585484650698,497.26951212126806,641.1060369062882
297.7531586512567,54.5184260331921,484.2686320026486,650.9322569861506
294.85029809104066,50.01107136455062,472.24540534552136,659.9469663234336
282.1259417288671,46.25140818032429,462.15723989484206,667.4662926918862
257.3373972045992,43.15443193056166,458.58710855422953,673.6602451914115
247.30852709080003,41.64609900708615,460.8947845748722,676.6769110383625
237.24710029811345,40.08228825611377,463.1838780797828,679.8045325403073
228.6240561402243,39.51348776603959,462.5111465581574,680.9421335204556
228.00573427577874,50.45692515029771,463.74779028704853,676.9800704040847
217.45712651732816,63.16158700503934,466.9594217655248,669.4563307330263
214.7760573811505,64.3863904986136,472.3215600378801,667.0067237458778
210.87573680628032,67.6287959591782,480.1222011876205,660.5219128247486
205.9357034924107,69.4925822524055,490.0022678153597,656.794340238294
194.27532640969525,60.71150399183722,495.3110491824975,656.3445239611375
187.21046497416714,59.624082477662625,491.3488428323307,658.5193669894867
193.7322309265237,56.173011784735024,478.3053109276176,665.4215083753419
200.20915876393641,42.61107474886728,465.35145525279216,674.5942986780367
207.9067229308751,38.72955183636259,449.9563269189148,682.3573445030461
215.03815032286954,36.06613640102387,435.6934721349259,687.6841753737235
212.41261738679174,33.842968140835524,423.3651739508766,692.1305118941002
199.33426472555288,30.49869632929824,414.6440327090976,698.8190555171748
192.3003852441975,29.505705113408226,411.32029433722505,700.8050379489548
183.93431768017882,21.421753601656633,410.6876099038029,699.6081214109985
177.52739727529206,14.323074832291923,406.16510776653377,696.4691360026852
178.05236256557563,14.862330620860519,405.1151771859666,695.390624425548
179.4388933944005,7.215664873865592,402.34211552831687,693.5045348208903
182.4012864487282,0.5767616634373667,396.4173294196615,689.6778765830578
183.74713548488242,4.163945160071535,393.72563134735304,682.5035095897895
193.2182330627254,1.6623007314548772,391.5787025391013,670.7115320995886
200.50571030053953,0.06646284050754048,393.58771701416856,657.3192389307877
198.145690854035,-9.839128638104569,398.30775590717764,644.2925950266466
204.52369380223155,-3.9805351649392833,401.85600847503963,632.575408080316
210.11852021310008,-6.807305169351594,406.85499880084393,622.0403049415993
209.73841920962104,-3.689037371684549,407.615200807802,615.8037693462652
213.31272968180704,-2.8777512615729393,400.46657986343,614.181197126042
210.30029930553548,4.75271760224939,390.6015939063283,614.8101061080422
174.9907090897539,5.2037287663295615,382.5481528170606,613.9080837798818
169.46273705701066,5.575928165062976,378.0179750506063,613.163684982415
145.8692662979121,-1.6877646778015674,378.7080452132487,612.1921135496259
128.44613401747145,-0.6431537993685765,382.56220904284004,610.1028917927599
118.1996814387864,-0.17030726378374084,387.52560423795524,609.1571987215902
116.82232717986312,0.7022298934593891,390.2803127558018,607.412124407104
115.48868500280858,0.44147986173203435,392.9475971099109,607.9336244705587
113.26000103008568,0.3748872271682444,397.4049650553567,608.0668097396863
110.8985083663921,1.4691374507193018,402.12795038274385,605.8783092925842
98.6570796497819,3.598602638944783,410.81797337969385,601.6193789161332
95.89424122871125,5.165977574852434,416.34365022183516,598.4846290443179
85.64009925828066,-0.8915592070764546,420.9348680985486,594.6826365440279
84.30226766874563,-7.094358828483848,423.61053127761863,591.1528787096582
85.79242297049461,-6.7397240627216775,420.63022067412066,590.4436091781339
88.0826892379277,-5.364982452799495,416.0496881392545,587.6941259582895
91.91863610984717,-4.010940152409148,408.37779439541555,584.9860413575088
96.6300172868385,-4.600657121918971,398.9550320414329,586.1654752965285
100.37248025854447,-6.279603176868079,391.47010609802095,589.5233674064267
105.64807574748932,-10.181816069840352,380.91891512013126,597.3277931923712
117.19823191145201,-4.421029181869358,373.129532137938,601.1171487621614
143.78764677576504,-4.63461582090099,365.6619458671497,601.5443220402246
150.84038305067978,-9.978210758081218,366.6744018007425,597.1135834311629
157.7962214546239,-7.359332359960774,367.83163876538686,591.875826634922
173.14072445863812,-5.122210452210197,367.1630151051125,587.4015828194208
184.24004359035064,-7.407536931922095,359.8965280611808,591.9722357788446
195.51477963074237,-8.624618607167804,352.22531542216876,594.406399129336
205.57683207397102,-6.540888498570837,346.88632841651196,590.2389389121421
208.10486158888716,1.750820336661718,341.8302693866797,588.2884735005866
212.34118199108903,7.379386215031445,333.35762858227594,591.5497582108517
212.8846216778743,9.810841809135411,332.2707492087054,601.1097389076896
210.8262577863328,12.872207867164377,336.3874769917884,609.5326864194041
200.75579758226414,13.351731351709816,341.78809792563203,623.3139389246069
199.3833956032372,6.44412099418912,344.5329018836859,637.1291596396483
197.69343583944456,6.520331880181914,347.9128214112712,652.2633420677378
185.62694790281137,0.8602095102057206,356.47836793260706,663.5835868076902
182.5064986734788,-5.78367023132472,362.7192663912722,676.871346290751
179.24222868801974,-3.618815877510542,369.2478063621903,688.7251882506337
176.22024262796313,1.4814456622424927,375.2917784823035,694.9946549613976
185.62179680318692,7.091002065724069,373.1545267313091,700.4413987538876
196.6532322269533,12.649300750228178,367.8011190590369,706.03426456014
208.73214536058654,11.320637451013283,360.3430537995088,708.6915911585697
212.40709884982812,8.94050265386295,352.9931468210257,713.4518607528704
214.94659024677526,7.002642970050033,347.9141640271314,717.3275801204962
222.1758272885816,5.666433030298151,349.97704432107076,720
219.66132487452285,5.666433030298151,355.00604914918824,720
216.15064079639265,6.909308543813381,362.02741730544864,717.5142489729695
211.0517450020534,7.498066481637579,372.22520889412715,716.3367330973211
204.6322582655298,7.143253146803147,385.06418236717434,717.04635976699
197.219656027008,8.902305570524675,399.88938684421794,713.528254919547
189.56001086468285,10.304448294058659,415.20867716886823,710.723969472479
185.7613962824536,9.239639502161651,422.80590633332673,712.853587056273
194.29416943463065,8.628729541560517,423.47833879752625,714.0754069774753
205.6485927750152,11.885273460586006,418.53699089335765,707.5623191394243
209.63917576707306,11.978734493169725,410.55582490924195,707.3753970742569
212.73529496961686,11.623029698560742,404.36358650415434,708.0868066634748
214.38361418805167,9.962356641690178,401.0669480672847,711.408152777216
214.58556170135543,8.06081807010537,400.6630530406772,715.2112299203856
203.26395637643225,6.9680423937516025,405.9088560127559,717.3967812730931
183.28554168047467,5.893194846524636,410.8276867003754,719.546476367547
161.6249454725134,5.666433030298151,418.8800534747746,720
157.14609317316962,-3.2224187067885737,427.83775807346217,720
143.68421489067225,-9.070314227436086,436.8323145586479,713.766590961486
142.17858492195552,-6.177705284145077,439.8435744960814,707.981373074904
144.54141319612958,-3.1163021856140176,435.11791794773325,701.8585668778419
150.2832343194687,-12.190369212175767,423.634275701055,702.225172664309
164.75108188778123,-7.978443403423739,412.29242538050715,693.8013210468049
190.52470955361218,-4.182836782921129,395.29954599198993,686.2101078057997
196.99271608557896,4.246473084201227,382.3635329280564,686.2283962896961
252.59002479422966,4.624160970411879,371.11246570860413,685.4730205172748
255.47169153963213,6.20317920730713,365.3491322177992,682.3149840434843
256.66869525357794,6.252716159870204,362.9551247899076,682.2159101383581
255.64722698648166,6.2168829167358695,364.99806132410015,682.2875766246268
253.4521491277834,6.5319306054371395,369.38821704149666,681.6574812472243
250.1767522254512,8.099338836809636,375.93901084616107,678.5226647844793
251.1157440427215,9.962520164973853,374.06102721162046,674.7963021281508
254.99005132648645,11.8370990371821,366.31241264409056,671.0471443837343
259.5898239465876,22.13460347969243,357.11286740388823,666.6113274110567
264.2077634472928,31.574110600599454,347.8769884024779,663.6686978234447
266.36596714737294,39.35222074015587,343.5605810023176,663.8470668812897
267.73095988263435,40.63923701989518,340.83059553179476,661.2730343218111
265.58558259186464,51.2528079973909,345.12135011333413,655.6240377994739
270.14387744505274,69.26195218016193,351.57372941579683,650.7436874516095
296.85964955944655,79.80119374655379,360.5732149949193,645.2729617708032
289.4485252848287,91.94335744210628,375.39546354415506,636.6693016771094
280.99424268822384,112.65823834419228,392.3040287373648,626.8489278773101
273.62008441509886,117.23337406392238,407.0523452836148,617.6986564378499
260.0735806622169,121.21037951422272,418.09300454477534,609.7446455372492
252.0684553073616,123.62142436449187,417.98733468150044,604.9225558367109
229.0458651404675,128.51017269787388,415.9082312070664,595.1450591699469
208.62272833323414,150.20629491861524,409.1762230982507,583.4716692106524
193.42118042274106,155.72222404103815,408.4355392603439,572.4398109658066
163.07017825133488,177.94433829156634,407.56641851746656,558.781145007595
161.16680168186588,195.2278437699427,411.37317165640457,539.3855553126169
155.29865699364154,218.19819169666255,423.10946103285323,523.3220813296535
148.29561336794774,234.14654247063973,437.11554828424084,506.3089111002533
134.3153459323362,258.3477396970994,450.2289982442237,487.60068646981455
121.87963472595615,283.42682710190456,460.3343810881459,466.97459079787996
96.71975732105079,298.9904969341281,466.84454401104847,450.45044842906907
86.80865950849255,314.59197078548846,472.22172598492466,433.69251437758857
79.05415270898129,322.00253683750816,473.46759969939467,418.8713822735492
39.93817794061769,324.46468263025815,467.4235173611142,413.94709068804923
41.54874287978103,328.59546325924674,464.2023874827875,405.68552943007205
45.43674035509267,333.27610782070104,456.42639253216424,396.32424030716345
47.494266772081716,333.21492231975503,452.31133969818615,396.4466113090554
76.30815719927102,321.2909870082055,448.1196661645272,406.9354551019745
119.21923111220175,311.0474043157244,456.5282253309667,413.9610909166081
156.46441287814017,298.43176814502937,464.2642319858077,425.4879682268785
158.97124660535704,276.9071371286344,473.2590832200978,440.5201928822206
153.10120324180696,246.7608443141851,470.61125430643995,457.64903158884516
160.10715973712328,222.3643261428062,471.21725722236823,477.2062361184811
166.97365649348245,198.42431946402706,472.41999230851377,495.2147922783115
196.81264511724768,164.10482867493488,473.69115896342447,518.1419159296651
190.4628938050305,142.7675484394947,470.7751651123623,545.2009799250488
188.29932433104736,102.86974316664868,459.1134158082536,577.0299257145159
194.40103014207844,79.7539356035083,446.91000418619143,606.970760197406
199.71280611745306,56.12810304310733,436.2864522354422,637.6738006279444
200.02450863269223,37.6422376411104,435.66304720496385,657.8072739088681
201.14935174918907,30.777089990948753,433.4133609719702,671.5375692091914
210.801009227113,25.50607686364833,431.4095347474532,682.0795954637922
220.4059359218026,21.658983135986603,429.6235041920162,689.7737829191157
236.97164266275246,19.63718602600693,431.5098597858804,693.817377139075
246.75290541366084,18.134314080406227,429.54825243791794,696.8231210302764
250.41084035992594,23.119925975519777,422.23238254538774,704.464741706267
263.4152714880105,20.901781464642625,413.8270629132618,708.9010307280213
269.8554181539388,19.890363922995903,400.9467695814052,710.9238658113147
277.1782548679555,16.7622554531726,386.3010961533717,717.1800827509613
284.12586071547605,15.352296828653266,372.4058844583306,720
289.220260042439,15.352296828653266,362.2170858044047,720
291.3120510962516,15.352296828653266,358.03350369677963,720
289.9573860325464,27.610628452430774,360.74283382419,712.2192885428725
301.04503998227506,42.07066418060276,371.90523886298627,699.9680735556553
343.6057173794738,53.94859954895702,386.8702988507406,692.8932719493055
292.0134436177218,71.53083325178164,405.8920834658861,674.561357125328
266.7103894093821,87.91755556158034,422.7322111893433,658.6709028523417
207.4137149410405,149.29572497450982,439.755550563116,637.4845735893932
136.48383027707513,161.57468883577394,463.3656042653291,612.926645866865
90.970540541377,181.29931143053778,486.758089803636,590.3859241606096
47.53801425345114,221.2418987730237,505.8500974415482,561.3305331790924
-4.133840277307854,236.64415194057239,508.39191380388115,530.526026843995
-3.4321434043482384,268.93511731442607,506.9885200579619,498.66406438464907
-3.083325904677565,308.02260396639633,506.2908850586206,467.99982986921145
-3.621276658436841,318.0288845139653,492.02658837826186,447.9872687740735
-17.22477998969333,315.66163694351474,474.83567763472365,437.92245811295766
-36.51423369930578,300.7568456733265,455.92976528251563,424.61842582475936
-23.84000419017434,313.0704740234213,430.58130626425276,413.8558778717261
-56.624005047558086,315.4897939245335,403.0663092825187,409.0172380695016
-38.46358538128507,319.0520286257906,379.5341013877801,401.8927686669875
-28.560720127735635,322.7204242116263,359.7283708806812,394.55597749531603
-17.22040104387719,302.06576343971005,348.92306042155167,376.488660496212
-10.684842245477427,300.18169431932773,347.2736872769344,357.4133098326121
-1.1544889558407476,271.99765385777414,350.40727234201796,336.1013700004701
1.1021986217051563,245.38703246862826,356.70447005146434,313.6486027269947
-2.0096163066812665,247.2758516196733,352.3768037488486,299.31966826551604
-6.8867524485626745,245.89926562709593,341.62221619735067,291.81841033304033
-11.430532227762114,246.20610193528938,330.77431232912164,291.2047377166534
-7.972159649362169,215.093407193419,323.85756717232175,284.9002044550666
-4.249304987969452,221.50199985907415,325.993685534492,272.08301912375634
3.2164384596411253,219.89889634065165,329.88011854710186,265.8802662066858
4.8851013182283225,223.30697560698084,335.9113024685083,268.4326173126082
3.5777491257029794,228.74215928845365,338.526006853559,276.56701794772334
93.82529468125705,248.41914385722328,322.49249775948715,295.2583130514911
122.01960952632774,239.21199910968568,305.0078499067319,313.6726025465663
14.046685444665826,202.39533816564602,306.61296999689483,319.1066018659126
11.897564572477393,191.60734241901616,310.9112117412717,320.97587245148884
14.165834240531296,182.24829027827005,316.3253345344354,319.79265247443806
21.20327192777941,161.49013107574706,322.28559694168916,321.23869531598405
35.40745856082958,140.67258298502287,324.27993608662234,322.33684161605436
77.32632751428878,139.76651736630694,311.7227073885664,334.33190274046655
75.24620953031916,140.0997083124442,305.71041266030363,343.83805154439403
108.97408600055249,134.5280611349794,299.60287849131026,354.9813458993236
82.94090422816907,153.27131685819347,300.17331068959766,358.691579530079
87.40200915452962,156.351846176728,301.6166897179736,362.89610977410695
107.05850171503909,154.24997335772005,304.1182587778044,367.09985541212285
97.08603827588442,143.87460625481265,302.94573690774905,366.73314086957294
100.10042073785567,134.61377824200866,296.91697198380655,364.18648281612275
103.29998972661176,112.1627188494096,290.5178340062944,357.1006261762915
111.46442453727113,117.98500506840043,284.3741959975138,355.6412853508481
118.32041415438931,126.79584306315598,270.66221676327746,368.20966024086374
134.3124615527146,126.4463672542168,258.7413464623589,378.94022410660807
162.79689712052448,128.3713066197006,251.76012603658125,385.08787551760895
177.29429619837708,129.61179380206005,242.71333656082064,392.58090549286226
196.73107346801862,142.64941454906943,233.64416759338567,396.3100495706916
197.12639438194776,140.78831431575125,232.8535257655274,390.19474241982226
196.14317139328557,136.6505123821301,234.81997174285175,379.0038407679715
195.8444731839361,130.2769046374999,235.4173681615507,362.9522084834724
211.4429788534033,131.77572806725905,232.32880113976492,359.95456162395413
244.0066354027736,153.28094557647228,222.8395082647074,372.58214682921084
279.57923170476954,155.3931717713698,216.8103605532346,386.96227869442123
310.7290556744961,164.0041051376587,220.40426758052152,379.15377695709196
310.557323275492,170.04477920822168,230.10648285336504,376.43117929080137
316.6410862749275,167.15228263815067,236.903018761757,372.73414147731194
314.26892163167577,163.3702256435146,241.64734804826054,370.75743117909354
315.28345150750897,161.24156872618414,239.61828829659402,365.4243068334731
317.92381897966254,155.45412830787703,234.33755335228693,358.04599496366046
348.17926940897473,161.6901561821374,238.77181669513038,364.1297004155591
352.20315501966235,174.98979223506717,249.6101729284935,365.85961949180717
356.36432337431097,171.0557430308529,260.58607267006863,364.07859967479953
360.983973940719,173.1777291011611,270.9536279841741,359.83462753418314
365.276001761518,188.92279910203635,282.1875515499021,358.0714563434215
399.79701180712726,218.9702118429614,293.66632428569244,358.36722548182803
399.54155124409647,228.8872328010868,304.4328442509254,359.04438124391976
393.8602182877035,253.53453359250852,315.79551016371136,361.9478186717988
401.53445089479465,260.771129677933,332.4478493831719,368.80849612337835
398.3290735330561,277.2708219763548,349.89829922755985,379.96789201017884
411.4850795375541,279.56764858780605,369.55235468372587,386.8657556535669
372.6274886403636,298.2590907398038,375.7996397566701,397.1281358305293
377.82564523675785,301.99863293199076,389.74519124553717,401.8199837869831
405.9817581760461,315.31257829085877,408.2243496752676,400.1225545053495
414.07939103942977,351.0351388444309,417.4885092686054,392.32599669846763
416.283034606246,357.3846457603864,413.08122213497285,379.62698286655666
407.2333882860671,405.0696743917763,406.21888630486995,359.1418110151592
368.9411010835374,427.4139364993157,398.4729008857163,338.54773246414123
357.0587666164913,479.9412036546686,399.04351195579443,314.6724006774845
315.7023201025143,508.85715371405206,403.21661525850493,290.5004104409648
233.81842806979316,578.0705477244912,403.65590764131395,283.8589045510174
-86.52750434936675,314.06599222620565,375.62595915941534,315.7195734067815
-107.9077789158799,299.825914682219,353.12386079304645,333.322620578189
-91.4223418669613,322.51951494155105,341.77109942962636,341.98070189556773
-86.63074494979092,324.1668732292838,332.1879055952856,349.45373009637865
-76.75367457036309,320.5972252744071,323.16741784561395,356.59302600613205
-70.87395503953239,298.77197919212404,311.40797878395256,368.13855944636754
-60.25936923073708,294.4479711311636,300.8710004779073,376.7865755682883
189.16646035788776,-45.77998006607399,324.1152455343578,354.0112600153305
102.81336917232426,-57.39362232343356,336.67298648252006,334.5322934839257
81.80472375492405,-47.39390412415487,336.4096835192288,325.1030055348912
44.830934004068695,-37.05041593087452,337.43726740319755,314.8331713794365
68.0303729356906,-56.760235731349965,342.39055605721626,302.9006444631249
-56.680566521663536,85.02410561972437,317.5651238338105,324.0511963588807
-58.56989097258486,164.0503491579815,291.03157789104444,347.87187835001873
-58.91873127333642,94.52676417060925,271.6262335870944,366.3008988920445
-60.75464689465299,194.35992243398186,255.26126556909884,377.0209746019008
-49.01273498033869,259.318373882758,241.68837843392473,385.85718541271143
-52.37793298470374,288.4581369263641,228.784388628284,396.29800967579706
-29.7383307909664,306.3863444464538,222.52537697417785,399.4617873689862
-34.26916754604848,292.4392018861426,212.19607758398845,407.96509958925503
-37.73673265585623,318.216303698293,209.48730941976225,404.63038788416276
-32.40923343228539,237.80564299338533,198.83231097262058,412.67891433216096
-26.995830954809037,311.58319481053144,197.48725161605051,407.34999467360865
-32.77032782543314,295.6480091623009,190.2751242363867,411.07868428870165
-27.94837490342661,316.53477611884523,189.9403945170477,406.54185487430937
3.9397270253163867,357.9024363323067,200.0625221261618,388.46757448066165
-28.119277099369313,307.07540795108014,190.99099234796753,398.63470870865757
-19.821465405180177,337.7310760417024,183.53573440042172,401.3059306132402
56.7744906219304,422.1290763287547,211.32531122391032,368.2460466974179
-17.303582428150705,343.2624824238684,205.7489974892163,372.2467746723344
-10.34083774982139,35.1522332692773,191.82350813255766,393.9796283104589
84.30645668013631,178.2321230039231,211.52717830201823,371.3393928347283
88.18019253706998,182.42075261250415,221.96437946133557,353.86979718097393
49.522877232728064,296.55179331546134,245.22753406285267,323.79646113467084
-22.742498413852672,401.2932726191258,237.78462790825992,319.9249214272447
-25.453004978653567,389.4648912305972,225.68767960545213,326.06372277189246
-20.055209801317275,383.73862591558463,214.89208925077955,328.86327580274695
-16.157302811396818,376.12638705086727,207.09627527093863,327.055908680919
-11.911553432351752,410.8440701194015,206.96342126433848,316.13105580428015
7.3283415407927635,404.4494226495643,217.6400560720901,296.1494009079274
15.642737972050341,326.22027562136446,225.21383121670814,283.1897189143946
16.06755083069794,457.1708418777546,232.35753567357636,269.0818218006798
29.27156129330109,362.8735130319434,245.406447364099,252.50042989051173
28.462047097978243,384.354073876844,254.8663299761324,240.9027250862613
7.605710610535823,371.8921754186606,257.5459406628648,234.60007217210608
-44.16437130106803,363.61473532846185,244.86273460449243,243.4067276937315
39.772427172165465,396.7160101286381,246.15317278673655,238.71837268563763
-51.39165309386436,342.1949958759997,229.9570865340889,256.1338257518188
-39.49064319582466,360.6537633058902,213.80726631526326,272.7816879328142
-48.10441928840878,363.3091102849407,200.43987850691144,282.76846397147324
-36.961620726636696,387.83095507959115,193.31811654147936,286.79819743556465
-33.955787658319764,359.14040545695343,187.3064504048455,291.5044850277877
-34.3615402240306,360.7193835504838,180.62239536843865,295.84208900855555
-29.719844304180924,405.7021142090117,178.78733149814533,295.25656332437205
-28.820725850863674,372.038388681391,169.58038059901398,303.3143024396388
-25.910839373358534,336.7073050518304,163.7606076440037,307.62544452675365
-32.187170631532716,391.8570846858537,161.64034531051766,307.37282163246505
-31.790282469245113,294.12560708948956,153.55021755013408,313.13063949417574
-25.93302227169236,242.37693934317818,149.07678767502745,315.2527077068143
156.69622270253328,47.52702548707089,157.9194484489313,302.0743731026465
307.16206459394516,11.870968662334207,164.63193370962466,294.6868156014527
307.7512809183886,-2.220560974956811,170.61401072159245,287.067326571762
305.8121733406746,-6.5313309134024,174.49222587702042,281.39083802588686
303.6860609405477,-16.873992109839918,178.74445067727427,273.55717263988544
280.08312686477933,-9.002393830441804,183.44854880829087,264.89760441784256
277.9653927501902,-2.040060249407091,187.68401703746912,258.0043193244499
275.3616732091433,1.6738088445373762,192.89145611956286,250.57658113656097
286.4206641874493,8.414343858851325,198.64932314618193,244.0644733537408
302.0562987222026,10.827770886174108,202.1915231389478,239.23761929909523
308.14288544403365,16.254547735146588,203.90938413226039,235.3295828196376
328.90032658191654,23.31869333205134,203.87084154378223,235.02673818825735
330.38536091739184,28.910346103532234,200.9007728728317,237.65826841760648
336.55901809153886,28.672149690645085,195.45383288421212,245.0350356030553
344.678378592741,40.34757787235901,193.06678781392955,249.3875311038709
348.1713835214257,75.15082699244894,193.03443566459944,249.3176099440833
351.88661238495206,110.95278848385823,192.55604063343463,247.23431392014447
372.7761072146974,115.4430680795727,192.25167554364748,245.16619215699944
377.03854748474737,119.31036638928424,190.60265326725465,244.30745380128343
403.699001480905,122.19900715742531,185.13312238621995,245.36608328089852
415.27444470479156,131.02242288376567,175.5080464158674,248.00796754434865
440.77082964296903,136.04988073208668,164.38568214238262,251.2431870486634
451.76905525051177,142.20996670960537,155.4082458267419,251.9420299930709
476.3907043794418,145.9019477985102,150.75335997145459,250.9278410156287
481.98618932490854,155.85478940771162,145.83870783570433,249.85111106277589
487.28100800277815,162.89175794128278,141.4263507622128,248.13173456012905
492.85868091078,184.1654126872594,136.34796997009877,248.12318023540422
499.0598985283474,199.57420824001804,129.93588887474903,253.24771396859703
504.89430293281544,203.1480987246684,124.22283946174815,263.9672111871022
506.717328054159,192.40875982379976,120.57678921906107,273.4191185492152
508.09732983130766,183.80906760225363,117.81678566476377,278.4448537170318
514.3153852852469,123.04470352936386,123.71314541560565,265.5354636988621
512.3005446526712,133.5495646510997,127.74282668075698,256.5803874119527
493.76177199118104,160.57403480649737,129.0201259418043,250.265108517068
490.80224467644166,165.86250071708508,129.04297367342014,245.58438359375543
629.5114820272909,149.3789068716753,137.18863348488918,243.5845344054116
609.4577365311055,151.90744665833955,141.670420270305,244.46507219990895
604.8861615413393,145.88341538471235,144.786805932715,244.45960611291866
598.8794646830927,141.01926906738493,144.64136889248425,242.02906799084954
578.6745891024123,142.73731587234602,142.76537148870202,238.59297438092736
575.3785939438862,147.84055410536817,143.39930776232046,234.34455195831669
575.352694670877,167.8248097307366,137.54564354326865,235.7142800630726
557.3804201919492,165.39690782643981,132.70075007716653,240.57008387166613
558.7311917824788,157.4886478149025,129.99920689610724,238.9368220581839
557.4456169799472,158.98801276588705,126.82400915947512,241.68443949791003
549.0125019671964,179.043168332391,126.49311317367683,241.7007557246016
538.1415902219719,161.9002974315821,131.0541538569996,235.8980043095919
533.4667193603807,148.2145343340408,134.68439290916103,228.9525144785486
532.3221232756142,159.03139866309476,136.97358507869404,224.35355331966093
532.8688339216752,197.1523520909477,135.88016378657198,232.83826500188928
533.5274049364394,182.70906868749702,134.5630217570435,238.70010579883586
535.5070759968052,164.99965127609667,136.4243665917579,239.19481888896138
534.1098186101613,170.26460598659227,139.21888136504583,240.38421026070517
532.4993766248251,160.3182688423971,142.4397653357181,236.57811978507635
518.6078608866138,189.0874673447334,134.6873164843493,250.11068343598618
524.9991141674376,178.88499450510648,133.88734882716153,252.54182075855044
526.4629521677057,175.39973027121414,136.97302482873604,247.48564522211356
528.0637076718967,177.75574371409743,139.76312159044235,242.77361833634697
527.14255421378,172.02165399701568,141.6054285066757,236.33375771981355
530.1510979890298,176.8681924691735,141.49321576479525,232.54555558411707
533.2359670989496,180.05379731599075,141.17005741747366,226.17434589048258
528.7380360722061,180.1307714108035,144.4198195177035,220.27429774760014
522.2607528709688,178.04298231265327,145.9502413949377,218.73780368128035
520.7433753882383,173.80552622293527,148.98499636039867,215.78381647137124
500.98385742754516,162.33718519741538,154.18247175818976,210.11919808608178
499.8474613260058,164.29883519032836,156.45526396126849,206.1958981002558
499.1134537776173,164.3675858589503,157.92327905804552,206.05839676301196
503.1443643699148,169.4118468807407,161.30035849098047,207.40877533696107
507.24590428706534,171.68379742158987,164.68744164410793,208.659955748977
515.1533156354272,167.7657800929456,166.48046720773047,210.62670765281675
516.4405579900392,149.42971354442324,169.83449620523754,211.7277585094763
519.4719981435318,131.61485720170282,175.77120226210542,211.358712103358
520.6741388401944,122.99028396634189,179.45701171319766,216.42767688524495
521.9756495571263,113.25551269853928,183.0815946657966,223.44201064792495
524.1272037811607,99.28895452340834,185.17253998562478,232.19296569449585
527.9698692886565,78.43778202807039,184.04945801052548,241.08406548570963
543.8006613107761,53.379985285281776,185.78755874687405,251.12003723458145
547.507507037662,25.136545255080875,192.0962202812741,252.71750534229693
565.8374513702868,7.554462809651426,197.36828170824987,252.93837848963472
575.2906796467518,3.1255441186835924,199.69561913462715,254.71828454513468
590.6140664081968,-8.851200027059448,204.76383280462608,250.09978308230944
604.1294254969971,-6.419853658286684,206.35033915058318,245.2370903447639
627.4638025878797,-7.282251847555074,209.4167130697485,239.85686842316773
650.7764919400572,-25.607092598056894,212.28912824006068,234.07986946017115
660.4276622184183,-38.11981877993735,214.0688037125238,230.99596711835173
673.4239776154668,-16.15362125056292,216.10667935195278,229.10933170989207
688.697790165509,-21.72523540356822,227.62222341310786,219.22097543528304
696.9376131379627,-15.73467192640581,232.25234695225174,214.27643830897534
687.7798424813394,-9.768261749451057,236.50683884562048,209.3741426650048
669.2709770761938,3.892586348159085,231.41358862195824,210.1264338257534
784.7144844393447,25.699682125986754,216.01890916255599,222.12316750026565
804.881828274887,20.980663116626545,203.28305272664437,231.56120551898607
809.374358177576,15.653819426093918,194.29799292126623,235.37057274970005
756.2708489830904,-40.13207038080604,205.88319755983287,218.52703370223657
771.1867322607503,-27.584740831443284,209.4658517702293,206.7981429097976
746.2402865709586,-18.207000031320106,213.47160924026028,201.15327099799484
732.499434717274,-19.372982256483837,208.30928687631757,203.4852354483223
741.5126955542414,-31.909339671703506,203.25244892589495,209.10342469349337
783.3230420430838,6.258837395079496,191.06168438024127,223.67788856433077
788.6399691306353,12.715729054325891,180.4278302051382,236.86922782649134
736.8451550063452,-30.084931193864193,185.66902094555226,230.6786733152497
757.933594749257,-4.661485171851069,182.7745688377258,232.20835110855313
752.7160923686579,0.6870249041651562,173.63888784437327,241.08201671107156
747.1175163273293,3.8571858593371786,165.3078042078228,247.7605186135326
743.9111771200625,3.883819738054484,158.77541578879325,254.1797842728796
737.6177954494545,9.554071957380927,151.98308584392126,262.21837312031454
737.9250018700089,3.7153535749239097,144.90382518615448,267.4309620685706
737.7082093993461,3.5004321984883973,138.91602110678457,274.2821938421373
721.5529822609645,-28.56573694070903,151.96897086149815,254.96534585831705
723.5947294071244,-20.753133948926774,160.59925847271248,239.34013987475254
727.5437186830525,-13.290037962848658,171.50428059783977,224.4139479025963
717.0651530569294,-3.1535499999143184,180.01941506667407,210.36197036843362
689.8307410672926,22.995782580277577,185.34348621725425,201.06496393315663
684.3918927761964,49.48679042862301,184.05335646722173,196.75425356536562
679.6366916257284,67.16483046061926,181.57148615493423,191.37885503443138
678.4443504613381,91.49298506038446,178.08344246642773,189.7043539731988
679.4393156671298,121.21830281177935,176.09351205484433,188.16582802107592
676.4381097486487,124.62966300537147,176.3603439875743,181.3431076338917
674.4712521489573,129.38499444196168,180.29405918695704,171.83244476071127
659.9628924058077,138.07736807870964,181.5862836801605,165.53749548445367
643.8702404142632,140.12559477570753,180.9812552937204,161.44104209045787
641.5546053405639,142.0053830169687,180.22224375539417,157.68146560793554
639.2141802874689,143.1644966850617,184.903093861584,150.04488076566784
659.4557790729855,148.24133579278563,186.56089826425426,145.15882779693283
662.5795982657182,149.5983436122196,190.74076129156975,137.23106145167444
661.6567163206696,158.24433614846816,187.43882887765506,135.38216529121294
655.5541493518002,168.04440104544466,184.44223146278657,136.0510106340697
654.5592407709393,156.55462059161437,176.36658046011593,138.89963521294538
656.5149595254014,151.29522099575146,167.49909347863542,144.46238493211496
659.3461309514171,142.7324349660983,156.92732128056974,151.76909829935263
664.0098246424826,128.11347596322275,152.4611251637989,151.83986871294152
668.9479385882796,111.9944871113286,152.16917555041562,145.74073330388694
670.722575381867,106.63193704095592,153.31112351993625,137.7009472178503
679.7734599118496,93.57743465206804,153.5342290262268,131.74142150467873
661.2613380933814,75.56127661305938,150.15520852274,127.3704734422727
635.3064035111776,57.95176785413899,149.66348594540332,123.2882971538053
642.4311929699154,41.037974428300544,148.2942071556691,118.47498362225812
639.5005092351288,25.776718772434435,145.7665283540344,115.44130984915836
624.7069812180216,12.017986910496347,146.60757324474264,110.10618940902737
608.4731042747951,8.588016995687326,142.78276510662218,108.9011154554069
592.9134730428574,13.56367452909548,138.31119585496987,110.81341096043323
576.4192928852326,7.864410494360371,136.04436995996105,110.46021029315074
555.2593330597467,-1.9324885002902121,135.72024468817327,106.79362014276492
545.7856016366743,3.8270224067992444,131.79379971666293,106.71155223741357
543.5084033294075,11.602191904568599,128.84660879996636,106.16438830433515
532.7712067273683,13.172297219509787,128.14111011419305,103.02417767445277
531.8119328062745,23.116661912168553,126.42463582749114,101.31055893358214
520.6336646347503,33.07941660530359,123.71469673993235,99.2896748548886
519.4621914000099,44.785023016413874,119.04442367322561,100.4247304093241
507.77874018458266,61.46798208222364,118.23965321498449,98.1366774208276
492.40822608898543,76.3898702908821,118.34627731307913,95.52348241959945
477.9877670316908,91.83349613591102,116.91812540684138,94.90530075036861
457.83260561657136,126.93568129954068,110.59030676052444,104.65203009720489
466.9520816246482,123.46659269899658,105.90863708430122,111.59020729829308
431.6385068137534,140.67838339925012,101.18828409390726,118.26526368624975
433.5416730704519,137.70971452289896,97.38195158051023,124.20260143895206
437.48253666656836,138.62160165827044,96.46647268709503,125.86195131761798
439.3302394214015,136.43720171885496,96.26464310273035,126.73717527114738
461.5928305787546,138.88255912913905,100.79032641682153,125.35009370977903
457.6674790793398,145.05390138905872,101.52900539418894,127.23145723286395
470.1982957703494,156.96561841728547,105.24207456552304,128.58588791059452
468.2375329187032,169.5817120248778,109.16360026881539,129.0978784459133
466.8151350183173,172.092546085395,115.75726080783099,124.07621032487883
463.99499987456386,174.44252955059255,121.39753109533784,119.3762433944838
462.3684183993111,185.24207367725631,124.65069404584335,116.73555304668653
459.5767315676237,191.8653010827561,126.43322042771268,114.89164008020317
457.33371623044593,206.39732509985328,130.91925110206833,112.42272537291674
456.262952531876,211.22509637592012,133.06077849920814,110.42595988799695
443.60230232513516,212.43048455266086,135.40032368167326,108.01518353451546
436.1037652605123,213.34981400844853,135.08841601863352,106.17652462294014
404.8604817450758,215.29957672717842,136.89303770911042,102.27699918548038
382.37103025649765,219.20468801265625,140.54953989062645,98.22335850503742
365.2160466794583,237.4304327041751,141.15086763031334,95.48050853639148
353.0148397632605,252.9868406537855,139.58967632596756,97.74947067012403
348.9266482632348,261.10222479152276,140.31990641831322,100.13408466391326
338.0595883295266,263.9961270719024,143.18685978275346,101.89314670434453
325.68044777922125,278.386107279985,144.8702977217467,103.87964383700239
324.8183507062355,304.1988197714,146.59449186771832,103.00625262323646
329.60561915156285,318.50594878259653,144.8513703203115,101.80194830221144
342.5264531056471,334.59235348487226,146.0961003867909,100.58502229725764
336.36029124924914,347.87900007904625,150.69206763546129,97.22079850128604
322.2021153400292,350.5806735357675,151.83882600635496,95.69882208035003
327.63428855917084,353.0048271283551,152.59373813595238,94.72360108446847
328.6488239941615,365.8057135760239,154.43268092791737,92.32991016080797
307.82595318187066,369.0338453874982,153.67192951049626,89.72878226895045
196.3782737379833,438.39178869958914,144.7751810351248,95.40797892017119
184.17643511680757,450.10130123736536,135.31739611957934,102.08803131830493
191.53407311604082,440.9150883853478,131.79062386806365,101.81295077742199
182.84744181605896,456.04839347504486,130.80780692849757,100.91606786127552
233.3652568785103,453.91770137132954,120.81208959962848,105.17745206870624
225.07903313403614,439.77920507080404,112.48721325450933,108.55712083568972
218.21595948522236,434.52432433140035,105.32810706025246,112.10513115053558
208.30563609912159,423.8313238062964,101.18264625008072,112.94875427299505
196.85862064753462,423.3081338163994,97.10967625306094,113.995134252789
204.31430040563708,410.60500740838796,102.12926958363633,109.50495779864147
190.7038701720947,411.956749460409,106.02391501090275,106.80147369459934
176.7055340487931,424.95550449847127,107.2079845988149,104.26499094482958
164.6540431517227,439.5305233942235,107.99954920623546,101.75657279529108
160.09377457493423,459.192194648121,110.51432590363356,98.76491279647996
158.9205460548469,484.55164307823287,109.56634565878686,100.75701249659724
171.3220052154373,510.5570007027482,107.94359453997151,101.72953656725883
177.43829680099276,546.5744158640646,102.31416441390006,105.63096626258043
168.4815515885589,575.8054567902109,103.85454322112315,106.11208623380858
178.54152655319024,600.4333778037982,100.26715985246236,109.76045720056003
173.25729660313408,614.2650388921845,97.608912804855,111.85722565615654
167.21533336339368,623.2573321718514,96.50575559913496,110.35649370332379
197.96351827486683,633.4273595761117,103.38217541183599,103.0398273968313
190.33588015701412,621.6800185038344,102.38375622736598,103.77933595314016
202.35425488622514,604.8799626625741,97.8268724026423,108.15964918511322
247.15195741398566,570.2496611212123,99.03159664233635,106.07729353588232
212.25293851203253,617.2911067389357,104.23793850957159,99.1931918149414
231.83763342022363,630.6548259200304,106.7126651818358,94.8895084851001
249.17639726736635,629.168743736307,106.94333129847786,94.68820068791712
257.2575972504917,621.6498346103918,106.65009687410162,93.85685339787301
280.8158193279055,647.2994012369932,116.34133835776646,83.58549310580372
287.9878650980972,661.2408204239091,123.96235014624027,74.52988615670678
305.762517258689,648.1451523166395,122.52991711454591,75.90895234252658
312.0296204211994,643.5376538143142,119.30586732255263,78.9171783251588
332.0481941247448,649.5191852709074,116.53329205476825,79.3756394584079
318.21151588902615,645.0948474733966,113.4938942421144,82.08176419661129
320.8422162412284,639.5161646075057,108.23249353770989,87.09916186397317
331.25506685110054,642.205639618022,105.83630148626673,87.86338156570757
316.45470330507425,623.7956697621919,101.91888304529932,91.16517574434802
325.48820263292083,608.6890199525332,96.0099429134118,97.06235831605437
343.3681824990345,597.4431801086184,87.61445967536473,107.39204845091474
367.983242440418,595.076906149629,81.3225858362315,115.19161394343863
394.83972512118555,591.5306023752066,76.9408150350121,119.20102183226358
468.30323618049795,599.0461810964981,74.34476518755872,122.59509489238343
430.3261727237838,515.7219834101987,76.42552912589329,123.02842357102176
407.365228757251,535.8095871207173,81.79393410361925,117.16770172757964
415.4855970071891,606.3293700013432,84.27829338562765,116.56635433046274
427.75300780154885,560.2544927938095,81.81218573580769,117.28857957008893
416.16344994233214,626.0801262456683,92.49939409459856,107.43340942288637
479.9934886010967,590.2218185192513,81.25432067652851,119.3693471976199
378.55904490418266,642.6011243979203,95.41473505746013,105.81983072984856
350.21715632983484,647.0642597836775,107.74666578375596,93.72557092816287
327.4427040806057,649.3446713161273,115.24513345970428,85.99387812805398
309.3860047547278,645.9604329051118,116.59042017687882,83.28014260428992
307.3394394292303,642.5444915909543,111.2736884317149,83.83878363516584
296.56128484940984,655.887664354174,117.50482676335614,75.5426431023258
282.1484243615396,657.1642264621119,119.13156514378701,72.98951888645033
306.01656153120285,658.6241892682199,116.44981095524476,73.07322795095308
290.278812433688,662.5080297390488,115.31022483444757,71.23556233944579
292.01643018301365,659.3141672753937,111.83498933579634,71.78897108331526
262.9845354939162,657.4118932064188,109.53485554763992,72.71904668953431
187.88442751943103,667.3437979158457,114.10645332687304,67.13255277751732
200.10771768984262,589.1678715407304,103.81032285782345,76.31972686130298
172.66839966136584,626.2606308683971,99.29207989244516,81.33004690241195
247.7921835999088,550.8310439196255,82.56796555519404,98.66576726012036
270.42429735834656,589.6454108380933,71.51883949040646,112.27730396208551
227.3255795345445,635.2798980245475,82.92519538696016,98.67598933065287
233.53755186184165,640.4842317828412,84.78710430623943,93.98166324361478
227.8539487295693,654.768170532212,90.52566032956233,85.1140615891494
179.46249027513937,663.779369761226,98.80772496637334,75.38861803162574
154.5952587982596,665.4359027984278,102.0124284662316,69.33850728346339
92.3953678528218,665.7533681975016,108.22172633224359,63.331281756912766
93.45975765992465,665.725270150669,111.44974527676956,60.70907857121234
96.1057956295877,639.7580566413752,106.15766933744347,64.37538518756466
34.90610061372919,546.9465407926424,97.95579054980261,74.08650378140545
43.579587748704725,468.83379959271394,94.1228193980248,76.25235063408745
63.799042929018825,408.43875442080787,91.19524599534185,76.47028647021835
90.49271350282895,374.1768425920084,87.92715356932624,79.047730230969
23.02508491399152,347.1479642993757,86.17541596399238,80.53356574584654
17.91307241878998,295.6359879805136,80.64966647830505,83.80894670166487
11.699090681009423,364.5620469248627,80.1287302128678,83.21516606754925
13.545794479284979,345.06042658220235,79.00755263548247,83.63495646538321
26.452573792743493,261.4732593607702,78.80439578259453,84.34167937705857
19.310756630026354,271.29475073920787,77.67487283935387,85.24957297841652
19.781800226649246,295.14825545372446,76.73278564610808,86.27843707115625
-13.71549634886459,269.830515088718,66.74722021785372,93.29182793957591
4.147890891471889,231.90823612796936,71.20633588431247,88.76460556680979
-9.644655986394461,165.188047968432,66.09082791585993,91.40257498914359
-7.782535813419933,106.48632585469157,57.42220715262614,100.02965003636032
-6.154648042389152,126.71875623433468,54.16643161056458,103.78638718975505
-9.136694259022175,126.31738502169672,50.30424544343066,107.04569926513093
-4.290217111388429,134.9718685825062,47.923313690075105,109.23545892194383
32.652172987911676,77.75093557731914,54.14269345248279,102.30738559745745
6.987180070753965,-4.089652541024833,56.78434196591374,100.44821494313823
18.972879568951697,-24.931315386086176,64.69047518864174,90.63706551006146
25.046690233862222,-11.267669009841441,67.16819057418198,87.6853339498408
9.457498162866699,-5.386222586652998,64.28063897188811,90.52212785101459
15.87342664939781,-3.3933017088568533,63.59411442090231,91.39441906425287
17.891004851766752,3.9331466175354706,61.989886475745266,93.75802162853407
29.636292240854296,-12.738152493927991,62.898652899796815,90.50160804812104
24.357346260550006,-9.26868858852707,61.42677025985527,90.78054499764927
29.934787491136422,-3.6209948789745,59.815071352376414,91.4141370206616
22.79813878685532,-0.7904483637471031,57.508662278850466,92.8586324825303
28.182296332451454,2.164054343782148,56.14663851395252,94.00434556219253
31.082593138183825,0.5786086638446548,57.38319773037486,92.48380170347612
26.245651875898126,-2.667985366900133,57.681594873592616,91.94537572895047
25.415803943834057,-3.3561054173273206,59.341290737720755,90.98078186149348
47.59147125968127,-8.732614428194609,62.07257902261963,87.60901300825006
48.13739536282971,-13.338876476535347,68.02652690474005,80.38134623195788
39.6729478703848,-15.846815196097715,75.61499659969192,71.38658573617572
35.898442500392704,-2.119294290522454,73.90502289292806,71.70849726526934
12.40097618781347,-7.32895355872688,72.74567290486021,70.6625104175767
16.796550620523725,-5.13790213353975,70.72953509814693,70.79708160634058
26.71737675887919,-8.605786443466194,70.94677280683239,68.81778801046174
41.79592832096347,0.7193527655217906,69.40205694213154,69.97608538750188
42.176360452467335,-6.665714499104965,68.6411926791238,69.38173286655585
19.737905662992638,61.25025034643191,72.22005266942621,66.13827817061187
-3.339598219478475,37.985369678204066,68.27312454054861,66.92279369097119
-2.177883890936709,7.34668133972346,63.820652854482226,70.71600858539557
37.154080315224235,-4.63488750587161,67.75840418655855,67.14525302845298
31.216739280074307,-8.117567096051161,73.25970158630318,61.36384286770163
20.886484196763476,-4.829030678704928,76.9763270612784,56.904755619464964
26.130819078389067,-2.574185936209439,79.10224715392036,54.497497777122845
19.821377289929075,-7.391683772011785,81.24616110460721,51.56252989724777
1.718814289863552,13.934816115898322,77.9621735793459,54.63376683503975
12.39057362736483,9.226165748089485,73.25889497380123,59.89100755329295
33.9176389513025,11.977557133014244,72.08886960884045,60.67084057588062
23.019413763246007,-6.267858592021923,70.90884875314055,59.56381001025912
10.873811901620783,2.1950437611011466,68.51437121199031,61.11270771782884
24.992424212942566,-0.6326476135067942,68.8446953655243,60.64647287214953
48.37529102728454,8.446183644688976,68.95776899452038,60.83269145658931
80.59088511031312,-2.969515205719812,69.90074882346886,59.14877615927977
100.11472966785075,-2.2833454620665563,69.43278384282814,57.77643667197326
44.698177024635,-1.3869560178702152,68.19918335106641,57.98484895819117
13.137559389292527,29.48945765854835,65.79819817570694,59.76872021970015
17.443982710054833,-6.636525453502724,65.09279863405456,58.87680076998415
32.4848750404958,-0.9028741654674342,64.28596676780491,57.16781579212433
6.588593785344351,-3.0038462099817416,62.547104576776576,57.54608668820072
21.250575488501845,-6.748277570653752,61.585461577199226,57.471663967748036
58.48098033373064,26.682064733303193,58.36080201803343,59.97249396135513
47.49019300634448,-4.229167062186939,61.70764406573615,56.57339342759171
27.232881878078842,-11.273218596557044,64.977171433878,52.03894905213721
20.70737568301953,-3.773980194837822,63.30854102775931,51.76011504493608
33.443051649780855,-1.9925950676129425,61.364873261679186,51.8169885085544
9.114416362394717,-1.7637637508906714,58.378790410024685,53.1401311656763
6.405981441588729,1.983662910872937,56.77278426803069,54.423872821656545
14.824241273121238,-1.624217352190069,55.69554163968043,54.63551022124266
23.055618172741617,-5.930705979904058,54.87007932263808,54.561103319893746
12.845480721237049,-3.733577635694367,54.610466302315366,53.613494618696336
8.656614432796552,-8.54918878206075,54.46671754946637,53.01893931575311
13.841299763951714,-0.8101025492643572,52.56059249590901,54.467258067666265
10.933075590943055,7.333070162489538,51.63539645435441,55.03502361308829
13.912411909619419,-1.2295905298189673,50.715631334169196,55.363986607146934
22.005111835957678,22.699725826724425,51.231673026771404,54.269390220840606
11.928708688572971,3.9332900962326285,49.78807486375461,55.25450029172447
18.842447069405267,31.152152093327604,49.18982770503857,55.38734840969726
7.78769774362279,21.06790423434973,48.25306522555059,55.801906015321926
-9.661891695203288,21.637621978895353,45.48784495205287,57.93763566980893
12.870452743658838,-7.477760283169442,45.94541541008756,56.013986071685615
17.370886556894895,-9.733744939111148,46.56675635710816,54.11114966790721
14.257244952741232,-6.918303173500284,46.456577333469085,53.233362810645296
16.638104509084442,-5.7592261910673805,46.401897855252784,52.48422205726953
9.820166208944855,31.658467437501375,46.02904844674369,52.36204018033616
13.93524741301886,12.88846954549005,45.542202743588525,52.73411578039313
18.938319803989156,-7.850634882710967,46.362413172970584,50.906903791504575
25.110271252081073,32.132644970180756,44.73818605375056,52.10360353987569
9.23690845405105,18.74732033648867,44.48165870044762,51.44289313637731
6.679126896467654,11.830947323956227,43.55870943553185,51.68898630625643
27.69011580436434,9.694520727044665,43.497446453799824,51.466048625001555
18.447307408984198,5.569523231727004,42.55883679925925,52.24518729052116
11.214042519473725,-3.3823900127990747,42.11509356823958,52.256686167524585
33.63980292092583,24.08767784388428,41.78425730005716,52.225394713648086
8.11224686870709,33.77968826278895,41.10298392182413,52.05774562654493
15.615257112867052,0.7753332010636456,40.74256484642164,52.1612493918671
22.480045289277534,-3.675369788587176,41.61585721300874,50.840647267583094
12.894835896392266,-6.982202375494204,43.33593588533104,48.72914238467303
8.835519126346895,4.327933441780278,42.75923924044106,49.29641791007264
9.9908868657207,4.715201000015195,41.89728502936407,49.970664061273425
12.154162578664916,-4.385549410655848,41.90675974110616,49.38271828621659
23.212869616337294,2.548845377125023,41.33570411815276,49.87816767891575
7.6121755364574994,13.232005724741793,40.97010181812661,50.03479502444521
20.769859865039468,11.59791555970892,40.419384317141784,50.44023633715772
13.751346384912011,0.18643494558726204,40.169581944626856,50.4042706329693
20.112174526048967,-1.5438269968876206,40.26465902224632,49.59255006462127
19.366077781757134,-9.320917629130422,41.75685251082999,46.775563538791495
17.20602616212367,-8.914331173999985,41.896002375869585,45.96239062853062
28.19926914389077,-1.08198649749961,42.041135700923554,45.51318953643423
16.340109409727823,-5.965856743935056,42.32432266833334,44.25263238181519
13.150351939817924,-3.7827653662390475,41.88717727108515,43.97644582866396
10.309724511306086,-7.313343969648365,42.16010026995597,42.92510524825332
12.278769099854792,-5.739057519790741,42.241743962442044,42.45635426159373
38.13961295641808,10.512670660053523,41.2054916750188,41.964751854980996
32.486238540342256,10.520473528859014,40.72445477421893,41.94914611737001
17.462000530022507,18.467943296564993,39.527072613892855,42.979046429981075
7.254622902725618,20.456731292385157,39.157433871599125,42.89854431275715
17.740267197568887,59.103553773501666,38.85629450873346,43.11795895110244
57.41485588715388,96.11198085885738,39.517926187629676,42.65942923700027
46.607481637550826,61.72055373910614,37.84256192266379,44.15973549111694
60.32650510783928,20.947525534883173,40.08409282734943,43.119140504049675
23.461123749229017,0.0004887645458424572,41.76105032109271,41.780930910638
15.770442378085754,-6.351352934035283,42.670573897333554,40.01277514175457
-10.420469059258778,18.35218879118735,37.7673976324684,43.984895434984814
-4.544155603135508,9.125313327726921,35.020316396963864,47.000568058919384
-5.978859646095039,18.45593930545065,32.73685157373084,48.95080774008028
8.576635906303576,10.449798043831393,33.06744727886359,48.32219337074967
10.89123403554348,-8.28620039163571,33.54259467588714,47.5116128254087
19.32586201360825,6.9808487760773446,34.477087191006305,46.226529835605476
15.220474785175576,-9.547597457417346,36.35010484220173,43.79198419084331
18.48952500519272,-6.165456241363696,37.37631893617067,42.07057811473816
16.769269215303716,-0.44501034449662313,37.06507216559888,41.88496137205344
33.90477070601173,-1.1270884714993592,36.34773167482552,42.00638938566474
70.57564809873915,18.384612939998057,36.99308387498043,39.97654005547477
33.51052416618371,0.8640546813672252,35.986003157440095,39.87277707439958
8.600432932332005,16.392830912088062,35.64834186218195,39.86531837098172
13.647088079735227,0.8890301877115476,35.064854300872966,39.96599593586801
5.474574382520881,4.404694566743416,34.876472406146696,40.02041401601354
15.438518825117487,-4.244377477910692,34.9878923672484,39.63681500564977
13.585390299824759,-2.255699773749953,35.170283435142295,39.183325580019854
15.45803010068974,-3.0932042912677886,34.93649343492035,38.51734154738351
13.393951362557456,-0.8025607397194108,34.43901241621812,38.561692939253554
17.392612899661934,-4.4879306542772675,34.48580231403439,37.88831979634404
11.267660667742248,-0.9919534013285443,34.20192150589728,37.732975438797396
13.416554891976212,-4.393857440621119,34.434100154339326,36.6093410977901
13.74990254640279,-5.799112341331334,34.886068080881486,34.945197957629254
29.241743299649208,-0.5972562152923793,34.69412317027469,34.43882961137186
51.15271944685199,0.7297781042500411,33.33170729468014,35.0508791583494
64.16214835902895,2.5092144859669716,33.156194466721885,34.722424519464994
51.67849570800712,0.2198088663112685,32.47029607479593,35.02570180978147
49.396561267379305,17.606925933901902,31.720471782115244,35.3218426225799
53.219967700041636,16.07115090983855,31.461484027728353,35.22718190887612
21.946817762617055,0.2881736109690074,31.019990824479343,35.29923996756612
33.00390821299956,0.947442237917123,30.826736641801425,35.02455636691214
49.01159902301568,8.08335568419868,30.94289638514119,34.22724682027921
68.06665162883772,16.542993807029916,30.79388798215638,33.72358000538833
84.37336394739937,1.4245898397823247,29.669060663055497,34.503313029475436
54.24425337963572,2.4395979558473613,28.325124748443166,35.50291107849977
42.11836311530763,-0.6590650556640867,28.491087836966855,34.67520701481736
15.692618963312292,23.313941115097354,27.690753171678807,35.413256256528875
17.120874020393956,16.68407001449208,27.809948546769345,34.78637284122135
8.891777427181134,20.668190620180106,27.536111364776257,34.692028273807054
17.486548050122416,12.714079476014252,26.9785114892416,34.94665868416426
28.343261451713015,19.15387353892124,27.64820505437286,33.74522031573069
29.68934536715961,18.904922455536013,26.887303094673143,34.24312248250114
17.814211583513046,11.616158169551543,27.575012694095996,33.44561240922323
11.675483028370271,-4.776776097758852,28.334362354367702,31.677158593802503
5.5436198470383715,6.195111152691426,28.31703147616875,31.46140844212066
11.366904800358116,-3.0817494091996203,28.904334076167412,30.25272013210266
14.339696218965681,-1.594245736238964,28.548031142075118,30.072352737742765
12.392155496260045,-3.9623296776734307,28.7508020991462,29.270054888101413
9.535517203136923,-1.7140875960440969,28.981847872020708,28.428391267090568
5.36338488881368,-0.1769080387614732,28.285234989858026,28.97038315684899
6.403747012123873,-2.619170815520988,28.00780501996578,28.445025880183596
14.427737977584862,22.813735466331316,27.9620803672195,28.253028030702044
11.659875718365537,14.017567047037438,28.186158885481966,27.254603868673144
20.58244090059963,39.732636271637375,29.548173954865405,25.58843313445245
28.325406301078925,24.38842868326949,30.549171075115304,24.170725517255917
10.646982475607532,22.594743892776577,28.914588654536804,26.037563467008198
23.290289858126116,13.146707451626845,27.850540421832207,26.76671145005823
14.732435065692531,0.7314997069745139,27.76481272875491,26.65504288634342
5.223600704382074,-1.3051545739889114,28.786299414306182,25.586585151964655
9.650156947054915,-2.4796293801292197,29.34803366607999,24.511954132565457
13.089478522161716,5.495474330435519,27.553391924182137,26.355751640541104
18.86302788383903,15.234118761034265,27.042129880910693,26.403404597952314
12.346530895865428,11.060783523400964,27.45041984944485,25.491958801116013
14.137789503866916,-1.3645282370708163,27.202285113779176,25.334713719529784
5.801727858962092,0.10617183517498141,26.502712444499103,25.70220804343623
12.384899690235963,5.129744150587275,25.667877311822576,26.342370805166688
12.593954249852807,9.034006766914253,25.24976819258889,25.905221830859958
7.139870644283064,7.328326144960995,24.87990134076975,26.094287628206867
4.770999644012484,9.099394819616705,24.801526257891354,25.762895001175153
8.741620374725079,11.000672844095865,24.82282596566233,25.1453554198953
6.943273343393647,26.065665363109055,25.27193444368547,24.130537039786322
2.0425284631387033,15.569000438549798,24.960207273017925,24.119493262613243
6.089706037963818,7.515181549862911,24.59465533112582,23.99664430369496
14.295446412777686,-2.417185227047204,25.017636827336275,22.43569863553931
8.48741498902947,3.8018430264869867,23.934359195527886,23.44400263597015
4.203057212468675,11.915708796736737,23.549803421268678,23.630601862335446
8.18535127713939,-1.4314093228246154,23.758195888145025,22.833903368725633
10.748700309129621,10.899057993813704,23.033684330301575,23.118692270225413
9.195422474017233,-2.1729291696468866,23.23300491211467,22.370742029338516
20.991895304016367,9.94174850541224,22.620448023271393,22.558049748572447
6.471355452588194,-0.3035470390506383,22.49116604162317,22.41594598748278
8.36820685239297,-2.257966825282905,22.23345507506638,22.081595360284002
9.30499736630177,-1.260892573511601,21.755621618455343,22.181068213551235
8.335733923163174,-3.0776384948068998,21.618423707732507,21.663110462141773
4.142869385601578,-0.035530784552895156,21.14336744057595,21.71328489398128
10.4951730754255,11.762176904556089,21.261726900158376,21.064231228070106
4.462598279842137,-0.36095703817092506,21.328999753244926,20.648196929692663
5.128892039694405,0.15855181126681295,20.657448713366733,20.931252190469873
13.274965940634079,3.3446104800489795,20.08377986956019,21.108501085435876
6.35510611994415,7.242748995420978,19.653262083581502,21.095989924160172
9.86995072471103,2.620710902313565,19.681392273378098,20.715766929469964
8.958964264485918,3.4315600860234845,19.59499440306324,20.366315755893517
5.003945754183825,0.045885175595032024,19.32435679686064,20.215556277144685
6.390482104150722,-1.735790523580821,19.041829112656977,20.043090151901197
2.926556154172843,4.556944050330248,18.584160465060364,20.382281962295707
6.616876082802428,-1.8946066903214058,18.56529745891438,19.788792549891507
13.836412226134913,9.53433403759374,18.62041516153585,19.276120660877808
5.914430593433293,-1.567060938543074,18.351493766921237,18.80151738794113
4.204408906386931,-0.9650121853330802,18.2610807845142,18.767572000354395
10.529104257213666,1.907737314557151,18.440214636090328,18.270105772349677
21.856642679009468,-2.9939273433421123,20.065914466828083,16.511160481324698
25.833302804752975,2.042364830145642,19.591968295103474,16.79463255248174
11.310158217713052,7.237503444250802,19.435971380707713,16.711044531968692
3.874210292253963,-1.0525829043066341,18.949191649337155,16.7948619740327
9.604151033160687,7.520255618387623,18.742166699070374,16.528469725964186
4.484717224220077,-0.6683734998792836,18.432813348097078,16.2506422222014
5.486941030190405,-2.2553582720197607,18.066143189369622,16.14905686005595
3.8953279255103386,-1.4341370439142178,17.47909547875422,16.12244608383438
2.9134959545160086,-2.094795740623045,17.32655821823585,15.85661257537176
16.7260859442017,2.5722851718889004,16.86833222806882,16.448837784864846
6.363872510159853,1.719151662337362,16.60598128336971,16.581096468009214
2.695281234754688,5.570118762248406,16.626328308743954,16.195997793623214
8.872060813868723,-1.924130473419699,16.677791200955323,15.67821870191012
3.8438331675999446,6.744655821488702,16.544593043077843,15.663056977798883
6.320686217008543,-2.0383624674060314,16.662482831030907,14.971348363215409
6.506368256745217,7.848709890861736,16.29111875155756,15.116906472928903
1.85110548693625,9.077469290204135,16.20560947988836,15.132028414056508
4.03036732939592,14.355454410460519,16.287989122533535,14.93816593786094
7.256927855717343,14.723953891983198,16.226130860172475,14.692802574068029
2.8281183814780206,4.185160797877092,16.322022500632816,14.352833120457717
5.563993448424066,2.735590452174722,15.678469201130369,14.837875394667636
5.238530254543973,2.4188003345174787,15.368342041919083,14.990928856496387
7.207402060895523,-2.317594661613197,15.733404094090577,14.423838964050347
13.62705725276147,-1.497407907781903,15.71383564461016,14.207881226860145
6.754757554779989,4.810345874754195,15.326667605694087,14.310964353179079
5.543768226351715,-1.7222244519597734,15.415317087112006,13.842795789062967
2.512135238032023,2.2981155788446843,15.03030514425626,14.092758766804932
3.954573925081897,2.6076715980876815,14.438285322346854,14.390789749195074
2.7680543494925063,-0.3536251625571607,14.087318304345645,14.411369903928113
5.598303585634759,2.60903774687716,13.812311664937253,14.320326904008596
5.856311525623801,-1.425851977726655,13.73931140444087,13.972809583063864
3.24512661152806,-0.825532727054294,13.724791457735206,13.644986044202
6.370506419552335,6.363194674896226,13.508307082705024,13.491180022701403
2.2809500689928717,5.852868011242109,13.608833497217473,13.236267094229666
3.4147589993586944,-1.2231385441443265,13.454952192122253,13.014871626674836
2.243301586448733,2.4727504548602823,13.29686772160789,13.126091517668478
2.4684642188829997,3.7699903799404364,13.262649878304067,13.028256196896443
1.6652805391624295,4.433972230477235,13.212913624515782,12.942370205744913
2.994876587476572,5.501037214803334,13.025053876623364,12.867683861039271
5.764860973265062,-0.3636784777086186,12.785936071053015,12.77214001420223
7.496291119379518,0.8359456144620054,12.542990758903384,12.787828064920443
9.38261668302908,2.6302025496280708,12.360492499159523,12.789467062143574
6.911892295876215,2.2242315529727517,12.153317900951224,12.809313151990516
11.309701304459296,2.240260135121763,12.005423883494274,12.777255987692493
6.899116790662676,2.8359240904425125,11.851277576542145,12.756621381556911
10.432076646124916,3.2622248550558437,11.759644971417337,12.678940641863546
12.689425639492736,2.3554240020750274,11.477653898288857,12.568584659821926
5.8125873519365285,3.327342469994104,11.22374165049263,12.51766513248494
3.2206693518501144,-0.37825399253445013,11.175195564253453,12.454026505524897
1.423830400879071,3.1965223345597504,11.049098808541995,12.372045700878232
3.044104525678703,4.646531085324085,11.126758686528841,12.05285674302765
6.951754934372439,2.294205140990564,10.975627758717886,12.013022509575896
9.17267394067985,2.5174362449293195,10.876995627409066,11.928494125140553
2.080037222405638,4.117801965378889,10.700424192364487,11.959177780349838
2.940433995671966,-0.7518963999747754,10.763162907871235,11.710793843636496
3.005314358084587,0.6369388446960027,10.633402183045993,11.763858661612993
3.455649221773876,-0.4206030182577729,10.437933322452677,11.763339787164755
2.2593984190501386,5.73867037956402,10.733611608446006,11.326791801761331
5.010994302718536,5.15191224139041,10.788444300707285,11.110801963209033
7.9514498776177955,1.7787749145017813,10.425304014881231,11.304723716018986
8.47972445878315,1.8602501082527283,10.053025041000176,11.483908422741917
1.5494918171858947,3.4491108971029742,10.01542851382478,11.356980900976282
2.0588322771984604,0.18202085361154108,10.005970300111345,11.163009612547835
1.1362805104774578,3.8764790928398476,9.85160233541131,11.10548862727871
1.976120620494588,-0.643456065257185,9.8213481929738,10.908572908930978
5.624977332355853,1.1570172185700995,9.70318480549973,10.89740135940064
4.974374671473348,-0.055835000916738764,9.707260631155423,10.728846806155683
5.991622545143839,2.1184466646188653,9.603132401555367,10.562746430189819
10.016070079620782,0.05896417569628287,9.808795126422291,10.23694951905455
11.390362830497601,0.6788981946035824,9.585513750815934,10.259733544313594
9.282253382428019,1.6071050247426042,9.427033843871289,10.278190799642896
9.010292826758874,1.0303374063028325,9.350462720655377,10.190741567414044
10.199982157853569,1.3215451518653163,9.12473461916915,10.22365480791855
3.9685552281067906,0.612045189850094,9.099966018572406,10.119773944133104
1.7506412258536708,4.264534992223253,8.997296029499042,10.076391129114151
3.9004548916490664,3.3964473983725894,8.901208249984117,10.011049365925823
5.178800798530139,2.977696483271436,8.726137181543503,9.955443416632555
2.1477822844051095,3.5934336568880862,8.613358570630561,9.900124429239828
3.3610538477053122,2.5875179013754988,8.517813889323318,9.872332300633486
0.9485930401537166,2.9357767755734416,8.133316911043496,10.044050984468102
4.430817575363793,1.8257449888827706,8.029558644517653,9.977217623218007
1.7490591602234158,-0.4122879464728566,8.296262368792997,9.639626671590817
5.3237395906847595,1.4645575361164909,8.203321860526923,9.555274289793562
3.3741628988537746,1.500251309118874,8.190031703458242,9.483886743788796
2.79641379531298,-0.20875826094754668,8.232958284177025,9.286048098242516
2.0020010093437657,1.0261249405229025,8.167192507470137,9.298168718269592
3.239132576324721,-0.7025015430318522,8.16703705895476,9.181710584178552
3.5144564975551758,-0.37984409680911124,8.162572773179535,9.082579248418755
4.101006692631498,2.928007409233553,8.07539463726212,8.982409761744806
4.885272196872105,1.9593816608680044,8.118054942857796,8.77140617304005
2.9243300522875364,0.22706187921714083,8.051049103571724,8.77900762501393
4.765138994733878,1.601863659779033,8.079127060598527,8.679186808118349
3.2229100236850954,1.085991453474005,7.997167134796044,8.655458598095056
7.724998158002862,1.267129169873031,7.907615547901784,8.555378008877629
3.7096335623576353,2.4658312527957182,7.902848240583618,8.490859923273465
2.0473549975612597,0.17871839684603508,7.871752918315197,8.418797624903515
3.3967555328898174,0.5564903219757511,7.7380312378222875,8.432777591693345
2.7818763598045058,-0.028716424815068642,7.694791367370289,8.330192868652363
3.0034387153442745,0.9488241349062925,7.756291370114836,8.141298247593932
4.399394488445623,1.7300568569786812,7.718091079401838,8.080857124625354
2.773717692103799,2.0243855039480927,7.735227497644071,7.989771703677517
5.408808117047502,1.161765809918422,7.665269751532106,7.981603390478378
3.7496659800361676,2.527573741587682,7.534025964630364,7.960331003580466
6.9618305974378885,1.4391183701984929,7.453242549654163,7.941398962572492
8.183461965581824,1.7051125378844283,7.4340280796707745,7.894220280461518
9.49418541861024,3.1298507403949007,7.467569106389696,7.699731808216328
10.156910438524095,2.7581130304203754,7.3363597515905665,7.726662817148229
7.079053801317439,2.308795713298458,7.325053856467826,7.676525271463439
3.37966798164529,2.6061064657710604,7.400722460271989,7.554362026875662
3.7822377015937994,2.125981456265347,7.302113123638922,7.57257190820182
2.1600830105581785,3.4200789302401464,7.267099916039978,7.560987566421652
5.844316955759987,1.6756117707467735,7.137185419072905,7.547396049874586
3.6555958594152402,2.6132587170348867,7.121244444660155,7.521947701341411
4.7379158696763835,3.31201838819439,7.031823212694988,7.507907551393818
5.252530197762619,1.8125237622536239,6.918360354264185,7.530657960614936
3.207351022686263,1.6252258770062804,6.913853469554829,7.450268705013837
1.7471473733324392,0.2931820880586127,6.89408701202523,7.400349738690176
4.142919516326794,2.4548606550786594,6.8290955028744635,7.353397497979649
3.2678348356011493,1.0270154361962165,6.79279935531845,7.306081483607668
7.4030407130408475,1.624386131873118,6.736122385965276,7.221304252460111
2.399131241719024,0.28022244836206855,6.634576912827876,7.272406119713242
2.831833441635536,-0.09157994516400159,6.644972568467838,7.140210851292396
1.5707586291338433,0.6482460202506513,6.7795229470919445,6.962885782124516
2.41021392654227,0.058069427973944876,6.831900906992397,6.8447725506399495
1.895605537003266,0.401547107320515,6.7842143834418716,6.803959173523929
3.949666211884243,2.4636175592334983,6.741844678427752,6.745569914445798
4.2105931714755265,2.0456438303103956,6.64479121481241,6.731916461157555
2.2752896252112667,2.095999321474114,6.51294006936698,6.8418611755655885
5.359153905543435,2.3308776101056368,6.4437921128386115,6.792696364105024
2.7527450806152585,2.465486686154148,6.445846448092409,6.731908744592104
4.031665990260375,2.146249616556917,6.378142381413428,6.747848445633752
2.391293970082642,2.044972910016515,6.351878139068861,6.743713841045805
1.8825739227397693,0.08570502138749436,6.544491375532982,6.538115327195733
1.2184856362343366,2.207614601299724,6.636516170815357,6.414802093132909
1.6785198317060739,1.0353435154880466,6.538548406596807,6.49856754126272
3.1092034235597663,-0.821786578671686,6.551502619801387,6.311962976630233
2.203175253539221,2.819726989369975,6.540469636324931,6.321293134617098
3.2495240355672883,3.3359974867650055,6.473172999957241,6.301452603671259
1.8563296146325126,0.4602315114948117,6.443172568611242,6.219035345408006
1.9877642203863366,-0.7218037748708639,6.379700395922193,6.190341452316159
2.3181130453868377,1.735309939130941,6.312846144649001,6.224809013710965
4.035573655278656,3.104243044479936,6.431884010528695,6.053691031547602
6.153770513825463,2.319081540054145,6.324104516616577,6.051208622044328
8.366843711552491,2.6849666846489284,6.185207563609106,6.098938231481413
4.929349556124842,2.307319311131224,6.095998673325905,6.080433289501433
3.552210358177879,2.005017796835623,5.973955145841902,6.109771933417049
2.7744769050037914,2.9106664526007693,6.007086775186761,6.011101808515486
5.000643979222957,2.056693442162081,6.0970600595803965,5.826419732379542
5.949429678006079,1.9973468989637468,6.077081085574468,5.757353576420178
7.013367850931982,2.731018161440389,5.999077235933848,5.780827412347756
8.156418425015215,1.7318559886447007,5.939004281144064,5.738625914010507
6.894240106985146,1.3850282647186285,5.888860042363948,5.696709683336865
8.866808855662983,2.3700775733382318,5.775039057598505,5.733491144121111
10.65921490882804,1.7727524657357123,5.633718566902827,5.840722954388959
11.265228383472703,1.814979594275786,5.505846707810428,5.936961212341632
9.56631194564588,1.6571548203112965,5.480454841078044,5.892271313703661
9.43757038487913,1.4464851540091748,5.379800577661674,5.95547326135804
5.653322210277921,1.6911546699394693,5.2749173083340315,6.001486295906524
7.628209716730705,2.595185400792371,5.229899857508804,5.9683146351463305
7.494381166936552,2.778112359283938,5.145049038460665,5.9549686367996415
6.019002030284965,3.8709059532429504,5.1261273264171425,5.865626144420463
6.927140666326341,3.722445882256845,5.039855211362361,5.81654525498708
7.9784738225976195,2.952361106806468,4.987479132253647,5.818997130812453
8.418606253669896,3.0530846886783904,4.957487933548537,5.787604699756495
7.167796550236398,2.892574386588615,4.922790821795829,5.770449768120086
5.539643320612525,4.721153645100248,4.982059142037985,5.646859720524051
1.9876200921627705,2.0915691415423288,5.059393170561423,5.552343067924788
2.469635441862647,1.384531394834482,5.097775711497032,5.462798700837436
2.816390969300861,1.5440810163094802,5.0693983373266445,5.476266298240461
4.470873927218392,1.985560731535799,5.081283525120224,5.423519643694983
2.4081378054137565,2.156650729770119,5.071555232516773,5.412155690123361
2.1091523421384766,2.1488927465705023,5.0092220563934955,5.427671656522595
1.972454549414285,1.9800858278004636,4.953962637950098,5.4366304901708915
3.5352154172021266,1.5754407177465666,4.936598574823566,5.427984480686803
3.05204827972143,2.2512222105738764,4.923877363374476,5.3818288102461596
2.0107259845211995,2.6675736676552693,4.897213171473691,5.360398504660776
2.4211510698943126,2.832757224483517,4.88384307434295,5.353023420450475
2.935687781303001,2.0289837329867018,4.8217786137058996,5.3488887998102275
2.7922963295400525,1.6977085699507044,4.788333106051649,5.370982303521928
2.647680253492311,1.3682961919616572,4.757718404767527,5.39011335274081
2.501971521144944,1.0406161234426539,4.729674315313379,5.406550381481052
2.81695312763145,2.189890456604735,4.737857437691835,5.341513888887028
2.5884126876634315,2.2805288210569263,4.718961097083198,5.318896233497537
3.469205311548338,2.2854790378318124,4.695440683531668,5.308995799947765
2.412817628936784,0.7725280847911349,4.761026853063452,5.185375866504006
3.2179035335216843,1.6574200863344584,4.716861253621479,5.13819869411797
4.953916960402928,1.542340284049037,4.658405671563709,5.058033637624748
4.831137205374085,1.4189712239510173,4.598000313846422,4.998806890045812
6.2704296767249925,1.6016852396293033,4.590274838663233,4.935574592112254
5.46578858084913,1.9157459922198563,4.549680937457183,4.907408029824885
4.1404821512171655,2.097591002829453,4.520023673957701,4.841525800023848
2.6009793154258736,1.6815224010935843,4.503540315290081,4.789237566281242
1.6506839298565028,1.704351962816324,4.501897409833584,4.743578442835763
1.8769312696340323,1.5797216420894098,4.486159554473783,4.7016678681594195
1.1003590187017025,2.313336134510338,4.447821365316689,4.681241329700975
2.48323143618126,1.9737704214302956,4.41338386801031,4.6416076670050765
2.15914714781222,1.4028069679276358,4.348617603666504,4.642838828279378
2.7972921797797237,2.132160292231056,4.3465366124039475,4.599920038197482
4.299410646215113,1.2937230102730886,4.3006737066853065,4.5862951580264815
4.804581266212553,2.0774613530933594,4.2698718258429,4.558094608196971
3.2855688755431594,1.3879407925954403,4.249796104059193,4.547090045955311
3.8488742939933265,1.693615986647532,4.23129615419461,4.489795101369004
3.019484454423429,1.918046029374736,4.2421766000362915,4.452909824239125
2.208769824220278,2.1310932746654303,4.220560571516966,4.437576655889143
3.0920558937880056,2.4974007889672363,4.226381257791321,4.386651175520074
1.973870025862523,1.2534309597938562,4.157001593783845,4.433206998722603
1.572814369681987,0.9176100594372478,4.1475445534909925,4.428541838890881
2.0467345052789003,2.215756799783762,4.144972756903176,4.397977074985595
2.71852836920319,2.0328178994303294,4.14658395380947,4.360295198265999
2.6627708122223823,1.9170210676509214,4.124143036048461,4.323976798379569
1.418797096899191,0.5810335525112884,4.084483379423857,4.335312789426218
3.2149668196520356,1.5836995859975351,4.07181757308893,4.318688299770814
2.4288379775528757,1.7826688299695106,4.058639438284125,4.317108766577645
3.160415300035176,1.9202702474283226,4.046229082556593,4.305677620612215
5.8760051629501096,1.9188430813052255,4.0069685153302,4.308531952858409
6.349619855957542,1.9163657979721211,3.976257763327687,4.313486519524618
6.820735119963154,1.914979079419782,3.947668259109579,4.316259956629296
8.389193526182513,1.8513927335874798,3.9333490959911916,4.313324412905554
9.75557799337136,1.7923485261053091,3.9271026745334012,4.301578422492757
10.607570352104434,1.8596100246462552,3.9072936679737382,4.296607403172902
11.394155435302658,1.348074256719444,3.88403053775748,4.286407581573066
11.345415197777621,1.6723995573507704,3.8528817102104016,4.280903493296171
11.552862359646234,1.935264196195103,3.822127666380262,4.267361255483623
12.38632802546943,1.3671039524432533,3.8106849617046903,4.2575742320075225
9.80143006841932,3.5304748523656198,3.7730518085513425,4.249188244031602
7.5356663913514055,1.903490246952345,3.758540653394399,4.2199074203689255
10.626518552638839,2.141516873852385,3.73086012333446,4.246223455753737
9.157859586379093,2.3666471701593688,3.654790749750564,4.2981940808236665
7.468625898020456,1.7570754781589257,3.6544416950424545,4.265923971704039
6.28524643607204,2.1505897558285354,3.653093767219435,4.226718632697403
6.597896538088496,1.6044246707308418,3.647840091965224,4.202965051091131
6.909169058580523,1.9892945374382238,3.643082219996424,4.1745699204946725
4.518157166522135,1.3839145809893987,3.6264881816735217,4.154915007125739
6.661997939762614,1.7619174957516779,3.625295924553157,4.133735912920139
6.967851132566649,2.1390083677735534,3.624208911925362,4.1122974164527175
7.5830239375275355,1.5935414334107265,3.6116044426290728,4.1072642586154355
5.589098696686713,1.2244435150648507,3.5901424605058296,4.116494192797208
4.561350362737617,0.5514958772910181,3.7049420038296943,4.006866624914129
1.8871622953490532,1.902040139325373,3.710726643465841,3.97707384841591
1.0529724565392893,1.9756801684765866,3.6844125073359817,3.950843348238439
1.5168493530681642,-0.14321071266705165,3.718434290373322,3.860635018097811
1.7452721854234565,-0.2867101344101157,3.7389893059555313,3.7895833513643438
0.9763812207665272,-0.448955969404609,3.7354973449642497,3.7583964312829132
1.1570517921427488,0.6236780496088177,3.7281980146362947,3.737379267802989
2.2710827412614956,2.2335111955544504,3.73393047151246,3.6920523226521853
2.694244967968261,1.4694648037463205,3.706215040331366,3.699871207836777
1.7175146753961008,2.585955238907408,3.676944055841979,3.682884444752276
1.3633726375857103,0.5307915959840155,3.689811321895276,3.620710873194158
1.6593191009274706,0.5404448262426123,3.673543635432828,3.6014044126769647
2.173825291889998,0.45028231987389655,3.6756135790132136,3.5526000197465204
3.8380152009489894,0.45843132201332404,3.6481881743400955,3.5363020154676654
2.4345328275733866,1.3125994317442564,3.6266992273757395,3.5250380122351377
1.164946606757884,1.5297856499499842,3.575544081838969,3.54115733011373
2.398652189788052,-0.18163659542964306,3.5737545558795745,3.4897167825489315
0.8414884940756706,0.22262206002444174,3.573535522076238,3.459836077947787
1.3619708076273453,1.4797798525905361,3.5293941482043456,3.4929576955182116
2.7630907814921666,0.7596800647974682,3.491850346825193,3.4955152750020924
1.6871137265765135,1.9136529686032913,3.44305945459608,3.4983517195538854
1.0465224674545903,1.583369280216798,3.412489635265952,3.5030429275398847
1.6020568626554577,0.9260986872370902,3.390457749742015,3.5107398276459434
1.0619700811919028,2.7374819878258583,3.3838698133837126,3.4742861741102664
1.724221343514975,1.6543439007761296,3.3553686082266743,3.4805601490612155
0.9739601544219405,1.8246194003160088,3.3488202738964548,3.4629528740920903
1.5230717221979968,1.342260533149939,3.3232796744893607,3.4622563258937125
0.8872746302120091,0.012187293331372251,3.312635082755991,3.4510720228113785
1.2219070089283184,0.5477385721090864,3.282427293393704,3.445064412039836
1.6999165999680856,0.18448972040137956,3.279841213137097,3.4300030362596394
1.78369157165025,1.162278045835106,3.2179514929398625,3.4819706255669765
2.215474387664245,1.0509828371153447,3.1983066785700647,3.4935808385919507
1.0487930947958901,-0.30176814594055257,3.213784350995887,3.4597642707908784
3.208334047414821,1.0217080484696068,3.2028760431323455,3.4397470023207566
-0.25602001011681397,2.3495944425402127,3.1239463974847927,3.5033560317688197
1.833619295283045,0.5344708345947724,3.1176358164157443,3.4822562216453643
2.8748747913417803,1.32446417427686,3.1130377569134824,3.4607042417425964
3.805403361582767,1.1797320658940817,3.1147519201931297,3.4397065745478823
5.048327724990459,1.0342595476878043,3.1054176025372,3.4210873098155052
3.880792887382991,1.298621989056403,3.0772477382017707,3.4061101530675173
4.954561535941682,1.4182533041139567,3.0731233608027013,3.370982086735107
5.617625533964663,1.6328340129838321,3.065908679580736,3.3476401504796636
4.310903284235872,1.841065662364625,3.053966667718861,3.3350824688441487
2.8034023927260217,1.2468807986659316,3.0512505804148926,3.3163650481120683
2.614226509882295,1.3529684459256794,3.028579622940437,3.304701115173527
2.016319404622383,1.6047347266660839,3.0278377863674986,3.299733573314702
1.419030249454726,1.8561917876850027,3.026930596743484,3.2949384095932515
1.9708724172286232,0.9608460516344803,3.018127123519994,3.2940066524363436
1.7245035089983025,-0.06786472273564637,3.0139652242776123,3.2644493952238998
2.8317296922808426,0.26235433446275014,2.974278798104079,3.2959822618607806
2.6892754297479198,1.198322205186332,2.9630520060180414,3.299570195708876
3.3274440574076136,1.363023848155385,2.968363555310822,3.2659320185274248
1.9984292935169643,1.2745821056370004,2.976345243050945,3.246515663561144
1.0540832925097445,0.4217669245355111,3.0035176230917418,3.18860112073646
2.276303228528369,0.917339324166522,2.9966475081411748,3.172484224309111
3.4491861229430163,1.2686767848975753,2.9822852684214096,3.1498020046706174
3.5519918746678223,2.594460621392469,2.9697923544946105,3.1053352902388105
1.74096986010643,1.2565268169575505,2.9565531473259967,3.102573146051828
1.6908253713753785,1.7448050682847918,2.9614297404249474,3.0801404870288667
3.17577989103163,1.3149483294899231,2.940806342319256,3.083609746203723
4.885370010591783,0.7721964697409649,2.9368032060269056,3.0307210980923207
6.443236110986611,0.34787327758188713,2.9222080886681527,3.0336028232929575
7.573133478035567,1.7160248486263627,2.913330068326253,3.017157376992522
6.463326294192566,1.3924655882070125,2.8915862415218436,3.0105464244381857
7.352650819573276,1.6372968465709095,2.8788399620760434,2.985595163319765
7.407555326579494,0.8510236111241285,2.8613804315458804,2.9882004150146737
7.838905306002103,0.8955324049031321,2.827706210695313,2.991296798344961
8.308105863337996,1.1692054051114045,2.8055929857096062,2.9937235317400623
9.91403534121912,1.170023945532805,2.7897871925405417,2.9920864508972613
9.375798083463808,0.6740823488412031,2.7737913824081493,2.982538512441032
9.705475088307976,0.8085618978213436,2.748889104648842,2.985487299593193
10.70769625748913,1.0896993887224213,2.730737044539982,2.9649278482237955
10.26160956693354,0.918574687912959,2.7261448978416087,2.948471038718898
7.68484176756975,3.2320046064753174,2.697561332513308,2.9676490728166955
8.271331835198728,3.538949493352401,2.6840584914714256,2.9780932267173386
6.0272871960090635,0.5991808239678109,2.7152637158123105,2.974543614155772
5.792896215855897,1.1097258730732298,2.73614565710723,2.938833557770046
4.927354948547196,-0.7867271520378469,2.7694736944006557,2.8894531140484623
4.122545418922052,0.7407905648455142,2.775077653056535,2.86422398140451
3.060121061254331,1.667182147180849,2.7686033530566814,2.876348455152225
1.8086664064926659,2.0868318321507715,2.7825134088084464,2.837084559638955
1.9965639354701665,1.8262598230585336,2.760704601337219,2.827249202097769
1.4313598509362266,1.73979207907009,2.7471425074269527,2.8241892650010954
1.0525147794343597,0.760626962039225,2.7152139534172504,2.85234046191887
2.191920840502913,0.45604829667600244,2.7158575468236292,2.847798176922069
0.27905235679589246,0.5323589700888895,2.686734008965614,2.8703977621541155
0.8786499034670794,0.67843277332822,2.7125660240696168,2.840755964628249
1.2280224224078387,2.115158390168295,2.7134055018165375,2.853090857915412
2.462791715035215,0.850477819289488,2.6981917857134943,2.8404726709087553
3.5571501311854394,1.5540411215539707,2.689871631390101,2.828799940285106
1.3023533919382597,0.7695716794066019,2.680596013182808,2.83351490649081
1.517002818856099,2.03606152293537,2.685437379457919,2.8185484960758544
1.7304390541629622,2.2176610624167847,2.6919179370085766,2.802031839644531
2.0347734612254493,1.1457531178212417,2.688850969735979,2.7829839900771294
2.4652787553929105,1.239236257530893,2.6895147959728924,2.7683525935721933
1.6897531589044614,1.3295929528336612,2.6934943245863967,2.7595360545625898
2.158359113612419,1.1699176720261246,2.7008845315653898,2.7353949374886057
2.8483804972136113,0.9130436516895439,2.6906060690586115,2.7354813639009143
1.4292321374132537,0.7553600419886808,2.7090704364767784,2.709050722432029
1.557959992610641,1.8258901678136519,2.7075889540615234,2.7011090372780875
1.0496105109678033,2.0471319702490223,2.702171944888446,2.6845070875984938
1.5079659692851104,0.9215924353291824,2.718585275566471,2.6451902776707863
0.9965166526965676,1.0591226550405708,2.7278807563789416,2.623530626339164
1.8875181824950984,1.5295528484378562,2.7155516748967305,2.6096423233190382
1.92845046622292,1.2458792557819065,2.7175442837615815,2.589989274387477
0.6881435321653937,0.896314246688936,2.6908430230762805,2.6205019248933232
1.2014782410183074,0.723395694140125,2.66787032995045,2.631773455130946
0.696513031705251,0.2780593039277719,2.6762990694276048,2.604403029669107
1.2034710703451827,0.4447540824422289,2.6602878250606214,2.6036484169444867
0.8727440329865732,0.2076151442091232,2.658578427376692,2.5805536891098373
1.9993556177343421,2.3020312537085443,2.6329559720281304,2.5994117079441703
3.332023416973645,0.8920374947254917,2.604390539836298,2.6178309242305784
4.703460274973917,0.773541353746481,2.575424943908789,2.6081042861819603
5.646762299114223,0.7735537761504787,2.566310343930333,2.608079441373965
4.862528620271623,0.016935395751757065,2.5865476994915952,2.573086200047469
7.388278481564228,2.1937786640851122,2.5727964742742193,2.6071160965720988
7.845792436757202,2.525674031558617,2.555071329613175,2.5959091912431997
8.860569872908252,4.557418799402367,2.553445610656122,2.5882779622457934
10.648511872677378,2.3702574505439102,2.540310262594115,2.590136405878225
12.106933038684152,1.5702606966335595,2.532033324019729,2.5742602506771703
12.19276680140548,1.209589172106869,2.5211925678563656,2.571882837973728
11.400401662024713,1.0954218953911399,2.5018244712517443,2.559602635100263
12.820876159995212,2.662697375279874,2.5302992199295447,2.533594065326496
12.015283405310626,3.075413046115915,2.5465577947222604,2.505626190942643
10.07907197555049,1.4353283983945144,2.5204769671915437,2.5237821972203287
9.248412758675453,2.7472606491748035,2.513615294365459,2.5213435774222823
8.694227053581843,3.154994250169336,2.511917358947286,2.4987830508656397
10.084081581229254,1.5419658215896552,2.4940093071082536,2.4895873039767924
8.32349068421719,1.189316818149174,2.4835088109269816,2.488548852816674
10.394301395530892,0.1498873061793442,2.4917932517890273,2.4533048896956697
11.420597475060653,0.8427178524112249,2.463950354219926,2.469393285956047
9.140807729326328,0.483228399797643,2.4397939325808258,2.489158238336266
9.746853585467488,0.38081094302626517,2.469627353281333,2.461132189444742
9.98604540495086,1.4305390756225487,2.4571420809156925,2.458218573957141
10.645302997566494,0.7342974362886889,2.4545502127214545,2.457371281644471
8.794392095640804,1.085316687154797,2.4434236384909473,2.451510600802608
7.06949264233978,1.1997078399168504,2.424372692885662,2.4539849520923234
6.382046872547162,1.1248325288906966,2.4164290644289905,2.4500872221399748
5.385097538573804,3.394171344653912,2.4177503011284536,2.43302760767462
5.0019441128346775,3.824408426760721,2.420156066874307,2.4128446377666406
4.206100422428127,4.512007278372791,2.4135287112656902,2.4076309943325422
4.8902723491706785,3.9052951234907116,2.411812550186328,2.4062751330693786
4.061428441943372,5.270820070257564,2.400241915345871,2.4067390656548784
3.727022457268892,5.463083842808401,2.3877496492663153,2.4007138735690456
4.331360036967423,4.747661970809057,2.3856153743887276,2.3987903172008553
3.729260100673617,5.312804180434858,2.384296845322304,2.3986793994999127
3.9934297374741687,5.953466886177853,2.383214199611842,2.3978343700340545
3.354312923541709,5.313816555206431,2.3814835647965027,2.3971707692966384
3.806258012436285,5.840872236543493,2.3806449580771263,2.3966195728705832
4.070808705708539,6.480601796838179,2.3781704215564043,2.3961113737675537
3.512459965636839,6.593754058409726,2.3670867911652946,2.3953630727313624
3.2176499917623285,6.221183290413618,2.3567156991517857,2.3905158090204135
3.4455280191607973,6.185500582876585,2.3495141098167016,2.3871221465175045
4.268479662867043,6.522388324566098,2.344637223716148,2.3846756454933633
2.044381333918529,4.695118490314485,2.3242318359778413,2.389856976727732
2.2757279870268947,4.657610470893767,2.306953453997412,2.390637194863117
1.7672294428466422,4.506840711489611,2.288302350126749,2.39627723017681
1.2605618689671143,3.5443814643931346,2.268885391875589,2.403227527493647
2.11571853757219,2.00232301861271,2.250658523844484,2.3974473883797156
2.0453950676664814,1.3871570550228622,2.2449266787605673,2.3835596439490714
1.932784428756375,0.7042483813701594,2.2515038345453857,2.364630885030314
2.4428130035175224,1.146095831089977,2.249100767038574,2.353210913032522
1.5324345691681773,1.590996977169802,2.258039807918676,2.333081178225794
1.0266927082490884,0.9435903179568461,2.2573416821985743,2.3265178355053466
1.166946441044817,0.34197640857404465,2.2655730526102564,2.302605601257607
2.821195353365952,1.6086310745985946,2.266279824305432,2.287169331639172
2.8307183493221806,1.1111166186668382,2.2472338323929746,2.278290834448554
3.0134689785562347,1.509301695973877,2.238071001103861,2.2658652196282674
1.7747723508023452,1.0890466337842815,2.2329915429030707,2.2552418421645197
1.8870901513704637,1.4476680196582399,2.2203978124859067,2.2448053061468474
2.8785327614169,0.8535672315534195,2.2064137005476447,2.23760263811976
1.5836374468993146,1.210342583937307,2.2067934293895237,2.22389271718801
1.6594772437000966,1.5619879594872728,2.1946627459513697,2.2183465169051275
0.9274934145286178,0.8372896991609977,2.199215272554005,2.2083279058173546
1.763399104007266,1.2262169958200562,2.193246094534592,2.193984321262435
1.6641912096502678,1.575491165932579,2.184391155676796,2.186338406276698
1.6705994585125492,0.8901169538075726,2.1715746579522333,2.1804791286335043
1.5386474746500145,1.2697544155659868,2.1613336487183332,2.1751028917538413
1.1650646487697691,1.649448004289906,2.1573065157671785,2.1669084990176484
1.9190813058267755,1.24484953788376,2.1474255117562833,2.1589314445009666
2.024981007443678,1.6241601364709948,2.139075861915805,2.1462926764353654
1.9626743599917622,0.9877200620283879,2.1287169672398574,2.1369370243126746
1.900877833169823,1.3605005152371568,2.117958776426675,2.1303079624089682
2.2054318275456315,1.7674875502273495,2.1109666973561394,2.1191551053366906
1.37409052125984,1.6375818647655613,2.10824780545304,2.1125022355443175
1.4794312514964219,1.275031473764702,2.0969718334027085,2.1064495599956494
1.8168952782123233,1.1129815402007872,2.0839994842452323,2.0995715749863155
2.1840567392238754,0.7535119987807,2.0743884040034706,2.093798816045147
1.2666397972580066,1.379902573510967,2.071286448651041,2.0881884146702983
0.646030624911452,0.4684282679796006,2.0679400801817556,2.0770416589673966
1.3301200391705654,0.8981315108059826,2.070541788052239,2.0662136006028815
0.8719478605347089,0.7086783010087676,2.074845711995853,2.054245548770983
1.5873571288947372,1.136798222256405,2.074574027332488,2.0433288461273893
2.3387658111233076,0.7172849108299864,2.0632698044477835,2.0393263020045023
1.5303884687114606,1.6292828239153687,2.0648360486880977,2.0243415292871223
0.9521994442981057,0.6703944624378078,2.0620913554239095,2.0102470154240812
1.3348097161253525,0.7397215029578186,2.0664309756459844,1.999852961696821
0.7301439567625068,0.8397272127616997,2.0591198834621403,1.9919430069695117
1.3005984771073307,0.9747968361661711,2.066504158815634,1.9769800526146002
0.759036549299974,1.1074299867899429,2.0671867622158464,1.966405810711645
1.3311587504974705,0.19449272624844216,2.0662337058397724,1.9503109409863884
0.8584096812860034,0.29407584203623793,2.063040565221948,1.9408829652189485
1.2723583275153694,0.17144252138707905,2.054748772396269,1.9339632989378652
0.8050761898868162,0.1743330696619403,2.047205604050582,1.9281822023881428
1.2160044201198934,0.052583309533045464,2.0391168657740346,1.9212916542798992
0.8161241396651513,0.4861683534253658,2.0281748410906846,1.9271858894413878
1.1607157497855465,0.5829848579229487,2.024116384611071,1.9204050887447248
0.6681129426618033,1.0459571319560332,2.0155127125374888,1.9261567466045575
1.0101874536965565,0.18207548230388027,2.014128708992878,1.9159727260273118
0.4225546597015861,0.24946365847405794,2.013550127627126,1.9049694441454506
0.9487408020038071,0.4083104350428659,2.0101296361475054,1.8957911242798406
1.844104334284612,0.7197738230539328,2.0030178213786365,1.8879040895655486
1.3550014108108037,1.0274107486350927,2.00094116635485,1.8853068021353554
0.8664954409301416,1.3346663793971643,1.998849393199712,1.882735361184001
1.7888283612549374,1.2434552953280449,1.9877979854135046,1.881796086035901
2.0376440910409186,1.1542883107785709,1.977628709583158,1.8773317362317434
1.3715625581413073,1.0064184720595424,1.9743279422283466,1.8695569061347928
1.4061156391226461,1.885523245154014,1.9657497782133193,1.8666593004277159
1.5875923670223115,1.6193784143904604,1.964883453668408,1.855818265073194
1.7717991171090623,1.3498991495500237,1.957444365690311,1.85331517646096
2.0157995197324197,1.0193034398635166,1.9494944402746717,1.8544366360662465
1.9268006807240399,1.5624785826599261,1.9477928677936536,1.8462818534600938
2.078137178309016,1.2664719588918583,1.943839180760845,1.8408564847219435
2.650857589593868,0.43459378904321355,1.9307221713461211,1.8359250997697882
1.341601434131863,0.5600571847120726,1.939480821109219,1.8222486412648804
0.9266722879324886,0.41477679555706115,1.9400821291914327,1.8166462108904264
1.48742375452118,0.2725034995606721,1.9424879418073757,1.8054273434639083
1.6989828100551023,1.0112639075942318,1.9324567737894767,1.8032170382894515
0.9952340947854015,0.9828506300444206,1.9282572450398123,1.8012228867520297
1.3214358504411068,1.0999795400481784,1.9218117068705314,1.801858875159834
1.7062228258300034,1.1597986354828782,1.914465125799337,1.799486433476065
1.3307755397739525,1.0144338355389038,1.9051142552335238,1.7978139400263544
0.9835828645732115,0.40525970922444954,1.8998070983605284,1.7917003049249274
1.12838649452896,0.9922797865330316,1.9008385502586806,1.7802149975463586
0.6581365958607108,-0.07203731238243027,1.9139532945832012,1.7642712602870843
1.0098374773810845,0.9676483460765922,1.9055051842872845,1.7697609016035314
1.2460146874153963,1.0814491936829926,1.8960974509304158,1.773632549746608
1.5647914894295996,1.8942277705885577,1.8941566058236523,1.7659987822814773
0.960504450021203,1.0895783355816409,1.8924711108986538,1.7616182206395892
1.3056412366103318,1.150099222659974,1.892623406297545,1.755647424579115
1.9687629866874365,1.153091693078806,1.887567972040923,1.7496624837414507
2.088546169686535,1.7843336643487988,1.877077310718049,1.7470949169157413
0.8919982666916483,0.2463713528042818,1.8734682856697933,1.7415419000987373
0.7527592784446263,0.7593573687642895,1.8673471818845762,1.740126557184061
1.040757599289552,0.8421903077617513,1.8593683161867751,1.7448660119867523
1.328422332117197,0.9250498244377591,1.8515631968263078,1.7494042825231835
1.6157501753571109,1.007934675226295,1.8439319484511287,1.7537419123775062
2.6385802983632014,1.1773822871689292,1.837737595552901,1.754757670677897
2.924070484272847,1.402899804146815,1.8324667785522544,1.7562902805770413
3.60610896339434,1.5151634633539492,1.8246940473541478,1.7578136666702529
4.285023546564573,1.6292157705401658,1.8208245560852787,1.7553689981430862
3.612650621872766,0.7546341302799575,1.8139947975911759,1.7587471184881176
3.953131094120449,0.8945618312443991,1.8081774983952186,1.7602015687673214
4.208676507954938,1.0342234294011825,1.8028297564642595,1.7618467534193203
4.463902143953365,1.173805295489038,1.7975998782683436,1.7633615733552415
4.71880811425704,1.3133051518816072,1.7924853032465,1.7647492858953835
4.973897669655303,1.4529208561614944,1.786477342200134,1.7656129605301423
5.228560215412891,1.592403893428688,1.7805959491285563,1.766337829575532
5.536696371203279,1.8171944270201765,1.7787518699410563,1.763613658678573
4.675195405539832,0.7839910142937597,1.7724139476862693,1.765969691146822
5.2626954308889955,0.8119226502324538,1.7675875285946465,1.765828973155467
5.569486452876887,1.035991644421168,1.7660933636082117,1.7628458058611998
5.100668013850776,1.9255384244341693,1.758974973468648,1.7621151036079694
5.547503467555275,1.0643939608015724,1.7525077768068984,1.7654468413003714
5.937976362141638,1.2295383151334665,1.7471727178856096,1.767562731315771
6.245825098295107,1.4520759200456457,1.7403244943068448,1.765286975111902
6.496256137490989,1.6175610935117126,1.7363175852760158,1.7655534077537243
6.829539811949754,0.7067836452087343,1.7315153670072967,1.7672541950754501
6.281845270472683,0.9548934890437657,1.724944157307129,1.7669166390998265
5.569742431188584,1.1195934602177564,1.7194373787971131,1.7674503406929711
6.009660475824019,1.2854138828954433,1.7181663487390773,1.765271392542409
5.875033533485947,1.4505247302500415,1.713140066667754,1.7641858979301706
5.3558437794586595,1.6429349265689361,1.7110878639145826,1.7626824513794457
