693.5,227.5,206,149
692.3352584917805,226.71082904980932,207.329483016439,149.57834190038136
691.9585661420074,226.46751948339437,208.08286771598523,150.06496103321126
691.6244403232193,226.42954397525602,208.75111935356134,150.14091204948798
691.2602127491398,225.93054941163572,209.47957450172055,151.13890117672855
691.3810380347555,228.23670757403684,209.2379239304889,152.18700609444255
691.6407086410164,233.62812276558452,208.71858271796705,152.752128018402
692.0337707888083,236.3933788046532,207.93245842238338,152.89698481101178
692.5549630227763,247.6530538327978,206.8900739544473,153.04085542486374
692.9335555534976,250.2784453637808,206.13288889300472,153.44239472222623
690.4510632778263,256.1158604779499,205.4504898646229,153.06233165333714
690.7455839607179,256.3426209140272,204.86144849883954,152.60881078118257
691.1103869510583,256.7111849947013,204.1318425181587,151.87168261983433
691.3990837163774,257.20811899288105,203.55444898752054,150.8778146234748
691.6334855424935,257.7438995523645,203.0856453352883,149.806253504508
692.1193972098353,258.30375829495256,202.11382200060484,148.68653601933187
689.5848829059222,258.7656644492747,201.67447659646425,147.76272371068745
690.2237013008175,259.302282001692,200.39683980667354,146.68948860585294
687.8921485999209,259.85545406640574,199.61040268954994,145.5831444764255
688.3529664912513,260.26411743039637,198.6887669068893,144.7658177484442
688.8268157965307,260.6013519585399,197.74106829633055,144.09134869215708
689.4485910186414,261.01855119448686,196.4975178521091,143.2569502202632
687.3599884426283,261.4527909868479,195.34070737315977,142.38847063554113
687.9910499473452,262.1458838467864,194.0785843637259,141.00228491566415
688.4630015845344,262.71323122294064,193.13468108934754,139.86759016335566
688.9392287544279,263.11623202642,192.1822267495607,139.06158855639688
689.349120580916,260.9653075810117,191.36244309658443,138.16379575760877
689.9229255131047,261.48959631116225,190.21483323220707,137.11521829730776
690.4974600614663,261.97267778528663,189.06576413548382,136.14905534905895
691.0969234205669,259.8729697092233,187.86683741728257,135.2439557144175
691.6669954662123,260.2595235458356,186.72669332599173,134.47084804119294
692.3365498361358,260.602002555862,185.38758458614475,133.78589002114012
693.1149495148219,258.47100859707956,183.83078522877264,133.0379733542802
693.7357997594352,258.7240119405263,182.589084739546,132.53196666738677
694.549606017953,259.2166359990941,180.9614722225103,131.54671855025114
695.0968195172411,259.67037816699747,179.86704522393407,130.6392342144444
698.1595266952951,260.038456782372,178.6161059387624,129.90307698369526
701.1849770653444,260.5788372671036,177.40861069817527,128.82231601423206
704.0453393242451,258.64359270597777,176.4952219956523,127.88546932120516
704.7597270281229,256.76123914414865,175.06644658789682,126.87208566903803
705.1631962850284,257.2160516975482,174.25950807408577,125.96246056223885
705.4982076430972,257.709915836258,173.58948535794826,124.97473228481925
706.2522424061025,258.18331833352767,172.0814158319376,124.02792729027996
706.9570589307879,258.6279417031924,170.67178278256694,123.13868055095054
705.3652091245057,256.90555937739435,169.24370855948297,121.97167136689836
705.7843667173279,255.0514443637438,168.40539337383854,121.10896272174438
704.1320250975184,253.31744484400434,167.1660306495122,120.0329157972782
704.5532618093764,251.5005517116264,166.32355722579624,119.15913642361232
702.8285801518809,249.6869682665295,165.2924949377383,118.30587771075724
703.0665538243137,245.6126954942158,164.8165475928728,117.55289242735208
703.6961854276763,246.03233178634042,163.55728438614787,116.71361984310282
704.0376513753502,246.64230589492104,162.87435249080002,115.4936716259416
704.2158788104792,251.45332080237415,162.51789762054182,114.60733051018222
704.6229943828209,253.83520000694318,161.70366647585834,114.19141327208612
702.8336740782852,256.2842264267341,160.95363923427715,113.62202828315714
703.3477599664661,256.6325102063203,159.92546745791537,112.9254607239847
701.4512055582484,244.03254703966365,159.43767793319068,112.43999701033725
701.797216114344,244.36947982239656,158.74565682099953,111.76613144487143
702.2273003189025,244.6796117676405,157.88548841188253,111.14586755438361
702.6711664327213,244.88629926645473,156.99775618424502,110.7324925567551
702.9942125564318,245.25545029555528,156.35166393682408,109.99419049855402
703.4314422106859,245.55762201648295,155.47720462831575,109.38984705669866
703.7328635989935,245.71550153625924,154.8743618517006,109.07408801714612
704.1512656825901,245.9045880399094,154.03755768450753,108.69591500984578
706.1865083869578,246.10781833864877,154.08917514249882,108.28945441236705
708.2593191139038,246.4346170860113,154.05973310806473,107.63585691764202
710.4291151860812,246.6038126161504,153.8250878656604,107.29746585736375
712.8406925527563,246.73275240996145,153.09774706548149,107.03958626974169
715.1265359215747,246.91943875826598,152.6066270197939,106.6662135731326
717.4787424670094,247.03773546952516,151.96919529079275,106.42962015061428
719.9276502415961,247.3377657976736,151.1248228509397,105.82955949431738
722.2025532139273,237.56788631786068,150.60579438239884,105.21543107333372
722.7401368831447,237.75101401047397,149.53062704396416,104.84917568810715
725.1222850027136,237.64124574733452,148.7568327656994,105.06871221438604
725.5573435371718,237.57004118666032,147.88671569678294,105.21112133573446
727.7164516460598,237.45575011533873,147.54010224120756,105.4397034783776
730.0769301830348,239.57321879129225,146.78926329940924,105.17488425862238
732.2291407587273,239.5863744095824,146.4392287526743,105.14857302204209
732.3373504924926,241.88967012780586,146.22280928514377,104.49063184974761
732.5423256392036,243.95041375334944,145.81285899172192,104.30368984129132
732.6619348497097,245.88501340443355,145.57364057070967,104.35974970887125
732.8971090210572,245.79078526358018,145.1032922280146,104.54820599057805
723.1771933758055,245.81094614226416,144.95047548532924,104.50788423321008
713.4010412771853,245.67174059483557,144.9250291559137,104.78629532806721
703.5323451281595,245.68485729585507,145.06371848772127,104.76006192602821
689.5744728535161,245.6788424704698,145.5295760913355,104.7720915767988
673.4058157849856,245.75535182627982,146.4375103112326,104.61907286517877
657.4112317875264,245.8496312395661,146.90738922493566,104.43051403860619
638.1614286498451,245.83025564963154,145.96778992434096,104.46926521847529
620.8005044449937,246.16521362469757,145.3166599899301,103.79934926834324
593.8987592875875,246.4377550300953,144.38795485320892,103.25426645754776
576.8222202456673,246.71418498709733,143.5633905900658,102.70140654354371
552.9234385316125,246.45803861677558,141.11834513006843,103.21369928418719
536.6529395420746,246.471494977804,139.13394144709343,103.18678656213032
521.3026653052585,244.51098871325797,139.38998793842148,103.30223634343442
503.1370937935799,242.11116888862063,137.60766253859106,104.29052915039028
485.7018699611188,241.70358659259546,134.4743455799254,105.10569374244065
459.82140038421653,240.4522536221934,129.7479775395115,107.60835968324471
432.9020062423083,239.9781686624225,120.1116945889678,116.024185042123
351.2543544681019,201.21398467303516,123.50995073183302,111.74476132503604
327.5073000550258,207.01503394546074,122.85673694091685,111.25358338412376
312.94762532769965,193.87946299728003,118.80528617958086,111.72521400138322
199.36307604491236,208.9232418577132,128.17597393572677,103.41749736145971
175.1590909841549,208.9482391977714,136.52274362178113,96.08364805671417
156.93643315977536,201.6277176299852,140.12501508203718,92.47855553200712
145.41309831673087,240.09901346041255,137.66518748692198,95.69924104065124
129.0235167470602,237.63709336012806,133.84290627659232,100.62308124122026
115.48172688933462,235.68160025801052,131.46167814271928,104.5340674454553
90.23558031286714,218.10092274206752,133.7185726226213,102.59126965193134
90.41458678499734,209.97562597007214,133.36055967836091,100.2751887991958
96.85978036810725,208.40720851438675,131.4803783269895,99.7419551056171
25.369985797425954,248.8202687930505,136.41696404680212,98.83546810813428
5.047137277449906,330.7986477259082,132.74755353678063,104.75328918398418
10.549358970043556,332.40811684052983,129.21044945428685,109.00169025743443
1.3501179881163594,326.09843550859625,125.12095583145417,114.12506105907259
-2.7880399676247904,314.6659007383723,118.33063638650852,121.92349524309262
3.072709555890796,301.05345559688334,117.95940893318036,122.66441847409672
-4.781068528082301,308.912552917992,114.72111255966684,125.8920763733392
-19.181863013520577,294.03298991339176,101.8529084757739,136.7103873576444
-18.137187796630403,277.196637243778,88.52296917931845,147.90191497152176
0.27104341530539244,304.1583867583054,84.95028473219456,149.38471257037975
4.88261437246981,299.66739550777373,79.38241467641069,154.71142321289815
8.48161653752814,292.3656779200054,75.82289785775592,158.39939585404903
-9.820155172243833,253.3613222866727,65.22631368094827,174.68486334087004
-1.8859598356817457,244.32797431673436,60.393447673414656,181.7160346151562
3.933160984283248,240.33237100852133,59.828601875740105,182.32497733674535
11.590792539228147,230.2003900523314,62.960565555703056,176.76282174333141
13.904110630299584,279.9370213505819,73.00305819828952,165.30433209520643
2.808410198332723,280.25620248633146,76.78533171044532,160.98414435335178
1.7861773557542762,291.0900572769221,82.5150374377537,154.05739494077645
2.162220739035007,287.19920071612114,89.12838015785947,147.108249089044
5.332192178052836,290.29134101383954,97.55701190616293,137.23182483702234
21.454988296819693,290.6611821575414,105.83807013395153,129.12366064683275
-15.725896535113314,229.05207889599154,91.50449782578227,145.1683289537232
-6.532676022014037,230.1709599385773,84.22736023299277,150.33676915749092
31.186989620761224,256.43527554808685,96.55751093981709,141.69287893465935
24.53070450727283,260.87093128097763,106.13497648489158,132.8215674688778
12.043121219146748,263.44362790849664,112.32402421525838,127.67617421383977
89.99618266723209,249.91860244881642,111.29938037845402,128.28304578160106
-12.29855574362923,272.44371416861475,100.96574755369396,136.02095453587734
2.177825284660315,268.50626247295713,101.78780628515098,132.73030013167894
5.009244906514532,261.75134830169236,99.81012023828389,131.49951568684315
-1.2585648669576912,258.781610801541,94.17516361550022,133.80487545320028
1.1397475527846694,249.63273257319088,96.53183968402432,134.2193796398784
-4.259420843566623,239.0399308787912,92.84321486456057,137.29628101346984
-14.636978040743113,272.8221441236925,81.13261105171901,152.69980105316438
-15.846341342685541,292.7221309496966,76.27328433280555,156.56814733794627
-12.14860101238358,310.0177299486222,72.48967970423296,158.09570966040837
-9.367845425770586,236.1621234975196,70.49632370425482,155.9444052862037
21.923695681210468,267.6744636072614,77.95220044362317,145.448944281718
-13.203261236397154,331.6052359447074,71.69554911019402,149.74201217084823
-2.649231625725733,307.1236961277,71.1832668508185,147.21564939994454
-11.89616307767588,250.9243502418796,65.96920221850903,151.2352438631979
19.10118486093721,319.2202230854392,74.40861697044161,138.74169309412025
90.07643003977184,363.52443123306216,85.09786470182948,123.13489066755386
24.976623271145478,372.7665515666338,94.4721264536911,111.18175009691832
-7.134883485689549,447.3236941770875,90.73976935437643,114.15805624792918
24.390997019597194,489.5117462211663,101.7816880069264,100.6541674897157
7.428056958767073,469.37724500110585,103.82802946845749,96.29181580565563
17.05380054975477,489.76559180722325,109.78402157016171,87.02447129802043
5.63053719862188,494.1006004368958,110.97142174491263,81.44861497117748
7.059398843052961,495.99052793754095,111.13500545610196,77.66875996988705
6.82554993920558,496.2063930271826,111.60270326379673,74.2754423913044
0.758190146037073,500.3709530430486,112.08773565136738,71.77116595895579
2.4201065469726757,501.18140060143145,111.64186322103683,70.15027084219
3.989505704573901,502.1698739037432,111.34723054475086,68.17332423756653
4.0826372440595975,502.8557088984879,111.16096746577946,66.80165424807717
4.591467882266969,501.6059562414556,110.14330618936472,66.52044969961183
4.5835910057130675,502.24773711805585,110.15905994247252,65.23688794641136
2.6068315881335025,502.5536429018068,108.63378107367646,64.62507637890938
0.8175030147427336,505.5315612705313,106.7996549032832,64.08202295863535
3.953217478856537,504.36368829556886,105.86811839415859,63.74782269900877
4.4441708467164815,504.8193661013574,104.8862116584387,62.83646708743172
4.573444415269357,505.3406362443954,104.62766452133295,61.793926801355724
-0.31539201077795553,507.04534615646617,104.00925770548477,60.98352689419998
2.3416028876806507,507.334815080749,103.84752859285373,60.404589045634275
2.913349261564221,508.2847588706238,102.7040358450866,61.068630725940054
3.2191124625426752,508.4869405282961,102.09250944312969,60.664267410595464
3.59017539070593,509.98162623524524,101.35038358680318,60.217151872786246
2.6159852142594033,508.6982054495933,100.77509175835844,60.26032126275229
3.021614520647418,511.8666007608084,99.96383314558241,61.47106752271385
3.9196830173742256,509.8686943938214,100.69184593185145,60.41858069724269
3.8713167272804867,510.0532076832842,100.78857851203892,60.04955411831705
1.443486535130539,509.68763106326963,100.61926063980398,60.78070735834618
1.8688014778934416,510.50505274007355,99.76863075427818,61.66816442336452
3.1440998755568472,510.3277373089052,99.74258278105381,62.02279528570111
3.0674732458094525,510.08714731289433,99.8958360405486,62.503975277722944
-0.6355657842496427,509.3224920955343,99.6804940683868,61.49281236834979
0.5437575959191463,507.3359640674634,99.8421356191644,60.42529180226104
1.7652101859450866,508.5128836883092,99.90397088358837,60.57619300504528
6.808522246875498,503.8730605996272,99.85015834898918,59.823027595147636
0.8164920925901171,507.75840382436843,99.3606783043468,59.53646535759295
5.113923154270182,508.722090768341,98.21359111602796,60.09168311466169
2.9383581026659584,509.99619238088314,97.6150029482431,60.018339025074056
3.9101646207448155,511.15061067711656,98.13608982634305,60.17420234686486
5.426286445149202,510.6198228692343,97.57893740879558,61.23577796262927
1.6230889848285557,510.4596003721169,97.73155149837504,61.55622295686415
2.968146920342271,508.25549770099184,97.53367948231195,60.9799405891855
4.023029001483785,509.88526063382824,97.90354396105255,60.2000433645364
5.113134739021717,510.03827690296566,98.19539002362487,59.89401082626154
5.128544884676884,510.0688308237661,98.16456973231453,59.83290298466066
4.915850817322294,510.07530320873855,98.58995786702371,59.81995821471579
4.793162770633536,512.5365563408795,98.83533396040123,59.84924242952955
5.587725839055977,506.8361215753072,99.72625110080722,58.84989557441986
6.444856244610264,509.76327250905507,100.48842395751615,57.94846104255919
3.709536148542611,510.2734926495359,101.01409856358755,56.92802076159748
2.9460604347242665,509.06063918306387,100.07811538585143,56.890793089168795
5.800136592601689,506.7730273862508,99.2668617181262,56.56911803476518
5.537295418345387,507.12609636968733,99.7925440666388,55.8629800678922
7.065149639012617,508.4251479044848,99.16357562649365,55.69161699948651
5.485060370693176,509.2650438986233,97.49471045834517,56.42634686360317
5.1270916234031745,505.18402066256164,98.21064795292517,54.97924662673094
4.062294110716294,508.84201950498857,97.95194066934684,54.828155868733404
1.5939009848819623,514.1414736537238,95.74301386939402,56.1387693239653
3.2561937967247516,511.49226038055315,94.78985130963619,56.69434974245104
6.075245644192194,510.3448833916249,93.88503547787164,56.62245978872243
1.2155661076594484,515.3218417227754,91.84456290655231,58.42837477080626
3.712740326294835,511.8532615728657,91.55387445662231,58.310045089614526
5.906779940587931,508.6398588987138,91.85679587761157,57.70034946355507
8.468464832661184,508.6105993702024,91.41307484318946,57.75886852057785
7.049073619529139,511.8278551692272,89.5835162434949,58.32686846146635
8.346418414942569,508.55288235766153,89.30508518838833,57.92803847743662
7.6258003776696555,510.7700816743211,88.44088997161828,58.10450242674937
7.537821230061731,509.0357907408727,88.61684826683413,56.982272136898985
6.500135350593659,512.901250537401,86.13356150760282,58.368669580177375
9.563140182032818,511.76860961169604,84.53775141526881,58.36885164631494
9.828165108862365,508.8571418081156,84.00770156160972,57.468653085953406
2.466459756790826,513.645101167985,80.98589220703853,58.983496902911085
9.687662787434611,506.7300439949488,81.92545016221543,57.43164723251904
8.769167774167911,509.05378529746304,81.57633126423345,57.15638247652117
8.142073485634882,510.1455828730725,80.65423063614111,57.14907653046068
8.189207469932,508.4167189737252,80.55996266754687,56.28235606686961
5.984613469957161,513.3385928310425,78.52964546945594,57.171117015635936
-4.156210407579998,516.8171530808562,73.24658847362831,60.86595682888442
-4.84947934500784,515.3597575644806,68.30385371827691,63.780747861635646
-1.9607028383669913,515.568830857737,64.60606824834699,65.44236881847479
-12.453914977547228,516.024202493531,58.96854067443623,68.62761813954378
-3.455083140696413,512.9917564480447,57.03446460110397,68.66866488037773
-1.919297753177787,514.0361308441564,55.9403498865902,68.55737214867787
-1.3081129726559553,511.3285661519761,54.717980325546534,68.09827533694933
-5.99025070980673,515.4616576602458,52.494800237898076,69.48830528870148
8.634271167621247,516.8841934711386,53.90700357375977,68.55956161008571
14.142060379177934,495.53947879530557,60.21780419475273,61.19500705655567
-7.234908247117435,515.4111482447902,57.08380641430361,63.515608604539636
-4.848642101238344,517.1013480840525,54.20980215125864,65.83079301215484
-3.4043801603094472,513.4092963106989,51.32127826940085,67.55033502201175
-4.244540113578264,516.510655005485,49.266343718611765,68.81812654709299
-3.2803647699180836,515.962172302753,47.337993031291404,69.91509195255703
-3.2916222692322776,513.8701879380694,45.52258020377838,70.42320502964142
-1.0149594159338768,518.1546332410284,44.59997534569207,70.93111654499975
-1.5957699970560881,514.6993750847415,43.95406128876678,70.61149198089456
-4.261949369934911,516.8890360499263,42.118699018588096,71.60796081247713
-2.512715402427336,518.9654260274492,40.3960860504271,72.78274575799374
-5.065602401623401,513.5046123089597,38.44583534954116,73.12033614605562
0.19939198992279472,515.6401795367815,38.32946972257044,72.32040940911942
-3.3052792685854584,512.5022826092347,36.72961037599762,71.70884177334176
1.5851497262700072,516.4330753632139,37.06075955207189,70.58859437590681
0.6403459561412284,515.2215666221132,37.2757837059195,69.66244508528835
-3.3682400895970446,511.8622514300498,36.969722313640005,68.057841985659
3.600927320887866,514.3413263949152,37.753252520064876,66.37121761757155
14.189541266626385,495.5085780662105,44.187397909242506,58.55915828331445
-8.743131883380862,485.2465206871974,41.629925903082736,58.10005177533187
-2.884929124007286,518.1297687562661,39.304644486624696,59.63661170359975
-2.1396211404843832,517.1392341939138,37.81402851957889,60.067797286610606
-1.9798689387366437,519.5917343739898,35.963070013298584,61.28861333759802
-0.48733875358538015,518.3326199165115,34.49649426769204,62.28835762785866
0.6370390666713597,515.993416741498,33.7561181513487,62.44162540537515
0.007473621967324817,515.5805581669114,33.517256809019955,61.769350322811626
-0.9229214847067997,514.002455339718,32.41005612257686,61.957565077406855
0.16690243865233967,517.5671032809186,31.698187676153374,62.16716619647961
-1.8733156263871642,518.5382784426993,29.94424188706876,63.1420068325001
1.8120138137809985,516.0924618707579,29.78573734497552,62.26391650578823
-1.4871861793270327,518.4885389328614,29.24981378878452,61.75235650702542
-0.5133601380400457,520.527018662196,28.71222985657379,61.905601499445886
-0.3671006521652611,516.4572359394251,28.41971088482422,61.627684426834314
-1.1476016706796202,519.7195666576469,27.193206179636107,62.07178984593298
-0.04333211617929855,517.6785195651934,26.3633270120734,62.017904206525955
-2.8239270985626046,504.20870603873584,26.471628846141815,58.966646540601026
14.747510379213953,497.71253941785676,32.27764642700518,52.144999522802934
12.626512807643664,500.8230125921243,36.51964157014576,47.24430799079324
10.925870436847735,504.046921037599,41.23733784836617,42.11290263647236
5.494332054671197,506.87987226757303,44.224909971180594,39.07216839037044
-3.4204920879576584,521.1939089151278,41.0763597367878,41.911392874736606
4.652491939786927,508.1368396674736,43.226672509718526,39.27423292538519
7.085739317622039,505.93616546589243,46.15330212604877,35.8824569565471
5.206955515817121,508.11122094951315,47.33213388485678,34.11108183410737
4.726966675872536,505.95175009050536,48.29211156474595,32.038331180942535
5.0808300574100365,507.95204456514296,48.84294060990202,30.554853848129547
6.178429651236264,507.92890623150726,49.13181980403536,29.359091324508107
2.150805989926539,508.5039065434751,49.82966862727361,28.20909070057234
3.1424452407866426,509.5701208932332,50.28060703780724,27.293770457183136
3.744171739263024,510.5265590519985,50.2853149959764,26.589055094774366
3.244446154035291,510.7092339832531,50.088611105928564,26.223705232265125
3.6966806943029944,510.1143110408776,49.18414202539316,26.226564599214466
2.629579638149128,509.71813184594015,48.97088103728749,25.84519143888281
1.7858019016943487,509.2621128658652,48.330337242890295,25.59317976537929
2.028197217678869,509.97582025740917,47.845546610921254,25.3160659033112
2.8682441784347468,509.8466217041483,47.30386514991579,25.57446300983306
1.9026239941917282,509.4247041796333,46.965375662785135,25.28343313105461
2.7316160352935484,509.53774990597947,46.43228656762898,25.05734167836227
3.0225613298936373,509.0542836069513,45.8503959784288,24.9111051031094
4.313617140219634,508.6789423132592,45.47246349388525,24.559698122439393
3.5291671304069467,508.02843966682167,44.86035092903472,24.770197123076557
3.936727533636901,509.6217097517595,44.045230122574814,24.83887779613963
3.960008340133541,509.7861604977136,43.998668509581535,24.509976304231508
1.6585477403916151,509.2986221218371,43.26205356371693,24.417145826914673
3.036635930915768,508.8123569644823,42.616745907540505,24.334241779188282
3.6838374897755806,510.5803335879443,42.36681514610949,23.931705601130076
4.572273518084202,510.63993659313076,41.62387428221008,23.812499590757117
1.8518548931468253,510.02202609167773,40.93927627324932,24.027414717190652
-5.827217824918385,503.17275341364893,37.02393029966038,26.567622941305405
-6.569432968153407,502.6110157458321,33.51810282403846,28.689149829357632
-4.063659654688504,502.7859382264611,31.443266966035324,29.318208457741807
-4.191629826419522,500.88293228806674,28.82902536238504,30.254038387418206
5.438040494254794,509.51917970379054,30.96829338262874,27.86753219012163
-3.5310283389550694,502.85851965526473,29.45567049272855,28.221678582959964
-4.212899672766303,504.46600067962646,27.186402208275236,28.639727486312335
-3.420076756180263,502.68814033581094,25.600756375103156,28.67913950117043
-1.3069959006212795,501.7021927762329,24.792425743819685,28.087661310450557
3.8006439190780164,509.0133424106182,27.06244048913863,25.95065642639742
-2.8198393174694303,504.2092972539981,25.2768985906649,26.375880512567857
4.639102976305846,509.821023683272,26.626685257241597,24.913030406496446
2.3839437473543903,510.06064013120067,27.890856126941237,23.622260613588228
-3.059486128714237,505.1520092485177,25.809178302628748,24.523652795145033
-2.4981095461884912,507.54848128585985,24.686425137577256,24.48617897026559
-2.2719506471077526,506.4220975285205,23.459737226429358,24.415836145985097
3.080546327163896,510.1739611181905,24.817278482114254,22.943376568759053
2.617099459314586,510.6189218370324,25.744172217812874,22.05345513107524
2.673853221820762,511.2831062627047,26.3828220392545,21.4772436261847
-2.410583679328745,506.4616897019325,24.508313763697913,22.087540189337233
2.7070725255499255,512.3294226842797,25.27618181754295,21.355254688245143
2.2922293899178108,511.2608204214838,26.105868088807178,20.557642980985268
1.3276718742228457,512.2403125197967,26.567865684799784,20.065776219756835
1.2143898687259043,512.4191628522111,26.794429695793667,19.708075554928016
0.8442624257712215,513.9074577538679,26.804490476484826,19.652262172487276
0.740755975229554,512.1741722791919,27.01150337756816,19.47167498104879
1.0791284654323299,512.5754304653295,27.0643654980962,19.398765709707284
0.8425709173624547,512.880167298017,26.808271535920266,19.518501102648198
0.36028829163287845,511.65061377925866,26.3182489319661,19.795726357044796
1.045202046966656,512.4750520849708,26.39719337937774,19.595621703699884
1.6872725325928837,512.9685393401323,26.55767958469614,19.330960781662377
-3.6119730545008704,513.6662786361642,24.188755964783613,20.81712992162089
-2.974945289950421,512.6317564431014,22.914700435682715,21.469660873462857
3.1578316467376233,513.0590416018449,23.927746900448206,20.61509055597582
-1.8631960716441878,512.0022217635214,23.45514923387914,20.62579961195609
-1.6083985786069679,508.3827066988245,22.25172365472652,20.9265238105683
1.5432112170859202,511.74526232040455,22.747427392482706,20.320443563636047
1.9080551670470385,512.1301445232557,23.373669310651856,19.550679157933658
1.4789448570074342,512.0795612080695,23.556586524979448,18.97654238255438
1.4294889046699542,512.1920036473226,23.655498429654408,18.751657504048232
-4.343529962585148,513.3873759752377,21.200583719220454,20.361184975345015
-2.971664740303299,512.4069242998901,19.76581861433639,21.01312298636041
3.1838894756208322,512.3700636085031,20.939082161829237,19.802618466340178
-2.952419941823762,513.6857282231758,19.73937825329312,20.378985128286303
-1.345372993573383,509.5112494503827,19.05234506262932,20.514995379902523
-1.3754674625514038,507.49789486135506,18.48953272018807,20.180695595176843
-1.0902817937779155,506.0045512345279,17.919161382641093,20.123211016635537
-1.154017711416654,507.9685166078199,17.447792160783976,19.78832661285923
-1.0050378131995341,507.2637866138052,17.735938261773136,18.853363011194894
-0.8547686697123389,506.0838594969215,17.435399974798745,18.332505803776296
-0.43530937409433434,507.12553311963495,17.159711196076678,17.938847995891194
1.543081470180395,508.8749900627891,18.177222018800045,16.650730781259817
-0.6267730111027809,508.625634458522,17.581871175527006,16.601102011367438
-2.992736555244943,510.52580854185896,15.854688561417431,17.64508612148888
-0.73202517793748,509.9899887148832,15.552202696009878,17.13462444198757
1.2092118665043383,512.050903713076,16.301149836913808,16.1004085987939
-0.9970936685562553,513.4207671712526,15.611177761236732,16.422231569919674
-0.6997599691487331,509.89077612354623,15.016510362421688,16.420295668088436
2.4532659432987067,510.7680768264526,15.639680146497799,15.655583063557149
-0.4338950852505281,510.25780906336183,15.499936905976055,15.197602265333673
0.4890669658733833,511.04571252498175,15.587692612483798,14.58863524647163
-1.6610320195040487,510.817456366757,14.661211470206853,15.045147562921061
-2.215394123136986,510.43087607144275,13.430901129445324,15.818308153549605
-0.6424431075145431,510.03479322744727,13.506635084018505,15.229772704761498
-0.106209048664196,510.140519099969,13.791182204084741,14.565982547128968
-0.32355828194714054,509.2478899132488,13.779352821793232,14.118601676282495
-0.5766047456196413,508.90248069853004,13.40678625873621,13.93076061531808
-0.8333592519600801,509.2310027066745,13.059309713032214,13.704209378221673
-1.194525211857803,508.59044128703755,12.095873030297366,14.14244791623025
-0.9149876601863145,510.40762306669416,11.949685476342799,13.811184752024353
-1.1144647489667951,511.08569142003506,11.53780341530501,13.671302403240732
-1.3554045885310444,510.194954721705,10.829768508641521,13.866223018844778
-0.08683494731798991,510.1548389340371,10.621695012754893,13.558276963090574
-0.2136388498691435,511.8446003570071,10.49521855063926,13.219428254894096
-0.21128812010537779,512.2540886189197,10.490517091111728,12.77329419861613
-0.23557314328501722,510.67738468601135,10.17316911322299,12.633439846200691
-0.39921999541818654,511.57779130390026,9.78319007805552,12.625808459007281
1.3297399224973505,510.9282255415705,9.847140992053593,12.164004608752203
0.005635566839529815,510.74961376223,9.726135124633357,11.828924522749212
-0.03299396937473276,510.6810880698941,9.464348490747737,11.626930201106807
0.10203461328305874,510.45692020875686,9.194291325432154,11.411847243800096
-0.3160731142131521,510.76367590145355,9.058398765939016,11.122371863235209
-0.26706692443298774,511.0722889638582,8.960386386378687,10.822537343857913
-0.12970146560785611,511.268075584706,8.685655468728424,10.742160971988799
-0.06841343666891753,511.03913903207007,8.563079410850547,10.588991989762299
0.03091747139493517,511.1004048552888,8.364417594722841,10.46646034332494
0.05912843749515506,512.1051694585717,8.307995662522401,10.233453122849117
0.1136434696026889,512.4414383975821,8.198965598307334,10.144110142674187
0.14473760479782083,511.3717904548267,8.13677732791707,9.975717951355694
0.03355706394991387,511.4776066436608,8.074270031098003,9.764085573687446
0.05326617486792973,512.56239028313,8.034851809261971,9.558744198307762
0.07335624359850668,512.6654340015263,7.994671671800817,9.35265676151521
0.0934757231118617,511.9545937756738,7.954432712774107,9.136475628833667
-0.5654322252613078,511.65098420275257,7.9273126870746715,8.93673322120851
-0.15506577105543196,511.7316333987475,7.9029494645915905,8.775434829218687
-0.007114983009131048,513.361961656541,7.869609748316916,8.665520631446924
0.25630877593782797,512.2502725839802,7.863402886663523,8.546015823486247
0.15675421697814818,511.2509364421067,7.80415186541619,8.477806993899694
0.2863863905159145,512.2259043941602,7.801241447204254,8.322348591837638
-0.4509023088294182,511.8988920473525,7.7525289569356355,8.214728340973425
-0.38326223664732106,511.66512275887544,7.617248812571441,8.17941385282417
-0.2240692337337955,512.601173265124,7.547589762737364,8.048401532278032
0.37188343303971827,514.9951778579518,7.583556943671237,7.9263079016496265
1.2157664793906346,515.6428683180229,7.605435356450953,7.852101628280071
0.9602415973896905,515.5865485365241,7.629649059050198,7.721323160576214
-1.1561210493564564,514.4114001779891,7.269190542504735,7.895901230786341
-0.24832808703470333,514.3854593008734,7.124990098915333,7.947782985017769
-1.7314717209179868,512.7574940390299,6.769384328634441,8.119098544803494
0.04424602321850246,513.3872741484901,6.731298501009328,8.030654879432706
1.152711435643834,517.2086372086688,6.83683227156855,7.81981546438667
1.1947830940059503,520.7769236074008,6.983372492680661,7.603748802013208
1.955656280059741,519.949172309893,7.069291639361987,7.42191937555561
1.8089445631422434,521.6030860011446,7.134523917700312,7.308768170006077
2.365365439441579,521.9812897173568,7.158928568598952,7.234708579679919
1.662550021360571,520.7960093100339,7.204535410073373,7.111892070731761
-1.2806382990715819,515.9332490196331,6.77818967007095,7.368329080233165
-1.650735762239165,513.3540866644822,6.404727815562792,7.626563954824306
-1.2386124656228785,513.0896972090023,6.021992588321674,7.934587182788388
-0.8495524848178766,512.8792391238311,5.6824168389795116,8.13623124699681
-0.46590366103960035,512.8747377460179,5.348633333795198,8.36199107380939
-0.7448135799645854,512.3478163863908,5.048022464465413,8.557403085883736
-1.1585325676269562,512.0124126900341,4.813113985783047,8.590802606192971
-0.3105166169756606,512.7942748713768,4.579934786417446,8.698909902863964
-0.20173598875508914,512.6625263795135,4.362373529976303,8.755821626418927
0.09550042058936548,512.6465510643923,4.175238025909655,8.78777225666142
-0.5352070450183648,512.8625431696756,4.030457123541351,8.75755828426151
-0.13797913650562776,513.4551801740361,3.8297506937199977,8.759783049948851
-0.6621319989005958,513.0279831789935,3.7115192464616222,8.642062729993487
-0.6791244810740351,512.7608536708517,3.554872729785538,8.604427303208205
-0.623054983409481,512.4291600256582,3.4427337344564295,8.518568132103644
-0.3711216118386125,512.8248580385726,3.30702312118853,8.46348436602247
-0.051331482762194236,513.2456962662529,3.2100255503200046,8.345251493707643
-0.5455394854291429,512.9599617979799,3.1338997301443623,8.207025879914081
-0.521853064479429,512.6823548974738,3.0865268882449346,8.065948867145607
-0.6581927303657459,513.4355664610307,3.0168119199861736,7.929102940157447
-0.4549870791337627,513.07686895892,2.9463624961463997,7.806593247818329
-0.33541305702452595,513.719305714997,2.8721713018962998,7.676417685443041
-0.13778383197372834,513.8681149221826,2.800422856033282,7.540554273190937
-0.4952703895018422,512.7224168217041,2.7228200726401033,7.454222778799746
0.14556170868749718,513.0969201428678,2.688181440879629,7.32872891878131
-0.13881977935233603,513.2374053463474,2.6431191234526668,7.20121483519884
0.1031468436240095,513.0144979350599,2.6116374472837354,7.043760898062048
0.3453723995657969,512.865903254807,2.571169704736549,6.896966889231549
-0.17533762263421182,513.6702272835747,2.5964564483581665,6.739937832808181
-0.529066409810701,512.3740241380651,2.5870924623020968,6.608422194273092
0.05398923755509877,514.3485262754796,2.551437773405361,6.474708964136828
1.3346888677712145,514.6758940099759,2.6262239504880083,6.374959903042077
1.6468424926874703,514.3113019064931,2.695134491050455,6.272282761533659
2.025982979190035,514.6398336795169,2.767143846836788,6.168746101347168
-0.05059114055943059,515.1142376466482,2.7757864365609013,6.048839297039336
2.3643101735416527,515.7157323621769,2.862138831380097,5.9383287599866135
1.095191867121811,514.4764092229868,2.9441505765692844,5.824293233624665
1.188660837581237,515.2807073675259,3.029634102199641,5.71401501056722
1.146124048502533,514.996261814024,3.114707680357049,5.602589677867663
0.975537573778404,514.3674924347766,3.1841298604446635,5.5013745895591715
1.0745576064328628,515.0989375938314,3.257204095974292,5.394055775642622
0.8433537375542395,514.4005637390322,3.3140198005936083,5.303632697068384
0.6788431996438384,514.7856383414146,3.3734332991472114,5.207502435471784
1.4446903305394674,515.4483566992054,3.454046529741569,5.091296339179381
1.2800621688552998,515.6934990311179,3.5153960415936436,5.002871892628639
1.2638118442749757,515.9235142202665,3.5478966907542917,4.943742502977422
1.0482694183819978,516.0905444555809,3.57915903919642,4.876230367911009
1.3511669528052397,518.3838970718502,3.6371813795205368,4.8034835177323885
1.586597083424384,518.9518677191074,3.6967460850541167,4.728392156761731
1.890880313569167,519.5839027079271,3.7503318270755437,4.656196143282251
1.2708107697324087,519.2250494273042,3.8007251384425262,4.580738853656961
1.7731533859999506,518.7989644519715,3.8508285877417516,4.50996870771715
1.025109621444666,519.3618206791253,3.8997146819983834,4.436766387848772
1.462293318641887,518.9346650412521,3.9438525866794896,4.372572364519887
1.837395157440017,519.8824529633679,3.979191763613544,4.30992984752564
1.164563742376953,519.5238297385172,4.019740911826855,4.244108088079361
1.4728147924665245,519.2284949169978,4.053875623162798,4.184140919603049
2.0390138764741192,518.6730507839856,4.0890338570633515,4.127472783711663
0.08987880897942802,516.4412386833794,4.105500450785563,4.06232618677904
0.2768569579430946,516.5368931406184,4.1174243785602656,3.9996440142018397
0.46486751630095924,516.6299487620521,4.124876715201766,3.9413572557868766
0.9701910191726912,518.0435206581918,4.130382406743582,3.9086333810418483
0.8410372506662527,519.7038209538329,4.1355166789383935,3.879285232394774
1.6462505571604402,519.2848833113825,4.165706011539672,3.8337519312086683
0.9586278564907595,517.6648839217651,4.155516853223486,3.799087205803363
0.7599535628086596,519.499511261336,4.177151702915083,3.7617319908300253
1.4906190619545234,519.2113032254854,4.215568611789613,3.7132531012119583
1.3542924163941175,519.0503411771771,4.238620554613022,3.660775175382411
1.2860128205802073,519.4441105839519,4.250863049450954,3.619136542572023
1.2855529535057046,518.8431914352446,4.2517827835999595,3.582603432887618
1.27727164539312,520.4074071924194,4.268345399825129,3.5357617434203803
1.1048159221916154,519.2553501471577,4.244965209624319,3.507362135452883
0.8536105770638605,519.278686583886,4.259593230487365,3.460689261996402
0.9740856738718482,519.7216747435987,4.2614758439889,3.4246277674823635
1.0925605022940932,520.10189077319,4.266249206383612,3.3893647660172035
1.0889898799735613,520.8983929497463,4.273390451024675,3.36107904819638
1.394721224372145,519.4745513295491,4.2619930991055535,3.328448671576304
0.5669191072433679,519.8442943790035,4.247281329693453,3.304812288525838
0.687799960895648,520.7445723198936,4.242917331543686,3.284739225406621
0.980797509420821,520.0497942216059,4.248449443254158,3.2546301209558934
1.3324394974872615,519.3574335278963,4.252561400109842,3.224559642397952
1.5640307035690872,519.7227575894977,4.259264537584041,3.198739843651869
0.7417902359546855,520.0908223882295,4.263622381931625,3.1655201422801755
0.9206496285110126,519.4611416975691,4.255926868630015,3.141462860293842
1.1581363568884564,519.7626044507863,4.24560678077773,3.119354064987945
1.4559054125963886,520.0602924908967,4.228289213669286,3.1021985290744643
0.6617056568364328,519.4910581070822,4.2052926139844455,3.089670074414435
0.7392896498833235,520.687676661408,4.164669585831981,3.101877082530472
0.919187271027317,519.4994958725367,4.147256564693527,3.081563112226291
1.368897815897093,518.3821206722307,4.15607540919105,3.0457136772457036
0.9234661695231523,518.1677291311073,4.142326677080281,3.022190747063225
1.4404276540047576,519.1792817528147,4.120739714258766,3.0237575159317265
1.0505504467483693,519.3084029028187,4.115236115618749,2.9898746482531973
0.7187581838028159,518.8788472859686,4.109580140074577,2.9566652133727427
1.2718623083560385,519.057753870209,4.11245735242053,2.931577683327862
0.9463350082340383,519.2886168387117,4.100276137214745,2.9120089566223357
1.3900063343138696,520.0043205500186,4.093194275424853,2.9110253183593846
0.9643354944015421,519.4021259100238,4.065262344069083,2.9064133829760044
1.4047875697966328,519.9523591901948,4.059640796708465,2.900050076920946
0.9710764468371949,519.8555153303821,4.053299497910207,2.8752969103671084
1.4587111747406314,519.7040711538987,4.056481051753704,2.8520349267836598
1.029494559873454,519.5539456745944,4.047863233231844,2.8271417422962353
0.6046841707785027,520.2075164909228,4.034761799029012,2.8140834282284124
1.1440022568705301,519.199144269106,4.030392656189363,2.789720516107713
0.7846281998243865,519.3109779687117,4.0004337043857445,2.779969421438072
1.2603027017391182,519.4278112492656,4.006186799739833,2.7589922157044175
0.8512096185972928,519.6407895679228,3.9756955632670774,2.7573742797684058
0.7565430683224221,519.5369119150781,3.953833169527236,2.753934091168111
0.6655334339807446,518.8058818433288,3.9254309157583096,2.743043577500641
0.5182845256320112,520.0084712007031,3.906123221121721,2.7437071163133395
1.3081677295380862,520.2685979445125,3.8911715273477685,2.745058533373755
1.2169429092311461,518.8677279105982,3.865386797244827,2.735634596525406
1.0179937355414177,519.1323902387875,3.8489980506341634,2.724168807634402
0.8682673092048625,519.347274822509,3.839046402038247,2.7069389752166786
0.6724038386826026,519.6028269365823,3.819972388510073,2.709335940285848
0.5802083262707118,518.3816351250774,3.799461034184555,2.692891013503995
1.4015960614249585,518.6956991821559,3.786602621724909,2.6759817960405003
1.3097231341112288,519.8620094061488,3.7675553380793243,2.675482438194672
1.1665375534580447,519.8623218921781,3.750626109505143,2.6748574661360003
1.0218992224240584,520.1682173560832,3.737402115633675,2.668067850204522
0.8735574184423094,518.8217209278569,3.732521163476704,2.646979665572994
0.6270011450345445,519.9756652639838,3.7251321902111285,2.64139798569225
1.426124166528972,518.8383527525215,3.725230363796237,2.6184031972919177
1.3328664252882645,519.9873251825558,3.7127081211249506,2.609392176479436
1.2289346811758088,520.2461525321983,3.7222098505754433,2.5876418741304996
1.0757603334250545,519.5156741476162,3.7316625162590604,2.564118494205129
0.9328123261845185,519.7173260955011,3.7214014762663816,2.555690671066996
0.8527232640331281,519.9617163205078,3.6847300499422437,2.559034097620876
1.1638361387877119,518.9266829828892,3.6500642934047107,2.5726407974574124
1.3636779853837193,517.9122792353772,3.640890368402802,2.551272009483193
0.44922671300535133,519.5133136565206,3.6242051256077192,2.554697745576116
0.6559580732027661,519.1735982460194,3.5985042461859313,2.5555453448756067
0.9114217958190083,518.928549415295,3.570404779292322,2.562815027985404
1.159082373760797,518.4546605380618,3.556382318657644,2.5479953919538745
1.3090294182398794,518.9856556252269,3.543898625710331,2.539843336330168
3.0390668123105815,517.8854017294896,3.521111225722951,2.5443064075951725
4.670847687422734,518.0278627451745,3.4946289561560713,2.545009036283418
6.0636841873239575,518.2105652489028,3.4586790172174404,2.55887617515275
4.7490895506970565,517.8318918456961,3.4418845063704766,2.5602276146802914
3.390598102137665,517.5479929050126,3.4251484774713052,2.5624284768712227
5.100930188553914,517.2746574389636,3.3901956452557327,2.544814185533165
6.470678365930649,516.8059838419814,3.3542933435003595,2.549887568118722
6.155801277071885,516.6714758464493,3.334704855813706,2.5406138454381884
6.534055722469409,518.2851160040819,3.316701473019499,2.5442951276765915
8.116375586619835,518.6041153674794,3.283412788297338,2.5509863216185398
9.322631760979544,518.8320136549544,3.2550777321635422,2.5536853798581265
7.960101690203317,517.4681299185557,3.2408463563161014,2.542161335255496
9.338351340640143,519.1054450280793,3.211487100452605,2.540099170220575
10.122685395058225,519.2389429846096,3.1799888279532915,2.544368522396196
10.939331715874047,518.1189343377896,3.1668459414753958,2.5341778227670173
12.788171461533189,517.8487759726763,3.1444714994886684,2.536645033579289
14.232580218016016,518.0255676875801,3.114479429714467,2.540414784170784
14.467736213073337,518.5162253466232,3.088860738180935,2.5374247229629048
15.450788257048622,518.122785865687,3.0696788961469665,2.5278354933238063
16.692885322421024,517.909128367128,3.0507874010472893,2.514917876933884
15.298961645616886,518.8293880085529,3.0371217814234477,2.512891482767616
14.56900044242216,518.3051883202302,3.012871839426187,2.5136397899634675
13.840131406799856,517.4855202610771,2.9925813077429737,2.501061587350327
15.453567627033204,517.7020182252389,2.963524513998531,2.5002029085837725
14.127490820233662,517.4470927346542,2.9507452937573078,2.49426043804218
13.489303471268352,517.3267797660902,2.94202867123238,2.477868111078953
15.036931598552771,517.6683188475081,2.916651529485653,2.476985306648308
16.359327127594877,517.7978137708664,2.90278653933964,2.4726012084417563
14.29880599422906,517.4632552284503,2.87921386568037,2.4650464662712666
15.44157639134134,517.6376841271614,2.8643291494224603,2.4525821618813937
16.579244024138223,517.5542834185796,2.848032457700799,2.4520473883875766
17.798001261684036,517.7217606835407,2.829337377437596,2.450723119821225
16.309290108064545,517.88895782079,2.8152641290958638,2.4487172403870856
15.155279697229904,517.9736017522603,2.8035665557945477,2.4451235485160057
14.00802338738543,518.0136930736679,2.7850457534868776,2.4475492422004326
15.208942928581715,518.8379712188447,2.771652731184356,2.446197131219273
15.339835374039103,517.8097956143912,2.7562605222778678,2.4492759900574796
15.386008493188916,518.1386459276584,2.745855591962187,2.4471058273944846
14.248303748724545,516.7124878801217,2.732402832108099,2.438344111489534
13.720276847440912,517.2021245728548,2.7303065582079697,2.4358246427625034
13.847564519210763,517.4051526360262,2.7197012541524934,2.4363852488933286
13.198545331875431,517.446259365707,2.7190586375580756,2.4353393514860486
13.083912969712584,518.6658791222667,2.7049007405669956,2.43032605153426
14.34619827593114,520.0438384609989,2.6863951794726812,2.4229948497359133
15.521067992931256,518.273681779357,2.669302663127058,2.424119786233328
15.68567799589071,518.6802949711462,2.6608352200304983,2.4127748097110553
15.052443797187326,519.1240602538593,2.6492957376263244,2.403874661654721
15.056672796802548,517.7360582984577,2.640837738395881,2.395487891130105
14.193361164099448,518.2127642023495,2.6231099853589757,2.393540275224755
15.180414212291165,519.1659112361925,2.6235459776919456,2.382806612706509
14.436479558914918,519.6403592991634,2.6138845546870786,2.3797193687166702
15.187519751072871,519.0927921935885,2.605542623360005,2.374204193453532
14.527142866098773,517.7615100439091,2.5934955212756314,2.371166748747378
14.650825913599908,518.1541334862492,2.580621594746464,2.367560425644218
14.772274786272362,518.1605156029749,2.571442044347855,2.354796192192632
14.701278647117698,518.4721955407185,2.558314727774514,2.3519146962360424
15.748700142328138,518.1270255741038,2.550824648155836,2.3464703258647717
14.6359071462283,517.7056913201052,2.5403375784652726,2.3409731896968426
15.832972012887723,518.3603388998949,2.528713014698994,2.338213123097827
14.726475646501338,517.9786352075271,2.519440777168093,2.335322242211526
16.06909796433626,518.287288914516,2.509568635445107,2.3295285411358324
17.141391058774314,518.0580341914789,2.4983883418668023,2.330879581074783
17.411326098595488,519.4280928062078,2.490798437373986,2.328203252386123
17.644669574587688,520.2259622797599,2.4793854274727267,2.3259231025732467
17.761766569341965,520.4581140503525,2.4721849436061603,2.315606572671937
18.55738336996771,520.6875749152848,2.4641037697148134,2.3090141077673385
17.43286757514706,520.8783676259796,2.4584166508077034,2.303215137802485
17.738785694726538,520.1335314622136,2.4463913613485695,2.293360091085053
18.60513587688689,520.2897921585239,2.430227649536119,2.2793668119439934
19.5738397710259,520.4395869874379,2.420910403793037,2.2764064683522895
19.503898472240266,519.4057535812562,2.4128635158208067,2.2730604831065695
20.542053239059587,519.8858138517314,2.4025582771933705,2.2721562219828297
21.50407449472804,520.2173803395257,2.392385911292245,2.2715167582760847
21.36274053311211,520.5866085753107,2.3812893558288892,2.2674714834439373
21.07680251479493,520.4793137283361,2.3675386215742504,2.262451138309681
21.119512475766488,520.0076249728271,2.3550272288002634,2.258017770128977
21.19667447795206,520.8072696638984,2.3459879483922776,2.2568603515813233
22.18433951034764,520.1196996413731,2.327682754314877,2.2548347468703644
23.128446311428096,520.3031608254961,2.3157162588464164,2.248729129911463
23.098703987330282,519.0802755730126,2.303321812546803,2.2506104220403715
24.144411477026434,519.9064346051302,2.2916205821819897,2.2477205035854517
23.18413094054363,518.5523675184464,2.2820906878779867,2.239430352647888
23.119179431043193,518.2697199999494,2.2695851800137437,2.2350912821814775
23.017475544550926,517.4894352964818,2.260175152419683,2.2349968182071316
23.981466141303823,518.0575839670855,2.2435194271648697,2.231336791518635
22.928624619229765,518.9748227451801,2.235099129817086,2.2290821312926163
22.89833408644827,519.853347025165,2.225378144240449,2.2295848498132895
22.7975596658304,519.9958909724967,2.2164563163020947,2.225124514048726
23.816995829262204,520.2456925563156,2.2060215131628875,2.2151441969651895
22.882130213567237,520.9432400176395,2.1958880100182125,2.2125416702690717
22.852265054742578,520.2867599962915,2.186194362057395,2.206446366372458
23.721534504201266,520.740526228743,2.1770369816771367,2.198192291108709
24.831503340891345,520.3619904548267,2.1619328132427365,2.1973523216159956
25.728631168639424,520.1594660367302,2.1525665781830075,2.1905035992468096
26.692299778300026,519.4421411878325,2.1402656600218286,2.188876071172299
27.619011588204717,519.6141759736191,2.127550458387146,2.1856784288905535
27.620529544397222,520.3280282985711,2.1245145460021426,2.1843635468459737
28.165052274379953,520.5362299061726,2.1211444702387716,2.1750886007188623
29.42066539463394,520.0653123586186,2.113185803612992,2.169741370574205
30.709274477775967,519.8618938100365,2.0989233103008584,2.1719012562165516
30.919031407389678,519.4922416171518,2.082937201011804,2.1714047670991246
30.823521576571096,519.3262046995883,2.0729751931048437,2.168509152986065
30.96490483041446,520.1603282360227,2.0573718580273055,2.170031908924472
31.834950478397687,519.2623133129687,2.0480323693268487,2.1687425705640524
31.737856705042002,519.4954038242109,2.0430226097254587,2.1673552628091346
31.675114745457446,519.561682734542,2.035910657905755,2.167393313135737
31.74576176173117,520.2573839435252,2.026987958570409,2.165889893896843
31.68632921773462,519.4335484622094,2.01381201919521,2.1630480144245077
32.57610094391132,520.2608179001533,2.00997287671749,2.1526797958290924
31.6280293834997,519.2182504010635,2.0053413308392707,2.1404082652346643
31.697139599343693,519.7735628547252,1.9976783639057218,2.1395218083238934
31.37536428347528,519.1245690004339,1.9897971465497863,2.134645818721018
30.857588476844494,518.6391094724642,1.9862792698404501,2.13143722781272
31.963649393143555,518.9322439571512,1.9785765157940292,2.128690955702405
31.06047040894393,519.2924485352476,1.974158342459835,2.119658140904967
30.741050599889128,518.0695718228544,1.9684042558820836,2.1159554878793694
31.838951833651425,518.7111756198743,1.9591462787668907,2.118950535256688
31.841250613154426,519.4514185255072,1.9545487197608842,2.115287109690456
31.874494388113153,519.5177664832906,1.9521405746564777,2.1107500037494265
32.965686910507216,520.3840215920095,1.9447470518801147,2.1054389361445334
33.73283318682268,520.4845599770962,1.9409322219122045,2.0956718813040562
34.37010977851322,520.4881019021851,1.937516852405673,2.0885880311261684
34.879120065382345,521.0276624300155,1.9337693476064284,2.08713211121321
33.961799912422485,520.0214509209462,1.9324264085907819,2.073642583216185
35.00526936551217,519.5805619080479,1.9270582283037097,2.0723299980280814
35.952952368076616,519.8027621516669,1.9208553292749604,2.0687342355467506
35.79938176403175,520.715532847137,1.9139095812683624,2.064897189965411
36.7100735141332,520.9983257395387,1.9092918201972109,2.06313525523723
37.49395596472458,522.035624001935,1.9051813493404819,2.0525625784749257
37.24693924006726,521.9778349710182,1.9006878276038726,2.043508897545723
38.306647541986074,521.2650131774774,1.892778428482149,2.0407799637901602
37.936326153609826,522.3225875353114,1.8902031414177836,2.031415762269801
38.584871341745036,522.3599377290977,1.8898158841543387,2.0184631422687054
37.66245844323915,522.2717652190438,1.8884607385940078,2.0101900681192655
38.43235687904416,522.2475283205997,1.88337870027257,1.9972752716760547
38.49793389202443,522.161117450092,1.8744368347431333,1.9867787720447543
38.47204085933576,522.1337149160721,1.8654227896942903,1.9807837296581967
38.53591111944753,522.0785122098022,1.8588090091934244,1.9700624024754907
39.352239415321506,521.9906848753978,1.8540046602689189,1.964844599859154
38.512815568888676,521.1519787143776,1.8491276451382483,1.9585322139032588
38.606966644315634,521.9027080316044,1.8406963715390716,1.9559975565724652
39.53733066859744,521.9651084269844,1.833258754980699,1.9507638904579783
40.37525020037291,522.6529937144775,1.8257639782189652,1.9454189796202004
41.181017888598845,523.1899125864364,1.8175219221928556,1.9404434493193936
42.01305374113292,523.1645702230875,1.8102841850647655,1.9319555343051567
41.16118520096727,523.1389348132143,1.805192749092513,1.9243012327996396
40.72184766086604,522.5839615875709,1.8029973276224,1.91847838196781
39.872845154327614,522.8223459918158,1.8016353384607762,1.91050047064712
39.378729460094256,522.9999261442425,1.7961734360499744,1.9060554449270708
38.826739958264135,523.1203391705471,1.7925209005064204,1.8984149795185308
37.92661832929746,523.3261050648184,1.7910753567435345,1.893716146197615
38.016522102477964,522.6904465424761,1.7853355631383538,1.888536337339585
38.278056686451926,522.0875267723402,1.7829212867788196,1.879514463905225
38.973074066000194,522.3205062862068,1.7769938510070409,1.874924543947181
38.745240737989704,522.6088527518499,1.7726176580617585,1.8732851738687926
38.085259917274065,522.0082383195045,1.7721419205403302,1.8688973012550196
38.51721684558167,522.4980714457076,1.7682401463795379,1.863911408963501
39.293250681644295,523.0158086117563,1.7604179333825094,1.8579340496185328
38.439380327174995,523.1613453710582,1.758856222392812,1.8517442676693037
39.237803052509626,523.2771531723737,1.7539548581304216,1.8475492488108567
38.47293162494941,523.392824807694,1.752478791123795,1.84305322589286
38.64412571360105,523.5376122228545,1.74979897288119,1.8365686947890172
38.22271135418757,523.6250150216919,1.7455162173895833,1.8311853919781558
38.98402586232487,522.39018901839,1.743580396050946,1.8226707105382682
38.50914552033276,523.0944415773794,1.7386553886384193,1.8181151387310446
38.678538387514024,523.2375871908692,1.7359214928506355,1.8118671105634496
39.40699119747334,523.4925670446854,1.731570517398998,1.804714779861955
38.573533675979654,523.6347230325144,1.7278889406734184,1.798835574156118
38.881169188187016,522.3881391931073,1.7235156671390481,1.7928760902780048
38.107307700518554,522.6671211985089,1.7207791046975769,1.788647628681577
37.280871789313785,522.8912141885935,1.7157315570849727,1.7825734805180034
38.193937353640706,523.1420431156981,1.707534253590685,1.7767157604431987
38.96557919966753,523.2808093578628,1.7005370585274173,1.7735201505764602
38.44771664725265,523.4458368863511,1.6968378255740284,1.7717043581627978
38.448940869440385,523.0104574055003,1.694389381198546,1.7685508325942654
38.4501622910814,522.575775344796,1.6919465379165186,1.7654131133119222
37.989014136971036,523.2040538027737,1.6887027420924112,1.7610575145939285
38.180451141109124,523.3423520524831,1.6860963542348337,1.7560807440456085
37.36938062272423,523.4264528594645,1.6820960209289744,1.7504932670904787
37.53390160749071,523.3206137623989,1.6773770993959536,1.7459560958881837
37.535403602571726,523.4578431919383,1.674373109233925,1.7410375094229975
37.537391537397816,523.3795534185987,1.670397239581739,1.7362667585705331
37.59194188905586,523.0052707385782,1.6685880257774885,1.73379169202851
37.80778101435177,523.1937959730835,1.6655363600969135,1.7317894848150708
37.96875982655079,522.7146348490786,1.664570641484652,1.7271360154676707
38.58394955997331,522.0753323292292,1.6626310951625285,1.7238907033166095
39.14507074042402,522.7704219322661,1.660295015231067,1.720262130824653
39.33202779660458,523.0102609180158,1.6590260875333191,1.7196993967498873
39.33258286017258,522.4255194432145,1.6579159603973244,1.7186474744812699
39.253580650320174,522.7185042460922,1.6564041490292312,1.7175707159933633
39.30739189878144,522.1347991390314,1.6550442112120411,1.716092779956009
39.28223705703661,522.2686337437409,1.6522672994922447,1.7138565465843538
39.283568300867515,522.4289017606563,1.6496048118304434,1.7113661488924934
38.80813722493761,522.0056895868435,1.6477910007090437,1.7109674183128567
38.782173612603756,521.6091837800387,1.6468267312588978,1.710606620154229
38.73107209882799,520.8429366733999,1.643288596678143,1.7098539825137136
38.626174197235386,520.5530903464198,1.6418732253060122,1.7087159064412765
39.02251761622786,520.6861017786484,1.6406247595852703,1.7065058327385798
39.260174985335986,519.9755009891509,1.6396835092007491,1.704586948238517
39.234725424005795,519.2388029618375,1.6379194349597965,1.7034134896283508
39.15636784593394,519.7125413156616,1.6367839241425668,1.703040783745539
39.735535645011716,519.4784144829266,1.6354960235849072,1.697956754743587
39.63084871363944,519.7149137281564,1.634897824597157,1.6973954031818717
39.65797248593292,518.9806828457746,1.6331250312828574,1.6965641323106893
39.63203711248819,519.0334882560504,1.6325621076918604,1.6958206527199877
39.55377908650922,519.4266963079982,1.6318388302550788,1.695601195797915
39.999186532534644,519.7939616923156,1.631793764153898,1.6946455779453224
39.99966118747907,519.9530219968219,1.630844454265038,1.6908201714802853
39.921945133485,520.0323977454176,1.629353920125071,1.688991316417146
39.896008893535694,519.928458785051,1.6289711046187831,1.6878480555306563
39.922208002559344,519.7458802095421,1.628804201796258,1.6873859999749745
39.89666272533729,519.5637990464139,1.6276733256821236,1.685998312323649
39.792511607732436,519.7730111627743,1.6272484231945328,1.6850283549974727
39.741139681881535,519.5650298417771,1.625672565119982,1.6837121578863639
39.63736161150803,519.9562102647287,1.624771541512205,1.683065678313923
38.857879001602086,519.7237303207052,1.6210396893386305,1.6792164447653712
38.4682133811484,519.4900830176483,1.6208131492651672,1.6787763822907065
38.7279766265411,519.51629068537,1.6208870128935713,1.678321082288785
38.54612559267218,519.4645335230741,1.6209106272172633,1.677927277333492
38.6759642415832,519.3608935298358,1.6209746458346792,1.6774142106585916
39.482347815652886,519.8805631616817,1.6183856425010712,1.676899556518915
39.4571338528557,519.4135736947355,1.616921358354543,1.6768187150754446
39.43219060837445,519.5442010990979,1.6149400691302684,1.6749027972844621
38.914662245745646,519.6490507260767,1.6138688420044478,1.6724291338033668
38.73359244456654,520.0892956928399,1.6137537556198955,1.6717005872236863
38.68267179935685,520.1940301741803,1.6121201929205842,1.669181330780342
38.29519174289544,520.5558348906316,1.6119990098858699,1.6689811074379688
38.32118475640716,520.7110924117314,1.6116800129588567,1.6684682458169602
37.856482913900095,520.4533326919006,1.6113127292888543,1.6674482584316122
37.418171712267615,520.0407263445514,1.6101887635931418,1.6665467235199283
36.979953675336006,519.6023848604345,1.6094210039367425,1.6660258582341232
36.877109508329774,519.4736957442532,1.6087896792206429,1.6655045171863583
37.134980982705216,519.1129270982545,1.6086642734121581,1.6651772490641497
37.54746424685092,519.4999074756214,1.6085719698760412,1.6645360800383848
37.13513158937355,519.4999968514682,1.608547284869309,1.6643573283448996
36.72290451826509,519.1394375985996,1.6083625229138356,1.6639167929312666
36.903296628498666,518.8045338087774,1.6082890100476988,1.6638330584593966
37.083718977706575,518.4181331343091,1.6081376890384964,1.6637200272388752
37.13530865130587,518.0575058474753,1.608005261052896,1.663646166415425
37.34143719310666,518.3666954967251,1.607909832868013,1.6635093510407184
37.47028351435415,517.980353553566,1.607799951304833,1.6634449545636645
37.90817625373276,518.1864818155751,1.6077491491529083,1.6632988665948785
37.49615587689892,518.2124166861859,1.6076185406023429,1.6629398355122038
37.70242588524047,517.8007801795186,1.6071026378698248,1.6621646209455518
37.985836460418675,517.3635905973913,1.6065911676699123,1.6613379158673263
38.423307991953116,517.5696657294236,1.606496064061788,1.6608808091960492
38.44922912257962,517.8015004209109,1.6061067747549904,1.6602881737372852
38.758061910449776,517.3646203792651,1.6056914550143564,1.6596103943624494
39.041144780007706,516.9277218192881,1.605149276450056,1.6592620116460093
38.55308773876425,516.5682658428353,1.604543925014142,1.6584859606081737
38.8872864104405,516.1830573205096,1.6041456277452575,1.6581348751631704
39.27276565525001,515.772468519182,1.6037781965120859,1.6573486822068613
39.06769289597973,516.2862549215054,1.603086943189818,1.6568678072171272
38.60577658573742,516.671567023671,1.602869340521764,1.656285455513253
38.657156961307244,516.4663891228674,1.6027556873621618,1.6560528652000608
38.55465714803475,516.0559681136539,1.6024828986238215,1.655805222493856
38.60625738987396,515.5942484415946,1.6019022272577015,1.655666255801919
39.29877607114166,515.4414537997947,1.601925561087292,1.6534642735428355
39.17090605651518,515.288207871153,1.6013437132421435,1.652369878308519
39.119933333028825,515.1349819788387,1.6008131424771215,1.651393609723735
39.12000338173894,514.9815733131704,1.6006730450568896,1.6509251062781696
39.06890126264006,514.8538088751565,1.600467800676168,1.6504302758598755
39.19705387009126,514.5470297403558,1.6001312544405557,1.6496637406611074
39.40196086951513,514.8798562163311,1.5997283577856978,1.6493038297740612
38.99266919078949,515.0847919281746,1.5996817612090568,1.648747383101037
39.04418532641015,514.5477584031453,1.5989593011346501,1.6485614159069764
38.94201648013729,514.9313700647594,1.5987347250939439,1.6484465998775522
38.50729706446064,514.8551104677068,1.5988748908170793,1.6475601471069925
38.02155834107464,514.7789119235194,1.5990053819150216,1.6465866635332622
38.430410804880296,514.7536468552719,1.5990654558596245,1.6460064874311384
38.81369712086115,514.600728600135,1.5990252014571422,1.645230046681313
38.40495360411476,514.4987355205791,1.5990828199876306,1.6448588520525393
37.970716230114924,514.4735357879564,1.5991223593243042,1.6441738932590257
37.94517505062519,514.6270372573634,1.5991304186630992,1.6436167522888125
37.86847374802334,514.6787227725541,1.5993359742704687,1.6423770883050401
37.46012194557955,514.4746853922985,1.5992479877998322,1.6420560531372304
37.51120753967174,514.3473763142646,1.599162889981834,1.641458983289143
37.48573114275937,514.1944473041323,1.599083355187978,1.6411230318420862
37.10306751105402,514.0159781256247,1.5990236406952592,1.640880799169318
37.230621996850246,513.7864506279205,1.5990199323890735,1.640746320662165
37.460256022854644,514.0161004117583,1.5989218281270898,1.6406167007335422
37.40931000942212,514.0671691259163,1.5987832581951804,1.6405098692145557
37.43488481894332,514.1692847100867,1.5986450712724625,1.6403244293524317
37.38402067063229,513.8123673373588,1.5983606920455908,1.6400704438657436
37.38406669962511,513.6596042079785,1.5982686340599548,1.6396095544833402
37.307642131514164,513.8890704869392,1.5981502643800676,1.639579514267231
37.35869088413037,514.0931201740269,1.5980264131025583,1.639374755911521
37.74112370595345,514.4500615927342,1.5978856092921012,1.639235102343635
37.562739426349694,514.0423182983428,1.5978134941730753,1.6390858640944177
37.995946646049106,513.7622108397438,1.5979529257088492,1.6385894530406024
38.40369742948572,514.1445470115831,1.5979420300655232,1.6384396136400787
38.403667898137456,513.6860299398714,1.5980010927620487,1.6380921920930012
38.83681830297851,514.0173885954149,1.5980393443669347,1.637869457284208
38.454611978235214,513.6353039297578,1.5980785642812403,1.6376653590261165
38.811314777629306,513.9920860529176,1.5980519791911458,1.6374801264048595
38.76039541999046,513.5337677135917,1.5979860630929392,1.6369751226735412
38.709837948563816,513.0756496291913,1.5972143147258921,1.6362310704915057
38.27709481452061,512.6180405254647,1.5970695420431784,1.6348987641890729
37.79360184027036,512.4150342247905,1.597026416408961,1.633741229059744
38.02256482599672,512.1607208047839,1.5969971287387512,1.63359397598127
37.66646685489665,512.5168672089518,1.5969481898324012,1.6335460487519258
37.86997630510142,512.5423369198496,1.5969141601764614,1.6334797358002866
37.69202515833735,512.9494230079792,1.5967157432871981,1.6332520404951756
37.310571140299785,512.618846209728,1.596651466937601,1.6331629662295988
37.31063681626374,512.2374276125072,1.5965201150096908,1.633064056819819
37.43787222751359,511.85601046752976,1.5963431888001727,1.633016657904299
37.743046120880614,512.2120622398594,1.5962582909624772,1.6328864836242203
37.895613620780146,512.5681017951837,1.5962344256483527,1.6327333534405333
37.9973744099854,512.9241406135756,1.5961091437772346,1.632542754544642
37.972020491243775,513.3055554477954,1.5959728788008838,1.6323746229989844
37.94666865053708,513.0261005420588,1.5958372500617248,1.6320520227941402
37.99755937981482,513.3565716977073,1.5957199957344574,1.6319270389803808
37.99767548827326,513.0009388195468,1.595487778817574,1.6315967685987691
37.87070956658805,512.5690599788014,1.5953224534880095,1.6314240765096355
37.71835356638525,512.9248545532176,1.5951497886600945,1.6312324798886029
37.845433484399194,513.3314420675977,1.5950318287097447,1.630991454576914
38.02328256184923,513.05226280699,1.5949527643911345,1.630519976307012
38.25187155001404,512.5953059925357,1.5949214563965006,1.6301402685455737
38.429679467104535,512.1382690780227,1.5948189378920568,1.6300370001174393
38.505917340737966,512.4684281776921,1.5946963179353792,1.6299156857895556
38.50594667067445,512.03694340729,1.5946376580624104,1.6296161456724492
38.12520849651733,512.2401269652848,1.5944904543751124,1.6294482574167923
37.769879244679416,511.9101848960298,1.5943697672619768,1.629323147336904
37.41459481776114,512.240230742898,1.5942136199697283,1.6291903832200074
37.05930306074397,511.9357321946575,1.5941358447955498,1.629049231808025
36.6787287615813,512.2911498570443,1.5939133083793804,1.6288269661265453
36.653381476419554,512.6719209243527,1.5938568079251825,1.6285508931751986
36.602676242470565,513.0526498868602,1.5937755905008095,1.628280608077633
36.57734763734927,513.4079657152832,1.5936924856419048,1.6280133626524609
36.526747261818144,513.0784391671739,1.5934236258262744,1.6275139881647909
36.501500876419676,512.6474928217195,1.5931936798959654,1.627120494710284
36.5017651470404,512.1409571915776,1.592665138654514,1.6259336460611846
36.50213171262468,511.73569149593783,1.5919320074859509,1.6254903475431688
36.09697141625705,511.4572099549347,1.5915745272181205,1.6251122543598715
36.09700312802928,511.78652464344214,1.5915111036736507,1.625008230774511
35.66653306477674,511.98937301565275,1.5913474917374282,1.6245367750315918
35.261444311592975,511.93884597046724,1.5912342389094827,1.6243045205032622
34.831202583373916,511.5338944160249,1.590876180905036,1.6240038510890107
34.805927350988675,511.10356191234985,1.5907992856553634,1.6240037380964787
34.780832748962155,510.79988006359355,1.5903623455512574,1.6238537057234306
34.426573396717934,510.36973497082687,1.5902446088931028,1.6236567841501772
34.37608859039725,509.96510181323004,1.5899903483679998,1.623132114012175
33.97137030781338,509.56047612475663,1.5898320204371041,1.622788597860356
33.591971461836025,509.1558264652447,1.589752935028369,1.622619354363213
34.04725809334179,508.9788905082725,1.5897614769403798,1.6223761219483752
34.426655158562426,508.95370742839816,1.5897302293953979,1.6221580895040024
34.4270675870828,508.47342019611443,1.5889053723546447,1.6217073496043513
34.02267930832477,508.3724734186701,1.5887192009132889,1.6213602222536296
33.59354100418771,507.89263819822656,1.5876155746274745,1.6205468715737257
33.16439083447806,508.06968586235354,1.587049091103572,1.6201025880612179
32.76045094795141,508.1960915616291,1.5868383830350332,1.6198194648606024
32.55920502261743,508.3734859595528,1.585347185446863,1.6185158362372813
32.03040704774459,508.5510076515142,1.5834120790827173,1.6166494710177268
31.577662796147653,508.0976988895324,1.5818087531066332,1.6161751658113541
30.747070281434638,508.30000138116515,1.581073374566814,1.6144599784163665
30.54598528906152,508.12422953063583,1.5806619734597906,1.6137449668533734
30.370316582705744,508.3768783247497,1.5798647596659041,1.6114968450618976
30.169709988848243,508.5279921542922,1.5790215803649315,1.6108114612389581
30.21997918798693,508.4276701620805,1.5789491171775751,1.6105235754822336
29.667656525887953,508.5037660205098,1.5785938168937022,1.6090137619622098
29.2412161035143,508.1275648470105,1.578109119239629,1.6084465127241552
28.790175812773253,508.32872353779175,1.5769243225318854,1.607580410357128
28.815372591693116,507.9027562322196,1.5766798645862803,1.6069803233014681
29.241945700078837,507.87833420179805,1.575842472600071,1.6056885709218993
28.841504636357072,507.70331317649664,1.575087801337217,1.6050145220905911
27.990978967577313,506.95446447806967,1.5734260354757204,1.6003180041612384
27.81634806924557,507.13041399194776,1.5728294243175382,1.598277384226747
27.366937923505244,507.25534557059257,1.572760533745727,1.5981056663962745
27.71656693639594,506.85598955292284,1.572585535895205,1.5978656698147147
27.64186435002564,507.0562616696637,1.5722068027140603,1.596745185457591
27.018592702658196,507.15699343523477,1.5711405553835809,1.5948991810459017
26.57071940986901,507.3322617442097,1.5694333755685592,1.5933723607490309
26.073487229566084,507.60752135740034,1.567745582713029,1.5907368187715787
25.178338710045065,506.8881121950608,1.567418789621713,1.5871081675655287
25.25297128976566,507.03770564182054,1.5671856740592292,1.585985361803449
24.409119304938976,507.2872914897564,1.5665850948910198,1.583373827349751
24.40944008942222,506.8657975639398,1.5659435259245311,1.5830685840130834
24.682352100796624,507.08922638107316,1.5656156473532967,1.5825259768007598
24.707324289565385,506.7429689593018,1.5652481244590148,1.5809648553381572
24.410267280681467,507.01593977928724,1.5648040636550713,1.5800347873913945
24.113340295270795,507.28879090293464,1.5643595216126809,1.5791061768882988
23.24758712286918,506.9188580276375,1.5632517437990556,1.5764230177897445
23.717317944570098,507.14151733063176,1.56321827739915,1.5760967061704765
23.001417116240518,507.98364351978387,1.5613200441363484,1.5727338539816569
23.519655647738773,507.81131942167434,1.561300032249668,1.5718963664974175
23.174350734073137,507.76209296596886,1.5611273892058972,1.5716660678548386
22.70588425228121,507.3677546602884,1.5606904081341804,1.5709785152951758
22.558587092148986,506.92416523770436,1.5593794025432084,1.5704413828970634
23.199697207771713,506.18586833742944,1.5586585942152487,1.5683820031576257
23.003053459683198,505.7432155928132,1.5579886959921205,1.5672833549897085
22.831120918835687,505.32565626166445,1.5573359797411144,1.5657159365611704
22.314805272531714,505.52308471952136,1.5571478830949155,1.5643140262775064
22.241416621076365,505.27754399761045,1.5564546417741578,1.563826989327839
22.168055412281937,505.0320961487653,1.5557622820203345,1.5633400958758912
22.07033917809208,505.52346462337294,1.5547160054159999,1.5629968715807734
22.02187249167754,505.0088414731228,1.5534537836726432,1.5611894290706554
22.09622219084024,504.61702225110474,1.5519027701271593,1.5600364876138009
21.70442463606691,504.8622243633733,1.5513878701395831,1.5597010190356337
21.312689803471716,505.13185758932343,1.5509618219503059,1.55936287008383
20.872034469885605,505.3524696669717,1.550606451312294,1.5589717336924889
20.406908032700024,505.695481465264,1.5504351986273033,1.5585238096755507
19.966379567610975,506.0628415293636,1.5502131555781835,1.5582028258322898
19.525874441551117,505.7692645718679,1.5500983453501824,1.557940032591884
19.721777730044455,505.940806923097,1.5498553469254548,1.5574734613753165
19.917636418985428,506.1123099433981,1.5496121704509294,1.5570073470046342
20.088985309471692,506.2837580457685,1.5493761409550324,1.556572893740453
19.64921113170103,505.86815285310615,1.5484985893367778,1.556269922303417
19.62498841089902,506.0639314770592,1.5480500769226437,1.5558643065424471
19.62531901358857,506.2840231706413,1.5473888715435473,1.5556054440942326
19.57654854437034,506.06427169397443,1.5471977912082602,1.5553143129551232
19.185841080872137,506.0400352382043,1.5468780536515543,1.5549288079607517
18.990716836511872,505.62505858261164,1.546348054228483,1.5544778318409724
18.57600788010485,505.60110677924484,1.5456243171315331,1.5535495768150653
18.1370619978719,505.5772728995342,1.5450108140202163,1.5524114880376323
18.600597171426955,505.3580490277761,1.5447275809777523,1.5518548091007591
18.161762679902786,505.6995115226119,1.5446257591183241,1.5516404454684887
17.91849785069657,505.26134504966467,1.5435547532649774,1.550292195684502
17.504651601238947,505.57835298637923,1.5429737568418167,1.5496619363376922
17.94308995911203,505.38367858428757,1.5427491660298558,1.5493875738835274
17.553676331027738,505.21340290725584,1.5424558027489612,1.5490736569378558
17.529462118570482,504.94581080639455,1.5421987522480358,1.5487176290905231
17.140736944509296,504.72696433991115,1.540835956996852,1.5483281689096988
16.70291870329619,504.922111836403,1.5408045121549465,1.54721892137856
16.31415954961981,504.43611883569287,1.5402385944896875,1.5465996415263243
16.19288500160287,504.9957496077292,1.539729690721239,1.5454048965443172
16.605895485008958,504.6071899301143,1.5396499175955423,1.5451678341868027
16.43620022521721,504.77759568807255,1.5389819233813506,1.544414832067983
16.0720965167192,505.04477036513657,1.538828184741392,1.5441969920730547
16.53333013692771,505.2148021856732,1.5388405688111357,1.5439942652843244
16.533724914580954,504.82665519199867,1.5380510135046506,1.543511242960176
16.558102507931686,504.82677147070785,1.537824347229803,1.5432786855418854
16.12153338811397,504.5843216883239,1.5375793921431264,1.5429653643530656
15.660746891296352,504.4874250946761,1.5374149368230918,1.5427085623949226
14.836415251511891,504.63395829809724,1.536878841469429,1.5406773393625455
14.424797722083897,504.1978847596318,1.5362013788852542,1.540446452415634
14.231707444979904,504.27163677554495,1.5347728497362088,1.5382958268481737
14.256730354575957,503.76460239760604,1.5331218049022155,1.5360743212056076
14.063851999317134,504.22420006418395,1.532208182056236,1.5352210297884077
13.677767729783984,504.41780910555264,1.5314812648857032,1.5344506751695741
13.19531258068904,504.56329545087135,1.5307438211655626,1.5331723071050958
13.123185184318709,504.68425313162044,1.530246682205477,1.5325101651081496
13.147585317081825,504.61220043016556,1.5296788046826266,1.5319184040078497
12.761948017124432,504.6605113330376,1.5295273878658553,1.5317248503550882
13.413804674201568,503.89034113019756,1.5274487998252182,1.529387062122689
13.438198022696485,503.50552526601774,1.5268012478483388,1.5287924702751337
13.318358966529372,503.62613313619136,1.5258814423934064,1.5281746477170632
13.318847764767654,503.6022255882643,1.5249038459168411,1.5278943754629977
13.294911709545561,503.2178413656129,1.524700399586408,1.527453912371777
14.06487957686057,503.0742710718962,1.5228580200161157,1.5262019957315798
13.585440874053976,503.57920339752775,1.521401706788174,1.5246877492516027
13.586181869630082,503.74756439224296,1.5199197156359658,1.523755099828933
14.282074192627178,503.2453995510632,1.518159512614155,1.5215153579670115
14.713103172976849,502.862727522431,1.5177415414334017,1.5209572023260534
14.545915450206936,503.0546762154731,1.5171423691975874,1.5198879508424905
15.00033164118624,503.1989075360268,1.5170276279597552,1.5183887752258818
14.546478927982784,503.6534933602257,1.51649824789576,1.5174519332989593
14.355739433813428,503.8218022366758,1.515747296867885,1.5152853773445334
14.21268895466869,504.2756903438612,1.5154514678742408,1.5144323227037115
14.212829899569401,503.8702098467666,1.5151695780728167,1.5142433371863
13.855112971440626,504.1327179112167,1.5149940926312913,1.514007392198777
13.473585322999945,504.2759427494708,1.5148364270804662,1.5137625766025833
13.807466698489474,503.9421631699212,1.514796280593395,1.5135991312098354
13.28318164390072,503.8234931030355,1.5141585510582558,1.5124829380010767
13.307480318416701,503.9666320739642,1.513224845697199,1.5121868581691682
12.950234646278208,503.99056689636893,1.5130520184739475,1.511961491459704
12.998290418535944,503.7763427398208,1.512216488471589,1.5116677392469924
13.022384463804167,503.91919854547166,1.5116486217976726,1.5116774711204253
12.641960543440089,504.2768148692719,1.510713509988206,1.5106163415239302
12.261465452632278,504.27692787649346,1.51042372911652,1.510390327080832
11.833403169969454,504.253424281727,1.5102545462418306,1.5098256417137794
11.881470134731938,503.659292964261,1.5092412523181753,1.509080331629467
11.45401933838426,503.6355714816576,1.50855562467095,1.5089906734838692
11.430436437296176,503.77815796604165,1.5082010128264152,1.5089401888400717
11.050798770075515,504.2297015583647,1.5072517982208247,1.5086196561872
10.956079171071458,504.56225973879145,1.5067148465055658,1.5084198193655145
11.146163946255838,504.5150905972123,1.5064047664179898,1.5077932349534728
11.28903178942016,503.9699628033657,1.5054751829009614,1.5062920952021248
11.337012587704775,503.4488987396213,1.504372397368133,1.5049733012904856
11.479545809905234,503.6150382154177,1.5036535766201389,1.5044332439594663
11.290285811598443,503.4967677597177,1.5032020084690856,1.5041169273815396
10.935692517220353,503.1891243589321,1.5019983056369197,1.503732142909558
10.581219453055636,503.37887425425737,1.5009293969126654,1.5029070386876597
10.273819607873957,503.0004693036037,1.5007704802364115,1.5028448082539048
9.872134537452956,503.4029149492844,1.5000231902097343,1.502070947761244
9.517761590206648,503.1903945408775,1.4996130303626114,1.5016181319711925
9.943530607008348,503.61615234407554,1.4988176409784368,1.5008451697943967
9.991010085673903,503.78150818218626,1.4983362470951127,1.5008049656401643
9.967461482271844,503.4274712603852,1.498202887620144,1.500420315056102
10.700505361855242,502.8375269972642,1.4960098202477192,1.499748605980031
10.394462678396048,503.19171581596424,1.4947904319134797,1.4990303015637243
10.064478610195325,503.309706037897,1.4947037689330784,1.4987837146203165
9.64028832197471,503.5221163423382,1.4945369092746021,1.4982368237877963
9.239955418617637,503.1217080732322,1.4939878539098292,1.4978384999209817
9.192959070572433,503.49878819548667,1.493749818210268,1.4975241097317031
9.21674826742179,503.1220915825096,1.4932780911675763,1.4972106691895122
9.07552928195728,502.9103083267624,1.4931502560563927,1.4969284716236135
8.6284812491183,503.31106855150796,1.4925772746879125,1.495901380016077
8.58178512606595,502.9348795093197,1.4918442233902252,1.4952770851735226
8.958321092137972,503.14683282479945,1.4914326541877156,1.4947419083686342
8.511693370368103,502.7708349466093,1.4911871846761127,1.4943158432320034
8.08859820736232,502.8651923355251,1.4910933039897378,1.4936642224443712
7.642260765198942,502.8424795469178,1.4906912159872239,1.4920857484837835
8.065302970690414,503.0072409102672,1.4901183623824799,1.4913730718764606
8.487962846177279,502.63173371460766,1.4899457709144082,1.491145543634934
8.32444460807369,502.46814634495036,1.4883580143760482,1.4896960502040766
8.746622362256309,502.67949359483447,1.488175290416985,1.4890879426389823
9.192272901647806,502.96129079821674,1.4877088693288152,1.4881259512606728
9.473546289888295,503.12549733900346,1.4875245772476609,1.4877576522537834
9.09882384299352,503.21932094323546,1.4872920594544348,1.487529796685545
8.748174891430338,503.38384302446525,1.4858761388567632,1.4864187519638519
