529.5,327.5,271,123
529.9538615190329,326.5368874976846,275.18658203151426,123.92622500463082
534.2167900772185,325.6878563453762,279.00344927620984,125.62428730924762
537.0857986560961,328.69242754618324,279.52202640040167,125.87173918958035
536.0055861343022,352.8500384574496,281.6824514439895,127.70426400737134
536.4361135219608,358.559235643377,280.82139666867243,128.94987854631722
539.0308681616684,361.40703784470156,281.9732084290335,129.59559518344457
541.6572527322941,370.8990152787775,283.089815184155,129.71976800441084
546.8986150411665,373.5286423014935,285.3826624239349,130.84829988774123
545.4807701767836,376.28477992183656,288.2183521527007,131.7769117092638
544.2457669604108,376.63989073126544,290.68835858544617,131.066690090406
540.5310667834087,376.0526737221408,291.59595260076287,132.2411241086553
530.3219932277016,375.9754289094748,292.3473088302553,132.39561373398732
530.8875524385711,376.0297141532481,291.2161904085162,132.28704324644073
535.2586147823461,375.9976501350076,289.02495098196107,132.35117128292177
536.1957507566088,376.02171732089613,287.1506790334356,132.3030369111447
538.2286425536023,376.29206192287324,289.5769623898402,131.7623477071905
540.228245829327,372.4399465033432,292.0956233449706,132.94871103967085
542.3285799880276,371.20472642267913,294.4702202528504,135.41915120099898
550.3680727841838,364.62426175509256,298.35042825638504,135.27395147227398
563.0931368378367,363.14212131216607,299.72796686013254,138.23823235812694
566.8285592023168,361.68064748354766,299.03599866845866,141.16118001536375
570.1746131951904,361.3482130292174,299.1637600744724,141.82604892402435
573.7173141365981,364.38751125090295,298.91168334445166,142.5807776334477
575.0298870719835,367.2377102019878,296.28653747368105,143.7231803938529
575.5432880114395,370.63897176922853,295.25973559476887,143.7450200987457
564.4611445929559,377.82770198913784,296.9947888963684,142.98704868250573
565.5052443508891,377.54813417976754,294.90658938050194,143.54618430124626
562.5610710912322,380.61614419802885,293.99380354919856,144.21129661534084
558.650891995188,383.923047411502,295.01482244006127,144.3968294896203
557.576473976543,383.57636391948995,297.16365847735136,145.0901964736444
553.3573292586443,383.3301075345502,298.74102943904614,145.5827092435238
545.7960199761285,386.4992859938865,300.07861542109606,146.1368686163421
538.9175600926721,386.28179464856606,299.9921737401156,146.5718513069829
537.5742860726139,386.43294834075226,302.67872178023225,146.26954392261052
536.5676571405661,390.40768797065857,304.6919796443277,145.28202319827153
530.3529873096342,390.89307723379864,310.14716847914747,144.31124467199135
528.8902815834865,391.51338188699015,313.0725799314428,143.07063536560835
527.2702856789576,392.39025047861213,316.3125717405006,141.3168981823644
527.7516841312037,393.34447184649315,315.3497748360085,139.40845544660235
532.3490084161913,394.2926568282939,313.1813997502932,137.5120854830009
532.5558113485588,391.7123120698798,312.76779388555804,135.71133116958737
532.9191885692104,391.38940062575756,312.041039444255,136.35715405783174
533.281049538316,390.4785437427299,311.31731750604365,138.178867823887
530.3505187339639,386.3089498506576,310.23221911064866,139.5718956039324
530.1715067805824,382.5505533014637,310.59024301741164,140.1337884148692
533.707131059273,380.9840425603285,310.48895830517625,143.26680989713967
533.7389775525385,380.2761576391591,310.4252653186453,144.68257973947829
529.8686919498648,370.11643316720205,311.1186057814251,143.8603364556892
529.4378756600548,369.7119431108863,311.9802383610449,144.66931656832068
529.8190182463525,369.5116925055198,311.2179531884496,145.06981777905364
529.3339816508576,370.31768018525,312.1880263794395,143.45784241959328
524.6133969991085,370.777545292388,314.5777397821854,142.5381122053173
520.5855391320061,370.7424490929193,315.5633874525245,142.60830460425478
516.4394459111122,370.5888882249095,316.76995831757625,142.9154263402743
500.98287899990567,370.599429167994,319.24898071594436,142.89434445410524
497.29096752183204,366.8107142502913,319.4886590037572,143.32762962117633
471.93473020475886,363.00044374789724,320.1144798347474,143.7929343683708
475.29645870813545,358.6164361231919,320.56351675486917,145.3884556909065
471.4157678657424,348.09377754658226,321.1178781932294,144.81271210484795
470.9280077193623,347.63887892597154,322.09339848598967,145.7225093460694
470.29070461212837,347.74972093117725,323.36800470045756,145.500825335658
470.2559512726791,347.5578461184864,323.437511379356,145.88457496103968
469.6824225691706,347.1442626518153,324.58456878637304,146.71174189438184
469.8207934766316,351.1231928773698,324.30782697145105,146.04252445148433
474.0244041374356,354.49801796273425,323.1734827994393,146.56575143035167
478.422174004358,357.7537293020531,321.64352870589204,147.3199143920114
489.10846972947456,360.3696503113982,322.0406515291508,149.34464379781863
510.37874559524687,363.17467134796783,323.28679914684903,151.03238494955315
513.0839682431302,369.91724980511606,325.221773136255,152.23806660560197
520.1909637709277,372.5173769243033,325.79708899035546,154.4324658220752
526.3441088427422,391.1734785474398,328.37344572317033,154.32687976691176
537.6107553865123,392.2520390330211,328.2712264255749,152.16975879574917
553.0359090947803,392.48643699912355,327.1723214136063,151.70096286354428
557.6100881554177,392.2112441146036,325.4376252770021,152.25134863258427
572.6782906785206,392.7814701968217,324.89333505643253,151.11089646814798
577.0423832502795,392.5628307189674,323.5353286665078,151.5481754238566
580.9399732377678,392.3396615015977,323.0981952774181,151.99451385859612
587.9229674524843,392.2522505002005,323.8511486034687,152.16933586139038
590.2845133613963,392.0652928493547,326.50154748963115,152.54325116308206
595.8707278866033,392.0750050094331,330.1663566867174,152.5238268429253
598.4374153841014,391.9874675101142,332.5045986185421,152.69890184156304
596.3712180305873,388.7709376687908,336.6369933255703,151.62327245027714
595.7375622017917,382.4829826944955,337.9043049831615,149.09943738880852
598.551181967054,382.18164556153204,339.8009472938681,149.70211165473535
602.2223823989959,381.29745095346436,340.0205349174529,151.4705008708708
601.1104452745797,385.8354693224461,342.24440916628544,149.99075789663783
600.404108199172,386.7947203236344,343.65708331710067,148.07225589426116
602.5609050611406,387.1772160115587,339.34348959316344,147.30726451841252
607.4904170801016,386.7147632796783,336.99760495052607,148.2321699821733
612.2130290372351,386.7249960686709,335.0478457963741,148.2117044041881
627.9426211481177,387.50216506902655,333.45602169241295,146.65736640347689
636.5146176982666,387.8899863855496,331.14481617906097,145.88172377043082
638.0115789971936,388.4703395374821,328.1508935812069,144.72101746656577
642.5534843146037,404.45633386547024,326.37247601640865,141.97060109067723
647.0017933450167,404.5800379344914,324.7070039491449,141.72319295263492
647.7505311342429,404.1336494566785,323.2095283706925,142.6159699082607
649.6989264882449,403.8667781237523,319.31273766268856,143.14971257411307
649.0921626526685,404.4248450363448,320.5262653338411,142.03357874892816
652.8732486304884,404.19513112359505,320.11163027332384,142.4930065744276
655.8407628906009,400.1589977098748,321.3262072919984,143.41566786296852
655.8650784075617,393.4048056703259,321.2775762580769,142.55715222208198
652.4189971628147,390.3880990270226,321.002093395179,141.4229201562967
652.2996891893075,370.17105891669763,321.24070934219327,138.99489119087343
655.5132659254539,370.8504510222376,321.91788060599504,137.63610697979348
654.8948560711519,369.1808260810403,323.15470031459904,133.88524531079332
653.9997911992481,363.81668594146424,324.94483005840675,130.53053092732517
653.3598185837011,360.1068017848356,326.22477528950077,130.9427158698347
649.0314134267508,359.44695526918025,327.848218819247,132.2624089011455
643.9068880290107,370.3235588484922,331.0169865726387,131.7500508687869
643.4670391803625,369.7207576986916,331.896684269935,132.95565316838798
643.4960089312798,388.3976588781379,331.83874476810047,131.35658605087832
643.874387907126,391.27381557002207,331.08198681640806,132.72582504544675
644.5495730322007,412.962618109388,329.7316165662588,132.15891905751636
641.8179576295599,412.62382137139474,328.08928871798025,132.83651253350297
631.7947303006285,412.84678588386925,326.8537767979186,132.39058350855396
628.2097389800599,409.37318519343546,326.9555173030135,132.269542753379
626.5830460553002,402.8787787249439,330.20890315253286,131.1232539140919
628.6914766597947,393.42698284099583,333.0859766613179,128.74504152866555
619.8318104007619,377.1403602787473,336.6198696481704,125.85468782512945
613.4193584997871,377.4798074858239,342.3533100900831,125.1757934109762
608.731879012199,378.2418464875683,344.5669490244891,123.6517154074875
606.601459038886,363.7812014903087,341.66238562073414,123.91139200048305
600.9967248507023,360.01993458378314,338.61470720728107,124.30535241862401
593.6495235455386,358.9448164727561,339.1249370802104,126.45558864067814
590.9430147719022,358.6197676192927,337.3997667391777,127.1056863476049
587.9322060324994,336.3190234963537,336.29621497959624,128.95615916316018
588.4628643162816,335.4506572460111,335.2348984120317,130.69289166384533
585.1063828590729,330.6784665959326,334.7893572472469,133.07876888480007
584.3508004878887,322.88038348504875,336.30052198961533,134.28537719605507
584.1366239336711,307.97776535435594,336.72887509805054,135.13830857660417
583.8364364220863,288.4422508868065,337.3292501212203,137.9120080730076
583.2743403319525,287.428349683409,338.4534423014877,139.9398104798026
582.0628840389063,286.1836392333529,340.87635488758013,142.42923137991488
581.2905838533707,284.8382905116586,342.4209552586515,145.11992882330344
584.2696199133029,283.85509232341866,343.9818745714198,147.08632519978335
592.1620582868517,284.80438954687406,343.34971453109455,145.1877307528725
599.9169866073057,288.884170981137,342.9070882990503,144.56178308877855
603.5651852591453,304.5141237125066,343.12682051794854,143.36639571634834
603.6232758363781,326.1042719690075,343.01063936348305,145.1747423347275
607.2955671488778,337.1083328983352,343.1945416149259,145.7520751053993
606.8145416076321,348.7062995516418,344.1565926974174,145.1802387646797
606.5076453391714,351.48657162333933,344.77038523433885,147.1648366279744
601.7794261165945,373.5041887989017,346.6376730539945,148.66450602983767
597.1183842703963,395.32097474987734,348.31707781595384,150.88700771051109
595.1084795874602,395.1106594462934,352.33688718182583,151.30763831767882
594.7487205385319,394.48459735406595,353.0564052796827,152.55976250213382
593.8888328742155,394.17862469419197,354.77618060831526,153.17170782188174
593.2368042884789,393.8718424569687,356.0802377797887,153.7852722963284
601.520499111468,393.013858352141,355.2524372125861,155.50124050598367
613.3967484698787,391.52959013081846,355.1641929533097,158.4697769486288
621.141714370393,391.39261231452105,355.55239090649513,158.74373258122367
624.5199636173579,388.42352033507245,356.7454059113519,156.732403041334
623.8545338833709,385.00731181076924,358.07626537932583,155.63340473805152
624.2015552105589,365.19138377415004,357.38222272494977,155.60867752392033
616.1304150301156,364.6528310149381,357.68284368456403,156.68578304234433
611.5779699009537,364.25108273532277,358.8435563044004,157.48927960157494
611.816590751026,344.8675402891066,358.36631460425593,156.3805799889412
612.6365306693073,344.2247881259053,356.72643476769326,157.66608431534382
600.076728152309,335.50758698765696,358.00328779181496,159.2053185852572
595.1644579545721,322.86573714664655,359.83464204496124,160.5094598402955
595.8656385651078,317.1776248152106,358.4322808238898,163.84299734398883
573.932023362207,301.1887418757183,361.895357705453,163.4974404035827
561.710913591169,302.52232722611063,370.0874046400652,160.830269702798
548.4010433541644,299.39484018904466,380.3132570517556,158.8882997457706
541.4896614982849,295.65151093791803,385.8255789897046,158.06451647421392
535.2107230830685,295.28003557615204,390.00811343264763,158.807467197746
534.245412088895,277.7973063274879,391.93873542099465,159.9774823898529
534.0493102192404,276.64340502952456,392.33093916030396,162.2852849857795
534.6035218780014,275.312177306888,391.2225158427819,164.94774043105267
541.7587893488326,273.63786878942005,385.48743528398484,168.2963574659885
544.254731801822,272.33978795341386,380.4955503780058,170.89251913800098
547.1141139009684,271.20573619682614,374.77678617971304,173.1606226511764
551.348485999667,296.8649471632333,374.78968576575176,172.7320634189777
552.1710045620864,297.4849430460239,373.14464864091303,171.4920716533964
561.8064185531794,301.86728361974536,370.73122494445704,171.15609264881843
566.9776053316723,306.6081538832734,368.77657150363837,170.0620722379297
572.1530959671534,311.28889356654895,366.76573375109257,169.04073638979474
573.2107801984298,315.5470491699395,364.6503652885396,168.81744652259022
577.9830684408394,320.2068834491729,363.3641302933347,167.75611945373745
586.5364205724774,324.19948898907944,362.6995503493922,167.9919705335911
595.8616717645743,327.9514204905955,360.48008640001075,168.70362674796525
604.9122474893602,356.417766762482,358.7702332575927,169.14047827922982
626.2807700949302,376.0133548045675,356.9250266714092,170.84114082001537
632.6778207576413,396.02143469751155,352.3120288359448,171.73049848391562
638.704825262183,395.715601470715,348.38724075589687,172.3421649375088
643.8458667015603,398.6662101554053,346.18761388086403,174.52340357185003
648.8873006718375,422.07396878713985,344.19274869501254,176.23590283659797
650.9072004404752,421.5832646728499,340.1529491577372,177.2173110651779
652.443668055664,421.36936135688336,337.0800139273594,177.64511769711103
653.0462177531654,421.7604755240952,335.8749145323569,176.86288936268733
653.0824761894883,420.67435411557915,335.8023976597111,179.0351321797194
658.2252938507108,419.4470846942803,333.5299217084102,181.48967102231708
659.3654553750436,418.6725007596675,331.24959865974483,183.03883889154272
661.0806861915794,420.0619066123078,327.8191370266732,188.27453739607535
658.971120090712,416.9154114521317,323.98542579133107,194.56752771642755
656.5760858297471,408.82113640745393,320.67313719709455,202.65372068961676
656.456912310594,401.90688313773177,320.91148423540056,208.29341962151213
654.0007818537675,399.7276545911136,317.5371207532753,212.65187671474843
647.968533216351,397.1620265962181,312.98464190354736,217.78313270453953
636.8398734167039,388.8421350843944,310.2673640123321,217.77318406784724
624.9761612684482,377.5168474539097,309.14385449150797,215.5728255114813
604.0593826158521,358.06911957642603,309.8256999446785,213.316569414427
595.7547552035595,350.16131124713746,310.02827702414874,212.72550832788934
579.6123760917753,323.7421498085088,309.5265829313461,216.38415273059024
570.7468256896498,317.9768330533604,310.75863944645727,219.66526409631706
567.4600360924834,310.7326854133172,309.0099387452235,225.83127948083717
564.3077709845611,304.2854236853117,306.91727572722306,230.32860970300328
561.7779185556105,280.43859508113263,303.5379355898814,235.82704193514655
563.1453320321589,278.61882678165904,300.8031086367847,239.46657853409374
564.5585416689441,276.70521923784696,297.9766893632142,243.29379362171787
565.2001784347103,275.48040598951656,296.6934158316816,245.74342011837868
564.8006738786042,275.276241231697,297.4924249438939,246.1517496340179
564.5594061548554,274.31797660692325,297.97496039139156,248.0682788835653
564.5645104572387,278.15601406720646,297.96475178662484,248.98232642815026
564.7851249380109,282.0287304507128,297.52352282508065,249.84159395953787
564.781266622665,290.03867604351854,297.5312394557724,251.04518823269922
559.9485882847431,297.66862662482527,298.5653550868383,253.0477691596414
555.7112685891558,301.1949298165747,298.3605704442198,254.67458680993568
539.0433193866303,309.75686819825387,296.8867915411727,254.95554870062642
539.3558556769412,314.6594568912633,296.26171896055075,253.83452773922608
539.1253233433695,319.69275672818736,296.7227836276943,252.4244172001388
538.2005941027712,334.25093425650437,298.5722421088909,249.2309127980895
536.5111210907301,349.5598832353329,301.9511881329731,244.46722003927317
534.2233890902708,359.49941561780145,306.5266521338916,241.77435875481953
538.177102279375,363.91454260101943,307.23882104457545,241.56370007727577
542.1942140906314,368.04853863363536,307.83167181040545,241.9227824003865
542.8745876490593,371.81721488535607,306.47092469354936,243.0274118781462
543.7813274522505,371.41517693870134,304.6574450871673,243.83148777145573
545.0176412540762,370.3658837120492,302.18481748351564,245.93007422475998
547.2412043197493,364.84116780858466,297.73769135216963,248.3591483001574
544.3960250569559,363.4843564691117,294.8368932177316,251.07277097910332
541.4513562527425,362.46631486253006,292.1361374202723,253.10885419226656
541.862807814953,352.65896053553536,291.31323429585115,255.56149370546194
542.6237852866238,339.2697219424616,289.79127935250943,256.5171759582405
534.4765325368676,329.8881898098684,288.8872000456304,258.08165541703534
531.2137287903495,320.04017123541234,286.8025407733869,260.5571590353881
532.4842049070407,313.06189602404345,284.2615885400043,265.8963492686218
539.3224232616543,301.1486794228982,279.24784946028126,272.397387211904
542.1195536222067,293.9373490755069,273.6535887391765,278.13288880849393
549.3566378478574,285.49692471970206,267.8688995361156,286.3242582718632
556.3047513059196,265.3230284387454,262.6989140219955,291.7670852257593
558.4687826830249,258.96899554973334,258.37085126778493,295.74640333060034
555.3747482436348,244.19120738140236,255.83762818712538,299.138103788943
530.2317435570803,238.80013722674292,253.7249033002926,301.1871217216049
526.849296270187,233.7115561237299,251.75902061398463,302.63350666753615
519.356670107976,227.27145130082957,249.30148080793026,306.79232024809875
519.4651732761583,226.51167325532515,249.0844744715656,308.3118763391076
520.663662672496,234.90697729894023,246.68749567889049,309.0522643878874
497.94180641339676,242.2760072464446,239.70308975504253,311.79024397356073
494.7421135442286,246.87378327499366,237.43610958139084,311.26105782845065
495.6179503473593,246.70219763451726,235.68443597512936,311.60422910940343
501.0349753592534,249.96965055353888,233.4483486336988,313.66728595371785
505.7149661150125,267.1631964640933,232.68117697751575,313.65143355394974
535.887436052951,262.4046441363356,232.39629242080179,314.5885303067276
541.2379298113469,257.9110249182134,230.2848926052299,314.98618104175193
546.1931658378452,249.26610404369893,228.9354271706689,315.15400955391
546.264617406999,241.66926353797038,228.7925240323612,313.26488960712095
547.2719462210015,233.1301928494818,226.77786640435627,313.3222617534821
552.7181788686665,232.81567719980126,224.36357241917426,313.9512930528432
554.4318730844668,232.80814719042925,220.93618398757363,313.9663530715872
556.0618016485838,229.09720072340656,217.67632685933964,312.99649443242345
556.8480933529701,228.68759651927613,216.10374345056726,313.8157028406843
556.5110002077497,232.7736304019085,216.77792974100788,313.95328072828744
551.37701305319,233.31025547501147,218.7230305848861,312.8800305820815
549.9199374706405,230.4540007244231,221.637181749985,310.25373168022577
560.2362075884678,229.6933313003815,217.69888364118995,311.775070528309
564.4731048242643,230.4505595178568,217.53029231330447,310.2606140933584
569.6112878528118,231.06747592916813,215.53346055840285,309.02678127073574
572.9801579029692,230.3575307237803,208.79572045808803,310.4466716815114
576.4818486013017,249.63078080781065,201.79233906142287,312.58906182368787
574.7222449002785,252.81918299652372,197.25816810387738,314.2656358058537
553.0339621946889,255.0767614005714,192.6189339801809,317.753112253571
539.2609739890372,264.4308999673726,188.25798486862837,322.9750292621103
524.9033247820595,274.6880550906724,185.05037880527854,326.40289737348974
516.8193399487664,273.55394996127194,185.26412913649372,328.6711076322906
516.6018332100681,269.36248435821517,185.69914261389022,329.0397290309756
520.8715699703748,272.6122065152982,185.18683289402344,330.5674485175563
541.0694501003827,273.2795782893829,184.99627802054474,329.2327049693869
541.6047803921068,273.3100196261704,183.9256174370964,329.1718222958119
542.3611748934535,273.62863475579195,182.41282843440308,328.5345920365689
543.6380405271175,277.22735998803955,179.8590971670752,329.3008725822878
540.6914526772288,276.4246551415177,177.8208183708404,330.9062822753316
541.4287373641358,276.29647061868707,176.3462489970263,331.1626513209928
541.2838392308722,272.6974068137707,176.63604526355346,330.4620263808521
541.5120508409823,269.3666539222936,176.17962204333344,329.230125392542
541.7092181998438,253.9694605123567,175.7852873256104,328.5547342886032
537.92253524538,250.7571405097855,175.5079123357091,327.1286333949167
519.7638208616795,246.64579632482202,172.7004125174823,327.52633604771813
519.4554071559542,243.85810279087025,173.317239928933,325.31903968338713
515.5113483495105,236.32096480663907,173.44456524363756,324.87173105548385
516.9433462572285,237.5946266534929,170.5805694282014,322.3244073617762
517.3558651489701,241.95374239182362,169.75553164471822,321.27594851074497
516.8195204501415,242.50604747511557,170.82822104237553,320.1713383441611
511.64095829247424,246.88647016047193,173.54301006207623,319.0528282690821
511.20732190585,255.15918543701935,174.4102828353248,317.8520708958034
515.3034453216773,254.76544073922292,173.88747832559127,318.63956029139626
526.2281909823372,262.4897428355557,175.05437659691003,318.53521582715655
530.7013668754745,266.078229344203,173.79854818542043,319.048766184647
535.9022169023717,281.0320541834412,171.0734936835759,319.84769871396975
553.480320186156,274.32910251675725,166.4843858915987,325.6118273534397
555.1587989910357,281.740911760322,163.12742828183931,326.08337604219844
560.9252369699136,281.46664934538194,159.1910565215423,326.63190087207846
565.2611431568939,292.7115954136942,158.0555425180203,326.7509038467693
569.1054068190274,292.8299100399364,157.885323336704,326.51427459428487
576.3751209310867,282.55677735158275,158.3696835424783,324.52485732615287
576.096752935484,279.8435187941026,158.92641953368357,322.46012255824115
575.6296694111966,272.03488238307773,159.86058658225863,323.13593447727703
549.9539204078183,268.27861121576234,158.73444131424475,323.15167062979776
550.7854644673371,256.20766744220634,157.07135319520725,324.86102090925533
553.3317425467754,247.31784343675434,151.97879703633043,327.6934567004886
577.60740233027,246.80552518318035,147.9841001378031,328.71809320763657
587.5826232806035,242.84473931081718,142.77565916761293,329.26866448712457
594.1561166785758,242.4782383536555,136.91596114402932,330.0016664014479
610.3570341362148,253.0537229890557,133.29067433137956,330.4331082076186
618.1334352333504,253.21560790011063,132.00956724850641,330.10933838550875
624.4317410239313,256.6460307725954,133.62961713603232,330.356823374883
624.4515171213861,261.4728834628762,133.59006494112265,327.8439086077269
627.273687673873,262.46201351583585,135.0495991049127,325.86564850180764
649.0179781200652,260.1976462123867,134.16881922355668,323.2930829402012
669.5918825554432,251.1369538453894,135.31219639652957,320.26887465233136
686.0773421202578,248.55624842164602,137.4669666692053,318.40514761935714
709.8722078355163,245.46221577029024,139.13133222240396,317.5569133529665
716.8735341843262,241.4403760733215,139.23544342706407,318.54721079576404
737.328791779627,234.3117133832185,140.74231499576268,318.66540725620325
738.1285828969529,233.37846097250315,139.1427327611106,320.53191207763393
738.8086892618944,232.4404770243496,137.78252003122776,322.407879973941
726.8846771627417,232.22985934945208,140.33118078610474,322.82911532373606
702.4804375730085,231.61035089994866,139.0833008619687,324.0681322227429
697.7847330894505,235.0685612150357,141.32790676057408,324.2985146610796
693.740243617757,235.57118355503832,142.2271132840266,323.29326998107433
696.9256516677816,231.63004132672387,143.0473558462841,323.98449577539657
722.6049736144256,234.75699708284034,142.1973781222967,324.9461080016352
722.4429927128474,235.1173311388587,142.521339925453,324.2254398895985
723.7037852458708,234.4461369193639,139.99975485940627,325.56782832858806
724.451307861788,238.15022081095657,138.50470962757177,325.3443587928157
720.5934038536662,248.2476845853561,139.06549013430202,326.61451377255645
708.2159803901561,251.31953510168464,142.27038952631702,327.6541285849011
707.4981804903985,259.19029639685766,143.70598932583243,326.4225954144151
706.7121326374827,274.70714332206427,145.27808503166403,324.43876023688654
706.3797251238625,279.0476490696819,145.9429000589044,323.01909891635955
706.3716020386113,287.6815527066665,145.95914622940677,320.25612157318056
703.0365407586214,288.1414794011157,145.4167078943093,319.33626818428206
686.0899506085416,295.58304869464337,143.361463999146,318.8324992753559
664.9884829758064,289.7431267187591,142.68656499648537,316.21973180441404
661.4541865934948,286.4577073261088,142.65863713937495,315.69404996798085
658.11120332921,283.02865011886155,142.25620717719605,315.4637678917269
657.5938127003276,284.68713614408,143.29098843496092,312.14679584129004
643.8759573068515,275.7662808163844,142.53496016420723,315.89263696782837
640.0181545107779,271.341507720384,143.16145612073927,317.65307352421394
629.7642636398286,263.0998833982797,142.29222742031556,319.88498187354105
626.7568548887217,254.98218348436987,141.1642583422124,321.83480854072656
623.3731194627896,247.5140371825238,140.78053310999383,322.4687089762533
622.8504961829934,244.14211180880227,141.82577966958613,322.0589444894439
623.7355748674938,247.308418290077,140.05562230058547,322.89243062953744
624.3528020552403,250.64236770128065,138.82116792509228,323.37149401361387
624.708856280213,249.73157837076081,138.1090594751471,325.19307267465354
602.8706917458412,265.41766014741023,138.91036325159533,322.40425931621814
599.2524611116085,265.98087555731456,139.027152220521,321.2778284964095
574.6571676220191,273.4424935406804,138.47971747681981,320.56545587907203
573.7179913775187,288.77564343508595,140.35806996582048,318.2409696836762
573.3803912618152,288.85294115160104,141.03327019722755,318.08637425064603
563.3106105099502,288.3396181665622,139.8891758773593,319.1130202207236
560.0774713166999,288.7066515716118,139.26616833832503,318.37895341062443
560.868025374447,285.40417493038103,137.68506022283083,317.916238054279
558.9395372177199,285.54394055928043,134.50896278524687,317.6367067964802
556.288721378669,278.4522999067517,132.8377231264924,317.8742454278252
556.3756302932884,272.4000780620725,132.6639052972538,316.0853316107017
555.5878848066451,262.86940821575206,134.23939627054023,314.3933874161208
554.8387585799816,252.16428209109782,135.73764872386732,315.04000743531986
548.125788590276,239.9015133204317,135.24948638777406,318.6943915033956
547.3758156185601,233.9662815511383,136.74943233120607,316.56231199343927
543.9053999419319,234.31331991884628,136.6933090911841,315.86823525802333
543.7416599085889,235.16129429626992,137.02078915787013,314.17228650317605
548.0286425278338,226.92461648352122,135.41396250659,316.7113649542541
575.0413495470135,255.46782963455692,137.19262186252675,308.4535028721919
589.6152230790914,242.5508947032062,135.59396788377646,313.62555292083914
590.0077869476165,244.87692537278926,134.80884014672617,315.9075336256274
589.9529128439605,241.45237577113505,134.91858835403832,315.8034521962651
586.9704770495458,244.0861875236812,133.9298431326467,317.4894455013938
576.8780707390697,248.99709487361199,133.23320197370134,314.62811539483147
564.4065146935551,252.30027967875623,130.5491330486118,314.9285410385727
544.6220122784023,260.1338291052308,128.9369572368813,312.9885023996356
541.7064760198805,256.5954684262976,127.96113793802411,313.2583319416011
532.2109299745662,245.5401192129027,126.57195461507118,314.9887549548092
529.1673580477321,242.1034099701255,125.8654948282346,315.06856979985906
526.0145937691041,242.11317238024722,125.38887808980655,315.04904497961564
526.8620056803267,242.74863100594322,123.69405426736135,313.77812772822364
530.2785060066603,239.01438994206418,123.5858304081068,314.52183306256876
533.2222625522556,239.30104697998277,124.43185195249441,313.9485189867316
536.1151613215227,235.18056106374274,125.38647327440606,315.4490719587659
536.4281122251394,230.5438442734617,124.76057146717237,317.94343927819017
536.1999776324184,223.7232709665864,125.21684065261451,317.97708608977285
535.8732582570591,220.38915346111807,125.87027940333306,317.83292346685454
535.9561417891877,216.9330938812775,125.70451233907608,317.9230339518077
536.026600757762,218.082174982008,125.56359440192729,315.6248717503467
552.6234343998076,215.65302178799456,126.29372749453424,313.698418063034
555.8508779610221,227.9839036012362,126.60889985561634,309.34683288708334
575.4735421195005,239.89567508930622,127.64138434297489,305.66219631310094
578.8313551629215,240.5368566962212,127.60391040123254,304.37983309927097
578.0322097162559,247.3698131459505,129.20220129456365,304.03185913527716
573.1647061528522,258.1721839586031,132.25494920701007,302.4738951530548
570.9919619498784,276.98524426498443,136.60043761295756,298.4159832677235
569.5092766459646,290.0679478813794,139.56580822078513,292.4439432567188
570.1904223269046,305.0431209498489,138.20351685890518,295.97339859218647
570.6088705669549,303.93398398699173,137.36662037880458,298.1916725179009
592.8763833848884,301.3474555838724,133.27925613554217,303.3647293241396
593.595656170854,304.57037496119426,131.84071056361108,303.6634932502337
599.0568041357294,301.65844144980923,127.64197843723974,302.76379646962437
599.9567052784812,302.99171226494127,125.84217615173617,300.09725483936023
594.1353643563714,307.8602107397186,124.35310753683707,296.926133119365
587.9977943324426,305.0892760276523,123.64091040690889,295.97433395460456
583.7169192180086,302.91401691065505,125.73537048300179,293.85756203582406
582.868090173042,299.33496947527277,127.43302857293494,294.5418566164235
582.0684803833462,293.1654081306465,129.0322481523264,293.8535792832106
578.1562405945899,287.76587110680464,130.3247885205622,291.58877491234017
575.8132749287167,279.3630712755496,128.4888757752077,295.35068642064886
575.9051713679205,273.3547259065815,128.30508289680031,294.2792845913855
576.4121438480006,269.98790688264256,127.29113793663998,294.4876352152595
569.980075773765,266.1172521805423,127.13445475378714,295.71853495379787
566.4126353070085,266.3134725943354,127.74388077001895,295.32609412621173
562.9287631462743,256.2760392448207,128.18108420172803,295.8093381559635
558.6351594514705,244.31032236823182,130.2230362767948,293.55975065097846
558.7231559751266,224.31624219506517,130.04704322948254,294.25603061822574
558.8201432649703,221.58892303965467,129.85306864979512,293.1550232934326
559.8413520051297,212.55561907010866,127.81065116947634,291.6128297366579
563.9741185574603,203.47020613794976,126.0230602048041,290.34982918100883
570.3154271276569,197.04441792480662,126.19668541358755,290.3451632581183
574.0287179464013,193.0627321284217,125.20122137777511,291.8774172492119
580.3904805704597,189.64477944802695,125.3491221874332,292.2776095811139
579.7090006974228,182.84533708461683,126.71208193350698,292.9882604154241
578.9675403452829,182.9283096146914,128.19500263778662,292.822315355275
578.6470625781004,185.55526110413308,128.83595817215186,294.07065318067964
575.2346531492414,204.52743183810912,129.12915161754327,295.31606418668696
568.3579293281091,204.66020912365337,129.77292463688192,295.05050961559846
568.1192746395626,213.99022967227606,130.25023401397485,296.0774732857107
568.5242983850144,217.98473378743228,129.44018652307128,294.6740923506652
588.5285636584357,219.20721130429365,128.73776142686484,292.22913731694246
592.2510201914502,218.15824039489533,127.79605650173391,287.8238709948409
593.1253779614142,215.4556362762868,126.04734096180607,286.80632033879766
591.1969483472936,215.1818755216257,123.52698076517494,287.3538418481199
569.4642626648669,219.4541999502258,122.60762462166645,285.1498683492571
551.2201139700535,218.57457659301383,121.34068599644743,286.90911506368104
526.6323547569688,225.36314235191892,120.1516973055582,285.9231103251355
508.2438215177638,231.3784276982266,119.36727712386423,286.4130351858881
507.8690192747154,236.74477311251866,120.11688160996103,288.18716052502543
488.5000855216507,247.30934937679342,121.10080090456199,292.22730680416157
487.61636842170594,256.54745059969537,122.86823510445156,292.85543002813847
496.0483531005226,256.5771596141527,125.22989890919708,292.7960119992238
517.8116035740393,273.07444563819183,126.84995018169774,292.04897725081264
521.2912950283413,273.2114240693737,126.35788389831184,291.77502038844887
544.6002121528622,279.795895489273,124.92270401101364,291.5154073662914
548.3825068622584,280.0550547186151,123.7836668906474,290.9970889076072
557.6090206529784,283.898658205945,124.5243627036665,289.7077897311003
557.7777995619141,290.8140020294878,124.186804885795,288.66182252632416
558.2120863500317,291.104490397492,123.31823130956,288.08084579031583
557.6477213886835,294.7973982380173,124.44696123225629,287.04253243331823
553.0291562515413,295.1126249376755,127.33167302828103,286.4120790340019
542.174941493982,294.87345458434805,129.85776393402932,286.89041974065674
532.2115722671655,290.3930835990981,130.44820181161114,289.4057281858062
532.9210222307468,277.8416007674248,129.02930188444856,295.03172077105654
540.4538933108425,268.4052117353804,127.06147501166137,300.80658354774107
563.8661334648996,264.6801072439381,126.42113449039252,301.65905827536204
587.3430393162464,268.4835433133248,125.6582156253711,300.6508851133991
612.1498696471891,267.78727536365767,122.03880530077579,302.04342101273335
638.5348898315236,262.1903003585432,121.47936882747948,300.18472004911905
657.697410615866,255.45467023162973,122.09179711118655,300.6768236854821
657.1786846691173,256.2247827124229,123.12924900468397,305.6441791375287
635.1324231565212,254.54590018636924,121.03835676595821,309.001944189636
631.9435396506613,240.52591114587108,120.80753815704914,310.607579788116
607.9102334722207,235.14071946689717,122.48146402630422,308.12290986388496
594.8128111286034,233.6350556588147,122.18930393993534,304.512486286649
594.3205806965675,234.75956941478714,123.17376480400699,302.26345877470413
594.2278995246176,235.39691123266724,123.35912714790689,300.98877513894394
593.9113536389423,233.40780494543134,123.99221891925757,298.43235026608784
594.1712212728704,225.14970400747183,123.47248365140135,295.4215227412768
587.953505881321,220.26396314230686,122.99527491004184,292.28036494714854
584.7662938573008,217.69876180764408,122.96720904021547,291.00827769860734
585.1540633389915,221.54817106090826,122.1916700768341,289.6930719898669
590.9756778719357,222.92845421397075,123.25017729454727,286.9325056837419
591.3379939335313,226.48929267006028,122.52554517135599,286.1405160252903
600.3881303915341,229.99445012887122,123.34153187376434,285.4356209804731
609.568855913669,230.08304581726316,123.90900005334241,285.25842960368925
622.0323907024843,243.75347630133365,124.25029951894197,283.1859376787785
625.2921841374814,237.23445124365801,124.02380323926059,283.6378066135042
629.3765491293976,230.10513940196788,122.15071851754415,285.30513977265235
624.7537438196026,225.62286424353368,118.82291162789703,287.9829813349021
616.3569351616369,218.07005297821672,116.81734135902585,290.5558121423344
617.4804379092396,214.52312871002476,114.57033586382045,291.38189226726615
613.8712981736471,208.6071792008892,115.54910236687093,290.73476534926823
610.5447378674971,204.4191617868858,115.95451866694714,292.8630958650514
606.8544465567049,203.64986301969705,117.04953179561979,294.4016933994289
609.3613850208233,200.51907210936443,118.36292826071687,294.3360018267602
618.7931120241659,200.2134104216284,118.54879325291998,294.94732520223226
637.3761176534375,205.23761699533384,119.55413099220226,297.62269505409654
657.2621669312057,209.28941448961027,118.29213106698009,302.3557996089817
660.3318934012398,222.6503780969697,118.61656547766512,301.489421797275
657.4561625080981,232.5471197271525,117.91078856703058,301.06765462766236
636.381063298169,230.0985872302751,114.99117733802316,299.52617538586503
626.0854572391296,235.92421609146464,116.49020127415807,294.2389803908005
610.1248680477519,227.12382781585816,116.83669397450771,292.8949455325699
607.1694654480559,225.72245913589293,116.44571053866586,295.6976828925004
606.0105175549735,228.7478420741202,118.76360632483075,295.9820382766465
602.2071926349555,227.15780132051148,119.98963347961264,299.16211978386394
602.1375240159628,221.8944462746551,120.12897071759801,303.24054463905105
610.8109761886542,227.53493964891413,122.31047351449178,304.97849598538414
611.0767624510023,231.62277486964297,121.77890098979564,303.3762652035339
611.02602797729,232.40484626986077,121.88036993722011,301.8121224030983
611.3185461080316,232.74602852975175,121.2953336757372,301.1297578833163
611.811994402429,243.02059687243244,120.30843708694226,300.08035166416397
606.7949594212444,245.99916684750815,117.40811858291603,300.59040594721023
608.7769167540824,242.6581405004427,113.44420391724,300.8497744617308
609.6710888369466,236.86062814013718,111.65585975151163,299.7343020497216
609.6212731656021,233.40003269815932,111.7554910942005,300.3484409198032
609.4208697639258,229.86374876076866,112.15629789755324,301.10336203536906
611.6344074931877,221.13156298205297,114.06491010903956,299.56067058276994
614.0395504575383,215.25762367261916,115.60254514844468,298.6127072654249
613.0404568863165,208.78392097412873,117.60073229088836,298.836284209436
611.9893000697491,206.31943413209075,119.70304592402312,297.3643425389222
612.4248443986838,203.83954229192733,118.83195726615378,295.90684063043716
616.4127578401676,205.54256449222282,117.236889790941,292.5007962298462
620.4090735391128,206.74562483839222,115.54751717466931,290.0946755375074
624.0682722500417,207.36081467922028,114.46758492755026,288.86429585585125
627.6179646067978,211.1001167739202,113.56966730060897,287.5871587530223
631.7156957404115,218.8553249178145,111.54124912471855,290.57787473924515
644.6503984435116,218.30628151356836,110.36654568244785,291.6759615477374
646.4835015965057,221.65692668178758,112.86866262356003,291.14299445839936
648.7965160490917,221.50247723590047,114.44823709172613,291.4518933501736
648.0702752189802,222.0108009195854,115.90071875194916,290.43524598280374
646.6681963756103,218.89888816693716,118.70487643868901,290.4093973630376
643.2078297160602,211.80844107922286,119.32632081333344,291.991713649555
622.7576555778,202.30963749410006,122.22770719453003,291.98983987213865
623.0335413760131,198.49080552461157,121.67593559810396,293.2428202648937
620.4733585824432,194.46832889714807,120.40332238522707,294.89479471980405
621.0033519643567,191.30491408385234,119.34333562140009,294.8274443947681
620.787934011342,188.03092468807523,119.77417152742943,295.0010922051001
612.9003123312543,187.26606309966056,116.39588746615098,296.5308153819295
604.2641889081102,186.9670845993578,114.62950785261415,297.128772382535
596.819861697762,190.81120732099674,116.87186009741706,295.7636780272038
593.0480475753596,190.53689277597124,118.0717966233036,296.3123071172548
579.9226011231459,196.62016126310297,118.83057966313872,296.8918250752875
577.7600829406584,207.56439286204014,123.15561602811371,294.1881099516093
576.3235843528462,210.69428625741077,126.02861320373802,294.36121104500734
576.453991964974,212.70220143884387,125.7677979794826,296.831651296367
576.3241986930269,219.481629432584,126.0273845233766,296.3075460616783
576.1092694414551,226.5885674969773,126.45724302652035,295.12245944134975
574.8603071154655,230.2165198296624,122.45030688871816,294.3714155657609
560.4205763593044,233.50849416113948,119.21467728352823,294.2104851263091
561.3239269749315,233.70547786669528,117.407976052274,293.8165177151975
562.4606464360521,229.79746834132044,115.13453713003287,295.3072836835606
569.5608158670424,229.96701973639063,113.5462748727433,294.96818089342025
591.331349456474,230.85403734169722,113.91405085289337,293.19414568280706
597.2858850241714,231.2702274104422,114.51259517777692,292.3617655453171
621.2168923278743,229.27853827974047,116.67111443588456,290.0925770735314
642.5974002902666,229.09162351991665,117.7195244894918,290.46640659317904
645.5889228229947,229.6183081245838,118.01904370375988,289.41303738384477
651.2255750312781,229.54672383786854,119.29117609921713,289.55620595727527
650.9315647801484,235.66530378913467,119.87919660147661,289.9138737582864
629.1057436927097,241.90340645772477,119.33966743734041,290.0637173751102
625.8395273098105,245.58101715888125,119.56650390651586,289.0140922694203
600.9379567132465,242.6729231012479,119.0137565657688,288.5357943179526
582.6975095244634,239.4956031590185,117.82807406616223,288.61267138954923
567.42713570428,239.93975013995487,117.07991289931732,287.7243774276765
560.706991700634,225.8822212963599,118.05688482396486,284.6811449082552
560.8834313039742,219.97586673715455,117.70400561728438,284.083565491168
561.0091040882547,213.14770244673468,117.4526600487234,285.35938852245044
564.1117797919474,207.09476883391773,117.4515010144552,285.0568710018499
566.4873201778495,198.0032204528461,118.90022842992158,284.64054320218156
565.864134685224,194.23957625697017,120.14659941517242,285.9483022847028
562.5105370258376,190.94612911198192,120.5932734412153,286.2746752819495
537.4631857476463,185.23440399298502,120.5027464221744,285.15181812608745
537.3779634473816,175.67938785253114,120.67319102270375,285.4958742215904
537.9938768727175,169.65203791236928,119.44136417203202,285.0239408460234
542.3834247447965,160.0073936146621,116.89693349953036,285.6092342264687
556.5451710018706,154.43629281445922,113.36508475714535,290.5535248839337
575.328802401837,154.16433301320637,113.03399852524359,291.0974444864394
594.0371774892521,155.8969762475263,112.86472441409853,293.8400706950804
603.6770279613422,157.0500227872141,112.31781460051717,297.7782413259043
606.1252863229752,166.17004757696176,113.71223501257352,298.4110031523757
605.4543118706548,181.5440042960689,115.05418391721432,299.2885282006244
599.6444915282008,186.33524378116917,113.95026067598567,302.4296131565605
581.1268472466834,189.9995117454517,112.66350174681699,301.48808514336264
581.1592552157565,201.51153616475753,112.59868580867075,297.5150588678045
581.5187218417498,208.42564150356574,111.8797525566843,296.2712800769896
571.7458119244467,218.6245168345515,112.64123447909442,294.65786732721415
565.1069020598629,222.89904534887134,113.41507576076586,292.36079952232257
564.3306512878013,224.27792401621826,114.96757730488916,289.6030421876287
564.8573172222597,227.20629237545938,113.91424543597245,289.96733603830387
583.2468224517638,226.44467784134469,114.37984461983353,291.49056510653327
603.6975497417837,226.3128956967873,117.14205632103713,291.754129395648
607.0181747372126,220.18082576942655,116.79162251926273,291.4366368722031
606.5497253999768,217.0800520374055,117.72852119373442,291.3581921730223
588.4134312091167,216.5486361853125,116.22767611608515,292.4210238772083
589.4014197433246,216.64691978634633,114.25169904766922,292.22445667514063
589.7623048579097,208.45600131637832,113.52992881849897,289.86852756630344
600.3946163045906,205.08590111698686,110.86271369501068,290.40959204179524
600.2733486796577,199.27149595934839,111.10524894487635,289.72025254063544
599.8586010763947,191.63496771512808,111.93474415140247,286.5326978323419
596.4768048335445,173.38651307715625,112.57570955944101,286.2938446423154
581.2386223464476,167.28518505371122,112.39874019763728,286.2351669548065
581.0153524384865,166.33421232170554,112.84528001355966,288.1371124188179
579.6518269096974,165.4840736585598,115.57233107113771,289.83738974510936
557.7994423490289,161.09113165106675,115.63066100982502,292.3880681625741
557.2231103756494,164.972318976602,116.7833249565841,297.17158746146396
551.5172574466692,182.5254556318293,115.47032168099338,300.23944155166225
551.0613851541536,182.8029398349367,116.38206626602465,299.68447314544744
551.23048816731,180.41124923630065,116.04386023971179,298.0765700911587
573.7939100288539,181.00679842066393,115.45187029149173,296.88547172243216
587.3815380583779,191.05359253172284,113.61421682768646,295.79508544674644
587.5342819322336,191.16197757901875,113.30872907997505,295.5783153521546
587.2799512068045,190.80989713477675,113.81739053083339,296.28247624063863
581.572006893068,189.97367630332553,112.64042512042639,297.95491790354106
563.4227673451061,192.36083312252111,111.14325417047647,299.47987927279553
562.5311413439987,196.64839954712446,112.92650617269126,297.1989114609291
558.9004020541262,203.96870528149236,113.89440896045922,295.14545157614714
557.5952634570385,207.69130613078943,116.50468615463463,293.98173324282175
550.2147799263441,207.57720238952027,118.64266240444604,294.20994072536007
527.6330629167516,194.40904388405858,119.33547366146998,295.1344733007627
529.1820068671234,187.70149104077726,122.61619979986395,295.79235090904996
535.7734748175035,187.32823824001613,122.32620798376786,296.5388565105722
542.2720401856101,183.83531423964408,122.23325797004571,297.0726141500708
542.6176267396442,165.11842933711182,121.54208486197766,302.215697776385
563.5315991729689,163.96994171079535,118.83383866736841,304.51267302901795
562.6601264404454,164.22594807819164,120.57678413241533,304.0006602942254
562.334340283264,159.9281134976456,121.2283564467779,306.06792175748785
562.3756642005739,165.36514766578452,121.14570861215847,308.33343914121843
566.804169525657,157.8205239385583,118.88959439923008,310.22089372119495
574.3304755440056,155.14668823899558,117.01212450608159,308.980994048546
578.8517591397294,146.3280590675979,114.5055998881959,307.01012467065516
589.9339100554274,139.5270129546392,111.7292871666132,307.6868908233638
593.6554076030599,137.78420884689382,110.70851781547017,304.75027329473266
594.4218683218644,135.06153167908911,109.1755963778611,303.8338720448588
593.6048436232111,139.44276837390163,110.80964577516784,301.3923034299994
593.2009534339239,141.8600020263583,111.61742615374209,302.8733663599435
593.025637687076,151.56922536905878,111.96805764743786,302.5088740589542
580.3604586175485,158.47298870671418,111.88871042387862,301.4062000649506
581.1139653888049,163.26750599061788,110.38169688136583,304.48756867493165
578.5333553262976,175.23462520630574,109.19083112755459,305.9616737588582
557.3606979890349,173.9762046008087,107.07500525982272,308.47851496985226
531.4450792122232,188.6631901769479,108.11351008063832,304.50091018397774
509.6554419630442,181.14309672266688,107.51450593119868,306.9187317645976
506.8323240251318,183.0984467226843,106.82591341451982,309.3428601570664
487.60816088881813,181.98876100656423,107.13292968994818,311.5622315893065
486.3409375779783,177.50203236594584,109.66737631162789,307.7474416152408
482.1568871591462,174.82645718156022,111.64972897930005,306.71284381401995
479.06117790017834,161.71120340354855,111.43429477333325,307.3159404744332
476.0745527870445,162.16288312167438,110.99596156084102,306.41258103818154
475.69950070481184,150.57066354314466,111.74606572530644,304.03409074236396
476.03032797140133,145.49330581346283,111.08441119212733,301.4482898749227
473.0021300155183,148.95881248976036,110.81951454382678,300.8385690823943
470.3798842371388,146.40174956009395,109.756225165357,305.95269494172715
450.871522851163,150.05658652593667,110.60268502507816,305.00473149541347
450.04211050570774,146.63502386387856,112.26150971598858,305.48437589683493
448.40743986792006,144.52588916733822,115.530850991564,303.3023179387437
445.6274040805829,143.52165409651354,121.09092256623825,298.88283799006297
444.06317926019125,133.72180256593057,124.21937220702164,299.0908418675967
442.1067971237041,132.24715049017766,128.13213647999586,288.99505124264863
464.63330141010124,133.72456277969837,128.19872964326402,286.0402266636072
485.1721655189551,135.1485172046852,125.54476356982131,289.5962781710111
485.7300971982801,139.91371232796644,124.42890021117137,292.88342580728965
483.69470106965974,139.01950922048601,122.06309332131252,294.6718320222505
471.1528671367683,138.36921614420726,121.46485104149141,295.972418174808
467.7129850413879,135.25444978325515,121.9160100882122,295.7733457526723
457.23162300289385,127.13952206813434,123.57746567968948,292.7019326974031
433.90493059287905,125.72145473285286,125.29856619983579,289.1191696108399
433.1440116225335,149.09857199994735,126.8204041405269,287.1475448439546
433.0215394494901,167.17490032094457,127.06534848661371,289.3695727367285
432.7088673901205,185.9037310687862,127.69069260535295,290.5057248973017
426.2163039322398,200.8804940573486,127.756248890548,292.8511254965927
403.48945275742574,211.6247220830668,127.74549693359671,297.34235762034456
404.5522486890442,226.16912193299115,125.61990507035979,301.0522986795302
382.4540993488966,239.10795529976687,123.78614115454685,301.47752485804057
363.82291785445744,242.0889965155235,121.75281810708897,302.0647234325834
341.74621477571577,251.57085920648922,120.25548835695855,302.66559915391497
327.4862716886023,261.3878062181206,116.25808380207553,302.5420795681182
328.7792097461715,265.4252946943607,113.67220768693724,300.89720235588635
330.23180984745636,267.7149568274895,110.76700748436744,302.6779092160725
330.6832511243377,268.3819907952652,109.86412493060479,301.34384128052113
329.7353431749475,267.195672624516,111.75994082938513,297.41872442430224
334.8258311821009,262.7967979654736,114.130447600941,293.6649909565244
340.88763632460024,249.34552658045956,114.53573826284773,295.5097318327416
340.62024520005656,248.57109112408943,115.0705205119351,297.05860274548183
340.50209964672297,238.09919431768694,115.30681161860224,299.0122390553286
347.1318741566167,224.78123750954987,114.77195873396215,300.1987604013082
372.58555074316473,224.2499326852692,114.82284858457334,301.2613700498696
391.89490329587113,219.66859993241607,114.51980273569326,304.03809234615375
394.54681905131986,215.10435401000927,115.63629159155218,300.3259434574545
417.0862330285259,201.8312958633288,115.26732511548447,294.93644440914096
425.3246824642389,199.76146216157997,117.69968749767519,292.7730247280997
404.43835254670245,198.27972988494048,121.57973497927728,289.42105388913353
378.2411656396813,198.2424104238241,123.28537067295349,289.49569281136627
371.48777116045824,198.4397500203171,124.05739583246228,289.1010136183803
345.75805266305366,191.55057822412107,124.51420899883165,290.1287012536625
343.32679635360245,191.54607425904382,122.97845120905586,290.137709183817
341.4783006476005,188.32088123113988,120.30421242046445,290.2168650390296
342.95750907775704,188.76860019963118,117.34579556015137,289.321427102047
347.148288052968,183.21155893004197,115.22364581586292,287.9166932289585
354.19505102418844,178.45676749486063,113.53278842397484,285.0236075487684
378.9715081372336,178.0022705278705,113.01590448945093,279.80309769630276
400.7328692248673,178.9159082365511,111.80900022632585,277.97582227894156
403.01382619355473,173.70380468130944,113.24436499618908,276.4054719749485
402.2000034522782,174.34400257466754,114.8720104787422,275.1250761882323
398.623368886487,177.56126459182258,116.01461542831964,274.70121633592714
395.0376051143902,180.49712906955384,117.16134247301176,274.8542878799662
391.7698511503942,176.66282396963288,117.64953478087098,276.47558245967537
391.8383920045801,169.82543601958048,117.5124530724992,277.99156524863713
395.1589017713884,163.21765417509272,116.97031580083635,279.00936441370504
404.7579412192098,160.49059791036478,116.08416883136687,278.3594996344365
404.5839645743646,154.61759270024777,116.4321221210572,277.9477650921906
411.2909455189247,148.333162625646,115.17636141440198,278.3584240589291
418.08432732038557,144.39793512180017,113.71507202042051,280.1661419621505
423.4363897156727,144.47199084094854,115.13656011125204,280.0180305238538
421.8547427944396,142.87077240447482,118.2998539537183,277.1344965090638
420.085534816442,149.9120917903155,121.8382699097134,275.2527192894283
409.7611450674389,156.60157432242409,124.08019873628896,274.1449880061649
409.9346328107634,165.2074695607367,123.73322324963999,275.4100143247071
410.95580994588596,170.55518256831306,121.69086897939482,277.0570214424512
409.64152818759766,190.60122340702665,124.31943249597148,280.07917254815624
405.38706800631684,201.96570340114747,126.57908317375234,282.3472912990375
400.3600616760403,204.3076041689252,130.3111909189124,283.9853946788751
384.6802750371519,204.30878527848358,129.61493909499512,283.9830324597583
388.50749384834717,208.49855508031965,128.3594346911695,282.0024260746511
414.1287943766349,224.5422695257047,127.90197704416249,281.65571181486126
429.67506153922955,222.15193521697478,128.48486193963458,280.1012965881889
429.37023793022456,219.69364668027035,129.0945091576446,278.69516623450096
432.3004101542484,219.6634680958943,129.547089356491,278.75552340325305
434.8244218059281,219.78910306017,130.82078243846627,278.50425347470167
437.2739230717573,222.9286025268453,132.26208647770653,278.56556111224967
436.52721950029274,219.8723366694403,133.75549362063566,278.3117540409303
435.9503608633967,216.79908980526034,134.90921089442767,278.06960525505417
435.57250472078545,206.97528934581393,135.66492317965026,278.5017036075952
432.6001625324011,203.6647033387887,135.18500112446839,278.69826918969505
433.57981006231427,203.5375607755748,133.22570606464208,278.95255431612287
444.5969080430815,202.88298078779636,130.357819112105,280.26171429167977
452.26715222930125,202.30724284749627,127.7329512626729,281.41319017227994
469.996468312584,201.8706539347586,123.91729938138965,282.2863679977553
492.9917112005902,204.03314852841564,121.84612315859201,284.23556588947184
495.8507414954606,209.2126108863653,122.39391429560152,286.4083446270732
518.1099339810113,212.4089086795463,122.02428972272509,286.32271481188616
516.3655819207966,206.75367752799778,125.51299384315459,285.03479983197604
534.6185561883595,215.7784681789637,127.05983213907214,286.01161194556596
533.7864294294811,234.61672270391364,128.72408565682895,286.6362374255134
533.1866614633739,238.75263535483026,129.92362158904336,284.78625268740734
535.634964395095,242.04548830872153,131.44303261981463,284.6165636738384
557.8501064852366,260.22208907455655,132.09384440161253,286.90430153823775
561.9943772723434,260.31241907892866,130.29012492016938,286.72364152949353
565.9826869850284,263.7010620740877,128.7641002745308,286.396950318907
585.8367456267675,273.37168676550755,127.57040143708996,286.312910159086
586.3184094495441,286.2255266520771,126.60707379153676,286.1927218739413
579.856990419828,289.0832851362044,126.77354842833404,286.85538661700434
578.5623456294504,292.20563389287724,129.36283800908907,287.0014092338609
577.1154869548263,302.16993345860993,132.25655535833715,286.38788699249744
575.6990635765123,302.9420152156965,135.08940211496522,284.84372347832436
574.833966723687,303.409976467968,136.81959582061577,283.9078009737812
578.2678495036151,303.9403252253692,136.475447458893,282.8471034589789
601.7504433403407,306.8769288728553,135.02530361287197,283.4760452822111
605.3401658827404,304.12066422164946,134.33194436852978,282.5024887441653
606.1314082947471,305.0666840395404,132.74945954451647,280.6104491083834
606.3817575887326,305.6857626114273,132.2487609565454,279.3722919646096
606.8300953721954,303.303569905711,131.35208538961973,277.7588109847955
607.3878834310785,296.94005544448754,130.23650927185344,277.8084107239986
607.045685489439,294.20208602726916,130.92090515513254,276.96437805089454
605.649084686895,291.36845082558904,133.71410676022057,276.3120312996997
605.4396338589524,283.96721522989486,134.13300841610572,278.39703764134526
604.1818293448914,276.8033901681524,136.64861744422774,279.9317790027788
607.287013368147,272.0751451595326,136.9008299782996,282.92568843943536
607.7902381987659,266.4626466210258,135.8943803170619,287.63999350385285
611.3650184113333,264.86181518758696,135.3067561541016,290.84165637073045
619.4821626641653,267.2680408872359,132.2690810002292,292.6275116473285
623.3586422323444,277.3853575496453,131.08719266782657,292.1060907343762
626.8269060134667,278.1156543333052,130.69341376198992,290.6454971670565
627.0255465047949,279.2746397201546,130.29613277933356,288.3275263933577
627.4133506761596,283.2527221411234,129.52052443660406,286.84535963369177
627.4378047616868,284.2300171071179,129.47161626554959,284.8907697017027
627.0223124463164,284.7732725188329,130.3026008962905,283.80425887827266
625.9896575706291,284.53911827447246,132.3679106476649,284.27256736699354
625.2381965823732,284.69414380535255,133.87083262417676,283.9625163052334
625.1088680899962,284.8392850959884,134.1294896089308,283.67223372396177
624.9716342209232,281.36558306437234,134.4039573470768,284.14630562753126
626.2302296843468,281.1653524518023,131.88676642022966,284.5467668526714
631.5588453657508,281.07302307422253,127.6764379233718,284.73142560783094
636.5542980016905,281.3046838338423,124.0613207280698,284.2681040885913
641.0985936988027,281.4195998015898,121.27816653031005,284.03827215309633
644.7586156852753,284.6171697093184,120.21107677211683,283.8960865523911
644.8971692444289,291.7566673783035,119.93396965380951,282.08111461445094
644.4070338559081,293.7069305582595,120.91424043085122,278.18058825453903
653.2901279690066,301.75452020901025,121.63332713761963,274.40892557501445
671.2615791590187,302.4914891402573,122.40907114402097,272.9349877125204
686.4631064262817,299.8738679339806,122.56616749497248,272.0581999479783
685.390681540185,301.65406819433383,124.71101726716569,268.49779942727184
685.3714118616059,290.898360128482,124.74955662432407,271.74556800367475
682.4130506646263,279.4689027485955,124.530476772817,276.19707602704995
667.9507088746946,271.24824629459084,122.47194570650302,280.2451030765883
668.1902954771176,269.7506571308009,121.99277250165684,283.2402814041682
668.5903043170033,271.2491685353823,121.19275482188544,286.4973021268922
666.6661196982395,269.80290682109535,118.75413228807403,289.3898255554662
663.9796956879003,269.1935861598881,117.84151587516621,290.60846687788063
660.6672799826866,265.9785341796158,118.17956262465609,290.7517861774878
644.6784550052473,257.03233544207427,118.68285441378536,289.75956875312136
644.8759701510095,246.74197589205468,118.287824122261,291.47170374051046
644.7685799584181,248.65720555257084,118.50260450744406,293.94841865254233
646.9952624604183,255.0335623539987,120.39592162914533,293.88906930109016
649.7647321395822,273.20211852888315,121.23653073724098,295.829247749863
649.2235531743792,288.9052507693077,122.31888866764719,296.5353790149994
648.9067310590153,305.28594593449384,122.9525328983747,296.0335391877777
628.2830398719614,302.2339339597185,119.00843317486496,302.13756313732836
628.9045882011358,319.23891412766943,117.76533651651602,300.49544726753453
629.3708769894823,323.96097327712323,116.83275893982298,297.4790440438458
628.9587746971972,322.08143439272555,117.6569635243931,294.8704621878705
648.2503540144487,318.07307965804085,117.14301542886665,296.54230323407717
657.2217555133489,314.5775920730132,118.27942964361543,297.17353933328286
670.2975937556294,314.2648492275631,117.68427226699612,297.7990250241831
669.0900434860873,313.9127382058333,120.09937280608028,298.50324706764263
668.3494468145577,310.29221247949965,121.58056614913941,299.3035429298977
667.6000929826935,303.63291824044353,123.07927381286791,299.66476175248545
667.2647809719682,299.9056756859435,123.74989783431846,300.60868016609635
667.7833380189325,303.796593790859,122.71278374039005,299.3629495188684
666.1296791701711,305.2615791824972,119.52040587826198,302.9326742952428
667.44181534245,307.7050519036171,116.89613353370422,304.5398892023166
665.0644624630565,305.9699204467198,115.18060619780013,301.53991902142025
664.9564911722563,304.48577905612746,115.39654877940075,298.1118339524893
664.9086374868928,300.5093344653697,115.49225615012776,293.36267043749103
664.7124003560375,295.30733674201355,115.88473041183823,291.1976892813044
664.052357523757,292.45292049837275,117.20481607639923,290.64616051565054
663.4739709173307,285.69757901096807,118.36158928925188,291.6048841347537
662.0921902325077,278.22786098338054,121.12515065889778,293.9235054577818
658.161440005194,270.7033622514064,122.59363751465753,296.1864757239946
657.9516266591208,265.88292891815826,123.01326420680371,299.3755838597241
655.3797591412946,258.9512922745992,121.65177693284639,300.22841252762237
639.7166965700061,252.78083543769557,120.51150175706643,299.5827660740869
641.0301701842591,246.30243134859472,117.8845545285605,299.612269886975
661.4861480641946,246.62652676197496,115.47550482876352,298.96407906021454
662.3944644163183,243.30298294912572,113.65887212451602,299.246484185714
681.9738873218799,242.57866673963156,112.5167174600719,300.6951166047023
680.7629333847038,241.17352920037928,114.93862533442413,297.1690592742103
696.3139924191628,253.85962757508224,115.4828770553504,297.11395835667975
696.016025913069,273.41379709782973,116.07881006753786,296.0350537348886
695.2381622797228,289.0663785654699,117.63453733423034,296.3969242325744
698.2312847442478,293.9452744362348,118.01472612527003,299.37199993122374
698.1017893727335,306.13298205702245,118.27371686829851,300.6606826250412
698.0028038896038,313.5654406629616,118.47168783455797,305.1133308591386
701.1502363058664,321.1274991771105,118.68355234740204,309.5094018669482
725.0070900254392,324.21208556709354,116.98545661708863,316.48754671807706
728.8251710843126,323.1438071420903,115.99243641588558,318.62410356808357
749.35317707321,325.8464222170189,114.87114391660228,319.8746599979782
749.3748789119747,330.41120981059225,114.82774023907265,317.3984613846153
749.882859728111,335.14985042115563,113.81177860680017,314.538366674388
750.9242226464465,339.73287059493487,111.72905277012904,311.9302244613681
751.873698361359,341.1588893825468,109.8301013403044,309.07818688614424
747.9623893003493,349.4759817532698,111.2450081141875,305.2594248409709
748.0108934002886,357.8288315062424,111.1479999143087,301.31120727112716
748.9599399580381,362.74953113547645,109.24990679880959,297.7902856277528
746.4854323989904,367.14974866359717,107.96312200985821,295.22565047855846
744.0645813604366,367.91591043625715,106.62897753029254,293.69332693323844
744.467990340226,368.76951415235226,105.82215957071375,291.9861195010483
744.4749798808174,366.99144072311,105.80818048953101,289.4514788219866
741.2880561244916,363.01352372438583,106.12775504019473,285.29876689545904
741.1186133022018,362.2786487506673,106.46664068477436,280.7679349131042
741.9374494035656,357.3542966967108,104.82896848204668,278.73317064559234
738.8299430338338,352.89926647236587,105.16088999320547,275.87704863767294
734.8640547388554,351.43070570636127,107.24456964269058,272.9660732292102
731.7548049248177,349.2905529630741,107.61941998027345,271.402729425292
716.439089483772,346.66061668472594,109.11150826015646,270.83473346154665
715.4821302618884,347.23099546803894,111.02542670392367,269.69397589492064
696.4877106936508,346.1602967665783,113.83047037877301,265.97140738757093
695.3755234802476,351.28390056720207,116.05484480557949,261.58413414784997
690.6902167849828,347.0717860837632,113.7542009669981,264.17273450017217
690.975462517023,338.04304219627306,113.18370950291765,264.73252918471275
691.7975270571147,328.4874755005339,111.53958042273419,266.3519283441616
692.6371341649563,313.4777367078969,109.86036620705102,267.2470962970631
696.6969678816334,304.37862387028804,107.54865717774527,268.02144676013484
698.1423244208725,300.4510493487802,104.6579440992673,270.0986556250208
697.4783965624268,296.9122521049296,105.98579981615852,271.4201377522009
693.8050220833507,290.2633048798256,107.53365586717587,273.12024638813887
693.4884375058774,285.2070044462468,108.16682502212242,277.3818089685733
690.6662630869816,275.84068991963903,107.88754136756432,284.26717303708983
689.7907423876499,265.9940950268661,109.6385827662279,285.90793273874135
689.0176081976848,262.40921127599256,111.18485114615805,287.00521917025327
688.4937500693388,262.02690923145224,112.23256740284995,287.769823259334
688.5470056856257,263.5399262054654,112.1260561702764,284.74378931130764
689.2458703672905,257.95555256877753,110.72832680694657,283.7118685748546
699.9152734121346,259.96900841416607,107.57096355648915,285.74543783048784
704.048115318217,250.43226071951253,105.33826111566941,286.71998910576036
707.8660961860226,254.25233080718223,103.70898833252988,285.0865378828926
707.6154331006395,258.657844309015,104.21031450329612,282.2293812772288
706.8859805989931,259.3916971914555,105.6692195065888,280.76167551234795
705.8633394580581,266.0613721622419,107.71450178845875,279.2769221347169
705.2400355118301,270.65192432953666,108.96110968091499,276.038565420798
710.2017005057492,272.69910509044723,110.87485461726251,271.9442038989769
718.4249246882923,274.53625675338617,112.10960551618743,268.26990057309905
720.2207886322356,279.00967478158907,114.38054761961344,265.1857345080056
725.4986408828624,280.1038004817816,115.54142136864442,262.99748310762055
724.9912437020344,285.2928762338091,116.55621573030068,264.31348852638314
725.2179874194663,284.8566999100551,116.10272829543678,265.18584117389116
725.2436661990967,293.42606254278667,116.051370736176,265.7131560471157
724.8327267725947,300.2187924548737,116.87324958918009,263.9185237397179
721.1438989499494,300.77385490036943,118.36702260772464,262.8083988487264
714.709850055814,301.4542742415475,119.44705350384129,261.44756016637035
709.7753887927179,301.2720375239872,117.52955879564269,261.81203360149095
707.1000224376324,300.97393699089196,117.01543014179873,262.4082346676814
702.6525783264277,299.4590425499661,120.04584044097929,259.57354562630394
702.3928261554655,293.0662462255867,120.56534478290351,260.6062574220654
701.9469759871599,283.86743457050306,121.4570451195148,261.3022223471079
704.4550296655304,282.0242774517584,122.36721073765771,259.06226360971334
725.1870378394334,279.6563474637379,122.26999665743362,257.88858040467125
725.2742861798273,277.029479392285,122.0954999766459,257.2515750469896
724.3842763147135,268.5577329480197,123.8755197068736,256.55982691161887
724.4356886563921,255.7203560227606,123.77269502351625,258.6373426310287
725.8806829993397,245.8365674398263,120.88270633762113,266.5492427951109
727.3774897912264,240.17988415355296,117.88909275384773,271.87009889859337
726.356099556018,234.08161172118704,113.91487434548125,278.0496448845419
722.0300097462768,233.05946647108485,110.49534277583264,280.0939353847463
704.8961090784807,229.57689389574057,108.73735341668394,281.0547820863113
704.8034620288337,230.06567598885815,108.92264751597773,280.07721790007616
683.3827931783837,234.45612178708308,109.93265496388663,277.27223062548217
683.3382664113427,239.0399465232404,110.02170849796858,274.05823250498753
684.0554694845273,245.5810737196993,108.58730235159952,272.793945867198
684.0007942312595,251.07325099413725,108.69665285813491,267.6747701443139
683.4304491489347,256.4391520041202,109.83734302278454,262.7363805604057
687.0136867848616,264.2598756909721,108.41332326199796,258.5798442088365
690.9064581773546,268.58005462424916,106.2849523208748,255.59665818614485
697.6467310830976,269.8566587708275,103.95707318515876,253.04344989298812
704.0776707575354,270.63645774994814,102.09145624181397,251.4838519347469
710.1916955689883,280.2910883582726,100.74829181482322,248.5019185119703
710.4912187536804,284.0012753759224,100.14924544543891,246.45709127741327
711.4682037232297,283.30317341343357,98.19527550634022,247.85329520239085
701.4705875802879,279.8207906800647,96.90790859112664,249.4974108688543
698.3767036211736,279.93002487373553,97.77443189992412,249.27894248151273
682.766461592611,272.7712776609221,96.99316815322328,252.92918763919732
682.712511453366,270.2297993292631,97.10106843171332,252.64008831212413
683.1095198500102,270.3334809745173,96.30705163842477,252.4327250216157
682.3943679257363,273.7477039070213,97.7373554869726,250.95688715535547
682.8652901015258,271.1316980661487,96.79551113539354,250.831821759349
682.4875621021329,273.67685561478265,97.55096713417939,251.07990273639518
679.9484797592028,276.1398729991548,97.273627087475,251.5093727002157
664.296035267133,273.39129794953203,96.43830412699234,251.6498208086909
661.655452795785,273.2583259017998,96.37573966212122,251.9157649041552
659.8823486709118,271.52091599364843,94.57552491173107,255.39058472045804
654.2701903424716,273.60423434743643,95.07216474948329,256.58778642244613
638.3358969929568,272.18685213168396,94.60108728312223,259.422550853951
637.9550535010709,274.6583514241231,95.36277426689404,259.9015701861276
637.2096113154519,280.21824985986075,96.85365863813229,259.6670469250202
636.6712074016971,281.4647707501433,97.93046646564167,257.174005144455
636.0798004250057,288.04291432044863,99.11328041902443,254.91733821426243
616.88831206138,300.6700167560423,99.42580648661564,251.41767657716656
613.5925627065093,304.16966972092376,100.6233856085215,249.8122902352393
613.9116418083189,305.45434927855734,99.98522740490209,247.24293111997213
615.455672373954,305.30616161823076,96.8971662736319,247.5393064406253
621.2654954320782,306.2476104560885,95.86334740402292,245.6564087649098
626.7946650053999,299.98342324612486,95.29968613685182,242.44276636562878
632.0195425425029,297.7185288274181,95.23203830261536,241.78150158305752
631.1650956823382,298.6707386061755,96.94093202294461,239.87708202554262
630.3554563703754,295.6280989114432,98.56021064687052,240.77892157555658
630.1783341250947,298.2036898633602,98.9144551374318,240.8530140329661
630.6459837110924,297.6369519913109,97.97915596543635,241.98648977706458
629.4868418013102,306.4938118847245,100.29743978500079,239.9697661138554
628.4614749022264,306.4674579443673,102.34817358316837,240.0224739945697
627.9595537405372,304.28523280118907,103.35201590654664,239.10536444086114
626.8785569779639,304.74758073052465,105.51400943169358,238.18066858218987
626.6634819401258,302.5286464844113,105.94415950736942,237.30778525978275
629.2576192670952,299.6256659545463,106.06154126586685,237.8080899070767
628.4530861986839,300.0209571011292,107.67060740268946,237.01750761391088
618.8002625144367,298.51341647233164,105.64923425971477,234.70083374363878
617.4227164386357,300.94713198359847,108.40432641131687,229.83340272110516
611.991750442791,300.03411145501923,108.78613541321587,231.65944377826358
609.5461049718198,301.438294483521,108.40409907206616,234.12440500435204
610.3344853385062,300.22839840940026,106.82733833869332,236.5441971525936
611.0087507927335,301.7625191200768,105.47880743023859,238.78604146342101
611.5659001134399,298.82401877759594,104.364508788826,239.34413241055557
614.6789138126909,298.181680460623,103.44584266121073,240.6288090445015
617.6340102625986,294.6656750657812,102.84538938146167,242.35108021411855
620.5154237371003,297.0504906428068,102.4065883714021,242.90547499901106
623.5368066324068,296.721649945585,101.6880882604647,243.56315639345468
626.2563421875449,304.94149117920455,101.57004112110884,243.0865458389775
625.8165061363329,316.33124110770257,102.44971322353291,241.55523714637314
625.5269406755932,320.5163575769815,103.02884414501231,238.4905209078443
622.9520540199203,321.43585057402595,102.90718860688926,236.65153491375526
622.2370971553611,318.86292011175306,104.33710233600783,236.5547382787479
622.1551965264272,316.31460516784637,104.5009035938756,236.3849083001171
619.4863610457893,313.95564850959886,104.57169282389845,235.83593988535915
620.0464462176493,308.9439092318771,103.45152248017854,235.33908366113366
635.6517792531071,306.63704915883756,103.6403056063767,234.71956227436044
648.7595773693154,290.3441773301708,103.56264161248433,235.9397872454646
653.1105842879358,279.0557972062071,100.10453243305872,242.78483351994663
666.2818412804914,277.69109966788835,100.17035682933837,245.51422859658413
666.1270779366943,273.5304763660621,100.47988351693269,248.5132783802299
666.2075149357659,269.5545191980502,100.3190095187895,251.09426532234036
666.066185884916,267.00954936503615,100.60166762048937,250.7789814716419
667.9885599180532,265.04636317031066,102.16264909562645,249.2996243196815
670.1819413772567,263.1304445267548,103.18811155926139,247.719236224751
680.4408229915443,260.86910744442207,104.30093592592877,246.8342634906059
683.286074036435,260.82939773934106,104.0250319172238,246.9136829007679
689.6586050434119,258.4352918818428,102.10168393630619,246.2910375992463
691.3985058594179,253.5321712173676,103.98962479357343,245.36179394963813
691.0752748936815,243.68473655030755,104.63608672504641,243.50544760365594
689.9873907522526,242.16394878214055,106.81185500790414,241.17462765116272
687.4838652209608,237.64216520314386,106.44189866126288,239.46417999070616
687.6858230534222,235.54885698685317,106.03798299634005,238.30510437828724
688.0075221000025,223.56782986293658,105.39458490317946,235.65828411596584
688.8268132387136,216.7763351869021,103.7560026257572,233.42508932810048
690.1378201334838,201.60061412406824,101.13398883621683,232.51142331776379
691.677446566697,201.71188845323456,98.05473596979058,232.28887465943117
692.6509096753665,201.8136549733716,96.10780975245139,232.08534161915708
692.8743863051718,202.06881562342178,95.66085649284082,231.5750203190567
692.4851541445538,204.34175316023794,96.43932081407691,232.07011827027918
689.8149574756063,219.48940478385086,96.7177685758345,232.14648847987775
674.3950431239712,219.7052061428238,97.14965014302653,231.71488576193184
673.744136279303,222.56298323659763,98.45146383236293,231.0687531008119
672.671827817862,230.72951011994348,100.59608075524491,229.98513414682054
672.5918770465918,236.06199760804515,100.7559822977852,229.5308387716426
672.2351832021569,235.933320747829,101.46936998665502,229.78819249207493
674.2946951838841,230.80420888013418,102.46821743245735,229.81067340895152
674.1900469992985,230.578370635512,102.67751380162854,230.26234989819594
674.6807209406214,228.21790999984864,101.69616591898266,229.8372664996597
667.618797754769,225.63487794339014,100.45228599134072,229.88075517946112
666.1607997020017,224.5549044700491,98.26698965701063,232.04070212614317
648.6581867453765,224.57908554280385,97.61470533633303,231.99233998063372
643.7779797147155,223.94411268849973,97.21177044174664,233.26228568924196
628.6705111079634,222.05086192854674,96.86950401299728,237.04878720914792
625.6533515982368,222.88338563722328,97.76241350083193,240.52514932341353
608.12306050843,224.4488803668239,101.57851099768182,242.60157397800623
606.6404985494604,232.02279570984746,104.54363491562094,243.3693282630395
605.9773654611674,234.72184657332184,105.86990109220682,243.34001864797503
624.1702693356435,240.37130310231092,107.22660877283786,242.82468142702072
626.8483302407266,243.87234122846527,107.27871950352986,241.2308377155701
642.4840729830319,247.75901990212864,108.32345432586071,238.84351708606692
643.2045541803894,255.94244070411852,106.88249193114557,238.5858749552927
646.6364134507809,255.99605746382719,105.35946809822579,238.47864143587535
649.7574434606474,255.91295040606767,104.42976012403736,238.64485555139441
649.612993463406,255.4692184005574,104.71866011852015,239.53231956241495
648.9131767790832,255.87059610604018,106.11829348716584,238.72956415144935
635.1505173927764,251.99385467214358,106.99689037001104,235.82435826333517
636.8201839389919,240.1137831123451,108.9601624415393,233.0714755631348
655.1970649074448,237.98225305454665,109.28491277600568,232.03760535424993
659.0378044783643,227.97260735828863,106.89097458246451,230.90673295357527
677.077220516524,220.01373343821166,107.41692800197046,231.13671558123258
680.4164152686865,214.79522834669234,105.98033703322515,231.09012869311175
684.0750548833693,212.38400341545372,103.87904223763721,230.69659412181136
689.7737410877351,212.92734625234831,102.82850684435607,229.60990844802217
693.0946199058799,211.02682492246328,101.32594065595379,228.27175965990475
696.1393419865491,211.35476830104312,100.32985478460317,227.61587290274508
698.5184941081206,219.2761251950716,100.63786550662519,226.97210401018322
697.5354482586174,220.80752844428648,102.60395720563167,223.90929751175344
695.8670925397176,222.34736816605206,105.94066864343117,220.82961806822226
697.4769527982298,221.3437421935401,107.78679766731473,217.77102047233834
701.701758384717,222.61752757666136,109.4436326961845,215.22344970609586
700.9844451287835,224.11206105577395,110.87825920805157,212.23438274787063
706.1329832887384,223.0594973542989,110.63200610703768,209.3140985413727
716.9950527949873,217.16926681005444,108.82084994824922,211.1380682030071
719.4288757455427,215.25572682581927,108.92710221371367,209.99125000490216
721.7902684009624,209.84328490684342,109.16320735879484,210.89835293101243
723.2156609415049,207.94582754030944,111.2886978775243,209.71699206426592
725.5505484964381,200.20524382965854,111.61436667613484,210.2118277601375
728.1468677541523,197.5381733829833,111.43004128443252,210.537655529762
728.059598435884,194.37583981962723,111.60457992096886,211.85237859880567
727.3132647049617,191.79700695676846,113.0972473828136,211.9777658810471
725.1192124569733,186.12718494404533,112.42561388109333,213.19793391109928
708.0626058778817,185.30778814039581,111.0756567683552,214.83672751839833
708.6515606512849,179.81187427872382,109.89774722154885,215.69448994981775
704.320493416631,176.68952082340476,108.44125651503711,216.87988427254624
691.8322966441724,173.55626746849,108.16008165177627,218.09487730074005
694.339621052477,171.04750049236495,108.20986077763038,218.04798331052672
710.2952504631096,168.2319554550284,106.68622646175609,218.61446930096795
725.671516271075,162.62911988246634,106.21248767684175,219.72720950241987
731.114199897465,158.33965862053768,105.43609516222514,218.19715728811371
736.7694575937334,144.83633671823122,104.16288227390064,220.1105448321968
739.2637953558325,137.3936305643318,104.19860109248,219.92277411166248
738.5781407357192,134.90471610410216,105.56991033270654,219.8783228369092
740.7546731041978,130.21870695303772,106.26236225029979,219.1593078299376
744.9092710668831,128.83568612585537,108.04729008055818,216.87828760648767
745.9302910312321,127.92808556705512,111.04992217893833,213.64881669701032
747.7376201478743,122.64282329147647,112.48440893732223,214.12105126483073
752.2534669143764,110.0144517852817,113.61421737898999,213.9740393405408
769.5604356001776,102.40408488033475,114.68618836234285,213.9008124268824
784.9300377787923,97.64366816241679,114.63871016719847,213.19107047535658
786.819130837102,95.14960572784864,115.96454398021717,213.0751754148551
797.8515471084959,98.19672051024281,119.52470561231198,212.10594468504326
796.1266175670844,98.86556696890759,122.97456469513477,210.7682517677137
792.512655299711,97.04311366274042,124.99235743801334,214.41315838004803
773.2734370361652,94.07439430913014,126.38206631041292,220.3505970872686
770.2947780017547,87.4169025488201,126.92939074089145,222.8455933312036
761.9506078339466,81.62534679853063,127.24899472340744,223.51621392971575
762.5155516107224,69.23156770991221,126.11910716985588,220.945744076094
767.0995423107021,57.61156144174299,122.36547187120793,222.5283722071856
786.9481996839324,63.02943910319564,120.28498319323728,222.4402814752774
793.9708566421203,59.797195211155866,116.91361396568752,223.56779691494393
809.4195911488645,59.870681901724936,112.49483524376839,223.4208235338058
809.1393599336449,70.81279908581885,113.0552976742076,217.18880694273093
818.101577551754,71.14121777150305,110.53781442642725,216.53196957136254
821.2051083056184,71.36936079693916,109.41339082661142,216.07568352049032
824.2468311490813,74.57633863216572,108.38648396299506,214.7182666733467
823.5409786647577,82.18048599793435,109.79818893164222,209.54778588970456
822.8232933645354,84.30002212935818,111.23355953208701,205.3087136268569
832.9038790237282,84.81562577985734,110.79068222016807,204.27750632585858
833.5956107147891,85.476449598422,109.40721883804616,202.95585868872928
833.6637254326527,97.74642973373113,109.2709894023192,202.73409911171484
834.429786280021,98.68110537677973,107.7388677075825,205.72278804641746
835.4994002719978,94.92423920459254,105.59963972362871,208.36078137835204
836.6352699328502,88.74362587956938,103.32790040192411,210.96680819322557
840.4096755464029,74.72540450389963,100.65550546721252,214.62116948259484
