340.5,358.5,18,55
337.63168308297725,357.2000110142576,18.874697980087344,55.50108993189586
336.04843295743143,357.5226113580153,19.936716057259368,55.16343818456227
333.8038317594736,359.3492889857806,21.090938680607245,54.541166274444734
331.4616334838522,359.7156369055571,22.103516498634747,54.29754651282988
330.2474695339963,359.6896849609014,22.815091749992874,53.900896482349125
328.61131827225495,358.81810975234634,23.215735233024585,53.207100745818465
326.7009460407292,357.9924991690855,23.448697313111012,53.02068949466138
323.99434479488286,357.203179142337,24.480945062371994,53.013648467340204
319.48493585943254,356.56490840647376,24.201152246016807,53.255855875536625
318.42424735243713,357.9796450617768,23.348053399411967,52.980213188557315
316.88715824114666,358.47957990093846,22.607227988493676,53.272345353686404
315.3803849332806,358.6138471227548,21.91495142116621,53.30321925646834
312.0150215738077,359.0627830697778,20.458587266393728,53.85116817083295
311.79230418112445,361.13710044367764,19.50289709753654,54.54830187472395
311.68886338965046,362.4766838207748,18.93163432089592,55.07364580931142
309.8175356223236,362.3527704041845,18.934502038548295,55.520646569799
308.0208412815418,363.34467004951114,19.239536323291915,55.56150429017791
304.03649287014764,365.54151812420685,19.56833818376934,55.37577256110515
302.50618551035524,364.6671203420935,20.502115411364997,55.34028126868053
301.99096896901403,365.3720729241701,21.380718699998184,55.03164630334933
301.58889525725215,367.4953682541905,22.04811028453173,54.69275427459514
300.3659728598992,368.37916071849634,22.694450322310153,54.5660240622844
299.65415023069227,370.0381563397998,23.30308556952789,54.212656747747644
299.40908215144816,370.2734146923222,23.55424596469514,54.31182997218805
298.2752997598405,371.14759653595746,23.595759178925558,54.305426452802436
296.94131583313543,371.7138463525286,23.92962011018595,54.576767957546174
296.0493068037406,372.42985667994327,23.368457895919626,55.09726564664227
295.16195156219226,373.9575467366086,22.3591295968965,55.20506516931328
294.6275396910773,375.01009448145834,21.13915906002796,54.88699680020402
295.09385074128267,375.8033950016874,19.849383186309463,54.563470634623705
294.83049131895604,376.68055785750886,18.945579946726568,54.80875653911552
294.28895477996286,377.87948151085044,18.09288835434088,54.95515709810927
294.75555537171624,378.1200228782501,17.55483228907065,55.23187768419467
295.29081433965814,377.5919068652051,17.4773798296044,55.53345226294651
295.0294976970899,378.1284307549311,18.20466503672849,55.14894267719722
294.5512457192175,377.0096241639419,19.388400763227036,54.64933485659691
294.3782455006993,378.57632288780593,20.28790590569256,54.21928962177468
296.07668597145994,378.0723961701352,20.96570338519183,53.981561787851874
293.9947163442314,379.25552793639963,21.63421240855454,53.72818229997024
292.71323991957314,377.1159902129187,22.031142241895104,53.55908040928573
291.7318677317859,376.78157415704,21.887475637244947,53.84455484715964
290.962135902084,377.1805629367826,22.063641714976,53.739916039467346
291.4272408341721,376.52886025813785,21.540903358587535,53.577493693280864
291.7443250775512,376.27364769689285,20.61116026636443,53.425105390706825
290.56803453374556,376.1862627588008,19.826774410234908,53.43749044392615
291.0251579894698,376.78764471969265,18.836722676639475,53.78367886322219
290.6964648042567,376.97318154306345,18.11466075242602,53.93115161893501
290.24417224885593,376.2658901957738,17.793258071212534,53.85864551403769
290.6018559866897,376.02329979341135,17.586372336496556,54.31591284707872
290.4454360409444,375.09126194651117,17.80164752327093,54.23166529106217
289.6382855260551,374.70048897129016,18.315339727366023,54.11211549355651
289.28457197535585,376.1824609239454,19.24482490145067,53.33410184032121
288.66633012264487,377.409442711203,20.08868723870284,52.93159853191938
286.8966238172558,376.91472222993775,20.905185630578423,52.83967593568059
286.6673473756407,378.1493669846659,21.489718592982676,52.05656010366879
285.78503479912115,378.5208149411031,21.789896366909545,51.793959431673414
285.01594396430374,380.3036534997027,21.93563688301795,51.50213728540619
284.29870846543,380.40127697044636,21.970270386868968,51.93738613058579
283.0856080161725,381.7019393579251,22.348524593870888,51.870027420081485
280.7121194777557,383.0773314378211,22.535002479420307,52.043990727330375
279.8634877532281,384.9288290965845,21.789670923440053,52.429146864729155
278.73797520749514,385.10343252176045,20.880873550916768,52.45381101299827
277.70139845562625,385.7527701163152,19.74095380102306,52.870288087530014
276.456818173094,387.09028148759427,18.993593837294206,53.17912583767831
275.0423287195759,387.17916428100403,18.315691030463178,54.00664670601319
274.55920208134717,386.1828077933129,17.86931732518547,54.36895818927653
273.18828193849504,385.0128601147051,17.925868943210858,54.349514070860465
271.64981901048554,383.59071483046773,18.40080576839187,54.334069627280726
270.4735346320457,382.44380535806283,19.520800062380893,53.544394385689216
269.60763760804304,380.9890175712152,19.862084028141364,52.76847768223914
268.21362214197484,379.28670695809916,20.63178152521913,52.30839167694955
268.5085489204963,378.664030198666,20.970761214407304,52.023309395263475
268.7217704782303,375.8107706634142,21.193047959721888,51.789955724067866
267.97905785629496,372.34452182318284,21.3678133181861,52.14547233687307
266.6457497865961,372.18145133578275,21.511246827044786,52.147655242587206
265.6642613096415,371.11965119149966,21.406047034585587,52.847534098467605
264.32343700960325,369.5888012290773,21.001166856586,53.28447768710014
263.8166656471082,369.3018392846369,20.09697734280656,53.6961163970812
264.4002974898005,369.1941699121911,19.19982179097643,53.751631053756924
263.8993039749072,369.20689129119637,18.56299270252275,54.03178491559085
264.7767671414293,370.91174993890803,18.046946765367796,53.837192942509446
264.7360131084871,372.2051155536965,17.661600020537417,54.14308275327681
263.98644919994405,373.19114775935054,17.63933513456717,54.3528790273172
263.3513598119771,372.28148003052286,17.656347711770657,54.62500641421747
261.3217510100964,371.09706784609386,18.207513443278582,54.34356604308527
259.6300670260394,369.60130409230914,18.991908852417378,54.00551372048503
257.9632511348421,368.5307806031454,19.69225439709529,53.66261222965058
254.22161692964232,366.2525117006919,19.953248027221406,53.17705723441718
254.35951116878746,367.16327803627394,20.4592918863106,52.52600564903039
253.58459280306676,368.90562577208584,20.712220358360227,52.04316292818473
249.30389160034883,369.04246867916197,21.278518450899334,51.783852365750306
249.54787528542093,369.33627064168576,21.452520444444584,51.802855818231954
249.87355349724467,368.8755582628775,21.80071406533371,52.2370453575619
249.01138846957153,368.0537271224642,22.15004674328433,52.62844862235154
245.47368257890736,366.328532120828,21.50612487593108,52.335252323820306
246.5545396576864,367.1038410986529,20.70603889315475,52.291379110564094
246.73141123179835,365.5533431390705,19.828533876453974,52.463481225178754
247.03816685194377,363.21234065414774,19.052934435713237,52.59766419642803
247.19475721820814,363.720851747166,18.348637650318487,52.63524224919145
247.2559068260235,363.83777775482514,17.799824196568625,53.22651205384627
246.6307741351144,364.16540344886664,17.42673120951328,53.26383546482407
246.32183136596308,363.63549198555546,17.374575544317025,53.705069645852376
244.0886385998477,361.4006181744368,18.002529002954645,53.50169581575823
243.21274889200603,360.9012324472429,18.520893411046757,53.002873271237
243.0464675830544,362.27818964505616,18.802672983360104,53.023867418243555
242.22592077967005,363.54849185244586,19.08083259678927,53.04346488678014
240.2119363990479,361.6548546226179,19.633710615922396,52.99872907727109
239.23286260730998,362.45571468656675,19.816902926723614,53.19495957479295
238.32728265280576,364.0427225571785,19.931052557030263,53.28431649325272
237.6044258206879,364.1390827636246,19.6156643793394,53.42748577743541
237.64765150442332,362.45189134926204,19.070438206799647,53.49910514409379
238.1994400903138,361.3100517878504,18.40105071225714,53.176335139719924
241.78023787960785,360.331998461824,17.779494673006177,52.72399094986899
245.6268718914657,358.1758258894478,17.35430402279515,52.14103475261087
249.10654394925533,353.3846344500003,16.94259164778596,52.07248531949415
251.47936093631213,349.84359971530773,16.637940492275856,51.96540207128895
250.2426547078656,349.09288694023513,16.36231186869406,52.17794929978649
249.73055303638077,349.9770922384664,16.3190023418288,52.64013453042661
249.54561778108334,350.23859174452036,16.51279509911827,52.66303461146978
249.80448362271153,349.6515271893012,16.705567470885036,52.637156283248466
251.60843275885034,349.4220253281876,17.4073324943533,52.6272189427869
251.60697886578134,351.09626226777976,18.03352569327968,52.163313039600396
254.0350218686453,351.06878581049733,18.827907560171383,51.682927194743016
255.87009457720205,352.4151984750381,19.681971165579842,51.26267700566089
255.25979399360241,351.5156851968329,20.303094087997614,51.285093664457705
258.0217421619576,351.0674357122127,20.96131282925961,51.17594306704771
257.93761032546536,352.0169094444132,21.097496429334512,51.09281486610492
258.804309645979,351.3738615956139,21.293986036750834,51.17045643162346
258.3758274736713,352.3804329722944,21.508296379653522,51.2129095530489
257.7952977710328,352.7020441320293,21.474835430659653,51.11366282523868
257.9105001679022,353.28931495909256,21.158006792821695,51.36646477806093
259.2440294368166,352.60125194942486,20.562397773196643,51.82654793307368
260.553407995872,353.02955095614186,19.975838607356312,51.5852734035836
261.4061430082555,353.58227202302123,19.150786704404013,51.99067812308108
261.65822334852055,351.67492723631125,18.233740536794393,51.98106216213831
261.31352830154714,349.6765244053687,17.530189036617372,52.09951208252252
261.23946933940437,348.85874678612674,17.151708507381166,52.27413113230868
260.9530388195675,347.9786266876659,16.891218829033537,52.34787387935543
261.5518162068178,347.03998871387006,16.85931275333966,52.671210842076235
261.41361686981736,346.4292188245277,17.112204912612484,52.58170104018691
261.13379824018887,345.33974535209046,17.79168174328582,52.47717759283421
258.61319457660437,346.8164710228086,18.588259210530527,52.18942096499046
257.1905788281097,347.8049550767738,19.091932966354634,52.01871558861212
256.2164795935367,348.02977403321165,19.308869943725227,52.16963434735591
257.2550145751854,346.5294223387407,19.498843570973445,51.95716363160729
257.6881502612078,347.7574405044473,19.387183273853115,52.17185550682855
258.0740719606352,349.48286516540156,19.35194683052654,52.357712775572566
257.2022009990717,352.4759158654313,19.115736895133065,52.45809580773346
256.23785933951683,355.97886942481904,18.926342459268476,52.25591917678146
254.06604434719762,356.74684257175824,18.442026734678336,52.5486907107
251.48276955177437,356.25156684263476,17.88502839003899,52.2296589818437
247.280447491234,357.43251424908425,17.444183009166554,52.179565125670784
245.22334154486578,358.3032818276292,17.500961296708976,51.71282275899385
243.10345199911922,358.6536547394512,17.26658400850237,51.63465925174847
242.5442827634201,358.0638744676001,16.88498029640602,51.74704762576526
242.14990029367624,357.7292678036494,16.566472491714972,52.22328812968923
242.02282369913405,357.0820856272152,16.434607881421933,52.537829846907016
240.6798380868914,357.0148171625282,16.812352282100424,52.74475809257574
239.24808182767214,358.32502033358287,17.354710921373346,53.00195838079168
237.50097999679724,358.7544617308232,18.03109737197203,53.580548406592975
235.64030077234574,358.53632274216363,19.14122997744546,53.910452172302655
233.55430557423446,360.7661801707981,20.11911641744546,54.14346201977614
232.49504919953972,359.86472807841625,20.88439106106103,54.73945356778299
231.97768087802638,358.3762217613693,21.486067475263127,55.31235290918278
231.08414318818603,358.62401238948183,21.924704353585767,56.14395740296539
227.88681613009788,360.4856368842134,22.182194353856282,56.98221611537599
227.17661391264298,358.3128692076112,22.49351084473532,58.18198497192215
226.19092830844207,356.5448041914261,22.931121624708524,59.17734351991727
222.2175531557259,354.7568585131043,22.64653342916427,60.377033008503645
222.18322741679336,353.9732427642088,22.63386453182526,61.3892042388462
221.2184353945769,351.8371339802797,22.450598387049226,62.65968540419283
220.84001180229944,349.17996248589344,21.99855251091994,63.35237531297878
219.42561755169612,344.64341943153494,21.767138890391962,64.42164386340721
218.01642231467864,343.6731659281413,21.485154904206574,65.22479494654185
217.22123371124493,343.5949841558142,21.15243855371622,66.23303951841777
215.53443305400666,344.7465784715153,21.030794411497183,67.6243489491493
210.99275472784907,343.06663114308776,21.012067857635607,68.93110105839699
214.31964256951852,341.7722917641043,22.000989508586247,69.67727042744026
211.69332143333617,340.84691419062955,23.547364900915582,69.90221745461585
210.25374023828587,342.4418631205784,24.769653468803924,69.97088573584674
207.28088539494811,345.6231155756738,26.14994824993133,70.7165403677396
206.6577684359861,344.8783019188992,27.011070508090164,71.47734503276371
205.63168315495412,345.5324293954673,27.69163293206968,72.29159836705722
204.42729557022543,345.77747876806325,28.356197500674114,73.56541384935099
200.13173258523494,344.68894469835743,28.407457976880664,75.13380466112974
200.10030797923355,347.22158910302073,28.300604569569245,77.02811391622572
198.5169021822133,347.88452475132124,27.617978688405294,78.61445308410231
196.85327874392797,347.31639965247507,27.253818599720184,79.95475763741591
194.93751248112716,345.63186519150224,27.077154294572352,80.91901565390506
190.5389018834732,344.73685140673985,26.496535447766004,82.60523309188002
189.74499251207578,347.5312310333094,26.527389554711817,83.39796979134714
186.9903308723621,349.45559291982033,26.79185456921607,84.65322608271734
184.9747059629135,347.2892800341255,27.391907698507566,86.44471868874746
182.4530625514632,346.43832518384653,28.29111769721993,87.60069567913472
179.92611981049242,351.0996385495425,29.44506006583446,88.74125425810655
177.75752088398923,353.8447878348616,30.783637647158088,90.01602469534181
176.10055987337435,352.4978292869667,31.81661365207621,90.8018637166764
174.44495522535678,352.63489162710334,32.178739619864324,91.08053611548938
171.90160599053286,352.4663685450979,32.726947794101974,91.50914412593528
165.6277780022302,352.34034800820785,32.852692531083264,91.82582322577409
165.93895973452817,355.8518630149014,32.87368419763663,91.93959445521533
165.37004054208066,360.6546480333762,32.925872019291624,92.28262423363446
158.96253565267764,360.06212161472155,33.14698874695018,93.80184335931959
159.4143294997809,360.7488420183331,33.47622943142101,94.83951414534292
159.76619731227015,362.22275612560105,33.70858296450069,95.4374739805049
160.76627864342322,366.12089633576284,33.76151826552766,95.58190887313918
159.41014118565477,367.2140845152267,33.86469760763928,95.87770714914484
159.17634631758511,367.6257717860358,33.70820823554038,97.70391976191519
152.04339846371772,365.7895545244031,34.377944008277595,101.13035029977547
147.05772080917205,367.70872921731984,35.99634826756423,106.91521563562176
146.01620504216916,366.40354398059844,37.553504888831256,110.52993057241287
144.95173402860402,362.693591541068,39.19599457488182,113.60118976437062
142.1427554668158,361.83517201594333,41.31080385795836,116.623479254073
134.36247615689737,361.2166338712911,42.73317506934796,118.85265941806082
133.66796505345542,354.14392805945147,43.56612659084519,119.84000906053893
126.55624642451046,352.6256975958244,43.66023321366432,119.91136540786749
127.96738200095827,352.2892045784787,43.98000279029142,120.19977556894554
119.77054022977407,349.66577840774426,46.393181343035806,121.49578171519346
120.64210986985287,343.3531917225213,48.83993816959816,122.4100290297313
123.95047796843295,340.6003555552144,49.20074818749539,124.63838717824893
131.88329170107687,340.2753387676829,49.2595754112334,126.81583018763035
140.93392480076074,339.73867336896154,49.086138954297326,129.81375610264206
152.1941016295447,335.7026195470716,48.62161911325772,133.74408909203348
164.3392845749886,327.5341675330387,47.640611819171674,137.42842239561196
176.07583824353114,323.1963766204011,46.45902364712568,140.56515582077125
185.40592969147605,322.7156910274158,45.420609702651845,144.63455494176986
192.9269630467868,327.86477533295766,45.69758805886386,148.05152285870133
199.80025903944903,331.352444811027,47.57802930718198,150.59336625272135
199.84266304708075,334.70530575783675,50.51373125018576,152.66729886197044
201.9635531544178,334.28695830456877,52.1688774385573,152.7725715826086
204.07180418182887,339.2141493168954,55.1563782409434,153.24899438278447
205.5749303600349,339.0269378964306,58.265270137308434,153.32966419579813
205.12420362656079,345.1507666505047,60.500067586953186,155.15631985140723
206.00106794659825,350.2552011280626,62.92291889911826,156.9568941793725
207.86106872027182,356.64453696160695,64.08226753716542,158.1574715128331
209.70456890088766,353.9863112145338,64.71303098132312,161.2358060273804
214.11844696887644,357.7283162386439,65.3200320780116,165.02249738754645
219.3988474494334,360.70411520468707,65.10492279780588,168.55973574391226
224.6135820906827,362.71327854549725,63.880936951891734,172.3352871407526
231.44715665390606,364.0263678540474,61.66129473004709,175.66495674066272
237.5974505158363,359.87132629436974,59.972792348593835,180.75822128892742
238.2257383993304,351.86429299744884,58.75760035096879,185.3344359769464
236.91563874412518,346.3965956257405,57.9178599431328,190.68461944335507
231.7701539619643,335.06193613203595,58.362147912605934,193.27200254819587
226.2925414348434,325.7005509443309,60.94432323082474,196.7328004962377
217.71370198459226,316.1167848327227,65.97220324216688,197.51663330233993
212.97445495936867,299.2823735591558,71.08249031476981,197.95331244737406
215.31721505517112,290.9972896801621,74.9281438292196,196.35715177518574
211.51582397542526,283.8153328208811,77.93827319101234,194.39785573117445
216.57072046869953,287.54789613503425,79.37984510314544,193.11157450844678
218.71463810658912,283.8113353401591,80.37800292657893,195.19629745088884
222.7627642836182,276.24350623574054,79.6140827067676,195.5206506136443
229.3235683991557,280.5541309453629,76.68941966612226,195.55632544214137
235.16162274606907,287.5762126442328,72.76625639542173,195.63422282015836
240.04764645373876,285.65506217426275,69.69786660718809,196.94387042834182
247.1284647304197,279.9350995579497,66.92835899822319,198.07474605464466
256.2253329044776,280.577104357165,64.66309803005117,198.3068304255591
260.4246903334705,286.5344127390411,62.07927451041384,197.96344455017368
265.1857923369129,287.314035004192,60.683813820179395,198.58370036128724
268.4244283222299,292.17965678200795,60.84625704424752,196.61426090950673
267.2149842051589,295.83902724047886,63.60918108266132,196.84239117786765
261.7991726178858,300.0571385986966,68.64019562225877,197.51215028821434
259.2332277327726,298.6889973991915,72.33335431815196,195.39683108657752
253.68952585121187,294.0038563035909,75.81602652151996,193.56331593738568
249.14196523395532,291.93068507876137,78.50556294386877,193.2169625786342
245.99961612934328,290.722682231882,79.66013419996787,192.71745070380456
240.2571413861624,285.860593686863,81.84690405986473,191.37496500545146
236.52197502896132,280.42867626161643,82.41644131451957,191.85576610350324
231.36865039664428,285.2181240887135,83.78056090080892,191.6522175867602
232.40498971778516,284.28278485846,82.14808994852774,191.9647642332643
237.6559974518475,281.67231866827876,78.75607318340602,193.32763410790477
252.26444173845985,286.3320086904061,73.60678104572817,194.55068970970717
257.9064619369598,278.58007128181,68.7929678902444,196.06055741630365
263.77900502413115,270.3034553536596,65.10433637441002,196.67788572341004
267.92627933878174,265.22026739317465,61.83444022618787,199.46358823587175
273.16936397626654,259.43263038148706,60.00127464384529,199.30624964938366
284.28599286696135,252.1524551022607,60.2328110213912,198.90073984101508
281.54070160553204,246.83707857930995,62.86780486970456,198.27413624323984
280.2709020137032,247.46618571807275,66.7533545376379,197.6636822973449
277.5079891095223,255.18717023192858,69.56966787384704,195.1747057089033
280.7759773390968,260.3746092597732,72.60976124654621,193.28278930787712
284.6722974659721,256.8497116505914,74.75710817541274,191.70813670366994
288.77922405231504,264.54676506698286,75.03995147489493,191.58287066068192
290.1363484527235,269.450630192508,74.14735937802703,192.01962435738557
290.2628866994015,267.5416986685753,72.76273447997728,193.51684755654185
292.8992075191751,264.94930113171716,69.66664418244072,193.61259567514944
295.3593158028179,261.55179689999835,66.64977391528018,193.29485980722723
293.09590042940204,263.25794175690373,63.60158625619766,193.12744314029152
285.29721818981363,267.36002592557026,62.41824051503749,191.25362091044133
279.8646454417365,269.29171633795653,61.27745701796668,191.52599514777205
275.8693524703626,268.8293270465674,59.90779630238923,192.8391776528697
273.9099155206529,267.3391470386769,60.24480536797694,192.68559721035297
267.99895467221705,261.79789023280455,61.938204191923795,192.50950391139216
265.46641811682224,258.5463290131184,64.53707838150976,192.16303700292505
250.81152027157856,257.79688432181285,68.13440687839363,190.0374580589675
248.21880969425928,266.1612080620546,70.71318650204157,186.03088890184836
244.79854059335324,263.3991747401095,73.23604911333855,185.48800760872678
242.00550057288507,266.16498321569,74.48778333670899,185.03824547781733
238.37008103012988,271.9131063483137,75.3867976808558,184.06959568626365
236.9419553196517,267.56327940140596,77.0070503520792,184.40934910553085
237.18645576247064,272.4367707305919,78.70373629314727,184.87742668122888
237.9510590851126,275.66494525929113,78.40830776695051,186.2094715981346
238.6763935284931,274.7423210768499,76.7513256426417,187.4487057709126
236.4611914852751,268.9715017537058,74.08624833335625,187.9053090931042
233.00519873743775,264.52617086914444,70.13874915648456,189.11418909342805
228.12027721542478,256.8491222651562,66.469074225657,190.08519437482988
230.51574048748222,257.5053579677759,66.82208526928014,189.19978190475587
235.6550873811094,263.3940992344585,66.83296419778506,187.19157980504548
243.4039757780485,268.631624917541,67.43441912387752,186.30023243363138
249.70665586867767,272.3198798222411,68.7857831094893,186.37437331621737
253.42946030465367,275.9929217774707,72.12365488176337,186.12466534798827
256.83084635254204,283.7102036150434,75.36609267063025,185.5747175709753
263.0925079644972,296.62265124168556,77.17086965118766,185.5559040895415
268.74730565102186,315.22801816378467,78.30205205676381,186.19574473875144
275.6288372078946,319.65304191105366,78.9563893031258,187.70411666254844
279.34108901233645,323.2604663969958,79.094970296598,189.12627921867931
282.231345301808,327.4191921354116,77.4484861524084,190.57978092025348
286.3276385842675,336.511190320574,74.44047800622108,190.76107614538768
289.28412672149994,339.5398525905591,72.01958432758134,190.17490438785762
291.9724391810277,340.15756475151085,70.72798662639082,188.59665858711048
292.50763185012613,345.88996168365884,68.6927614721005,187.71463411673534
293.3463998524375,347.4311352263187,67.0539542820499,186.0926413595712
295.66456654129803,350.8175268465242,65.85046411264182,187.12302880015997
296.20362745067627,357.01646937118574,66.2531009608775,188.3782561623359
293.8948036304125,362.2135724175456,66.94117268130005,190.45267799930372
288.745079403565,366.40852257436364,69.24246458744864,191.74827687695176
284.29033096948774,367.253088793463,71.83280337836324,192.64645117665287
279.50548292989,370.9771285192659,75.36579968567763,191.3283637332563
275.8701212193442,375.37127247978435,77.88782248802532,189.37957862365127
274.17361926898064,386.5935143098329,79.11280351773497,186.18115628862734
270.59680576328697,395.0460677105681,80.75041356897822,184.66814314560435
269.03453206984034,393.20178407662263,80.47334080625913,182.42260120252723
265.4841745753286,388.472544971705,82.1998626037542,182.39696476545075
263.4918127119246,385.922575128121,80.69948463073325,183.00114544230382
262.50192727094463,379.7697621916856,79.21402194831632,183.3659258256728
261.7248131114684,373.496326546319,76.73904256081731,185.0232831469845
262.5200381527177,367.1862154334526,73.8189464869934,186.79708794565425
261.97890220778834,361.3242939759013,71.28945108482932,187.09161910843764
262.00256010484975,352.2887275218952,69.55399823626323,188.5677603324898
263.74076297272995,343.6168812158501,68.09318841343617,190.15139930993647
266.3141444020112,336.52236683300094,67.17521965277403,191.54122420295414
267.8179140431482,335.89827184596106,67.39867364137405,190.52222515115494
266.4141193512062,338.4455444983319,68.59368952081019,189.71638805640478
266.71462788800426,342.2723671983541,69.92576826001157,189.69744438518114
266.2706148518309,344.8293662277755,70.78644538557829,191.0355456496111
265.23249787754946,345.43468187661335,71.66104421184198,191.7852367320013
266.0462917281508,346.87032206507945,71.72226042184838,194.4732696523408
264.3785527041819,349.7454606648316,73.13599221581883,194.76343968794384
264.0744582469922,348.1624450540812,74.19856763270259,196.5100108512325
263.05655625448634,351.892851362624,73.87795682279253,198.27708538777236
258.85610185346945,351.4501056723773,74.18944816724566,198.77711156355002
242.61225058902326,355.75585989611255,74.61314007602088,199.44863648705117
253.49342398158552,352.4623896058712,74.51212065295692,202.2040166942277
249.4997542285482,348.51055762727503,71.96805757114093,206.05447039293608
247.9407959874008,344.55981044139764,70.39697058587593,208.548958500958
247.7168405347175,347.1634232046851,69.04493279892073,209.95186900648753
248.23364782474397,341.45569422738515,67.7050607325244,213.62116979174544
250.90065224443708,334.73501569817256,68.4021569346421,215.44688907093467
261.5884333655423,330.96473007742276,70.35579734440927,215.56881922204124
260.7283352826606,332.3560390511824,71.47831902115121,215.10253528369248
272.794508343646,330.0268509076185,71.72655570862882,215.1092473137708
275.3847903315424,324.3776018306023,71.744704081774,215.09829531826702
280.3328171360088,322.64663489198296,71.75695659466724,215.08975519076023
287.7481639089197,316.350569335785,71.77253170271511,215.06186352941344
294.77763078491824,314.68973913061194,71.83220261075223,214.7244207846235
316.0534008647029,318.0518967512453,72.22577658692516,213.91181628249248
321.69376409920744,326.9193081678703,72.38462149853125,210.14430912307063
343.43000370489494,330.20744332989756,72.09644557084764,203.11483789250096
362.07302501426653,332.4467998354248,69.97179897871584,197.7425024234654
379.9922901396403,341.62475544574977,67.60935820550725,195.15443254192684
388.3315416337518,344.06800495815935,65.6910910037224,192.59667816699465
401.65356203255124,343.43808488577713,62.98018428510298,191.6563926174842
413.20622150303166,343.73033356097073,60.14918022451316,189.73676898631243
426.55051550652297,334.6688826604453,57.22584146984994,190.447219996958
438.36528173158405,327.994558545559,52.30816967646599,190.162297555649
438.54793961648085,330.3991198399709,48.94943855099003,186.2967355075014
438.14954664601913,338.6925800260133,46.656901924927425,183.05950843375655
437.53843954235884,346.81883577370843,46.225911214340236,180.93649637379104
436.3894515171955,357.19206780453925,46.184504377780414,179.9333813874467
436.22542750348265,345.42897167688534,46.01121213516368,177.37933911516672
436.2937464388655,358.4828235641827,45.55771606217888,171.49853353393132
438.9699385569864,345.37791874430013,43.60174920531645,171.68976559801285
437.70811632956526,346.1745028031026,43.75879815349057,171.87901895009634
433.2950260936964,349.1632891368289,45.42780785267586,173.0745047924704
421.55519493260226,351.59581352964585,48.34037155731036,174.94565395529233
405.68649122383755,353.95284156781463,51.23511425621192,176.20350930931366
390.486148476723,357.67283802851625,53.43384014045572,177.32339759823753
376.04840582706424,354.99579349926853,54.943394882522114,178.86430811745691
359.75264906496625,356.3900195181471,56.48063670872011,180.77968489134525
346.729723430954,358.1951887482747,58.25672212286281,182.8700409920947
336.87230245743217,357.65314066741416,61.52408672920817,184.1126122995134
322.7780333442579,358.0236790112723,65.76087324657243,184.05097652738164
314.109084122852,362.994689612722,69.47623026177187,183.97437471229952
309.06847263015004,361.25805083982846,72.76241359339768,182.67199365060372
303.70373493864474,360.3076476918907,75.58488509686117,180.89699938457437
289.66714127876776,363.7315127586883,78.4767655776259,177.87297087108107
287.3628387112092,363.975985519878,79.50877516792792,176.78687931446092
285.77258768307695,363.09369485168094,79.35247450316888,176.67770233481508
281.9393308403611,365.2916300276795,80.75572496304517,177.88176131555107
270.63828551419965,364.76521465417943,78.50030218763371,179.64432161482017
270.8098901241625,366.8106311189906,76.1787734419893,181.70924611241344
271.3856592823956,368.23860713505604,73.37845549486215,180.64000911095275
269.7400759393845,368.49800238904106,69.4664647559575,180.60504881652943
272.22498190534304,368.8615165633194,65.33667371904467,181.68573707602027
272.0806339319729,371.1106428167551,63.3458262659742,182.3762314983175
271.79336151610966,374.05088553920694,60.37841109670888,183.495918191628
274.5769228908448,374.78757904547956,59.54674242972759,182.96665081132684
275.6516199826783,376.9292483464892,59.20746000715375,182.6154790241116
274.1692554311958,378.5705781589765,60.52545070012272,181.3921918242164
272.67449231136095,379.90810370963214,63.32724021994565,180.2319740540132
273.10992891120543,382.3956060011151,66.39304852927468,179.89150096900266
273.41826519856886,377.2379094801197,69.47707647601688,178.85641488501693
274.31330575413637,369.5942671362345,71.78211722538609,179.00326053927893
272.628581839612,364.7446568560806,73.18649206497099,179.75290758274105
273.623002575221,364.9213856359686,73.07823709868927,180.34358944395132
276.33212125105524,363.16649240134984,70.11577333901602,181.75261902956748
276.53605661553945,356.1674233070633,66.74663108561816,182.36499214245706
276.31825963698395,356.19228261355124,63.91254287376862,182.3261276237704
276.8016957601097,348.903556242132,61.898467563552316,181.34249657296874
275.2129396762116,347.54997538619307,60.84246876027923,179.43685053414464
272.95714725610674,350.2231461270804,59.606433494745474,180.39822685251042
270.76469832801706,345.5837793197108,59.596924078585914,184.19311904802964
269.65294876504333,342.81405268618187,59.41373666011505,185.5744183043148
269.18625747553057,347.5822228018974,59.760027852822375,188.15795493445603
267.0433669303371,352.9558781960078,60.31799498408775,189.24872550609848
263.78887565910793,360.9196434732801,62.34189776122618,185.1118748831946
262.7216392016724,364.92603818137366,63.75846217447217,183.39860643639824
259.49891380924277,365.2153021420891,65.12632344746014,182.73144401654997
256.90818560699245,367.7545042365963,66.51068169217069,181.99645699519917
253.63299549451514,369.58447384300865,68.19153123932988,181.10801217095482
252.79250248975404,358.75031443388053,67.75459756539564,184.26584820112512
252.8610909222908,349.2271751520864,67.87255724979495,186.9997717232095
251.73734589919212,348.4121406269056,70.26549511641737,186.9150113286858
250.39479288736626,348.29243423323453,70.44371394257456,188.07028912009065
246.95678896144597,347.4168224168157,70.78575716047351,189.55908071414424
244.87925643883543,343.2018747922488,69.53816374317019,189.53022142378825
240.13244507913925,346.5479520495352,67.83583118607328,189.1366380189873
234.33426451916574,346.7171145746041,66.11444042155985,187.7388193079226
230.27656817538565,345.15420655201933,64.3744273016249,187.57626474380862
227.37501661386602,347.2057022511045,62.58337845093976,186.35660941283794
225.2796584987068,347.5453949829717,62.65753136109832,183.9817093893579
221.43746572711916,342.8240992473958,64.07186351758538,181.7909581175897
216.45993395290373,329.6124424254958,67.09748609082702,179.30696127554998
213.9308435258345,319.5054161589035,69.6012910580484,177.69090325880785
221.92578353495605,310.51210444642726,71.71852392432675,177.01001760478076
232.29865753672578,300.08408548916526,73.91008518592398,176.53579238148734
244.78803724666818,291.1434914962206,74.42998871464762,175.62329636163935
250.56030883438748,276.5306154817551,73.65865320369875,175.19337059516025
268.408855768327,263.7072800147115,71.31078342639587,175.08692873627865
281.20548242780376,251.10825123336687,69.09064755434176,173.92523173658998
289.9282188601065,247.21230070313348,66.2189022974634,177.28147434216174
294.90277253606894,250.43058989788346,64.61115313035297,178.0480219063361
298.6575811753751,253.72021011485458,64.00371461608377,178.79298925513922
301.13905202059226,258.51250020907173,63.3372864830836,179.6013324218075
302.62581295614365,262.8618874871362,63.80631741692778,179.86384345680398
299.62634562935307,265.66739172688983,64.5319304419384,181.1228339091815
296.5984242823753,271.85191514925936,66.61965351461704,182.06907656181798
293.33390098377794,282.3683549981764,69.45528947681723,180.93448749813905
287.7024457956101,289.2135710240534,72.65908062860451,178.97567814230797
286.4509373257671,285.3436187269762,75.80688356854242,178.96380174967646
286.17565870566284,287.60362020700745,78.04844091270144,176.33836484872648
288.96668949248345,287.8244067637403,77.56384628470835,172.7511873632364
292.4035226773104,282.58951979459414,76.54781016789259,171.95267078181422
294.4435258262217,280.14873136541814,76.1784254654527,170.80867677072047
296.4740261130748,278.7472475137167,74.87773959473421,170.16429468736501
299.6771246295493,283.28123999156617,73.59325286223066,170.63530738181242
302.48610170234406,281.6677849866392,71.79713351926874,170.27063890808483
304.9746690302493,285.45881510851154,71.29850018334358,170.41822534707939
306.1765918075738,288.6999948603435,70.63791382020756,171.429640257478
320.45682115951695,287.3678482455706,69.06330831151175,172.23203613766628
332.7338693487304,284.19358344662373,68.16328183359747,173.09974364922567
343.76150700839264,283.61616326508243,67.08580497618712,174.09202641037962
348.7718238388634,278.1498183791999,67.98384292321678,172.76795272389268
355.8944193820988,283.0219004650245,69.32155093037385,172.00629911895504
359.69012986238886,285.73046724962677,70.6531741745057,170.45322285222542
365.28125389258884,282.2583710068236,71.87382108786062,169.90882223633025
371.4793598514129,284.37656804746916,71.8215737469337,168.48148562917547
376.5603286055259,294.06873327539824,72.84629414428628,167.7939115362324
376.94484576754314,298.03764441177793,72.38589496567766,166.6056243472437
367.3109852810669,298.78247193853116,71.41391752859592,167.77948152365673
366.2597636613172,306.48022878489223,69.72660041691427,168.56094308117878
369.88981003102714,304.8159937760777,66.68950343555105,169.3551745219188
376.16932973855137,308.4930741006091,64.76448864055875,169.8870168902816
380.8888099664945,317.0809259040855,61.446242372294606,169.89746669519386
389.79549820087266,319.0367829631615,59.21786880270817,170.89194821760594
398.4432102987622,318.42072555682984,58.13434913268585,170.314632192638
399.8232198357763,319.9009441108178,57.01202727850642,172.20629307279074
404.20276464011334,325.5459054155503,56.51134716995434,172.32435805793023
410.31828452666895,326.66020459499924,58.26165924926013,172.6026149484372
408.9692429048721,322.06831817290083,60.15611553829826,172.11962544064426
406.04670232110266,316.8685565575231,61.51503308965679,172.0694931385628
393.2931453304724,315.0523348969106,62.88475311950124,171.54204151655054
366.39684620040464,312.7398647570683,63.93608322167785,171.51286707302955
351.9127874943673,305.4129373676483,63.69999416707764,176.37038567785834
337.0222360204808,307.9318300501338,64.19154442625194,181.9166991288054
318.7202064438909,294.3207885152844,65.30069238558413,188.04641884096017
304.94767500976064,294.79768135417817,64.62025514703313,192.25971022768684
291.51267485455844,294.63959617766125,63.024974924600606,197.38076024609538
278.25803096542825,300.1210996999094,61.689162300029,200.00364683258053
273.9743752557347,303.48234789190474,62.127493082819484,200.24138890531592
267.33076759522044,317.3475573662049,62.01342323233921,199.59100612004562
262.0400082171226,318.85272417558406,62.826324358530016,199.05501055594442
259.98748433119533,329.85757932237425,63.247295821180444,198.36572529593332
244.51834182585998,349.2625144672621,61.383643728579635,197.16367360967314
246.74203941992704,358.9278389165031,60.41739559130305,190.3953520961399
250.54853557106617,365.2636756429522,60.289638026421045,185.51190286351763
251.0897059713426,364.0822075276435,62.99454464522547,179.09362151906186
261.9651935198488,358.0689569066546,66.02596014269548,174.73837074687947
262.39095450347133,336.0224050277852,67.01687782693966,174.0307657338662
257.47622554608824,329.27209131060266,68.57330736798758,171.41488849904195
243.8422147485347,318.2108680969744,69.41497741585346,170.4289479328902
226.8702192708492,319.627128213819,69.38731538660534,168.4858747326063
208.4225039183658,314.2057303832346,68.39064098903302,168.34407414133378
209.61716705172216,315.82695878401785,66.5978812205999,166.5310061012877
209.4516392026768,304.7158111266202,64.72267742963118,163.65256479804094
212.35574950918195,296.8194650450698,63.483629198975606,163.0845201142178
224.04606017479654,295.0123073166424,61.32244451325426,163.61824675347623
226.16632050640072,291.3888454889016,59.95243323610852,164.24000685381262
237.7511038996569,283.3843119750017,60.47967812562153,163.77551736305773
251.56752857826754,276.9610862340849,61.34604866280944,163.56445465421746
263.9134121042699,269.20249480495727,62.52844047005758,163.61839116695268
274.00343320731645,262.9520556752565,64.26368337443819,163.13109975624928
276.4973525988844,250.11725425201485,64.72593452279037,162.8768954585676
291.9336417964464,253.59475019435365,65.66996455662137,162.46478267850418
303.5200591466534,258.60067352856805,67.03870051965957,161.33349593134008
305.7568985106535,258.2618801265087,67.74160079022504,160.71765800992628
316.61605696716316,269.3001221271223,69.08940593225945,161.14497535452423
307.15792019187563,277.32854785360746,70.1830724424292,161.21497212237904
308.62294815915254,286.0847972591383,70.44160393501463,162.08440270890043
311.27919766543204,287.77072385611723,69.68867952649012,162.8206127359203
312.32157139059115,286.95681151453016,68.56612747259523,164.1196986104626
312.4552780261741,288.23678307496226,68.58037595031541,163.8258530352222
311.96541451748715,294.22244109426526,67.8685090822676,164.24317453934074
314.9930182755487,282.4241747886924,65.62490535070559,164.876293911961
329.6417886790274,278.14186214745195,64.99619350798164,165.75843504450913
332.43100914424053,281.040526489335,64.61409027744543,165.80898577053307
347.67112785542315,284.58899762216765,63.590285197609596,166.12860510841398
360.8701912747779,277.2137991405163,63.19870628675651,166.31621310839878
372.40340543787687,273.88925066686147,63.10839986302441,166.2528924531694
383.61006078924686,282.11551533749594,63.20289975293572,166.3171191696397
390.89587978336516,279.9571687818948,63.26884358995556,166.27591547603242
408.1996359083076,276.1060693142782,63.59808365940664,166.14913491907805
422.81375218605183,270.76707766072184,62.26442050089081,166.2206919871772
422.3507015894929,263.6785218581442,61.8839438923041,166.3487608906112
419.80295874394784,260.9493236751994,61.72747502788281,166.5315029405523
425.886523324741,264.4810147930229,61.16720221242688,166.98556531550105
421.90952452814736,268.9617632439778,60.80613919007462,167.16529041371325
428.3042636094161,275.07772114573794,59.288625100718306,167.19554444814466
427.6727326844778,278.8314060011687,56.75050468054488,166.07739688236376
427.94614331124706,282.0886015199356,53.994557431370424,165.1600212256893
430.2105785760378,287.9213612134008,52.0481363379766,162.74873043067788
430.52892151250603,292.1976610869608,51.18428215833177,162.0395211483406
428.0297922131539,293.1692838506269,52.87814150509824,161.8862393432373
423.41780223070884,301.95556810106655,55.101455805315474,161.7615182086911
409.72595713247296,298.5237065692372,56.25206227681169,161.90552233924427
396.523261821159,307.59838757836076,57.94585545681268,162.0057216308117
380.31003630870475,316.5161699066954,59.46962703836178,161.290052909201
365.33912872606714,318.33353750176354,61.149816913719945,160.21289079912754
352.6389629411114,323.65366791325755,62.65003060948598,160.70672135339788
339.74920638962703,326.2895630653035,64.57285807402695,159.14706421848007
329.3343347599934,323.86036294971404,67.23719796720533,158.663154974714
323.7857269000514,325.50946537314667,70.0800849593673,158.65839380765829
315.03463675561215,325.47162659933326,70.13119446272324,159.64830974859177
312.78008977126746,329.8409061563849,68.6049552748269,160.23650711184447
309.1657306730027,334.1066448740288,67.74386596098041,159.61796731770045
304.7751640780158,338.09580413972293,65.09654475184533,159.79357563567748
303.9030560871785,340.324174508752,62.19566681567323,161.16098832092877
304.6012457155174,336.6782279882715,59.343683005772874,163.86004450504765
303.3493642465426,329.00736493978366,57.14185807980027,162.67643910483096
301.53215332577156,324.8848689628105,57.08137678604267,161.8295769633182
303.0204826097727,322.6656756546517,56.97943759937277,162.62769501541166
303.7037455397359,316.6826955548145,57.13547483930752,162.26746998864564
305.1209135920455,310.39480464385605,57.70905194269615,161.6331583123325
303.48945386232845,310.3405224538252,58.631032357177865,162.1800567997932
296.4511397563288,313.8916008549654,59.69742764376215,161.76880175379938
291.10419925405597,316.4562105114161,60.10080514641572,162.12674121622757
281.96538025177085,309.2853167585321,60.89663544224568,162.12119481391454
277.97264204957986,308.7906239306368,59.84153777283625,162.19036921415477
270.92757003859066,312.41646030064464,59.744228524856084,161.6796413365048
256.1810256259284,314.4783806845365,59.54240539339351,160.19686783518537
244.98196951800261,315.8966120166991,59.20556277526071,159.23050185436222
234.8244268745364,317.3646136211298,58.1173315643904,158.8566381566093
223.06369764870556,313.1313097606409,57.13777721392809,158.208625668847
213.06372618875733,311.32624184470825,55.751508738560844,158.188483390208
201.18501745796885,315.8170739425228,55.115791129337026,159.57338585259885
186.9311875394662,307.06911231796107,54.84288188980422,159.61895547928586
177.09186661294137,301.8800697846,55.28610351580313,160.4022310138426
171.74245151863295,303.96919571266073,56.346738666578176,159.7088116829743
157.55171068916437,305.93831897230774,58.70917354206808,158.32386840541005
150.75383996999653,304.5061328818001,59.78444912957364,158.10246878733776
139.0374877656502,302.89248808416,60.809061039486984,157.56926701146324
132.85333263387247,309.57592881886706,61.53300885339648,157.40348112310386
125.80024257116075,306.47724306130596,63.177300665526474,156.29496732328457
119.6502123459704,303.25552891926554,64.79047051379536,155.11177483786463
107.40694925405708,302.8060876184649,65.61236962242668,154.34294916176358
103.9675368244374,294.41171006161875,65.47513937454934,154.7685298369794
102.30968565785409,301.4872922147115,65.60004843188283,154.6115843570878
99.82732697835476,298.89644194286694,65.7472904719728,154.49329520045953
96.88044145551127,297.4347291887528,65.43162605470812,154.9288180673915
92.65787743903815,299.91164692290425,65.15806321546201,155.7312010324687
94.10653372573978,304.6452269088039,63.14595394396531,158.51406490252725
91.9366212748873,303.7380654630722,62.33029893768076,157.89853077838103
92.71371572301807,305.8569870870821,61.900236594954684,156.34817298682782
93.4547250646708,303.2316564347527,62.44115330212165,155.4958436641978
106.50247802351598,312.42569211361274,63.39230494668716,156.1743197002766
110.40418753068904,311.8653424059595,64.24453225649873,155.22358366407542
114.05350366348975,310.3016588169818,64.23516514668957,156.66089010728203
124.62484969141502,305.8180799453139,64.42607218141518,159.540516283998
129.5474902131679,306.95871295604536,63.00541176626638,161.73734436348724
134.8098733979001,308.80869383281936,62.55514738807389,161.00545526275596
145.0793452465498,308.3815413611941,62.464516450173946,162.31335962917666
148.1386982447203,307.0895697060829,60.99485162967522,162.5797172326881
152.02987635464856,307.26649636121834,59.480129324766196,163.07713829356442
157.13692952829155,303.35238098137864,58.024461087831796,161.75707841908854
158.85388135597483,301.585941929842,56.45188543825595,162.42071433084712
160.67300665037774,299.8245488261936,56.16419265355779,162.95132734325864
162.41865474309424,297.88131123119666,56.601963841400575,162.8496481219366
164.59938291499031,296.52908113444545,56.95998801213476,163.80160551640492
164.53480649264117,290.02843396047217,58.5721884613939,165.49060967270114
167.11881733565582,291.33719791848813,60.95671566071009,165.19716436966053
168.45862532138852,293.1857864959053,62.79746015906281,164.93226513268817
168.80553378304444,293.9597286740591,64.28531199414326,162.5158900208225
169.1956991556297,299.0257415815463,65.2945862704495,161.71327857352384
167.5273448299716,299.4547486381013,65.74458141697441,160.36787227329538
174.58463324578642,299.55558547991114,66.08228653724909,160.12219601201318
175.0086404815778,304.1641657118036,67.05910975029768,159.1485915708723
176.522020941178,303.8512717567349,67.33101197044056,158.5312527310174
179.82295464829684,302.880943921154,66.8687147924089,156.8320616004213
191.6900694077558,305.9390899508305,67.319808988701,156.14986587743311
193.45037759417906,310.5349526993498,66.1551160300848,154.60050154448749
195.8709002097901,310.82623970021007,63.91348729323219,154.95607073648875
199.2462064241959,307.6583878359002,60.98509471305345,155.8986689582115
203.35040982688366,308.66587147592753,58.68233470867281,156.87802111709115
204.5363347526137,315.26174648345307,57.45060727084797,158.3015941687515
205.60351044772884,319.17098605434944,56.17596734883747,159.8727501130183
205.51628864814836,317.1399858836825,56.65048168083038,158.8679303096989
207.56651071582095,315.94833539049625,57.67785326890437,157.10125361205044
208.03795206845126,320.5023485366969,59.60002827047663,153.9272883700641
206.58812334088316,328.1838916668205,61.598187050266446,152.0368078150782
204.34421112788317,326.68634007543005,63.14394409154659,150.51236115120992
205.14474005711563,329.51284187452615,63.51734409307465,147.36178417731585
207.04648815781718,336.0488826477895,63.096052901132,147.66895029619434
208.65934264346762,338.6240529994117,62.65591884285601,148.4742494321224
212.24103139155145,333.89355370226036,60.8170562125636,149.01840175109544
215.67493935145475,330.1295171456537,59.185567464082666,148.5991749070333
219.51281883306194,332.61737097672096,57.7492727838578,147.10188702563002
222.63752713803814,329.99632598855567,55.19834274044901,147.94164851074964
226.51324686435976,318.5223015348262,53.383797704614814,149.09379707335998
229.91607040663644,314.7202385610504,52.60313211877977,150.8013256355051
233.6720120027161,306.9729292600868,51.76440852592461,153.63948729010568
237.80933442831787,306.8177859672035,51.826232371315285,153.56958335439353
238.29824480416346,312.6128799697686,53.11711651082898,154.527082879781
239.87651968069468,308.304273316855,54.46486735209632,152.4893212481692
240.05170724015815,307.1968049463325,57.39098053730761,151.56666948823764
238.62945928579495,310.16724940222986,59.69724364268927,151.34490727779792
238.28428660648646,312.08238789601126,60.83288496101732,151.08329722520213
237.35924184096103,312.4705787211136,61.420457278246786,150.6253239152132
235.21209932165573,308.79534734957485,62.83177722896674,152.03486678219195
234.05811420761273,310.3507020357666,63.71884222462327,151.51229169859644
232.05536165135732,313.579454509368,64.67612098062773,151.09021861327102
230.90880413216308,308.82169134502766,64.9313782480964,151.1609207232017
229.5493132012109,303.11751441435763,65.15012574453752,151.0188481013874
227.3914855407085,304.42744543606625,64.44805798204622,151.12808413955895
224.84975153438248,305.9376054724025,63.56699552671121,152.0493822710033
224.09961736876156,297.6868673531729,62.75918151580519,153.66383076898396
224.971838721998,297.975018577641,62.47383726762239,154.16391644069904
233.83232709124047,300.42550348211245,62.10855625362478,154.85528042539622
241.70893163518204,302.08043200640867,61.65355540243598,155.7291816356234
248.14302080747538,306.38511335530166,61.255218061267286,156.5361158967608
248.13179014026656,308.7696505158325,60.461902213105866,159.15216816642783
259.23125349529573,310.46358067128267,61.30337505443915,159.0077451457191
269.71962248916947,302.02943307142255,62.16350344547581,159.44956482053703
279.81858190376954,306.57858872694874,63.24499021014779,157.82832193370956
289.98707923492873,300.98709157018146,63.899988498268876,156.94448561217325
300.39896875953355,297.9093396623199,63.78043498922038,158.42800475535
304.4638154006981,293.69849137247127,62.50389302830234,157.7578338881479
315.58699435714186,288.968536918948,61.451415196591554,157.17715346261377
322.0086210716676,291.7406499434074,60.21397670131693,156.650243278258
320.83290830151583,292.03993074394407,58.415820332440845,156.0749259501021
319.79015930539106,294.9385528690182,57.23760639536911,155.05543505307273
321.150330212707,293.18558684278383,56.76242706776729,153.5855446568111
320.80632484686856,287.16674663590055,56.66716207598675,153.16896901283835
319.5720079829464,291.2829244358699,56.85988447265441,153.0284999332854
317.8547833495677,290.77884394990167,56.84217338098274,153.08754908595466
306.29341252449024,286.7128175334432,56.915505164804664,153.13524656456252
303.26296135391226,285.11233293538123,56.92346141526241,153.13665392635104
297.20292084735297,284.4613410287643,56.93327192819792,153.13580656664186
290.34713779912204,276.53208104053056,56.94539230017244,153.13772196699847
282.90721366996326,271.633740876003,56.95698685060422,153.13560373495736
276.81283581894013,274.3126586340792,56.97499479569251,153.1396008375184
270.88886803283833,276.78105509477297,57.030234368750634,153.14486457201463
268.0400815514067,269.01326945395607,57.14121751838147,153.14834375922703
261.3088147592084,267.4332082451041,57.58559981951388,153.16569707864917
262.2914334620059,272.50143141225897,58.83454789022196,153.9233986172642
261.68650117925216,271.9554043249218,60.05675494877925,154.67073689866987
258.70557569229777,278.6962473552672,61.58215925597056,154.9790078844879
257.9184969601998,282.4116180337621,61.47522815338644,154.93010198816097
260.48663193683427,280.7280713012727,60.74238866200099,154.39831973979142
261.33830759015706,281.6730791175318,59.5099561299602,155.63722633131795
262.7791351796198,289.26358004469785,59.597971962005744,155.52173236577988
262.31940074329856,296.8441526506034,59.877012410766746,155.51377872043602
261.0289716231413,299.63967471062284,59.8595031984598,155.58346067080114
251.74408367614572,307.0361326122433,59.09819960941873,155.08305203919113
253.1772278728729,306.7792891271815,59.0838570930396,155.09857417672262
252.13064691185554,311.41796521380417,59.08673180651717,155.09304588653401
251.56117792796957,314.20166459616325,59.12186077522748,155.07820554390452
251.9667243068958,311.7581257654563,59.27877117117599,154.85498790960298
251.91270005662224,310.2403687106898,59.46620508644268,154.46995429536594
251.0134407430139,309.233636671506,59.850314076208235,154.11876502481076
249.2741162792672,299.46880977648027,60.236018143243236,154.19271698685932
250.71637878448712,292.7440071753256,60.24866200754397,154.39760077651005
250.46625733909104,277.250612388543,60.38213227646612,155.29191445896188
251.38282917276175,258.2165264848959,59.82973292331843,158.94252568886344
254.9287285234987,264.9967388350526,59.23332892857056,161.95689575783715
257.1227605211461,261.54273802775765,59.12658121364071,162.49159586638464
259.54861237143155,255.96017930022668,58.39987036051258,164.24888689780153
263.48734960669884,260.3531558694499,57.78959540627435,166.55275271382288
270.3033400510062,252.7779448389914,58.656102943868106,166.61795348415149
270.9455516466128,248.61000144204843,58.542042225189164,166.7344780191263
271.20584339041704,248.2585525586686,58.63421922179922,166.88267076212037
261.2216455717067,262.47159872059393,59.67860172140253,164.46499556778633
262.6668956656334,258.8908758371863,60.56631121982841,164.0200437058175
263.9226243423646,255.6660675524276,61.22872824457029,163.41700696265175
266.263456743952,251.83657711285923,61.84774980080099,162.59334471434707
268.4543411804486,253.1788152013441,62.08165542350496,161.90653692288302
279.1679288630594,257.74428324432046,62.73585708770228,160.77710478132727
277.3831269373008,257.75264245867834,63.485868701746874,158.8780478287468
278.48263453070655,252.9948436407878,63.50764819266973,158.5760452142837
280.49287819639886,258.4453346351153,63.21141833046243,156.52927694022833
280.3328867506084,257.1444833660117,63.129973714642816,155.08380597837444
279.229776671643,259.2192168659857,62.905919862869055,154.21052544464357
283.0703101676458,266.07728160626334,61.60008699790812,153.49719309085822
284.81878399072104,270.04646455953247,60.50107188120701,152.67775323259877
286.8707223744778,270.5394537522186,59.37806655267369,152.6830059907011
286.2561312952885,259.22889534060744,59.107921051445246,152.78335369466078
272.936668358217,261.22619243238364,58.195182573171365,152.70696524917588
258.6748905139165,277.0004079313894,57.54406518132792,152.71531411261452
245.65462142707818,281.4340087867713,56.36015038259253,152.38099890697774
235.8791573539313,277.12113168246594,56.01750476789993,152.67723002904057
223.81376890262555,280.92435685875523,55.592281914652034,152.76131903650838
209.3166317186741,280.50464245097993,55.58116420796999,152.91517743322433
204.38158021896297,273.57317652168365,55.58137890172823,152.91730854871392
199.19546194833475,273.0958393932543,55.58112932848267,152.9252192901001
192.364395244275,276.4944017495516,55.58138891915839,152.9275893208527
185.02558525586704,276.32580484466285,55.581543457131495,152.9282779559934
160.39585450432634,278.5045524765017,55.49933397022266,153.3620376895691
153.29857600896074,284.0061478885272,55.46162167384449,153.49828740201713
145.2139716132401,278.2502571578805,55.331309972732086,153.7660569843432
147.92044041379222,270.22937871615267,55.34918186946108,153.87463305877793
150.06530137214048,266.0747925380157,55.242914943151476,153.86838812531806
152.55944317763908,263.90917980271405,55.2088263547373,153.63700821490932
145.9629003872219,262.2838470149094,54.76805611586952,153.33597963577932
149.38309559784992,262.3029919172582,54.458122237582224,152.64708945733665
151.44239237705443,263.9177025898139,54.35917723111412,152.35340381473986
152.46234666081727,253.33739692271473,54.33546443766681,152.34470744019802
154.59248489238468,250.5884275037493,54.332791143019534,152.31389442800068
157.23693351902284,250.93782358669353,54.33274944241655,152.30970570525804
155.6596065100668,241.4748869691904,54.38429171640164,152.34915773665097
157.21667033257822,240.2504880655251,54.391715346632125,152.34082773445704
158.36034584919796,239.03169019309348,54.32491580417633,152.41624110055136
158.82309787421212,239.9509113277865,54.02933307124851,152.19229351252363
159.27020672769586,241.30832471974418,53.72949943849218,151.55656948320117
160.99518788270586,253.15900108270966,53.09016911890488,149.83570648810516
162.45564993726504,254.77961193532553,52.669420962697956,149.21559426849967
163.57231193867275,257.50584985543287,52.108224802785635,148.63423649698
163.93478415797284,257.11218259556796,52.086145726352825,148.11848354379427
152.66144658675077,255.98732936607132,51.94511487514462,148.2733370784406
153.02745912330465,259.7920926132195,51.82681182838499,148.15048489292113
154.02607204628663,273.29175258941854,51.71774609194094,148.1438159262408
155.8844267418547,279.88355709141155,51.68599539717019,148.41376489039442
157.573361395951,287.38926548637545,51.746273395419834,148.45865112475863
157.48169826518006,297.9005257154023,51.91395825450856,148.21459403035234
156.4570706392766,305.0915073437087,52.055957141493096,146.88112511272885
156.83151748998304,309.56108810558067,52.00276694654991,146.9285968897662
157.58630706368226,303.32543603698036,51.983730210955706,147.53342306065812
160.19620070604327,306.5752681452127,51.813487737482426,147.981002057847
162.45813062634306,307.6253832452618,51.69706855926689,148.7011227431401
163.25285785442483,306.3258653846125,51.85341590955323,149.0944330329965
165.2818726177166,306.74829304957257,52.14274079504853,149.08995396097274
167.03277790635534,300.49683962579047,52.40665654566721,149.11606847302664
169.76296996921567,295.17271559562516,52.51999573613916,149.1222381336991
173.10733322720637,290.2700105906465,52.66029878024686,148.92052801121008
184.05586973225647,292.0435604302979,52.995060181767755,148.21675084739505
185.22008972060524,289.50646750978564,53.064729641105345,147.9509241380655
186.7639223189712,286.2872841398444,53.937112404654826,147.1513386455871
189.2814538452093,288.3123640746321,53.79685764456754,146.8523489343979
191.99013400829767,283.1141112171296,53.48952701580902,147.86850358281356
194.27000071792978,278.22139215397624,53.19408202199039,148.41954477461104
195.06519705181785,269.72376697245755,53.05165676430181,149.32271978974802
195.84640902171725,267.0611972265491,52.701019929109634,149.63398284342412
198.75255457212126,256.4677864651652,52.63756677614711,149.95338416965862
