122.5,51.5,51,61
122.37631792660105,50.48625728807529,50.52135483750608,60.320451789663636
124.14656365939982,50.98208616069341,50.09830431085811,59.34227160828542
122.97090420416168,52.49281811634027,50.12741815465347,59.27122187774732
123.17665927849691,53.48823756840661,50.372916773111,59.22716401285261
122.99871342248694,54.207252877421915,50.43095662460771,59.288889254197
122.86243850805249,56.25364433934921,50.574348239741994,59.01139272827637
122.50388609577084,56.57253105449261,50.572169960362444,59.19757358218071
123.07091274398937,56.60709920933189,50.50981270693988,59.21680209715481
122.39595105238254,57.071206765057056,50.589442377537594,59.57606674396711
123.22165333675622,56.8558131188323,50.571025188817984,59.74003157910309
122.83231663896395,57.00089311153455,50.27238086971139,59.96810769437226
122.94966922098672,56.999988478274894,50.13810514372038,59.719857594665385
122.16929376532622,58.20294050156887,50.28160327603443,59.31886520922551
122.57805733897844,57.98086769507031,50.00345155311507,59.32838874308864
121.6789652342307,58.19956178921397,49.921072622695085,59.558716759921396
122.66388921586962,59.133893988445834,49.94437179419814,59.26578435417923
121.65259803525565,59.08101113947669,49.653560085754435,59.356198842328
122.32003186439042,59.31752982342782,49.57855437359087,59.27420215721841
121.9897624597356,59.40091928614364,49.48654615721995,59.3023354865971
122.00979374392486,59.6762641691231,49.42988608690785,59.36740104023351
122.55410348765578,59.099146659970145,49.487594333439546,59.47636335060029
121.94995387483611,59.85847334860443,49.60821822605582,59.3154344015086
122.25396505420512,59.567339737097114,49.59297335793363,59.46600720633131
121.48336244610473,60.845738661103816,49.850549752761424,59.20918880663639
121.26186811685196,61.082247619964996,50.06294312060611,59.09430459238426
121.44489014207608,60.28147461312537,49.72938449563014,59.35133003721586
121.04972568018269,61.15268034851253,49.81805487249231,59.15258814785481
121.04019931832877,60.5629721744244,49.3435084495956,59.3626231636336
120.99442191371111,60.230897774926085,49.302790702406824,59.63887351750084
120.01031876261038,60.63373548684367,49.10453553686533,59.85110297132833
119.25602488468819,59.658356850114785,48.926305527473836,59.81972542575534
118.3032765061582,59.54328055076852,49.24252442103129,59.75655635534615
115.6097115796945,59.96739003569237,49.464830741854215,60.10412922605174
113.50066700626749,59.35587607179333,49.954018264028655,60.304790510897845
112.71944759691746,58.044221133337444,50.06575131605085,60.39465169167315
111.34410275840759,57.606033729750024,50.25010865283012,60.33973968701937
109.90804080613091,57.014632962631566,50.48213827714057,60.31458872186664
108.4676764589995,56.60076158997609,50.550843093305836,60.40096519997331
107.949558666427,56.32352001025533,50.48469530328302,59.470318406984106
108.56583102281249,56.601598984042745,50.38786488303828,59.298575996528186
109.15851250963632,55.99422720711069,50.15526034082522,58.719311056968834
109.87210456453384,55.08089012999068,50.7690017338073,57.98193835146765
110.6534260628182,54.494267546323144,51.07031936097974,57.57109268990714
111.57077208411437,54.33533026981031,50.99205138779199,57.167299893594276
112.8368603335185,53.25325348584556,50.6862702575598,56.942946333761945
113.68460755723885,52.670173276895675,50.56563042246954,56.84033271906894
114.89470465209371,51.73496236373491,50.5167071277641,56.702951582133636
115.45198976278448,53.040591873184084,50.57347284197522,56.41456067198467
115.62541158812893,53.13648476672879,50.732088976747754,56.39078894932645
116.2654195709402,53.57531632397114,50.82652476760258,56.556859789271385
116.75443025099887,55.23599617527384,50.81401300097201,56.416738499523035
117.11679246071611,56.560619013318174,50.94576023929049,56.436449580026164
117.20058388617451,58.30672441938506,51.05516061967978,56.665788755685355
116.71475225277985,60.24264630533927,51.01523805482698,57.35352626353158
116.65084719678228,61.96626797825071,50.7861323948609,58.55792810127193
116.63410085992948,64.5139084051821,50.73163607355086,59.18235330591138
116.6395804525875,65.82051925957694,50.542992610938754,58.87994645460457
116.39372721486708,67.56650490813607,50.59872651500662,58.622382582413074
115.57577910515155,69.20678115329896,50.65642144049234,58.52884443344166
115.60312034820411,72.6368164571775,50.995624090037865,58.82512586883644
113.96744845773475,74.81922882177258,51.53186140277592,59.427215316587194
113.27680681302144,77.17454204195064,52.13858519436927,60.03747739551819
113.89407933043833,80.05776026453103,52.8099959510089,59.81948426777075
114.093417794546,81.71255285015198,53.31443363966443,60.42565293792899
114.572628639508,82.7072671364079,53.5886188375578,60.656633281890514
114.88011161162265,82.55279123090214,53.5094174683331,60.70697815239416
115.15922264114545,83.35494898266441,53.63644765852838,60.30276533575163
116.50669649679938,83.60259401300955,53.67299437394779,60.13867146398806
117.97429326935594,84.51851186362401,54.077414981743004,59.89564429928869
119.56964246630741,86.27408282722207,54.478437645731915,59.712396582907985
121.88581783731428,85.86218003203642,54.0616673671276,60.43496093486405
124.75256036919812,85.46331232756674,53.513852202346726,60.903584350490576
126.73313447981374,84.99939384861267,52.81040299387183,61.33241003024625
127.50971553043314,83.62490906129695,52.19255453465804,61.00979681068824
127.6238774861202,82.48043980722748,51.9253777528196,60.398399053263205
127.42745837058425,79.6323868045671,51.78040178396704,60.73628257399534
126.76071882960218,77.29796913159902,51.72468673503363,61.30121462632191
126.45769586204332,74.92619125859935,51.61326315673506,61.67660917084418
126.63062818460267,72.39324306225748,51.27707622535324,62.41255475404917
125.38458740253662,70.57036015464394,51.48063864542712,62.66788511204662
124.65337761282528,68.56529136659037,51.303305956058615,62.607869451764614
123.95653385888203,68.34964262639014,51.32722591729137,62.38354552274886
124.2820656397252,67.69844248676849,51.09986289686289,62.13032072092986
123.94814739538718,66.86030543300149,50.85891779746138,61.87018225560314
124.27962202154988,65.67839488969122,50.86504850452852,61.6255507837062
124.40452142243149,64.90455924785395,50.72807887388644,61.22699463608345
124.06982878544012,64.10760387992634,50.62704872256857,61.115052505765874
124.15247617984153,63.77643667656411,50.588258459308,60.80792380252025
123.61633492651819,63.1262330798946,50.81732097045601,60.63989845019735
122.77079924136459,61.75235558415369,50.462057835682046,60.426774354231036
120.85524485894061,61.67986669869485,50.30936237460837,60.58240501278365
121.30393106867845,59.939388096553124,50.00522318286251,60.3015717030748
120.94844058838511,58.472309542457936,49.6652686366285,60.13226754570121
119.53743894148556,57.06480728549382,49.68101706668857,59.88185095519829
116.82807307588979,56.52545780714887,50.19549388455005,59.51574870053108
114.95251847449586,56.10389892333526,50.42685463801236,58.90390945979648
112.97516785324335,55.473278958970944,50.363808001489055,58.83664768717013
111.40555890778168,55.8312110655955,50.14520275894375,58.59584614224454
110.33681120576071,54.591771288373444,50.223360070181734,58.43901211941814
109.12305964470389,54.98014578472493,50.68194892189439,57.632979543550945
108.74717594708366,54.401449100353545,50.90907140584564,57.18724507511263
108.30680189553789,55.24760590987431,50.99433836355526,56.84467100761529
107.9197301079067,54.55948025161365,51.08805879829181,56.618208620027424
106.5764123739165,54.563866436451164,51.077322783423085,56.705975606166845
105.63681231165097,53.92384613540887,51.067983712893394,56.48603492410989
105.53073974444779,52.83563349250733,50.91488275998708,56.459303977079124
106.14273499716995,52.92692908008953,50.84142175836506,56.20314609692623
105.69636744125197,53.29179442909423,50.66096022064966,56.25578811200582
106.80821858432215,53.71108229531089,50.25661294549562,55.73887707054388
107.47693021246914,52.8264221389337,50.03250062231474,55.9081847232717
108.57453787273587,53.36806872926743,50.099140665627104,55.932338213136475
108.78239116557924,54.329268392461806,50.219984721000216,56.05390279589689
109.32690988081059,55.3603019024127,50.177319465754216,55.80424827637657
110.77726588946396,55.76508268728055,49.84370773493123,56.0773759919192
110.78830348469532,56.40294469448303,49.97948020226823,56.174847506498296
111.67161006941089,58.30034053626221,49.93529356653612,56.44477120837695
113.02913514881544,58.292759755033025,49.248825503826865,57.34222235928671
113.68415974619492,61.31468303681072,49.43745022493096,57.91645641172863
114.67070591342538,61.720119900076476,49.37431529937506,58.17571279498411
114.9084549681863,62.815848436842785,49.41453529230837,58.18304388749763
114.81442083913919,64.21719394364837,49.301345612255986,58.10795034893835
115.17408203973193,63.847850511243145,49.73791570241116,58.14271464399705
114.66692417418258,64.99822091379713,50.07506973993685,57.80736607083031
115.71442422468982,65.54605789804299,50.26446724100368,57.562874503518856
116.64918613043486,65.45368780881692,49.953471375985785,57.68283870096198
116.57360334622255,66.33370901317059,50.03171470719295,57.71067969317171
116.58275672638189,66.35082222924827,50.002819777776395,57.62560919144604
116.78878880102141,65.95908726286257,49.77562780872081,57.58365391660254
116.30262188759855,65.99000935922358,49.764938051677525,57.365224611666434
116.83291801874557,65.0535814554043,49.71992870850427,57.61071852565112
115.89669752191541,65.13515214358284,49.887841012780115,57.905698627851606
116.71272078569433,64.18132099593026,49.86630876840251,57.86465274654394
116.31481030909877,64.39003827636625,49.71175243611312,57.840897178658615
116.05713268865526,64.68367508285407,49.71147498800099,57.547688683519
116.30395194641733,65.53330895761692,49.97601917692555,57.75388284138006
116.22011452396555,65.05449998853545,49.679313966163136,57.889413670454104
115.9953245869626,65.95178280772856,49.494186091279126,58.0133870793091
116.07974373612787,65.82755403495608,49.56942049845585,57.62924562869166
115.22326960844731,65.11890629202352,49.70972499695053,57.658548017251476
114.73328067151027,65.22151650990351,49.95436036823061,57.69868275543691
113.67707749820416,64.9584166094345,50.18051848390869,57.79646439689009
111.96917715854278,64.68501719689547,50.70943900385339,58.06759269355627
110.42294590377668,64.51081817393455,51.21688407068234,58.11271029652499
108.61446909864003,64.35345593297515,51.587239675660854,58.723867839805095
107.33873252227436,64.15540003782948,52.016011421913305,58.76540623126793
105.74691603552122,64.48271005187368,52.303661176272854,59.30773795012014
106.3620431848683,63.907989660142945,52.309003176750124,59.19459285520944
105.8068950091591,64.04146461866631,52.36842565255055,59.72767573263825
106.11469800435842,63.503779549701314,52.215441798029524,59.815072299744585
106.52403003574119,64.2789690478831,52.15369938424317,59.8819426730023
106.41538720276316,64.26808091840007,52.0779859018304,60.59510187655224
107.28558805705791,64.11719992756971,51.94727652836969,60.782942521383305
107.70309216948266,64.72794544192368,51.64793351758192,61.33803003824575
107.48787479031476,65.65407602990675,51.62170818404072,61.68597728780145
108.1607709365803,65.95594175738141,51.669018418174375,61.70881111042857
108.30924912755864,65.47302099259981,51.45537483078384,61.87292647755814
108.55590415869297,66.05276132725972,51.367847080669975,61.69708171064312
108.96928008757214,65.5875355257534,51.34994902797676,61.63239669504157
108.27426194849923,66.08782830396768,51.36907776103287,61.76415991447662
108.72469521403241,64.97024297241772,51.4229582511648,61.583108482087056
109.24994065773176,64.74306213020367,51.30526169627037,61.551939939092435
109.09110400261326,65.40964689657191,51.01812607992503,61.622297427764046
109.37860312134609,64.72643822524357,50.574700804266634,62.019495801075635
109.38821249990615,65.3201879198145,50.51361888135071,61.986555308952205
109.14826432154373,64.75228262341072,50.468578085213,62.28926391392102
109.0608625265042,65.09409426194144,50.529244904924454,62.43865429061478
109.69168776027614,64.67014684247644,50.49626908757281,62.39723143821862
109.90048826539058,64.8963830232012,50.45847385084056,62.64107710712649
109.47822320549395,64.44130289041192,50.41839546347746,62.96935638601451
108.54260467149899,64.21224085153413,50.53134450561133,63.298696313884896
108.83036515682521,64.46380889673901,50.398440057271074,62.98430314423148
108.1875403561587,63.773398881702754,50.59133577142758,62.891564033144945
107.4560507646262,64.14868664763095,50.51786099216654,63.043807002284176
107.2294375810035,64.50496230825095,50.33550109766267,63.23284197521838
106.54859544783221,63.93778371157016,50.23963221573557,63.180968866722964
105.92565916624005,63.91860263752042,50.16416874795983,63.23332774910631
106.70489508699816,62.012633527496,49.8063255447111,62.680641468880495
106.30424506816816,61.84548917776081,49.64112988964118,62.447271922787365
106.55276016710428,62.18193569839923,49.364941203852936,61.821992956753995
106.66544695577807,62.02909794298697,49.11978136734594,61.45135304075204
105.6430689822408,62.28905481503858,49.10532653713774,61.50586207334789
105.02205871330221,62.558170785948754,48.90199893143733,61.290540201946854
105.4628214763568,63.39541800306046,48.37881021162546,60.66382950013768
105.70987268575567,62.631172349913435,48.01684012932505,60.05087469284531
105.66859664373708,62.61426201727616,47.6641496200738,59.82431133493031
105.55717463277767,63.16167880411793,47.4087020708523,59.59642410085401
105.67326877798521,64.93760804301739,47.07268131949736,59.17830175663054
106.67959147667297,63.97329493916443,46.77502546508296,58.836143109447534
106.24182907047873,64.11196684268937,46.647129805326365,58.72572810035794
106.19160162738856,64.6003169180819,46.66641487018471,58.66404328942426
105.95309940198536,65.2344930019508,46.543282325675584,58.56763120995855
107.62912881412258,64.51352671440827,46.161877989011,58.100399833169824
106.75737724887055,65.39694987407357,46.16525689389861,57.65903838570356
108.40610689455532,64.65329215219899,45.84617613684608,56.95009528453085
108.53032185537174,65.38316155001398,45.88456617986053,57.08398274965831
108.8680397648446,66.64542608835697,45.93621046765005,57.044121450987475
109.8938563639552,66.61508263376177,45.63958429800856,57.08802514134704
110.02531819143061,66.93011809403275,45.59652384920588,57.170503191981226
110.24582755524027,67.81597581223208,45.59130573355938,57.141116995427836
109.64075463804829,68.33750089483573,45.93679953032277,56.755783521714534
110.72213075071718,69.4258598625228,45.71166985213465,56.79426553369757
110.94266381550332,70.15904805225861,45.85734499119717,56.504498908788335
111.16821331608293,71.1276751163979,46.041781111002024,56.317631972282214
111.73665082326494,71.62337393590283,46.005819263637804,56.50633465504207
111.9161000207432,72.00074285426473,46.18619830303035,55.91988402103412
111.72275339077072,71.98278173664335,46.437600165403765,55.692044497472594
111.6315374310088,72.4024284726017,46.450522286639256,55.58585108220413
111.52513393707878,73.28566919245057,46.70969859614361,55.37939819551542
111.06427752334744,73.55311692880353,46.87136750451981,55.16532224972027
111.21375445271956,74.01329300492162,46.729182042272356,55.07177282804439
111.05670717914496,74.28462686053548,46.66980014374665,54.96378691980473
110.01539904780651,74.7876801930018,46.698741946966145,54.57531699507975
109.97217049680552,74.60232101591123,46.69348384723264,54.69239711154616
110.1176304380152,74.56788276449538,46.65027872273261,54.79294564879048
109.79521145215888,75.11720119612251,46.582798095221136,54.84548035059206
109.49243929935872,74.2665652425087,46.59484417084097,54.57331697511246
109.56754041048701,73.91267818171079,46.54043550873169,54.2937039163799
109.54160798081816,74.02630775205455,46.306301755427114,54.17516190432684
109.09297372956695,73.97459912233634,46.01952804258225,54.10304855129454
108.47879581212896,73.92293188694909,45.79006727665866,53.86986074089916
107.91734173499515,74.45382032133585,45.29253947778601,53.39126894883919
107.90583767630784,73.72250800750618,44.79821551813426,53.25435405814221
107.92583716040777,73.62232973185507,44.136178662361175,53.047977483996206
107.29800465031319,73.72223157704377,43.573372846864594,53.11331656224026
106.72876685944661,73.15158061099952,43.165448954453765,52.881820409116045
107.25832253425455,72.3870329687866,42.73246055634547,52.954056939383854
107.04040834742628,72.52072152579782,42.44469480091646,52.08972559886757
106.18739275824757,72.4111147230184,42.21343173450766,51.205980167599336
106.71940917671662,71.77593601672956,42.02344838229932,50.56680741736575
106.46583330892537,71.39426311800796,41.94467608853152,50.13273392903473
106.378954645909,72.4791914591603,41.89285078512206,49.920817467562834
106.25588812792645,72.01109287276147,41.940291782431856,49.75700913289135
106.39113850441811,73.11388924237127,41.89729371821407,50.24648689881394
106.74815897872475,73.24110275799812,41.7792587458009,50.36930317777333
106.38390692804285,73.7088367790441,42.06822863004548,51.2010863888094
107.33229747685115,73.9074768446741,42.068610208286415,51.61215777427307
106.81062441489345,74.09901642936174,42.40513036059842,51.9242900750249
106.4941941419315,74.19106493466381,42.75797388820416,52.51004647752575
105.61516649490702,74.70607539939115,43.161638799486404,52.73072757157722
105.40815162432057,73.76965107194516,43.245858696165435,52.99370293163888
105.63582559616948,74.11896768045668,43.41491291788051,53.170259138176974
105.64362059256224,74.05106945127889,43.752817718271636,52.917921802463255
105.89162347780217,73.89624818407157,44.045196981399265,52.70341104469879
106.67653091804324,73.34184834854005,44.19483972725991,52.653364575853985
106.92660238534906,73.61061415151514,44.5790673580627,52.81421785092341
106.88906245715094,73.36545443953585,44.811667702363486,53.20668224339164
106.74273375151688,73.25747629954952,45.103134827385475,53.29526272692702
106.63488113529125,73.16873571600789,45.359048045625315,53.41089823380065
105.56784749020281,73.45462995136654,45.53855112204944,53.332077458081116
105.23646793766169,72.86983505886121,45.9146334924458,53.52421675309391
104.94272324150765,72.61463487490816,46.08392024612778,53.39394968249295
105.56531324923864,71.83313124463172,46.13078951941547,53.323637326728104
104.71420859474846,70.4961257914116,46.09524043033983,53.890502923720064
104.03665609991768,68.95202487807737,46.23215761101091,54.17681080087989
104.27898820577353,67.06291283416772,46.162788821376374,54.26849523873581
104.44687802367972,65.19619531156363,46.403596802961324,53.73942093793566
104.14158767314095,63.558311966023055,46.520281526303336,53.40504206016917
104.34125504808898,62.0546943038107,46.65211088611416,52.844188137844
104.39459290337047,60.0624326827739,46.649090267969356,52.70245825186584
103.89321906057422,58.80376552922952,46.853834578031616,52.52044482450329
104.29316377139509,56.70379652447735,46.80866369848889,53.12663068824044
104.4930678134931,54.96226817890703,46.90587758742596,53.427122643968474
104.26253815278045,52.581329164518394,47.305148197154395,53.716372079300925
103.81899726107096,51.319098137735246,47.33988350068063,54.07768429918802
102.79482743479389,49.89737493462174,47.40179477322226,54.343781757890014
102.72106452597873,48.46996799631613,47.35446516907103,54.25801264385486
102.43272841013055,47.84301425510824,47.32447304119785,54.174143226932884
102.22410057720428,47.115275046917404,47.37732888648421,54.522437829265776
102.86123698850345,45.56050346223479,47.0409231092884,55.66559825670291
103.00326822676347,44.49838590712401,46.94735353099415,56.419767677837555
103.64436644456633,43.71520470845693,46.966407433942805,57.21156163664175
103.95528044877794,44.00068050746462,47.050462630456565,57.51849019466656
104.15223812571722,44.69170783143519,46.95939552625184,57.24135664924923
104.79300254664778,45.3255145637555,46.717703806354216,56.84299640278259
106.33404353980552,45.80783257412569,46.893150125092454,56.30437903734234
107.5310623665215,46.48712138086991,46.947527512630366,55.75955562478927
107.86915748183074,47.14061584971687,47.17915089065825,54.80724698685425
109.2229231363923,48.59210202583536,46.6571328395155,54.24287121703
110.18798000853815,50.39085069564924,46.35728766898478,53.801517781134535
111.98847271618197,51.167551549401566,46.74477423856041,53.184190926573315
113.05294536731552,51.630307389328465,46.84192938108704,52.847474312599324
113.97253142163245,52.24124512870317,46.754280886382894,53.35495965271284
114.78207627686957,53.204650777049665,46.75078437087021,53.563161697923526
115.23933476353255,53.45312159318461,46.765048012873976,53.91190101772578
115.69429126003376,53.758884516371936,46.73027455434497,53.86343479936093
115.49293559681203,54.10444744683201,46.5658961443268,54.24761511558007
116.34990415960971,53.656877934655554,46.22654500486887,54.39113235715328
116.2272948365177,55.51688622468021,46.234483103434016,54.496201655476156
116.68636006457996,55.91937478946076,45.994982582097236,54.689637671457206
117.36891240922941,56.4568696589622,45.938353148764534,55.221625872060045
117.61169750364346,57.89788720705185,46.07695010423497,55.572323548707885
118.21864846744606,58.762760843728955,46.282044629915006,55.86743403482939
119.30856402332529,59.877198770034454,46.3244639797349,55.9916150898722
119.17350357924104,61.6861074078608,46.94407968277612,55.3748759430342
118.5884560209898,63.93921024670209,47.74620805795516,54.89112643448004
119.36271507363085,64.93982883296619,47.97532171231661,54.927847645512045
119.0551364609012,66.445415897522,48.39643568888407,54.96114716447171
119.30809332158688,67.89273334718482,48.718099796873666,54.93856016629964
118.52962311863024,69.25015336429092,49.415129416635054,54.82379656908388
118.2058012974869,71.12744533786588,49.81754631808465,54.55186743188574
116.398858939214,72.95995051357676,50.565382937020004,53.86557607651196
116.02709630198265,74.95742493482962,51.08329119016044,53.52053673031361
114.67866038214117,76.7823700284459,51.57638023298363,53.24447400050904
114.06024593579285,77.57865775066337,51.65341157643255,53.23539655717272
112.93390293046917,78.45080880408605,51.685372527570614,53.24634907660145
112.73635156128339,78.78072942047983,51.413918728790854,53.75589303859234
113.42810389101277,78.59999650808318,50.98605271641156,54.66422486308429
112.88404653180004,79.20713978323718,51.036033932830485,55.5099854624345
112.26407610556086,78.81386643136454,51.0314287295151,56.488035586651904
112.25337445012875,77.56593824618633,50.83066562135009,56.95789384146877
112.56517334576557,77.07317011522876,50.3655609912779,57.802243135891814
112.60411441350155,77.49351604794694,50.15025344803864,58.19109209534558
112.41323780987584,76.40829456122613,49.90466651733154,58.586312052048335
112.32009412780305,75.8625182008622,49.6820080528009,58.61615286538942
112.23184758622322,74.75554930333942,49.42122918333146,58.578653473240145
111.22853166257832,74.06398129459043,49.63244944385981,59.13045823768637
110.35792541291703,73.37380695835628,49.90445739816133,59.4532771030639
109.5991626292012,72.45527379079547,50.02425213826143,60.175425444639984
107.30639610538084,71.74737300064226,50.40535031422856,60.49842199698469
106.43472490330274,71.58442391450677,50.62371765696816,60.83414133833399
105.01902395531583,70.3867190308253,50.39374655756538,60.93230417271354
103.16367547014075,69.82099199574154,50.98956892655142,60.9799388535378
100.11844646288205,69.93977135923228,51.512861089475805,60.78710167779583
98.63732785550738,69.0742147174214,51.567137412501495,60.84966625822393
97.27931630904948,68.25552831597231,51.306346235397754,60.94633051925197
95.50608192650648,66.98545725439097,51.28352293200231,61.5160646796156
93.9090169195974,66.89347692620281,51.518750348393084,61.591575027549794
92.48091716296952,65.86538911851082,51.52414291012606,61.85833099190229
92.31056496098113,65.44269502876747,51.224088799698535,61.59669581304394
91.30776697480846,65.22378842789351,51.27738625004834,61.62065635294381
89.75471304501036,65.1369152883255,51.549777955546006,61.77688186909984
86.99478942557414,64.9505931669193,52.206264312613044,62.184889864307124
86.93172582313738,64.45258654095372,51.736692028369866,62.346328118813226
85.38414628656622,64.95281142318026,51.64365372716833,62.543302885343124
84.15129709933802,65.59016109337676,51.53689693385434,62.22406421256029
83.41876123933733,65.91327307002166,51.38482430761854,61.9763063993023
81.73938568676641,65.82219457436528,51.57302077485144,62.172610445019075
80.06785442972401,66.40499327094676,51.7761809356495,62.09716638838107
79.13096380788784,65.90721317775063,52.025852434296226,61.75211571299508
76.4204853816169,66.02696909930357,53.10575818515352,61.080847790692275
75.5194582457666,65.48722197445841,53.675950031049965,60.672734680496426
74.41548519569972,65.54939937865748,53.890366453792694,60.24224582697424
72.57829171766808,65.52527981003561,54.21032154225649,59.92065229948982
70.1189267227125,65.9140848558205,54.54356607379361,59.52887320634075
70.33153318547852,65.65333380120825,54.18204827354337,59.354260477441926
68.3864804608913,65.47023825550937,54.16218582339529,59.246603762385966
66.82870774618186,65.25480934459934,54.12999351134385,59.10854389249843
65.54601329710795,65.37181010162378,54.0884442857887,58.83178931158196
63.85073502630965,65.70305531479492,54.1551172939075,58.45503833688647
63.544064741244256,66.1351567704161,53.990744744054616,58.45603505113621
61.846936968461364,65.92638059857666,53.836734594048494,58.51014223204196
60.56840022192219,65.76018748899627,53.72239228131019,58.392448145864854
59.258000319112185,66.04488874768015,53.70669268202297,58.04043260438152
58.14774348891858,65.8160035533293,53.53374606866751,58.2712980942013
57.46033673031728,66.36613555022883,53.75834205275854,58.176724675048234
56.56173197824187,66.1741058782948,53.51478364881304,58.47795595167321
55.59775826242083,65.64747989400877,53.3368529657548,58.892782748869976
54.66746795453674,64.9676321600482,53.14377199666886,59.04806623330114
54.3973215217265,65.13360716548212,52.785790202178866,58.88692985742496
54.2685475585108,64.95782872497746,52.63843987254681,58.832600267162746
53.95641854167485,64.92155922944109,52.504606039248635,58.88025031249206
53.811072385380115,64.4154178000222,52.61237649519634,58.86169062868152
54.19553187635442,63.60267668467517,52.72742449561238,58.83703853434811
55.27134711751386,61.673977518716356,52.99986437156987,58.738530236703355
57.254418584132324,60.223876777806375,52.719979992791565,58.46623992965918
58.57110452834217,60.7145679759426,52.585380010270924,58.57795414727071
60.09343230746576,59.73898210064476,52.333484585767025,58.251859157067436
61.02465466438635,58.965527048887076,52.26506052469685,58.38969328516471
61.84360778074708,57.66849987872233,52.357282818663,58.637328052663996
63.56004514011602,56.700395191845104,52.07995834139547,58.985125976032414
64.96191536411239,54.93894590915352,51.93754716281191,59.6815739550966
66.5290551730388,52.98505713184859,51.78345686838438,60.421752785341226
67.93031114808318,51.36804139401488,51.72449474205662,60.844049107810406
68.89445651979955,49.6266253447094,51.95109692007162,60.83188656607102
70.02981438019121,47.50536648476055,51.95691337244503,61.25720338684458
71.1623429264447,46.407595416517466,51.768024340240785,61.68421384322363
71.89240822044208,45.15143227448831,51.95302557864679,61.12424040842514
73.83043953038467,43.93267983801942,51.50096369881288,61.19062196745911
75.7043130830796,43.03029141059483,51.30933603540912,61.124005976200806
77.48192784210613,42.147273304883726,51.14782976679146,60.99916720574282
79.57781404817915,41.193312182777476,50.79671339674442,61.02567444045672
81.90657974380196,40.38458771698863,50.65308323917192,60.96025417609631
83.61548532592028,40.284201992607606,50.37304105877621,60.558512013541666
85.70996413008696,39.699461868519194,49.84410547078281,60.5233522308576
87.62264239256163,39.48779758672613,49.517602390886566,60.39390284844839
89.9567026166392,40.58294307109838,49.15954530485301,60.06989398514976
91.36966022350984,39.974884281647505,49.41624618188625,59.896511899744866
93.37417002863012,40.5378071003889,49.894402989950166,59.58567728673717
94.43523462354977,41.56218400494448,50.06947066519264,58.86586756465452
97.03195361005618,42.40334472406951,50.3706401407577,58.16865205816333
96.8348178680763,43.500958670319704,50.59505960636113,57.645602553304855
98.92235742773161,45.53139439850591,50.8006119338889,57.21857141942695
100.11566460509624,46.79695307050384,50.87671701961984,56.91566166362689
100.32847936257366,47.83106423687496,50.96101334695015,56.491792601415355
101.76072552752775,49.20583482074504,50.824828025785244,56.488623656575584
102.91839831040187,52.005457492246606,50.919328050628465,57.0300905747724
103.870591725703,52.111263199987384,50.72444487069149,57.257388719732816
104.16948493731172,54.179562070026975,50.40251670071462,57.53631498554353
104.81555923140989,56.28495935095035,50.22163675208279,57.628856567190425
105.48133526674103,58.08370274269298,49.94452041140099,58.18989763480991
105.67193676054647,62.14909258304807,50.02293342921078,59.537764232481074
106.09332256686405,64.23801826121274,50.020982188680286,60.75455046083802
106.3144149897109,65.89970152300022,49.817271309704296,62.036926391791866
106.45734466537378,67.92305724457132,49.809389126938555,62.649765138621575
107.11140373302109,69.07785711795536,49.39615092881587,62.542156473091296
107.57430737068813,71.47877735992981,49.31106049231846,62.01150615561578
107.6488254705875,73.91531926980701,49.61354682164496,62.078269328354054
108.08003136203139,75.98066537135752,49.71956877651197,62.25537932557044
109.10865850772139,77.48750298580352,49.33207864624191,62.29251514900082
108.53468610847543,80.18667797269862,49.49027603968163,61.94042553211369
108.82285765754865,83.05018367968222,49.63214518843003,62.16413442835767
108.42216261011349,85.99369184747174,49.654190545770604,61.871933346990055
107.06960846743843,89.23394043638245,50.098880416051145,61.29989344837395
106.85802243618056,92.1687655781295,50.39295223034928,60.9529820984431
107.14699214106602,94.72260065304805,50.808362670756125,60.5908797472205
107.02765771880169,98.052643028419,51.542623632594385,60.06086902067905
107.24301170797153,99.96560068506069,51.90794355304313,59.916018551527124
107.12265914682096,103.14672264783621,52.32369297351627,59.826802999694344
107.49980299213152,105.36859103181388,52.452045704285695,61.219850594531984
108.19242323293247,107.26190312400956,52.48683140581217,62.950293365707026
108.05630203772915,108.57814980351347,52.63218462700264,65.18061490995848
107.76959556377629,109.61609766283752,52.87942531247816,67.15218070101498
107.69434877715503,110.62609825100851,53.15944602240417,69.45163085676526
106.84031559888484,111.27965690426316,53.82184568430341,71.49409097716635
106.04312432571675,114.12639870275322,55.04048391763797,71.09525698116893
105.15881364369378,115.164397829203,55.78072762951564,70.62422501111391
104.9244645940764,116.93709943709058,56.391721372437644,69.93418754851257
104.39810317234674,117.8719239409395,56.85890863001667,69.15861553189598
103.79712822191962,118.59964888971737,57.49294118391656,67.96420268601791
103.72449429619141,119.53158614557779,57.52101152924327,67.98842414921927
103.14392079196143,127.48454797380651,57.712113507586174,65.9791918150885
103.7961579527085,128.32158053091962,57.697538296886115,64.73815036223732
103.32082504418648,130.3888526261768,57.49329605290261,64.30798620712335
102.13451236721127,134.646920365714,57.1906940032123,63.494576138510375
102.53417538712478,135.53052929753656,57.0006780539271,62.90909200232039
102.31218093566359,135.83693890638096,56.441488837190064,62.73797309414658
101.88579777804637,137.13573410119193,55.9281368405425,62.57591289022414
101.90491160332039,139.35630958873253,55.50445578699838,61.994966134961025
101.46201829942896,144.13992366365164,54.99621349272739,61.29166010426344
101.22424715219798,144.1422479728863,54.77389673834599,60.475308578708706
100.68384685712857,144.05952102638514,54.32981024352388,60.62722537492007
100.84649127228175,149.03976316331708,54.13202179826351,59.69922324827295
100.70544811171061,149.04793161019396,54.05632429520041,59.185457788301804
99.5039870162849,150.03392749409264,54.0251680310805,58.550392003933396
99.76937017164649,153.26938320902443,53.70024719555417,58.0513920044287
96.45346575605063,155.18925802344248,54.18027256040677,57.593161216382384
94.7861397858771,157.69160535315345,55.03332230882879,56.98354712336669
98.58872268317293,156.27595163568134,55.02228416926643,56.340292390189575
96.43996832781579,155.538732400546,54.92058195011009,55.81739006208228
93.4950297624549,157.55991294765647,55.00529188265071,56.15391042232909
94.41488715811276,155.665854043316,54.67005864536636,55.72887772975885
91.74429750793686,158.20466017785623,54.88298925415934,56.21848471803311
89.70676884356533,160.4374883289368,55.23559584971757,56.67150860691197
89.30655209069326,159.03060140661253,55.59431894295945,56.795734435966054
86.8951280086547,160.74132851165953,55.45099012034224,57.92723108494185
86.59158187011693,156.93776802317046,55.588866110281685,58.41717028396589
85.98303386163121,153.96085435736163,55.68046204428346,58.65559978080576
85.19076617418473,150.14938680652142,55.76505869275123,58.98791837018757
89.45491828286006,143.65149891475727,55.95731645660173,58.712465363432656
85.73436882463831,142.1948306124267,55.641666696745204,59.07990734529107
84.67675026776217,139.6682955998345,56.06798426627752,59.216630820487666
83.98486000269298,136.39812345091124,56.51047590796146,59.28064722221601
85.27358113066944,131.25668487430312,56.61613268345688,60.199424872868825
83.72574186866208,127.67733459452369,57.23263683193754,61.172083123620304
85.29028137961114,123.68341809321981,57.52952955648412,62.436930858588866
85.94245370745259,119.29457490509503,57.48458395723587,64.23523662723345
86.48004407804446,116.02901803909215,58.06220365684041,66.69235333851779
86.47713337798314,113.29265695559783,58.46900469506272,69.21196981741134
88.90788286631958,107.3769556849442,58.6441716348327,70.75713941041536
88.23316738594644,106.19848977186857,59.074223659288236,72.91848589630517
89.00054038480602,101.28357610259813,59.585751369912586,73.09938173155015
90.1096132454401,99.97871210302335,59.38654681266114,75.00072175977535
90.33608135149039,98.8363764660185,59.19212798508969,77.55492049889008
91.85805693923447,95.50136788833346,60.0221182311103,76.90882370543815
92.72369836206482,95.62610472178812,59.973659877904154,77.3739533433918
93.12268465787113,94.51888753093105,59.40515163842242,78.94031971429891
95.17215226797755,91.52085032552569,59.02106112188389,78.38157263386817
95.99799819193774,90.28759114847551,58.09936070996815,79.40933023052224
98.3576941331395,89.04794369760194,58.3665744717907,79.32868479413462
99.1373496020135,88.337051283449,58.6543572354053,78.49470776063937
101.46457098672195,87.66270577366697,58.66371947392298,78.05182334837967
102.49937463439747,89.0240485705012,57.89728345561815,77.85856909778985
103.73705132022936,90.44069356301017,57.17564011546378,77.38706404776947
107.113650010634,90.30127366903203,57.164206326420846,77.03823432250019
107.21850886874077,89.98169043593408,57.182415952264535,76.31683703366068
108.57355077087666,90.45175208662351,56.471070317662864,76.22945169548143
110.30175090695282,89.85699200475202,56.01056495441557,75.88597091317949
111.50355312833477,89.22393294360309,55.82072589441837,75.6799650549552
112.98588389558289,87.97980220794072,57.22012905337308,73.45638923456241
113.29545598463847,88.02955326303204,58.07247370868936,71.71936979134907
114.56103624101294,88.00338886844153,58.802719856020374,69.80431686475555
117.18520290022872,87.50924002260211,59.45925704769013,67.97899685013557
119.51100596966155,87.05053910412408,59.26841007172728,67.0440558430822
121.68321884034252,86.04830492018635,58.424231570431886,66.19637234023014
124.9670190408256,85.83210117808142,57.90053833499305,65.17483967131805
127.31522287530805,86.04131328937646,56.888939397107265,64.23372360283412
128.88793492864,85.12727325130624,55.817212619010874,63.77593384216732
131.58132098097627,84.55809493640999,55.112782089960916,63.57294504253934
132.85772071490567,85.15705407011012,54.535358155206055,63.15525115801644
135.06943209194594,85.55028288471158,54.11503245846801,62.61003046883981
136.73404008987248,85.93217444679826,53.77941659269614,62.09172053580853
138.77829863037832,85.92073123891714,53.58059372555164,61.76939106473948
141.22140761594932,85.88906119921046,53.67359089952075,61.10112889262312
143.07915598701445,87.05287961734304,53.79940632741916,60.209834057319284
147.02101834509313,90.31144306688286,55.28246570702594,60.64532814136342
147.00975934684647,89.71308169388367,55.42782380255599,61.318738914743705
149.72462046564232,90.15672266547288,55.45024714144134,61.41398661176302
151.49827216655973,91.50155982006936,54.86382401914753,61.76941966722461
153.01055387557426,93.11110723583658,54.69674422653041,61.93498198023667
153.88010493360738,94.78220614174339,54.278637679693304,62.52362275332297
154.43096133537307,95.82927098473344,54.045060507246404,62.68984257944309
154.91804201961432,96.96371499578885,53.83129329474302,62.60977515784191
155.9950657794793,97.71853069894078,53.2475445659448,63.00840671960141
156.50544907888172,103.76930861909399,53.08579748503851,62.45777231941948
157.2054961126185,106.58189365071492,52.82810952356007,63.00652479493496
159.68124427744104,108.30362301246888,52.81665759699119,62.523232287323644
158.4397568052678,111.41566236425928,52.93024062315531,62.36079766104386
160.76736024698795,108.05146298635975,53.1390245234064,61.8927228183627
166.03613206173637,101.06586521932714,53.219952039539486,63.00912575751826
161.5762260634536,109.48835362347685,53.11865254776273,62.48214592797859
166.4248116156808,109.86738116116462,54.61948044385763,60.65373579488671
162.5105789816336,107.87230153987929,54.18914043698863,59.09127558021249
163.86536740446897,106.18620971086193,53.83159363015153,57.736055120662975
165.7575977519659,102.73913631418208,53.56305810414875,57.876077749441365
166.49070405681343,100.08367727560884,53.0404720174716,59.20824631296177
166.72187678599647,95.70455270941252,52.07979456528724,62.0115026742057
166.13213023056838,92.15950482539117,51.309058388995865,64.411728084735
166.87994430491426,88.24379584195671,50.40082841172897,66.65745364590323
166.3600433531172,85.09477771587073,49.84917545177487,68.04086282287986
166.63846932836609,82.22571388728987,49.29539460009827,68.54412433776864
172.08703732942226,78.54286333830771,50.50864353908703,68.59353028879082
170.47888771386235,76.45792695160473,51.498524990284366,68.03319991049389
169.66959371629886,74.56761241210708,51.8542549522311,68.01767139099373
168.67195236068952,71.61793994449351,52.135826997746975,67.87378054741225
168.45271381211083,68.86232926388425,52.22172038852541,67.90499855169719
168.41304136446877,66.43585772377125,51.68609895089708,68.138333229671
168.01273801503646,63.353770122995215,51.813785839943435,67.83077152326408
168.64270988059792,60.47583735257911,51.73672560987336,67.63096479999716
169.3012934727353,59.19944625053215,50.823521365576255,68.6686181531542
169.210665859238,57.11709529510821,50.277404899913414,69.75913159316163
169.93561045354937,55.431464308932206,49.708233823282484,70.69526535353853
170.628601451239,53.44202869800456,49.27029320735501,71.51798194282546
170.01557514204455,51.672791323388815,49.48785967404868,71.44513190491706
169.23883543956555,49.249822920716454,50.929136449559664,69.9708825721087
167.62565923790382,47.861257968946724,51.89101660671311,68.11263745275998
164.91506174435122,48.5994762867466,52.77533539218865,65.51906088166676
163.80584950109625,50.187112252807,53.04271877628925,62.874245850142586
162.58160443625837,51.455294309747636,53.01053583124268,61.05867361257738
161.94838493173552,55.486203328377556,53.167238755350354,61.39747794317643
160.8507068724279,54.747280869319596,53.338598282397605,60.926341099359966
158.37403322052376,58.31125502955187,53.47763408184184,61.50190258648209
157.6285118316588,58.18602134530479,53.10065322561485,60.77701140919608
155.87965219834615,59.08319909055542,52.95741966669388,60.0189931751264
153.6676470644829,61.375235545438315,52.86741902820091,59.249753906412856
151.63940034615084,63.46327496429589,52.31362813640436,58.64763513453938
149.49815005049507,64.67526300599329,52.2753942268309,57.81982327767656
147.93435217847846,65.40681750471579,51.902479039849084,57.23609998999414
146.4117897495985,66.06377976139746,51.30655975774694,57.27877278097499
144.62927538688714,66.26627414470995,50.8371803906709,57.55177403367142
142.71608352535418,65.5256122034634,50.138875869870816,57.51012878946317
141.3739614801524,65.98098913750275,50.04830010935277,57.12527999407352
140.7829934857066,65.53873948490727,49.88113503165499,57.700268382793
138.39563678874663,65.99055670116346,50.49616281385012,58.20542847256611
134.8778059588841,66.52054512339772,51.14723861618383,58.82642599237826
132.29526407801902,68.52527321970373,51.997565030807024,59.23708240962952
129.56665085724177,70.02917662353852,52.692194865153304,59.24137200698926
126.71958017104272,71.30803325607319,52.92384043371837,59.19675626656286
125.96370882794105,72.54910805588219,53.35054612689498,59.22872676887356
125.03280980444472,73.03878492853345,53.91582501361694,59.63692933803944
125.01268043782804,72.93402677836855,54.124374063908874,60.09991889042726
126.81552773700473,71.52568193336586,53.83452590873176,60.59357596286367
128.96827848431482,70.1509490819297,53.26572733311792,60.437548406306064
132.41096400786273,69.35902952624764,53.109635327312404,59.877887666443385
135.56559006292983,69.64252478356534,53.2091189692839,59.37744630394383
137.1256821870785,69.38648824552422,53.17290932082484,59.17290757744808
138.6662902272477,69.61652750134947,52.672924119316335,59.35865147161272
140.37003132681852,70.6075176789323,51.794644619835985,59.17519764194449
140.78657585939342,69.58749704457966,51.52588583451332,59.11769352528903
141.2790498624861,69.01853573223087,51.514305459763335,58.57570823201026
142.34336715159603,68.98657230599787,51.52977798489128,58.114644347038066
141.9514188445642,67.20827976036693,51.533642143033795,58.060118035788335
141.9311371923781,66.84359859587991,51.24556960579794,57.647015369378146
140.1459750307394,67.11259018482582,51.23993925340086,57.49623105689999
139.56257968068644,68.0560895336672,51.07727648518402,57.838241510675985
137.73699750008822,68.95897972840274,51.0762370480864,58.470801069859085
136.33108261761893,70.0221927512457,50.87870769170233,59.368755708072094
135.11460994228966,72.17321234367282,50.943534040972324,60.04259619240729
132.90937631858228,74.49273156338532,51.51021028039149,60.40253636778942
132.63016844802493,77.45001344588763,51.84465683019341,61.728035316407826
130.3062962764416,78.48809404115642,52.347551396138364,62.367533982666544
126.6516101787175,79.45100344441957,53.02600508877896,62.19349473241466
123.71356285949811,79.92011744843133,53.43681251866061,62.72494035796658
120.68168777320167,81.5415307495019,54.093654179138014,62.52813092577783
118.54504537422952,83.23585644807176,54.62988391383464,62.49940432188153
116.08379546166441,85.08830460250829,55.01881535670168,62.77224448609194
114.85329427747033,87.39666538262452,55.379084444907946,62.25733147383311
113.65633193708659,89.10338824919673,55.80648523994851,61.66589315836754
112.54587261289518,91.77849963666554,56.475583014117134,60.540536296821
112.03657470292333,95.16406644419254,56.85098976145191,59.860683142124685
111.62119007509474,97.89992335423513,57.002101140617526,59.38880958159152
111.42644430413701,101.0102005645173,56.654427469901776,59.035845111588685
111.31569884641361,103.83533831347012,56.574190822205786,59.10789350818381
111.1103583877485,105.29111485572054,56.227231914191925,59.7173312722242
113.73232555550638,106.2732205190059,55.92233919320865,60.356955289968056
116.13866410567758,106.8688513093598,56.48957399243289,60.7098531216443
114.79645090642194,108.84289008048665,56.921759256300604,61.06849726670748
117.64100016477187,109.98476174127846,57.360298602759954,62.38733783031674
110.0355930236064,104.91601838390704,57.712621941182185,62.633654043350575
110.02325154401973,106.92110435283948,57.92228524810811,63.047445652238636
109.25249190279544,107.32111810783675,58.14764134829806,63.35813090889144
108.79633766511444,107.00785979304425,58.21661622170847,63.53958174210116
108.33402828488113,106.21787449291423,58.24979923979685,63.609071461623905
107.30305862444708,106.28724289741362,58.217883179653,63.768312010727925
106.41564966202559,105.59249090324339,58.250976017330146,63.813794559516076
105.62728476302644,105.02617845793405,58.458208277715514,63.74158308157397
104.9144165545951,105.52583653812252,58.505516712247875,63.89367452064617
104.62563597495368,107.59240001995349,58.57707979652233,64.08332673560362
104.4647981656353,110.04527192431107,58.56085924692713,64.59076613916874
103.06384299707555,115.10272997837758,58.494088868485704,64.65136711325007
102.6564264290663,110.56075579828293,58.144302677912705,65.09258762157171
101.3516950926453,113.86808906473311,57.67314100879,65.3657651743647
101.25726157395047,108.12717835673018,57.513763349324094,65.15856738718453
99.98504576187725,109.9488074798157,57.10825572252453,65.4612627485727
100.70047666518896,108.6106028663965,56.07572233940115,66.8414699118506
100.55600110892473,106.81450477682617,55.48146642878582,68.2675987291596
100.532138612637,105.57862344108325,55.14140050301109,69.4832743359024
100.5649430756192,100.54343107062854,55.888247052377025,68.27684938442901
100.48403565138129,99.61817881438314,55.936474633155996,69.16448252422006
101.11270034182397,95.91359816614037,56.49321500019546,69.05312074941654
101.10203214802806,95.04552774366587,56.7764817342762,70.10022051627487
100.85481171778981,90.40503919452158,57.03592204400578,69.9583994578252
101.24277057595812,89.79817675454154,56.13344034649376,69.86507708989858
99.26163414739307,84.37266828182291,56.06309611149129,68.10477735442764
99.96840585134508,83.79344053037426,55.22281885215446,66.95857277546158
99.81994286361206,81.92865046064759,54.790431334845564,66.35527909365634
100.69645119471467,79.10638662980514,54.22829938199853,66.28398310498113
101.63846216248177,75.64464053975001,53.9549762656248,66.32576570943831
100.73792599818142,73.7967523598339,54.0233093840967,66.18938588793507
100.6970566808993,71.03250870920274,54.00194492485804,66.23555907939514
100.4363392596072,69.46664735742701,53.95555361559441,65.62222706111436
101.20077672036065,66.54440211412651,53.78212086041592,65.48588449412648
100.91719334430138,65.78982408907655,54.135618282652786,65.173099168494
100.74278079094464,63.995905352419506,54.10702627200901,65.08817019474081
100.52476654160566,61.63691640210773,53.81986267493046,65.40185265087584
99.52559167124195,61.00825620416205,54.17916670032581,65.33238474053093
97.74701603468179,59.810994181274296,54.160904507946256,65.62014256239897
96.97340939443612,59.01494260307869,54.095275109413876,65.73415245230306
93.28680126743839,57.829661911027024,54.50277595508412,65.62699143001906
91.369504288761,55.80056055151708,54.73041557627255,65.50671161653773
89.69911599114135,55.91496772965929,54.668355133471664,65.20273753917682
87.02826441533703,56.02513173471037,54.54993379243504,64.93418704314493
86.2792530868013,55.07229843475825,54.22093282413266,64.7481340156688
85.71371309942177,55.16688669751919,53.870089933977795,64.33858458978014
83.061950392028,53.647346726828985,54.177991760203334,64.53696295111294
82.73736130739249,53.36004467342387,53.977237199276416,63.9929200785912
81.96656740093401,53.28610920518918,53.90888543699807,63.41502638283555
82.18044342380195,52.40893081985666,53.676507567168386,63.36117218452934
82.04866686754946,53.072855921246905,53.52111411547581,63.2988618663161
82.00751764421952,54.06551867793234,53.540585503999225,62.76721472246733
80.75201259092219,54.56439695446842,54.03489653489504,61.98325870400115
79.48834727465298,55.110188144043214,54.614933528250425,61.16569783116107
78.7875265653133,57.45072078627825,54.71606811671434,60.30936175086886
77.72416588392981,58.07443894197927,54.54518348811777,60.333153752912864
76.01526346052569,59.538497830778425,54.196344810756116,59.97942376408713
75.61953554877387,59.591982026453834,53.821740544194746,59.84204121425794
74.83718592274916,60.342389439529875,52.95246767595913,59.80571584809731
73.9993959988587,61.14727185450381,52.585610208752854,59.21549716931062
72.57433399202729,62.92128442298907,52.355974386218776,58.25949254396731
72.17019083809927,64.2353362828546,51.894699403333846,57.559609573137614
70.54074642456953,66.42525659522045,52.10881417491238,56.72479858860366
70.04859058486454,68.26930251746731,51.49043301183882,55.93783265200791
70.42976298104756,69.71443089634894,51.00350617320244,55.384609404452775
70.34227921128402,71.6313238223805,51.13194167785554,54.353517634649776
70.89028669299736,75.49074224276266,51.08963312197584,54.744574592713576
70.9422426116513,77.39948914342156,51.342976296464954,53.387376706999405
72.07100459856993,79.29599816660746,51.28763962235607,52.07234261219622
72.59469436895547,81.40492858700435,51.17279334574513,51.07141382973681
72.51650192154342,83.48030961625972,51.190359484823354,50.247610189118504
72.81686612703393,84.8125727466501,51.20869147099047,49.4977709658057
74.8226968329453,84.60153187661996,51.1345522320956,49.42440593448272
75.49774071274635,81.79052811825473,51.04945062991078,50.00712874509744
78.05307129829477,79.34891119347469,51.617329688611306,50.58840689473686
81.00216974021494,75.58212840617496,52.82031526555588,52.37063494110757
84.07531590433057,73.30765293033178,53.4112618212968,54.0483955832694
86.37807092857622,70.715582682725,53.121867152138975,55.641313315421435
88.15930919379996,68.89745512616463,53.12517078450278,57.604716508414285
90.03155316195128,66.5617654384775,53.07821502517156,59.0740943121333
91.72469752299213,64.91415359868427,53.19923168677211,60.19639228104167
94.30741863620392,61.82763049380238,53.80992013661807,61.61264070027808
96.72063132042115,59.183696302684865,54.39651967052737,62.904647075372
99.20322009349329,57.17539796863476,54.86203908864701,64.50454552608024
100.52450490779583,56.15417186833756,55.22935930112163,65.92221593927916
102.20275827907803,54.46941036855485,55.67170667118236,67.14671010927
102.47349807358013,53.04677727081543,56.016102843687094,68.87125985215026
102.39348459860429,52.2269791219059,56.640393858666,69.46398246127151
102.28134882493428,51.191317505159546,56.94740042294804,69.68220456046399
102.695712915617,50.0186217918185,57.16292261065459,69.67839859945077
101.17489908782261,49.45852756891956,57.53649091718329,68.9726291509234
100.81300648050335,49.412682010902635,57.24717753429528,67.69682532619949
100.49822032810292,48.93634743909458,56.91986551454552,66.74313992326866
100.38077722489105,47.90389779661226,56.53059906059937,66.0623972614407
99.50173559754012,47.041979831544985,55.9745398497098,65.19053531178399
100.14922460328333,44.22266264127913,55.22891001374906,64.64025491646731
99.24452875760976,44.158625151349824,54.69258165237707,63.70687667309746
99.48378225366969,42.753655501937814,53.935771752313485,62.758792709897556
98.91129615517298,42.05311525411037,53.3380877183804,62.227308350930564
98.37193193742429,41.3110120026407,52.72860888516285,61.59778203908108
96.88036904191132,41.58887539647194,52.601811075038285,61.223788651048196
96.06921359874649,40.90862295881025,52.22122016884171,60.85857562418805
95.72937661914176,41.649888682781736,51.81900449868715,60.38343753638301
93.31205627374355,41.62151707653946,51.858706148345874,60.727246105837395
91.8677524679558,42.13360481545675,51.864039919970836,60.68784873421544
91.01609502917148,41.72606390905337,51.81081747930978,60.50257196547922
88.88296694902729,41.248172718075786,51.73810631629493,60.33906399556672
87.01656426177942,40.80975736454492,51.4831969233346,59.98004138822872
86.20704688869992,39.984837283399465,51.229948449202496,59.79651014968651
85.02568652905168,38.51039739706781,50.81270066836163,59.97472427675045
84.17760433910452,37.29764534388116,50.491332222785985,59.867624165594464
82.41248074104664,34.59515382271822,51.463851366762476,59.69228398862103
80.37765743534842,32.752651315866885,52.26415174097629,59.352276509190155
78.87744170783084,30.483677904598814,52.47182663854685,59.20782119778464
77.54107796396417,28.005661989778936,52.49854730369414,59.42230639656502
77.1161430252854,27.490056032818703,52.52182843116612,58.95856086343348
76.20307376566925,27.0609113034926,52.32083300874801,58.59578217824109
75.38012427713862,26.05231336974606,52.27078326583094,58.30263168075919
74.13244815000256,25.11877161460113,52.26475436127433,58.69103219620652
72.96806621484458,25.556344920149826,52.29076621361541,58.25862989977969
71.50822968980701,25.68758942598842,52.20753842483864,58.26114415205285
71.77040092053885,25.51756040419575,51.94753034400164,58.23069352483131
71.84003389539535,25.44477895864297,51.808782625068204,58.22240927288286
72.73757164635217,25.65992630508169,51.478405318612026,58.43643119367958
74.58680089016761,27.102995304163077,51.05875494789397,59.287983167440636
74.70700697557754,27.225745800898103,50.81237381753771,60.05412820630396
74.97921560210587,29.072806014076797,50.5844009316514,60.7447982004788
76.61601597854303,31.328916577676377,50.323455198537204,61.81632446021201
76.88533015977785,32.91156529420746,50.28264980621947,62.05110150911395
78.62358134488042,36.01482752476808,49.69733915697684,62.2575285174141
79.91191649059583,39.18272413487492,49.592744089468766,61.68288088893626
80.88687183080161,41.8323293915353,49.52678054307515,60.926386878758805
81.49734302189046,44.554400137118904,49.50524943390009,60.39240545228887
82.09815519850915,46.57565549152767,49.526255104619004,59.6828915887167
83.18943313264637,48.476863847701715,49.55531384510921,59.12567169567403
84.7043559679552,49.33799562541675,49.51676327374999,58.418902725281185
85.92058178986477,49.45135900730219,50.184475328127235,57.697788930908814
86.83034463736455,50.15614470753277,50.43173782969141,57.66992698689144
88.82717367078149,50.08818683015062,50.494741845529646,57.35135312311593
90.39400900843523,50.3657907609714,50.65767079676327,57.09350657577109
92.99154378308666,49.82548037911138,50.638372007042946,57.06936407006668
94.63459958751801,48.1259993419806,50.9394166939566,57.46280460845484
96.60837503353005,46.79003253498756,51.13414113533707,57.62422372468396
99.04040064215204,45.29022871902591,51.24178057284773,57.74290117128926
101.50350844045253,43.716384958393185,51.153532372029225,57.616392544636014
103.90444967607618,42.054729224300154,51.27705874096138,57.491002869557306
106.21027165053408,40.691897277272965,51.404520493492114,56.943165129013906
108.37177897782317,39.001190855671524,51.54896885542392,56.266339942736806
110.18467579896156,37.41732345993687,51.25541722517107,55.96099576806538
113.25623857779718,36.92627767669741,50.90495238069564,55.79709219446861
115.94243834092711,35.88613564060054,50.562815324681154,55.82897324198888
117.85687139027111,34.882712504181605,50.120837730021464,55.54596975667856
120.73573019102933,34.14014676126613,49.94348626314857,55.317592994180345
122.15320710240911,33.08241383114387,49.890327942098,54.836969014489576
124.10815579705752,32.44550000987734,49.791453788122226,54.39385541957297
126.69592538465623,32.04470300625737,49.485719948923325,54.082985118074205
128.54296328285164,31.744963262668833,49.48929530037489,54.356514817157716
130.3223504818235,32.14397376079556,48.85268248156331,54.07227656054354
133.10359728513794,31.92654840215016,48.62335833523107,54.17680274723284
135.0295878229725,30.717296979479567,48.038497382471476,54.22658124641314
136.98302802505748,30.490211781491805,46.96267929519607,54.42377473990377
139.6178755810594,30.36137481893524,45.910158713221506,54.44579626297356
140.73424044132673,30.42090023697891,45.05883470386084,54.22581526511206
143.85962253015956,29.930850963177296,44.617665157390256,54.32721480806517
146.0212397989414,30.177899166729325,44.34038484727412,54.144119254738044
149.1459605643239,30.265298990638286,44.645690897991,54.73299368729198
151.30984280733438,29.74406319448815,44.838456158979355,54.79978039838193
152.88853576550397,29.833685409625765,45.25178042483009,55.193980990212864
153.66845970881872,32.31554075959592,45.85038719480154,55.74752082814487
155.4728143514834,33.40802774813577,46.0639435344722,56.178853155996805
156.93485539699842,35.2845165776207,46.44408092777138,56.51112778203061
158.2989857901769,35.996407913866655,46.938829012492896,56.728627429561286
159.56107331180164,37.138456470131096,47.44281001134242,56.83670074626214
160.37882233389507,38.32382092314766,47.8012538702699,56.955336464252454
160.4150496745823,40.01657104471136,47.97670228259106,57.28809317150346
161.93072485339553,39.67868384742881,48.09206232077756,56.795990964849395
162.6380772333034,42.408802468880026,48.28039432224574,56.59423331713128
163.77606367400415,45.28087785139818,48.69995519328562,56.31393448080591
164.87352677233196,47.470766344007565,48.913054261369986,56.30054724702147
165.33658145109197,47.3764050218665,49.231891741275206,55.33940807871204
166.62672959296862,49.54448128423794,49.6172481617608,55.853510566481376
166.57184762270947,51.893550388534415,50.03620410409874,56.10975287012597
166.96482075107906,52.32807418509753,50.48861658339776,54.937558586869514
166.10030965887947,56.37552028831904,50.297433293897086,55.0513436722966
166.6996206838517,56.58320844307919,49.886340652884385,54.59151942665867
167.56451421632815,59.561963811927,49.620575151461416,55.80104903701602
167.1631271647898,59.174298222527824,49.20325624268202,55.68314590328003
167.41636292248143,58.838682117068394,48.858852081024196,55.36653954789564
166.4514125200049,61.61533536980468,48.84237918488171,56.47195210522823
165.20853230761986,61.01167745939566,48.79869253094692,56.39793233377638
163.8335722883697,61.3457095052251,48.80114409792014,56.0758558302847
162.7452730354044,61.38119852477948,48.761610439849264,56.168476239214044
161.77725257992736,61.24291588700401,48.831711256809214,56.14570526016827
160.18579303842813,60.37198148329407,48.990591309732615,56.36898933934718
158.37670979660228,58.586334630356134,49.09859448619439,57.38060830538541
158.39769574540907,58.32831654690412,49.13288922751542,57.76840999643838
157.7142876064686,57.36839701808183,49.17126114370964,58.451287570127576
155.7635484661892,57.52871271374603,49.39520222143335,58.71106987794925
153.88595081181464,57.606124245202764,49.566975107773445,58.32237808198735
153.03312173881892,57.940633549296926,49.65032273454645,58.14424514875249
149.3837787746099,58.073126517727886,49.88489981439267,58.3320709000753
146.65329714101262,58.77522257673505,49.57229731239171,58.12378506353223
143.07049519419627,59.256958937058556,49.03246688366721,58.410398650410855
139.81253893752253,59.40648323696564,48.39410397968682,59.2314032227082
135.90270853111062,59.17455282234775,48.55004466159024,59.683732538759664
133.4768029566846,60.47573438875293,48.75148282841711,59.546276575291344
131.15600609257015,61.0450674301647,49.46261276575245,59.7892046735286
128.94852563141154,61.308734259034225,50.55592556718954,60.37127712941412
125.67374380693639,61.70306600320831,51.44665094404513,60.8757243693298
121.06078832026103,62.183213818177926,52.38477829465416,61.41378889640352
117.76081562157924,64.04788483742131,52.29599106796376,61.534671352850836
114.88482740998047,64.1905862486906,52.75940090180583,62.01313072294303
111.39966116819093,64.82249361275879,52.90406600409828,62.9930031476692
109.82052667734646,64.9586095827269,52.42199799543077,63.50774647228225
106.81881080489501,65.70149034668744,52.67339698352827,63.902694473284186
104.62429423626804,66.5520361864709,53.038297392205536,64.34302768805013
102.891319839888,66.53308323892011,53.506306359907654,64.60036496854961
100.49510283410245,69.09065216888288,53.81772898079271,64.4945888525511
98.76553509759925,71.20367305095118,54.223631545550205,63.73411682298785
96.53718893213241,72.04782948855751,54.49482230101391,63.433406992285086
94.5081869876831,72.70972626938834,54.895529293931695,62.82343424570978
92.325371821132,73.6095620034525,55.150580613209456,62.44624502970245
90.71999227668559,74.68612536098922,55.0051416296688,62.122895078545
89.27071511969694,74.2836567218207,54.77393019466841,62.06809978861804
88.8646600879074,74.44271956831216,54.78106546385969,62.01728098969909
88.66929873241983,75.026825546529,54.89471631142196,61.69784453928501
88.35530204713132,76.80983550445094,54.294428064834406,61.48639835009516
89.4024214499556,79.02725098112866,53.57511546863559,61.79004653416039
91.35791024336564,81.89551604453729,53.27389387470491,62.31214668306945
92.57709638265044,85.3106770802599,53.424692290486504,62.30742237468576
92.46731587434803,91.67169980714712,54.02458661149653,62.62576884290837
94.00087432635874,95.87182211050145,54.78061795805495,61.64485101842626
94.54786446922824,100.17221704381848,54.930745157133465,60.871642080594725
94.63940639428773,106.41374890205043,54.05668194548036,62.57995505022701
96.41683596993295,108.29401242962608,53.66954621147204,63.58429053245973
97.06899660309422,109.20298217330979,53.01232038696774,65.68359762521621
97.67232402128148,111.09911797202663,52.91330379045373,68.44944246378716
97.5042967149393,112.793311382997,53.22773884107846,70.76438997335887
96.51777482293788,115.95024228302675,54.23448511779523,70.99084904655987
95.8221101885382,118.36005169597867,55.26354200481205,70.26760854707206
95.72743232677931,122.48887449540155,56.46483367765542,67.66659441795288
95.50045258900025,126.50434279198741,57.21954248492624,64.90842679908533
95.57359992278123,127.57875879271855,57.49015754183824,62.69576289458265
96.0946375587279,127.32528569895305,57.32258927992797,61.23854530190124
96.71619156818132,126.08072030830041,56.69916410947465,61.05119221365389
96.67832806080331,119.3341531891533,55.63736163185243,63.73103394859121
97.24620070588585,114.521982385405,54.59470997533907,66.01188877019914
96.54179199623712,110.1752942697074,53.81331323753203,67.89913745337657
95.73937284309368,103.48682151160867,53.72208826371335,68.75351045217899
93.55124787186224,97.6375570385672,54.188904841308045,68.40877500922386
92.27923739720143,91.9841295157793,54.1423698843339,67.94087934526594
91.38427676212342,87.86564251778628,53.70023739777605,67.62202238574662
90.85770550016832,82.06512991079566,53.18970416046339,67.90445171349741
91.80010503362033,78.2474561535464,52.792015708335995,67.45524550942903
90.82659392674807,76.1012861682917,52.82297628229473,67.36912030430977
90.58136974149795,72.60440494533229,52.643059080819285,67.01468195219391
90.69660868700447,69.94881930671721,52.778812333280825,66.45370757665309
91.86407169284797,66.96570205255226,52.98279241900592,65.85787743730842
92.88990589850769,65.7572454042711,53.24061397312533,65.34030792098926
94.14699355183221,65.40561317927148,53.819945002688456,64.6539982008759
96.02028570202464,64.85545420248565,54.01700474908706,64.29003638359644
98.85973067434813,63.359215052888445,54.4100914661222,64.79253326990326
101.46842057060084,62.54040375201562,54.74605973803938,64.56707000567448
104.1231315756492,62.93703211154181,54.61911854001542,63.6944115253287
106.97489236305807,62.80469071167523,55.50622320497429,62.58184270000082
109.03753854557036,63.64147880082487,56.44351047175515,61.25248769641849
110.69184012766502,64.52980669233588,56.79675346845447,60.139506923600784
112.83302527961665,64.89919083946211,56.46406778445479,59.46966774279599
115.37215168098697,65.3060855096867,56.20474894548976,59.45902583753511
116.07104934480542,65.85468965775993,56.71427638224955,58.888036432532424
117.21072000807212,66.31764121083984,56.84417553995384,58.49446360095454
118.56159769676873,66.8693910262557,56.69023357808794,57.998557923732264
120.5312187298203,66.93401255310255,56.10260694090938,57.71147950569685
120.95136982832143,66.63280975865281,55.16059069164717,57.63678533024924
120.95272217081182,66.13081117376902,54.91555219216461,58.00804683040394
120.39802446390796,65.77470064378612,54.782245837097236,58.16291594353899
119.02143766668544,65.11502070965693,54.512423721169355,58.53765681183934
117.32590445423288,65.90771119761735,55.35015829411523,58.33066257183462
115.41724633636969,65.49521914822355,55.143471500972,58.77641947941241
113.94979250552846,66.13146200834446,55.24139381299929,59.18859169049845
111.74615949014665,66.84374065723814,55.33689274247506,59.51928818452015
110.82557423218024,65.8773059116385,54.9845930187686,60.36669677445906
108.54391607144663,65.76267266675248,54.457872948023926,61.20330669951857
106.89974410359793,66.23794837944138,54.06025420671938,62.14527713235611
103.6379051670404,67.50645168720088,54.31459108786056,63.50555955454157
101.94270622285865,66.73545116411442,54.30712821076692,64.42041674085121
97.4400149752609,68.87542994826035,55.20248053170703,64.7875443623787
96.67709104202335,68.76571850135197,54.75475924344274,64.8032434828352
94.19998714693854,69.88539293614855,55.52088052390778,64.42364714906206
91.65009254609805,71.78057550030029,55.54732978647131,63.831180885504665
90.21189285052691,72.80662727753939,55.57053541769538,63.56621460100022
88.70183821435953,73.03537656847338,55.6720035996371,63.11899402335384
87.7788480131724,74.43545204762673,55.70491453923518,62.28260987832536
86.23015228543463,75.71377213034037,55.71532040663699,61.37395469443494
86.04778261366032,77.96949427809324,55.12043379078924,60.88780804068337
85.42502779395119,80.20181892411559,54.448961733124975,60.53701029587987
85.97928028056432,82.04381417690571,54.14519861933475,60.11835725749321
87.12023471646748,84.5305598600377,53.805402312569,59.696324249993886
86.00957212219846,89.34686151573555,54.45198041553575,59.83103584948686
87.13359628419417,91.4047142501712,54.35412625963515,58.56964780729707
87.47240253138811,97.0060188936047,53.854827959330485,58.729222091291895
88.30892307108388,101.81847552351574,52.96176384393585,59.404480683581625
88.99923193940609,105.63206520051278,52.12572668609545,60.79009773156507
90.08278239208994,105.10209548186313,51.98279546418415,60.44778532922664
87.3793592262671,112.78278240531526,51.90535405702981,61.374831205833104
89.10763232567325,114.45461579541595,51.967898510683305,61.730692166110245
90.07786035589163,116.04502479413435,51.99965261908505,62.532875400820686
92.56714642875704,116.81292771207035,52.3825354370383,63.85536023725091
91.90284185216036,117.60969444328734,52.53938605770757,64.96273805830997
94.99980034411637,117.52028054824572,52.75481517746376,65.97428392271495
98.4647015444676,117.14123691087616,52.95229301205183,66.38006420563853
100.4219972226549,103.50347311777591,53.543561507514404,65.68870527145327
101.59426508713962,105.18560033578339,54.1944674537311,64.97749601289804
102.16427616079531,113.84537050575634,54.20612088835178,65.71245243808887
105.72837063428703,108.85906135895307,55.38481479964471,65.27247021442244
107.27567781264784,111.28565837727928,55.92497202838758,65.7791146634878
108.58195710470855,107.88718122776449,55.988395919546925,65.53059061855376
110.19945587487796,107.15795360664985,54.948390444637795,66.86075635494367
110.53912743533206,102.21041370368172,55.55485088017183,66.32957807372172
110.99293030407426,99.92223940517266,55.630323682058915,66.68370815725108
110.40641955830131,95.39158602761916,55.84009113908566,67.15495277093964
110.26838936709072,88.80767884365648,56.35798403114369,66.32921397724392
109.51140486471901,86.91389453398413,56.2705699458679,66.0180801658635
109.29080223604957,84.4519005085356,55.42638268039489,66.42341243978302
109.353039074364,82.0386859157005,54.488550160439445,66.6124467203629
108.29819787723318,79.54594867567369,54.271213816908144,66.7170346456985
107.92571097644125,77.0505315680133,53.884156058547845,66.94977168923585
106.5266676920003,75.12555309683873,53.939537759113065,67.43200015982899
103.84607268488473,73.20008915810386,54.440749097501936,67.45602946246962
101.07374522465068,72.8453508117475,55.15509844164558,67.30652585714007
99.331546662634,71.64111296023239,55.50060744502768,67.09977314563474
97.01047231483382,69.88258295620192,56.222947514453125,66.81416124436342
95.92733254578732,69.05471222815974,56.79424395165502,66.48163706686469
93.60529204096322,68.50771149346878,56.67575601065014,66.45401275518736
92.04861382647994,66.21445466868144,56.66162811802246,66.22188188114144
92.33078411015957,65.1927702868556,56.03949233899042,65.46203275691468
91.75955411991356,64.96949206834199,55.27862068209992,64.85035354864772
93.44286580207792,61.91610664074726,54.744655608634254,64.44479816329763
93.49933160564316,61.84066768553003,54.60018003139571,64.20895526737185
94.56149579281049,61.565021594556136,54.45398247447439,64.0110863250902
96.52098841468623,60.49392633581515,54.631279236032995,64.1670476612825
98.59995019753208,59.99455006263668,54.34282245195748,64.12168871738982
99.60530960456506,59.84905677939646,54.400111822324504,64.04696523400261
100.86079075318106,60.983029124355916,54.44643864862766,64.0725119076091
102.1266751410926,59.28062241664,54.54869592337221,64.50134694855973
103.90575075736439,58.71629146278524,54.732018127184226,64.94641844412935
104.79523028413873,58.91961884852681,54.74131488437317,65.55751727372044
105.94410493563925,58.847644343581074,54.63799855523382,65.8582370940968
106.82994476802543,58.6284298739577,54.75753314197971,66.60067463643955
107.69033058393248,58.14997676306922,54.761488306315826,67.37768173192524
108.55474258675804,57.387824200180674,55.08586836026551,66.81620862131317
110.01934582161118,57.4183377794087,55.286659620814376,66.48765322694479
112.0089471033128,57.76994174051315,55.07466944831076,66.22309934006572
113.11687459187738,57.605110000557374,54.906197779592276,65.9744475023465
114.2332541619985,57.561754634037534,54.771449656195735,65.36896609814481
114.68228306063958,57.39718698571723,54.51912289080826,64.85013925374844
116.1387663869624,57.292589969198346,53.82942617758523,64.00143440773499
116.31269098152437,57.8543774027452,53.06776834464338,62.84027411451933
117.34434856954014,58.50076202949045,52.1684955222419,62.07989068713967
118.26512861224197,58.24645245458331,51.812343862169385,61.31614045218832
119.42142345451916,58.56267716015678,51.51596163420372,60.39110545950032
121.28239691581804,58.54590192841578,50.98496057532972,59.72668976459228
123.80965725584063,58.5343586467276,49.97686189998424,58.94584950244527
125.38149068752904,58.24954735005718,49.235346382814086,58.24621729212858
127.03113130527674,57.9177924218924,48.67638082305415,57.62585025255359
128.75538401256296,57.54487542793374,47.64864343101896,56.98705165303805
129.72785232568935,56.862783278593895,46.603107456221075,56.847074474628805
130.67439862850443,57.46217138985564,45.91580048272443,56.56154387044867
131.20579468032406,57.04473103655617,45.24479221258888,56.344465181638974
132.60268462290676,57.50633497741024,44.531184389343636,55.89617992714146
132.68683267650724,57.93938927260612,44.22089234551053,55.20450039577833
134.27577596714355,57.73944085814916,43.74519282554775,55.03824399640932
133.93136110830284,58.380508141399005,43.86578947047141,54.66368771941845
135.93426255080098,59.564466069430516,43.64053372750395,53.90336718787172
136.2357098038323,59.899600446499555,43.68592842508516,53.73118482661313
136.2472676926514,60.04276949507562,43.47395337842396,53.78736076754695
136.84293259711308,61.20699896433111,43.251527766716634,53.91009063175507
138.58994327645053,64.35684737247809,44.09331277782326,53.33388739151094
136.6513991978449,68.28133584276088,44.17165577970003,53.092168770800086
134.33819550558076,73.07136387112034,43.59234226273907,53.850281811981546
133.0157337047462,76.41483634265899,43.66060451606529,53.9797402578813
132.8823801039328,80.12075238199007,43.8408960543305,53.97664488499916
132.49678644129028,82.76535031894933,44.16363838731171,53.99579528259553
132.58340925082746,85.16635640497921,44.468801104876775,54.29796726123159
133.330308532882,86.79414453546023,44.98307658594902,54.903881965159066
133.48844518481573,89.50170144216622,45.25516096907796,54.910828641401636
133.63931153694634,92.29651780176535,45.68395900364731,55.018206439323734
132.76980888772,95.31031709218793,45.62176570037728,55.354333997547165
131.84237248445626,95.79239613731474,46.006081174865884,54.84235629288317
131.39541806072253,99.85725692399896,46.421673387439895,54.55964294781672
130.57208687561186,99.91794254896618,46.85946391623059,54.35995556813823
127.19843640805978,102.82796697481726,47.783690987351605,54.15436289319387
127.78549829125595,103.9645858163261,48.069696720394674,54.49229740942545
128.8283186000881,101.6186181392346,48.20781027028718,54.06280427392341
126.45591319150725,99.38048334787825,48.68484555186534,53.9001850207291
126.40937323565032,99.8298807721333,48.54115258362105,54.711941314911606
126.0903667191771,95.59355691326547,48.273904278810406,55.05496180486405
126.10110615571946,91.72061025394456,47.67034331296367,55.87164112280395
125.66698681367197,88.4158316466853,47.39898899187831,56.33430197501777
125.10036404071926,84.49640896349578,47.192888844195465,57.072753092434425
124.08542066897871,81.87219109027797,47.32719577276568,56.68945112982464
124.50509763812502,78.64011357664272,46.95374580209199,56.71927664736003
124.60054125247359,75.4461220159038,46.61781999846086,56.54138471543213
124.05125238184634,72.24929157691595,46.57167337066627,56.47745978179282
123.97536887453133,69.55330029165057,46.00001291079755,56.075585731535
124.82205674237915,66.57733317900849,46.65688884975401,55.59685827850495
122.89459277390992,64.5373779556389,46.46508722202573,55.21294683727417
121.08935614923739,61.84518269369133,46.233227392986386,55.116269226861455
120.26709322065635,60.619129698577964,46.39629613592879,54.49420152819963
117.57797683782292,59.16166754778816,46.72823373558005,54.24524405106219
115.10625312527895,58.89629713463859,46.9683558890615,53.622472161068
113.38240288150305,58.71227298740432,46.75705431095474,53.4896247765395
110.97441343278629,58.23427234105108,46.702208871382666,53.530315865216885
108.8704225415224,57.165240041542546,46.65638263236502,53.20455666891536
105.75114779909336,56.23192193044175,46.60505184149679,53.14356508922181
101.07345918973847,55.117923385361905,47.87056528304592,53.058641609007964
98.27223112448141,53.97500410839466,48.334032918686994,52.913466340386925
95.44455848181093,53.97437365167316,48.77236436812096,53.05820904484935
91.09414162475238,53.1824097203461,49.55131783702933,53.19013748161541
88.04875943739259,53.19882806544783,49.34579467512783,53.530097058683005
84.8888293655819,52.76957267927105,49.73694531176068,53.21844503406236
81.94384842751442,53.85193748675126,49.649986583189815,53.303212117481465
79.47527946919665,53.023390559822786,49.499936732796556,53.63761989517417
76.85134553231887,54.42959966616364,49.079177821273774,53.85035412733194
74.29738270925496,55.307086206871126,48.85263939422046,54.0313781744036
72.0763400342289,55.34521349213542,48.26914052338634,54.47688198142704
69.97389882461337,55.31819144545561,47.94997318370627,54.936085578008175
69.15987662297698,55.60912580683452,47.768538827213426,55.35129020758724
67.37507335831293,55.625215662357846,47.756764989262464,55.59073151518873
66.8352310556305,55.95695804019526,47.716572613845784,55.581819723228506
65.72936697185351,55.44106434115671,47.599242134244015,55.64951409180655
64.40890611142697,55.96898486868295,47.669147066614414,55.617275760829386
63.93800101201802,55.93300448941655,47.947207511003455,55.6168760484712
64.08357168390489,56.42973545650996,48.087231385582996,55.74910743551241
64.0918959329186,56.32184873111055,48.439247927094904,55.84598978125541
66.37913457504213,56.99091449748335,48.13466476592524,55.62602302626554
68.96147322629443,57.22833102191321,47.80638940281271,55.95295684981183
72.87975047101206,57.35201496066705,47.84395896351784,56.317839240763476
75.84700197728515,57.76916012832004,47.93706529926878,55.9042785426035
79.4677025429441,60.43486527622637,48.32982277924849,55.575664419886536
82.3778244890221,61.48989246707011,48.485544863807576,55.46990204946003
85.23309772050591,63.076324131459955,49.43114826503674,55.21942870481121
88.3905474881951,63.99625774183686,50.074511173200854,55.01059788485239
91.55764902217427,64.28872552349173,50.464116870653875,55.11604903409375
93.9478220196595,66.01864873517368,50.62628910993635,54.95554738879075
101.87074275409358,66.42701565426813,50.16395346229619,54.716520185600174
104.0187884186039,67.56772161498215,49.31836667467266,54.95143564530619
107.2779826828381,68.24125756329867,48.809512982019704,54.991077968720134
110.34373282315917,68.69966363395821,48.15525135646787,55.21385060714045
119.95090398561737,68.31682459905738,48.10041487566771,55.13977290339777
123.65102684661245,67.63388911804353,48.093254156576705,55.151880761940404
128.11051889800723,68.66155511360964,48.16355266181939,54.96431610479256
132.94456793545325,68.97401803633568,48.805212773267684,54.587450858309936
136.82119163976836,69.10288856365058,49.3518558828259,53.83082447014206
140.22483714725436,69.52440336134077,49.58711924636345,53.2804642604333
141.79746485444676,69.76955756510964,49.323529061776014,52.7202960650738
145.6151811085334,70.10636443339438,49.01733878306443,52.148596980196224
148.0962682341977,70.25674355915014,48.5655891456884,51.726554877120776
151.17800880331785,70.31277800446045,48.51592856027407,51.37290296700513
157.07239087473275,71.31511822938269,47.8370935022221,51.45447091498781
158.80445738474944,73.513692987983,47.47051826531553,51.41958221626861
161.693791054106,78.44335380845652,47.483182217801215,51.95338992407647
165.35004582546162,79.96214172160948,47.46114518256673,51.61253112162003
165.61240534147302,84.34961838795029,47.348967420799966,51.90234181176558
166.53510990339092,88.27869706516583,47.048219103620056,51.9156544318523
167.80419993177006,90.01500930802325,46.53401131973468,51.708428210068746
168.34143990525877,91.9422430995415,46.277820295067144,51.96740733952615
169.19026617880982,94.68067119445251,46.25186226510067,52.123840963699465
169.51733553329584,100.01244955369543,46.140787256327755,52.93670846243776
168.7844255101629,103.44433396893962,45.976722701954294,53.323522326956734
169.9887353122624,106.24720780514669,46.11554529555494,53.506623531495705
169.0967819528939,108.57939590971188,45.73466710599729,54.2487839014974
168.86965018278798,110.27670906323308,45.777053878335366,55.0864526307709
169.02349004791583,116.77233083023877,45.764536974856185,55.578082059711186
167.80874221735695,117.2968973151296,45.8271741536131,55.77204758732028
168.62626484111388,116.21761210182251,45.64141214832487,56.30928119619307
168.05910833019288,121.43749712671332,45.51225642779628,56.64283515916779
161.00183689609415,117.79325044361117,45.3183075891456,57.01554464323099
159.48663711703293,115.65330479164102,45.29737276616451,57.05401853918178
166.59795629692573,145.89919640557724,46.12721128931349,56.44276280764723
166.48558689754734,148.02170522654998,46.27028989933577,56.39293654906354
161.59841824425868,150.13024799758145,46.52589990336177,56.26912035514518
162.4607362048427,148.4044853942364,46.579689675705694,56.226898804327966
164.00816885693814,146.2821870786578,46.76488418596798,56.10611896301199
165.14344510750692,144.76724170399987,46.84312733721994,56.05376412402524
168.89814091683124,146.96431390445161,46.922655358158714,56.16204014853677
167.44882515453725,144.55449571892288,47.01042815624522,56.159935415468276
165.7271590373992,143.379413850266,47.0202412655366,56.15863607332955
164.70916936667794,145.27798066043508,47.09632165830968,56.19512538542545
164.78912187860004,142.0918902509016,47.126844846750515,56.189459486657945
164.5820993447951,137.9706198772502,47.15576967152628,56.18376071674886
162.40011035533203,116.012696623806,46.89407912475661,56.80219053662553
160.98202945087894,115.34472959022847,46.83496391034738,56.90857030824071
161.72181091883962,107.0825134784975,46.629348094138834,57.45692163723242
162.06854561092157,106.85817670720309,46.461788670244836,57.84081294032457
162.7233962627058,101.50736011739974,46.00028822431572,58.34424780144981
159.7669839342874,101.83110416434766,46.86660886046158,57.83207171343146
160.25152364711624,97.45993238933467,45.78412533218045,58.30901628427043
158.72913048177097,93.53666272112412,46.71877038555779,57.046338930628046
153.43884094579036,93.01449534955299,47.26450696636907,57.348423052451494
149.41227981835985,91.66834131021756,48.049969557076075,57.128952442691585
149.69495128467506,90.22482805086895,48.63107189879868,57.019071011941136
148.71018575016708,86.35669960171697,48.70282302625577,56.39056751138038
148.42703597723064,83.83211271269329,48.494382293407774,56.17688528280543
147.1384805907769,85.14080781081942,48.16777602529962,57.58378231036906
145.50622702531865,83.65335055886153,48.431623452007805,58.66263777802997
143.4959361886839,82.4632504307346,48.997485104983085,59.39387923206062
142.02627849094065,82.17461439179655,49.885133763866804,59.87486893209763
140.01101809953707,81.97705423430779,50.22212112611124,60.74223982786282
137.4599378230939,82.40710194339994,50.54134796699195,61.189389187357946
134.4897113378475,82.14549056896573,51.06681957228089,61.445022218122986
131.51398058314734,82.99742127159234,51.1869207415628,61.85977810908862
128.1047769965644,83.35353483378124,51.40516064025357,62.256117745727664
124.39071954853242,83.47862973170082,52.10987923504803,62.40144020293454
120.38858063166336,84.48267697050849,52.57115160232495,61.94186724402648
117.60315599815033,85.95975780491894,52.79970808370648,61.314457761027114
114.79559311279331,87.3117146929821,54.06915743230137,59.953004378806455
111.79164678654051,92.43117840299067,54.13646065685898,59.467480622424546
109.94684967842471,93.72765995194717,54.54903179607949,58.81728967455119
109.24289600039711,95.65136833231709,54.849757007015974,58.4011904816367
107.09231770318061,96.90138969942204,55.014471417000706,58.17202868500309
99.04348962433764,97.54882852135924,55.42988804221595,57.82497849951033
97.56825328119459,97.25816749570812,55.56686556935291,57.6520950854958
96.02323665637239,96.23344940646919,55.56947859385385,57.59117302575345
94.52027536036755,95.17974795746153,55.55786692988208,57.52902931961226
93.71459925861872,94.70203342705004,55.53580999088556,57.50143008777931
93.41951519955781,94.84523342882171,55.51178079522182,57.46200766680985
93.34871280047545,91.56303781058865,55.52980836370791,57.40302158012533
87.81681894733613,89.85981945752252,55.50608786838743,57.36104086110196
89.35432321959169,88.57495916701001,55.51234548865595,57.29044042581536
89.85262995719569,91.85936798948838,55.496883534653875,57.26378376871261
90.19368581518319,89.4349844155019,55.526220428507834,57.13978070260475
90.06226683142064,87.0974898928565,55.546032199076286,56.99913072888311
90.42322925370465,89.78691508830791,55.545923715458734,56.751079154661205
89.21787361250202,86.49140674810845,55.58171272232079,56.62161300882722
88.91318782428773,89.08889806448913,55.62880280937711,56.46367013284074
101.51881947474969,83.98535075428858,57.01965704690533,55.39255029859098
101.29275784983457,84.86413744903805,57.518586688064154,55.03814546816643
100.14121632981899,80.7154249213481,58.03354159050682,54.61007423143208
97.95597013710126,82.66733902050866,58.84242280040515,53.95439471284422
88.5692129119471,84.078746975807,59.326781290630464,53.4868532411056
86.54349890191948,86.7076637848908,59.2910215436569,53.38564394010719
84.727510168121,83.56101197345171,59.24934803125814,53.198748702816886
83.49474659320693,86.87919951611657,59.19037600315355,53.20138595421813
82.954665772168,84.33988603049647,59.073184043775726,53.14717562992608
99.40298404958213,80.56314532381867,60.972079715509935,51.63670078260055
104.33779404028327,82.07877592834264,62.52359182181519,50.530954867627635
100.04820165680172,79.17919075859317,63.85441786227683,49.487285489261566
76.42461091357401,91.29952526296069,61.75798286313655,51.95691311138593
75.49045225068997,88.43777506239888,60.178225609665745,54.109284905713245
77.88231537676884,86.79327817502828,59.84645753698186,55.008610692630974
79.90333382344092,85.34202123434585,60.61276357729249,55.113236056616074
76.86215721240109,84.21657679437715,61.0711944513497,54.920947713347914
78.97410061399665,83.21300937612683,62.12945791671325,54.59348424700736
77.28642412922912,82.78675020492247,62.51034362779495,54.02720056648212
81.07088052648335,83.30988245903013,63.722976472324575,53.384453721745636
79.18342872074557,82.36281666597074,62.91978703188975,53.295628183154335
79.47734416249072,79.32477398939544,60.79441845442208,53.68787898354007
82.09008392757323,75.92814044624545,59.179133607332,54.20935508854731
84.5965871552632,73.03396841164584,56.79002279709368,55.763545887025074
87.23136048038589,70.7478504631889,54.91194228759536,57.15760752666054
91.74009272826743,67.87105848398028,53.75086826805908,58.62050773873989
95.35666380196777,65.35090709443384,53.49270647496749,59.62716345743849
97.96322637922896,63.78002383744104,53.79776598231035,60.52543259975049
99.45367761483264,61.6142551383768,54.20954773237067,62.032934591766306
101.3115855608313,58.25326600183942,54.02573500466473,63.11180545059546
103.18902828428575,56.087325692474565,53.67621287906016,63.80244857199545
102.84475493366473,56.01949424527497,53.76144142549035,64.48875544689773
103.93620503722157,52.745727424063126,53.737672268486534,65.76980339825086
105.29266167055768,50.218422426161915,53.700627989851434,66.79656085880548
105.1010959367138,47.56347928128794,53.84332673318252,66.98331110500484
106.15031413101705,45.6713116411711,53.89606393618979,66.45586450199878
107.5943266769319,45.10124448268199,54.086447085632074,66.23055177460444
107.84170189923186,44.43585278501051,54.47609981018726,66.11968108383442
108.47761708979485,43.65415829224975,54.94367136559238,65.94973695854662
110.17648447267277,43.045535969356344,54.955475345716636,65.9978939559417
110.24801816038809,42.42842595148037,55.19290634975494,66.31119993777672
112.30024096895856,42.08390699566659,55.18014650455611,66.31288227145858
113.40898576648357,41.07683864804265,55.16979091791369,66.3731140995342
113.83172889688262,41.684384601049096,54.96209384693111,66.47471430739766
114.2133693559853,42.55630861527508,54.582368192006655,66.44908520156075
114.24633955129968,41.52674313338979,53.87312720847855,66.4752586114678
115.3639355684068,42.268386934644994,53.281321299828875,66.4530646731267
117.42582645530743,41.2015707954652,52.955324092906885,66.7491085220353
117.6539359983062,41.542205651823906,52.60797944710253,66.76670046789104
117.21015910894309,42.3786449043495,51.90587687283194,66.5059204897945
119.3519840293704,40.88322675794665,51.26524980762732,66.62676190383128
120.10465812173068,42.185368429019746,50.56003926195248,65.89320037870169
121.74609291797029,43.22440776124031,49.98745724042665,65.30433899560212
123.78454327446354,43.41207183598158,49.84207794315056,64.68881429026669
125.54847339962933,44.09073532434986,49.29565299173869,63.64261828424661
127.48028383223222,46.6162755484938,48.64669968520294,62.63317525661301
128.98963606129752,46.9298301329223,49.09002373049029,62.18901755300509
130.02268977118814,47.5978676169293,49.12181956235702,61.4753840556141
130.52130527579794,47.545329200195546,48.8813015858599,61.04986797068561
131.29428126096667,47.31516019860578,48.2434875926457,60.741272022010435
130.4038714988015,48.41089511079912,47.71651969861056,59.90389634530595
128.18582749954098,48.94522976964515,47.5054948507571,59.401649430472624
125.97826332641888,49.25268120587951,47.07038678113823,59.62385606413411
124.149829413643,49.22146700260076,46.81522557875114,59.595467227830824
122.34723397644662,50.32972634386455,46.616992094776016,58.68739721759786
121.52736574603304,51.02516665515988,46.58683779422772,58.584382352949405
120.90823231601664,51.7650111829616,46.78782504839508,58.22731459518227
119.92096014561542,52.204977150720126,47.15938627209391,58.804543490162956
118.26444693701913,52.577254209429846,47.82086811836365,58.88735125447646
115.95373218866325,52.029661487401,48.16099134829074,59.22845884676183
113.38328561852495,52.80320909430446,48.98441584537888,58.509154489316316
110.74990066306687,53.917819011944445,49.61514936026842,57.964082011977005
107.87115022139886,55.800494200699326,49.62834367927337,58.17570206865609
103.29562895293553,57.72881781425597,51.1232644853956,59.0005118842369
98.93600282748798,60.11012624148073,52.726933793328044,60.24742462039407
96.3919097889806,61.94177354845068,54.20279801670513,61.781195359847715
93.90585338352611,63.146187116979995,55.10249547574641,63.161949998454375
92.22259604397954,63.897060752560634,55.32386163913826,64.08282850739869
90.81694790448701,65.84065041423797,55.47106513896379,64.2179665935594
88.61218359070214,67.52611688689919,56.0988304513327,65.00178447221158
87.24370115690132,67.35037236895127,55.99550381884278,65.90084027961466
86.01779543402932,68.97930167547938,56.46288030231413,65.97061933898279
83.63004563552953,70.64969491736271,57.50327819948464,66.15202676390751
82.65081305366428,72.33067917240987,57.57177842505138,65.6496683345322
83.32558976429125,73.72020116239983,56.99490129287901,65.05059914894008
82.57110046262842,75.43822415281123,56.75874494652053,64.77823801308799
82.98215375069087,76.69617602062016,56.91355462396237,64.50186603291753
82.59697841018945,79.03722384764421,56.77827221303863,64.28033976058327
82.99457482344748,80.98730179599059,56.52167929487448,63.77368514562882
84.51428880498227,82.24260049016208,56.31206457376349,63.50306630915046
85.64892010221564,83.52125333113773,56.20962059807118,63.33647169630622
86.76873617843312,83.39998698511772,55.9191150468554,63.46774486084176
87.94954114357279,83.98303173213492,55.58053706657301,63.32375283518354
88.69389250868537,84.38274748267024,55.59714236838368,63.32893671249272
90.42536323542305,85.47887101687242,55.36289249281968,63.13394425415001
90.7821127581649,85.37679356746978,54.79684669583682,63.24821020773339
92.62198571934186,85.79757906141361,54.431814251571254,62.7202618137254
93.47082123185112,85.37592294032243,53.75984367649631,62.52523587155112
94.75789930880248,85.18395237057481,53.46447656602008,61.979174917731214
95.26975605524393,84.70471169143482,53.104883151224044,61.902145616793355
96.36652604981899,84.2802543176175,52.50112575770841,61.79971521872562
97.14293327785714,84.05839354068434,51.99040445940035,62.00061488545644
98.54129282562525,83.23372969815134,51.85069830331725,61.70306175310913
99.17598961320465,82.23054648204867,51.89109569705341,61.19563757786207
100.2337381488988,81.57787468206323,51.60506592226547,61.32349511578309
101.22337647772541,80.53718918248066,51.51533685105326,61.51311959395211
101.6399993910031,79.07608837082006,51.70709064302814,61.766095524524296
101.9645328263473,77.4766314606374,51.92507197628491,61.88073266871162
102.75855862845287,74.44459267199026,51.77656910292399,62.758107994571596
102.63167726701222,72.5168076436779,51.999869162184574,63.187480999194385
102.4141394108358,69.65883523334574,52.2432777499084,63.86544001816189
103.58597239817743,66.95661551188154,52.1961792152581,64.1030584581301
105.16361425122113,66.31880392851144,52.15242032949847,64.0252619633484
107.63130536146986,65.84670001707799,52.16335530489336,63.60114646010444
109.56557347493847,66.16043032006736,52.37270232151691,63.31838169043132
111.20059274549854,68.05517924286949,52.21775367373782,62.558334022973426
112.2279737749477,68.49722817421524,52.55710563232608,62.89810405350093
114.79555546454937,70.63503405657181,52.1136126709084,62.6685285322265
117.12676726776111,71.09989289017327,52.74574902008183,62.32576539907741
118.27710315188807,72.49910264149439,52.93579871598503,62.92473840780294
119.55113174803115,73.22853265323559,52.94546385379223,63.2863350083516
119.51095276117354,73.20067762710386,53.233790107226795,63.38260269097522
119.86487459281742,74.14316082139047,53.264745717906806,63.58405493109463
120.68208479959259,74.15398145878896,53.35749505647742,63.56894179075539
121.34401934052877,72.28599089521376,53.56381739611386,63.535630086484886
121.33739598988741,72.41799648795705,53.819363326303204,63.15808971802778
122.20935924749408,72.46469593483752,53.94587550604379,62.99674457651038
123.0053699728357,72.75585213436409,54.48704897876145,62.40400569340888
125.49564639813826,73.73361599685286,54.71327560813678,61.18442909405311
127.47139535239532,75.94395235733514,54.826807797584074,60.49456248537799
130.0944248554381,79.03862801763943,55.4313747833198,59.658963777837045
133.2974862479759,81.47305782144639,55.547892226515685,59.18364359893404
139.61056734729067,84.69566719276088,54.86989878246378,59.07196386539931
147.83856778458176,88.72466488507182,54.74072209611403,59.543119443607026
154.6278698987298,92.10997284106135,54.37583437477595,60.151337302379915
160.71598299559548,93.58702516108988,55.41859850697233,60.84732574093613
165.3726309820806,94.64724034598964,56.38637228955626,61.08870200222485
169.67170840110538,95.45655652060228,57.6815661453544,60.95105100294467
171.4634481070994,99.71403353806929,58.296357054258664,60.56699830468057
177.17483262046323,99.56928452249052,58.373758735233665,60.2732232230642
177.0530473480988,101.62402546628344,58.76557138103581,59.680421576109474
184.48735986238782,100.93816424454823,58.56613103721115,59.53536125895975
186.50537190744723,102.41936543749596,58.45783035483768,59.50174228981236
188.14932114268208,103.10722334625217,58.88486766393953,59.46241422578656
190.03976292878846,100.89635819979361,59.72062847420359,58.860527251095036
191.033423498816,101.69263078181979,59.850166054927925,59.11360200395858
190.86457431058474,102.41157758273235,59.93886198962656,59.47482084128906
190.4491943317347,102.98815611071363,60.17991922191616,59.72548430000544
189.3871150741635,103.52246392403562,60.116184346403074,60.14835486511103
185.89291256782846,104.54488855197448,60.81091632059046,60.57005429049248
186.5144431966963,104.38927015330191,60.693856301677705,60.883111311825644
187.08823027611874,104.39409309810726,60.19135221882163,61.306971136154594
186.4748627030198,101.4841526066493,59.687108160841646,61.04973086128852
189.21533263322607,100.02564826601291,58.79943288020206,60.62365973718719
183.05102085772106,102.5423027154619,59.02249803582633,60.45132038174623
184.08532671600906,103.19374416915966,58.78221206769391,60.550257299523125
186.76971727847553,101.19005446397445,58.43266273902563,60.24234625884375
181.06083969733558,103.45261319154548,58.79634266021669,60.03311244017629
181.96813705499758,103.83477636582202,58.80968638235453,60.19825299483291
183.12039921769713,104.03856964465525,58.61024909881033,60.37987504007172
183.9998365365083,104.76449633635602,58.59748239709342,60.36224781195125
184.19967130975522,104.67376378071586,58.412385608082126,60.55252059914455
184.45337155768166,104.92016025437124,58.16563819078528,60.552386564969304
184.4346013574822,105.23467473396448,58.01053608124694,60.582320093957264
184.3461388498919,105.74066138946364,57.91379873790509,60.603940199172946
184.62140807988982,103.24621244175549,57.80871198455716,60.411168382522604
184.6830806127791,105.13507235975435,57.99651457879562,60.087510054703586
184.9660300617036,105.9541475527862,57.85615407182142,59.883699668792474
185.28750415903542,106.23740875255234,57.65711650571499,59.92300299147773
184.81810153430987,106.18151551025572,57.53323721918587,60.048092970151885
184.99874554489477,105.98686990541447,57.47416638351335,60.04763122558977
184.50316035659333,105.83850778859565,57.41425021512573,60.050814683451506
184.02341507415068,106.39247998977359,57.41179876293263,59.905316553468815
184.27647723768087,106.48274079465088,57.24480054594912,59.868823398733255
184.00978149309395,106.63271112762948,57.16440116541017,59.750330462244406
183.441213565744,106.44363198542706,57.041590912245674,59.83366238809247
184.12281552308903,106.55802608094997,56.850327920292706,59.80345882813206
184.05375868573617,106.86405893679246,56.7512378777667,59.64535633656655
184.39467644212746,107.37615951058314,56.6174666564613,59.584021614499406
184.57791346541356,107.28872332289436,56.53261868539531,59.60312571461605
184.92600776539547,107.52065425458653,56.38761783910891,59.38453136164584
184.8383115966328,107.79000752346205,56.32292542419376,59.348341570415776
185.2009482454791,107.7460472413992,56.40584342593962,59.29544219755077
185.71528776188654,107.8308876420653,56.477865367589146,59.25144689433692
186.06433609577198,107.93715146515129,56.40224849622789,59.284050859988994
185.6304510758093,108.1780576320736,56.32357199818178,59.32795739392315
185.8684924798732,108.39916159569422,56.26818479294781,59.28135592486901
188.41739230562754,105.21564056939673,55.987559576100985,59.10089784394962
186.84785397297617,107.22401767598458,55.98011777254692,59.04656624010312
190.4036276658739,104.92930390775774,55.55195480523899,58.911323843237696
184.27996530291463,106.34947083961094,55.77592881552034,58.808471096779854
185.21100067814106,107.37848240386717,55.80585182613009,58.68522701623341
185.5136440680751,108.08198948059095,55.76541883368421,58.61658902722216
185.50290948163837,107.7865301158451,55.66637064092323,58.683492210868835
189.08163430022478,108.36511007840846,55.30364260714395,58.91497221265253
190.97262905791067,105.63835551569838,55.24078980670747,58.70530384783831
184.97629683630606,107.32697317585964,55.496053241310726,58.501566204365155
185.5618412434058,107.69410278577283,55.514532827494214,58.26908379899954
189.05541496547806,109.16429235067508,55.325071960192965,58.5492895385798
190.52875474302846,106.92430066703616,55.2550272412891,58.334758154423305
185.16765423450326,107.57515962727707,55.39659509488736,58.32593137869399
