269	75	34	64
267	75	36	64
268	72	29	65
270	73	24	64
270	73	24	64
267	72	25	63
263	69	35	67
260	72	35	65
260	72	35	65
260	72	35	65
259	66	32	62
257	65	36	64
254	65	39	64
255	65	36	69
253	67	34	67
252	67	32	68
248	66	30	69
245	66	30	69
245	66	30	69
236	65	33	71
231	68	37	69
233	70	34	72
235	71	33	75
238	69	31	75
237	70	31	72
231	71	38	69
231	70	42	70
238	69	35	74
241	69	33	75
242	68	33	75
243	65	30	74
244	63	28	73
243	61	27	75
239	60	28	74
229	61	36	76
226	62	33	76
224	63	30	81
224	64	28	78
220	64	32	73
216	68	39	70
222	67	38	71
224	65	34	79
225	67	33	83
224	70	35	81
224	73	35	79
226	72	33	81
224	74	37	79
226	75	38	77
228	77	36	82
230	77	36	85
235	75	31	85
236	77	32	80
234	82	34	71
231	80	38	76
230	79	35	80
225	79	33	81
220	78	33	81
219	78	29	83
216	75	30	85
215	73	31	82
209	72	41	79
212	72	37	84
214	69	35	91
219	67	30	96
221	68	31	90
222	68	33	82
226	70	34	82
228	70	34	85
226	73	37	88
225	72	35	93
222	70	35	95
222	75	33	87
223	73	36	89
223	72	40	86
226	71	37	94
229	68	35	101
233	71	33	104
237	73	33	102
240	75	32	91
242	76	36	86
247	78	35	87
248	77	37	96
246	78	41	102
246	79	36	99
244	78	38	96
241	79	43	91
238	76	47	93
232	76	56	95
230	69	65	102
224	70	60	104
219	67	56	107
222	66	61	98
219	63	69	95
229	59	64	100
233	61	62	104
236	60	59	112
238	59	59	112
236	63	63	111
234	66	71	106
237	67	71	101
240	68	71	101
247	68	66	107
251	64	59	116
252	63	57	112
252	60	60	101
239	59	65	96
237	56	55	100
227	59	54	101
214	57	57	106
209	50	57	111
206	40	58	116
204	25	55	128
197	35	64	116
199	38	65	106
208	46	55	106
212	51	52	105
219	55	49	106
223	57	53	102
227	60	50	90
238	62	46	83
240	68	48	83
249	67	43	90
253	63	46	97
255	63	49	101
258	61	51	102
260	63	56	96
267	64	55	87
277	67	47	91
285	65	41	95
287	64	42	103
293	65	40	101
296	70	39	93
305	70	38	85
308	72	36	91
310	73	37	97
310	72	33	98
305	78	40	88
302	79	43	82
301	81	41	76
296	76	43	83
295	73	39	90
290	71	37	94
289	71	33	93
287	70	31	90
285	69	31	79
283	69	33	77
285	63	29	80
280	64	32	83
277	66	31	87
275	69	31	84
273	71	30	82
272	70	33	79
272	71	36	72
277	75	36	76
281	69	32	86
285	67	30	92
289	65	29	91
289	67	32	83
286	65	39	79
293	74	38	71
296	76	35	68
296	79	34	74
298	72	30	81
297	71	30	76
291	72	39	74
295	73	37	71
296	73	37	74
293	71	43	79
292	71	39	83
293	74	37	80
286	75	44	75
292	73	49	78
290	71	57	70
291	70	63	73
297	83	47	66
297	81	44	67
293	75	46	72
307	72	48	75
305	75	45	70
305	75	50	66
298	69	60	73
297	69	64	79
293	63	77	86
295	61	82	85
302	61	73	87
303	60	75	82
302	62	74	75
303	63	71	77
294	60	81	72
293	59	78	78
298	55	76	90
296	52	75	91
296	51	75	90
302	54	71	86
298	58	77	87
289	54	86	99
327	58	65	94
330	54	46	95
336	57	42	94
336	64	50	82
341	65	50	89
345	63	44	96
342	63	42	89
342	68	40	93
336	61	45	97
326	62	54	97
325	60	55	100
307	60	63	91
307	62	57	90
288	57	71	85
277	57	83	85
302	76	60	82
308	75	53	85
310	82	54	74
324	90	43	74
331	90	31	77
334	92	23	76
333	93	25	75
333	91	30	73
335	92	32	66
341	96	29	65
342	97	30	72
341	97	32	71
345	97	24	71
349	96	21	72
350	96	25	66
350	95	32	58
350	97	34	60
352	99	33	64
351	98	30	69
352	98	23	68
350	97	25	67
347	98	30	62
342	100	37	57
345	101	33	57
346	102	35	62
349	106	28	60
352	102	21	64
356	102	20	62
357	101	24	55
359	103	29	51
361	104	31	52
364	104	30	61
366	104	23	59
368	103	20	61
370	105	23	54
368	102	29	53
367	104	33	54
367	103	33	61
366	105	31	61
365	104	27	63
366	102	23	64
368	103	22	59
367	101	25	55
367	102	29	50
366	102	31	57
369	99	23	63
368	99	21	66
364	98	22	66
362	98	22	61
359	96	23	56
355	97	29	58
353	96	31	59
350	96	34	63
350	94	25	68
348	94	22	69
347	94	22	66
347	94	25	63
345	95	26	57
345	94	31	59
345	96	33	61
349	96	26	58
349	101	28	64
349	99	23	70
354	100	21	69
352	100	26	62
355	103	29	57
359	103	29	63
358	107	35	61
360	105	30	66
360	105	25	67
360	106	24	67
360	104	25	68
360	105	27	58
362	104	31	63
364	106	31	59
364	110	31	56
367	112	27	61
372	109	21	63
378	107	22	62
382	105	22	56
389	105	26	53
394	105	31	54
