264	311	37	69
265	307	37	68
267	307	34	66
266	302	35	67
269	300	29	65
272	295	26	68
275	295	22	68
276	295	20	68
275	293	20	67
275	292	22	68
272	293	22	69
268	295	27	67
266	294	28	66
263	292	34	67
264	292	33	66
260	290	36	66
258	291	36	66
258	290	34	65
258	288	32	65
256	290	32	65
255	289	30	65
254	286	29	67
255	286	25	68
253	283	28	69
252	281	28	70
251	283	26	68
251	285	23	68
251	283	23	67
250	283	23	67
249	283	24	69
240	293	33	65
242	287	32	72
241	282	38	74
237	280	48	78
230	280	59	80
238	284	62	75
259	288	47	76
279	298	34	63
291	296	26	65
297	298	30	61
305	300	30	61
311	302	30	59
320	302	27	59
330	304	25	57
337	308	26	55
345	310	26	53
352	309	28	53
359	313	31	51
363	313	34	51
366	316	41	49
368	318	48	47
371	319	56	45
381	321	55	49
398	322	47	45
412	322	43	48
427	322	38	48
436	322	40	49
443	325	37	48
450	328	32	46
450	328	32	46
450	328	32	46
450	328	32	46
450	328	32	46
450	328	32	46
450	328	32	46
450	328	32	46
450	328	32	46
450	328	32	46
450	328	32	46
450	328	32	46
450	328	32	46
450	328	32	46
450	328	32	46
450	328	32	46
450	328	32	46
450	328	32	46
450	328	32	46
450	328	32	46
450	328	32	46
450	328	32	46
450	328	32	46
450	328	32	46
450	328	32	46
450	328	32	46
450	328	32	46
450	328	32	46
450	328	32	46
450	328	32	46
450	328	32	46
450	328	32	46
450	328	32	46
450	328	32	46
450	328	32	46
450	328	32	46
450	328	32	46
450	328	32	46
450	328	32	46
450	328	32	46
450	328	32	46
450	328	32	46
450	328	32	46
450	328	32	46
450	328	32	46
450	328	32	46
450	328	32	46
450	328	32	46
450	328	32	46
450	328	32	46
450	328	32	46
450	328	32	46
450	328	32	46
450	328	32	46
450	328	32	46
450	328	32	46
450	328	32	46
450	328	32	46
450	328	32	46
370	340	24	49
374	338	24	51
375	336	26	51
377	334	29	52
380	336	31	51
382	338	34	51
383	330	39	60
384	321	41	69
388	317	41	73
387	312	47	79
388	314	50	77
401	318	37	76
406	321	35	73
413	319	31	76
417	321	34	73
423	321	33	74
426	322	34	71
435	323	29	74
437	325	31	75
442	326	33	75
444	326	36	77
447	328	34	78
449	329	32	78
455	325	31	80
457	329	23	73
457	329	23	73
457	329	23	73
457	329	23	73
457	329	23	73
457	329	23	73
457	329	23	73
457	329	23	73
457	329	23	73
457	329	23	73
457	329	23	73
457	329	23	73
457	329	23	73
457	329	23	73
457	329	23	73
457	329	23	73
443	337	24	67
443	337	24	67
443	337	24	67
443	337	24	67
443	337	24	67
456	348	20	57
456	348	20	57
456	348	20	57
465	347	16	58
465	347	16	58
465	347	16	58
453	331	25	62
451	330	29	66
451	330	29	66
451	330	29	66
451	330	29	66
451	330	29	66
451	330	29	66
451	330	29	66
451	330	29	66
451	330	29	66
451	330	29	66
451	330	29	66
451	330	29	66
451	330	29	66
451	330	29	66
451	330	29	66
451	330	29	66
451	330	29	66
451	330	29	66
451	330	29	66
451	330	29	66
451	330	29	66
451	330	29	66
451	330	29	66
451	330	29	66
451	330	29	66
451	330	29	66
451	330	29	66
451	330	29	66
451	330	29	66
451	330	29	66
451	330	29	66
451	330	29	66
451	330	29	66
451	330	29	66
451	330	29	66
451	330	29	66
451	330	29	66
451	330	29	66
451	330	29	66
451	330	29	66
451	330	29	66
451	330	29	66
451	330	29	66
451	330	29	66
451	330	29	66
451	330	29	66
451	330	29	66
451	330	29	66
451	330	29	66
451	330	29	66
451	330	29	66
451	330	29	66
451	330	29	66
451	330	29	66
451	330	29	66
451	330	29	66
451	330	29	66
451	330	29	66
451	330	29	66
451	330	29	66
451	330	29	66
451	330	29	66
451	330	29	66
451	330	29	66
451	330	29	66
451	330	29	66
451	330	29	66
451	330	29	66
451	330	29	66
451	330	29	66
451	330	29	66
451	330	29	66
451	330	29	66
451	330	29	66
451	330	29	66
451	330	29	66
451	330	29	66
399	243	29	68
399	243	29	68
399	243	29	68
399	243	29	68
399	243	29	68
399	243	29	68
399	243	29	68
399	243	29	68
399	243	29	68
399	243	29	68
399	243	29	68
399	243	29	68
399	243	29	68
399	243	29	68
399	243	29	68
399	243	29	68
399	243	29	68
399	243	29	68
399	243	29	68
399	243	29	68
399	243	29	68
399	243	29	68
399	243	29	68
399	243	29	68
399	243	29	68
399	243	29	68
399	243	29	68
399	243	29	68
399	243	29	68
399	243	29	68
399	243	29	68
399	243	29	68
399	243	29	68
399	243	29	68
399	243	29	68
399	243	29	68
399	243	29	68
399	243	29	68
399	243	29	68
399	243	29	68
399	243	29	68
399	243	29	68
399	243	29	68
399	243	29	68
399	243	29	68
399	243	29	68
399	243	29	68
399	243	29	68
399	243	29	68
410	188	36	59
409	190	38	56
409	190	38	56
409	190	38	56
421	195	36	52
421	195	36	52
421	195	36	52
421	195	36	52
416	244	40	58
413	241	51	61
410	239	56	65
407	240	64	65
407	237	71	69
410	242	70	66
415	237	65	73
425	238	53	74
429	247	50	65
441	249	37	64
442	255	39	60
445	264	35	52
445	269	35	47
448	268	32	44
450	268	29	48
451	269	29	50
454	271	26	46
456	270	24	49
459	274	21	45
460	276	20	44
462	278	19	43
464	279	17	40
464	281	16	39
464	283	16	38
465	243	15	34
466	245	15	31
468	245	13	32
469	244	11	31
470	243	11	30
469	245	12	29
469	247	11	28
469	247	11	28
468	241	12	29
467	246	13	31
466	254	13	31
470	261	11	30
470	261	11	30
470	261	11	30
470	261	11	30
470	261	11	30
470	261	11	30
470	261	11	30
465	229	13	27
465	229	13	27
465	229	13	27
465	229	13	27
465	229	13	27
470	256	10	28
470	259	10	29
470	262	10	28
472	264	9	27
473	268	7	27
473	270	7	26
472	272	8	27
473	272	8	28
475	276	7	26
475	276	7	26
475	276	7	26
475	276	7	26
475	276	7	26
475	276	7	26
475	276	7	26
475	276	7	26
475	276	7	26
475	282	7	23
471	278	9	26
468	277	12	28
463	277	16	27
463	313	18	29
461	314	20	33
459	316	22	35
458	317	21	37
458	322	22	37
459	328	23	36
462	330	18	35
461	333	20	37
463	336	18	34
462	332	19	36
461	334	19	39
459	338	22	35
457	336	23	36
455	338	25	36
453	338	26	37
453	337	27	39
452	339	27	41
450	337	30	47
452	335	28	48
453	335	27	48
453	335	27	51
452	339	28	48
451	340	27	49
450	340	28	51
449	344	31	49
449	345	30	49
448	344	30	52
449	345	30	53
447	348	31	51
446	349	33	53
447	349	32	53
448	352	31	50
450	352	29	51
452	355	27	50
453	357	26	49
457	360	23	46
460	359	20	46
461	362	19	42
464	365	17	38
465	367	15	37
466	365	15	38
467	324	15	33
469	323	12	31
474	324	9	29
474	324	9	29
462	291	13	28
462	291	13	28
462	291	13	28
462	291	13	28
418	323	17	31
402	331	15	30
405	331	15	34
408	331	14	41
410	331	14	43
412	330	14	45
413	330	14	47
415	331	14	47
417	329	14	49
418	330	14	47
421	330	14	47
422	329	14	47
424	327	15	47
424	327	14	46
426	328	14	46
426	327	15	46
427	325	14	48
426	325	14	48
427	324	15	49
428	325	14	48
428	325	14	50
429	325	14	52
429	325	15	52
432	326	14	49
433	328	14	47
434	326	14	48
436	328	14	47
436	326	15	48
436	326	14	50
437	325	15	51
440	322	15	54
442	324	15	53
444	327	14	52
446	325	14	54
448	321	15	56
449	326	15	51
450	327	14	52
452	326	14	52
452	324	15	53
453	323	15	54
454	320	15	57
455	322	14	54
458	322	16	56
460	322	16	55
464	323	16	51
466	323	14	50
467	324	13	51
468	323	13	50
468	321	13	51
469	323	12	50
470	324	12	50
470	326	12	47
471	328	12	47
472	329	10	45
472	333	12	43
473	332	11	45
473	336	10	42
472	343	11	44
470	338	12	43
470	338	12	43
470	338	12	43
470	338	12	43
470	338	12	43
470	338	12	43
470	338	12	43
470	338	12	43
470	338	12	43
470	338	12	43
470	338	12	43
470	338	12	43
470	338	12	43
470	338	12	43
470	338	12	43
470	338	12	43
470	338	12	43
470	338	12	43
470	338	12	43
470	338	12	43
470	338	12	43
470	338	12	43
470	338	12	43
470	338	12	43
470	338	12	43
470	338	12	43
470	338	12	43
470	338	12	43
470	338	12	43
470	338	12	43
470	338	12	43
470	338	12	43
470	338	12	43
470	338	12	43
470	338	12	43
470	338	12	43
470	338	12	43
470	338	12	43
470	338	12	43
470	338	12	43
470	338	12	43
470	338	12	43
470	338	12	43
470	338	12	43
470	338	12	43
470	338	12	43
470	338	12	43
470	338	12	43
470	338	12	43
470	338	12	43
470	338	12	43
470	338	12	43
470	338	12	43
470	338	12	43
470	338	12	43
470	338	12	43
470	338	12	43
470	338	12	43
470	338	12	43
470	338	12	43
470	338	12	43
470	338	12	43
470	338	12	43
470	338	12	43
470	338	12	43
470	338	12	43
470	338	12	43
470	338	12	43
470	338	12	43
470	338	12	43
470	338	12	43
470	338	12	43
470	338	12	43
470	338	12	43
470	338	12	43
470	338	12	43
470	338	12	43
470	338	12	43
470	338	12	43
470	338	12	43
470	338	12	43
470	338	12	43
470	338	12	43
470	338	12	43
470	338	12	43
470	338	12	43
470	338	12	43
470	338	12	43
470	338	12	43
470	338	12	43
470	338	12	43
470	338	12	43
470	338	12	43
470	338	12	43
470	338	12	43
470	338	12	43
470	338	12	43
470	338	12	43
470	338	12	43
470	338	12	43
470	338	12	43
470	338	12	43
470	338	12	43
470	338	12	43
470	338	12	43
470	338	12	43
470	338	12	43
470	338	12	43
470	338	12	43
470	338	12	43
470	338	12	43
470	338	12	43
470	338	12	43
470	338	12	43
470	338	12	43
470	338	12	43
470	338	12	43
470	338	12	43
470	338	12	43
470	338	12	43
470	338	12	43
470	338	12	43
470	338	12	43
470	338	12	43
470	338	12	43
470	338	12	43
470	338	12	43
470	338	12	43
470	338	12	43
470	338	12	43
470	338	12	43
470	338	12	43
470	338	12	43
470	338	12	43
470	338	12	43
470	338	12	43
470	338	12	43
470	338	12	43
470	338	12	43
470	338	12	43
470	338	12	43
470	338	12	43
470	338	12	43
470	338	12	43
470	338	12	43
470	338	12	43
470	338	12	43
470	338	12	43
470	338	12	43
470	338	12	43
470	338	12	43
470	338	12	43
470	338	12	43
470	338	12	43
470	338	12	43
470	338	12	43
470	338	12	43
470	338	12	43
470	338	12	43
470	338	12	43
470	338	12	43
470	338	12	43
470	338	12	43
470	338	12	43
470	338	12	43
470	338	12	43
470	338	12	43
470	338	12	43
470	338	12	43
470	338	12	43
470	338	12	43
470	338	12	43
470	338	12	43
470	338	12	43
470	338	12	43
470	338	12	43
470	338	12	43
470	338	12	43
470	338	12	43
470	338	12	43
470	338	12	43
470	338	12	43
470	338	12	43
470	338	12	43
470	338	12	43
470	338	12	43
470	338	12	43
470	338	12	43
470	291	11	40
470	291	11	40
474	330	11	37
470	327	10	40
467	326	12	41
462	326	12	41
458	329	12	41
453	329	11	41
450	334	11	38
450	338	11	37
447	342	10	37
439	346	10	37
432	350	10	35
426	348	10	34
422	348	9	33
417	344	10	33
414	339	9	34
413	337	9	35
413	339	9	33
417	341	10	33
422	340	9	34
427	338	10	33
431	338	10	33
435	338	10	36
440	342	11	35
445	343	10	34
448	339	10	37
450	339	12	38
456	340	11	37
458	339	12	38
461	337	12	40
465	339	12	38
468	335	12	40
472	335	9	41
474	340	8	36
474	340	8	36
474	340	8	36
474	340	8	36
471	303	9	36
471	303	9	36
471	303	9	36
471	303	9	36
471	303	9	36
471	303	9	36
471	303	9	36
471	303	9	36
471	303	9	36
471	303	9	36
471	303	9	36
471	303	9	36
471	303	9	36
471	303	9	36
471	303	9	36
471	303	9	36
471	303	9	36
471	303	9	36
471	303	9	36
471	303	9	36
467	318	12	33
467	318	12	33
467	318	12	33
467	318	12	33
467	318	12	33
467	318	12	33
467	318	12	33
467	318	12	33
467	318	12	33
467	318	12	33
467	318	12	33
467	318	12	33
467	318	12	33
467	318	12	33
467	318	12	33
467	318	12	33
467	318	12	33
467	318	12	33
467	318	12	33
467	318	12	33
467	318	12	33
467	318	12	33
467	318	12	33
467	318	12	33
467	318	12	33
467	318	12	33
467	318	12	33
467	318	12	33
467	318	12	33
467	318	12	33
467	318	12	33
467	318	12	33
467	318	12	33
467	318	12	33
467	318	12	33
467	318	12	33
467	318	12	33
467	318	12	33
467	318	12	33
467	318	12	33
467	318	12	33
467	318	12	33
467	318	12	33
467	318	12	33
467	318	12	33
467	318	12	33
467	318	12	33
467	318	12	33
467	318	12	33
467	318	12	33
467	318	12	33
467	318	12	33
467	318	12	33
467	318	12	33
467	318	12	33
467	318	12	33
467	318	12	33
467	318	12	33
467	318	12	33
467	318	12	33
467	318	12	33
467	318	12	33
467	318	12	33
467	318	12	33
467	318	12	33
467	318	12	33
467	318	12	33
467	318	12	33
467	318	12	33
467	318	12	33
467	318	12	33
467	318	12	33
467	318	12	33
467	318	12	33
467	318	12	33
467	318	12	33
467	318	12	33
467	318	12	33
467	318	12	33
467	318	12	33
467	318	12	33
467	318	12	33
467	318	12	33
467	318	12	33
467	318	12	33
467	318	12	33
467	318	12	33
467	318	12	33
467	318	12	33
467	318	12	33
467	318	12	33
467	318	12	33
470	322	13	36
470	322	13	36
471	282	10	37
471	282	10	37
471	282	10	37
471	282	10	37
471	282	10	37
471	282	10	37
471	282	10	37
471	282	10	37
471	282	10	37
471	282	10	37
471	282	10	37
471	282	10	37
470	311	12	41
470	311	12	41
470	311	12	41
470	311	12	41
470	311	12	41
470	311	12	41
470	311	12	41
470	311	12	41
470	311	12	41
470	311	12	41
470	311	12	41
470	311	12	41
470	311	12	41
470	311	12	41
470	311	12	41
470	311	12	41
470	311	12	41
470	311	12	41
470	311	12	41
470	311	12	41
470	311	12	41
470	311	12	41
470	311	12	41
470	311	12	41
470	311	12	41
470	311	12	41
470	311	12	41
470	311	12	41
470	311	12	41
470	311	12	41
470	311	12	41
470	311	12	41
470	311	12	41
470	311	12	41
470	311	12	41
470	311	12	41
470	311	12	41
470	311	12	41
470	311	12	41
470	311	12	41
470	311	12	41
470	311	12	41
470	311	12	41
470	311	12	41
470	311	12	41
470	311	12	41
470	311	12	41
470	311	12	41
470	311	12	41
470	311	12	41
470	311	12	41
470	311	12	41
470	311	12	41
470	311	12	41
470	311	12	41
470	311	12	41
470	311	12	41
470	311	12	41
470	311	12	41
470	311	12	41
470	311	12	41
470	311	12	41
470	311	12	41
470	311	12	41
470	311	12	41
470	311	12	41
470	311	12	41
470	311	12	41
470	311	12	41
470	311	12	41
470	311	12	41
470	311	12	41
470	311	12	41
470	311	12	41
470	311	12	41
470	311	12	41
470	311	12	41
470	311	12	41
470	311	12	41
470	311	12	41
470	311	12	41
470	311	12	41
470	311	12	41
470	311	12	41
470	311	12	41
470	311	12	41
470	311	12	41
470	311	12	41
470	311	12	41
470	311	12	41
470	311	12	41
470	311	12	41
470	311	12	41
470	311	12	41
470	311	12	41
470	311	12	41
470	311	12	41
470	311	12	41
470	311	12	41
439	347	17	42
439	347	17	42
439	347	17	42
462	345	20	43
462	345	20	43
462	345	20	43
462	345	20	43
462	345	20	43
462	345	20	43
462	345	20	43
462	345	20	43
462	345	20	43
462	345	20	43
462	345	20	43
462	345	20	43
462	345	20	43
462	345	20	43
462	345	20	43
462	345	20	43
465	336	24	43
460	326	26	46
460	326	26	46
460	326	26	46
460	326	26	46
460	326	26	46
443	327	34	44
439	324	41	54
439	324	41	54
439	324	41	54
439	324	41	54
439	324	41	54
439	324	41	54
439	324	41	54
439	324	41	54
439	324	41	54
439	324	41	54
452	319	33	58
452	319	33	58
452	319	33	58
452	319	33	58
452	319	33	58
452	319	33	58
452	319	33	58
452	319	33	58
452	319	33	58
452	319	33	58
452	319	33	58
452	319	33	58
452	319	33	58
452	319	33	58
452	319	33	58
452	319	33	58
452	319	33	58
452	319	33	58
452	319	33	58
452	319	33	58
435	287	40	66
435	287	40	66
435	287	40	66
435	287	40	66
435	287	40	66
435	287	40	66
435	287	40	66
435	287	40	66
435	287	40	66
435	287	40	66
435	287	40	66
435	287	40	66
435	287	40	66
435	287	40	66
435	287	40	66
435	287	40	66
435	287	40	66
435	287	40	66
435	287	40	66
435	287	40	66
435	287	40	66
435	287	40	66
435	287	40	66
435	287	40	66
435	287	40	66
435	287	40	66
435	287	40	66
435	287	40	66
435	287	40	66
435	287	40	66
435	287	40	66
435	287	40	66
435	287	40	66
435	287	40	66
435	287	40	66
435	287	40	66
435	287	40	66
435	287	40	66
435	287	40	66
435	287	40	66
435	287	40	66
435	287	40	66
435	287	40	66
435	287	40	66
435	287	40	66
435	287	40	66
435	287	40	66
435	287	40	66
435	287	40	66
435	287	40	66
435	287	40	66
435	287	40	66
435	287	40	66
435	287	40	66
435	287	40	66
435	287	40	66
447	268	33	69
447	268	33	69
447	268	33	69
447	268	33	69
447	268	33	69
447	268	33	69
447	268	33	69
447	268	33	69
447	268	33	69
447	268	33	69
447	268	33	69
447	268	33	69
447	268	33	69
447	268	33	69
447	268	33	69
447	268	33	69
447	268	33	69
447	268	33	69
447	268	33	69
447	268	33	69
447	268	33	69
447	268	33	69
447	268	33	69
447	268	33	69
447	268	33	69
447	268	33	69
447	268	33	69
447	268	33	69
447	268	33	69
447	268	33	69
447	268	33	69
447	268	33	69
447	268	33	69
447	268	33	69
447	268	33	69
447	268	33	69
447	268	33	69
447	268	33	69
447	268	33	69
447	268	33	69
447	268	33	69
447	268	33	69
447	268	33	69
447	268	33	69
447	268	33	69
447	268	33	69
447	268	33	69
447	268	33	69
447	268	33	69
447	268	33	69
447	268	33	69
447	268	33	69
447	268	33	69
447	268	33	69
447	268	33	69
447	268	33	69
447	268	33	69
447	268	33	69
447	268	33	69
447	268	33	69
447	268	33	69
447	268	33	69
447	268	33	69
447	268	33	69
447	268	33	69
447	268	33	69
447	268	33	69
447	268	33	69
447	268	33	69
447	268	33	69
447	268	33	69
447	268	33	69
447	268	33	69
447	268	33	69
447	268	33	69
447	268	33	69
447	268	33	69
447	268	33	69
447	268	33	69
447	268	33	69
447	268	33	69
447	268	33	69
447	268	33	69
447	268	33	69
447	268	33	69
447	268	33	69
447	268	33	69
447	268	33	69
447	268	33	69
447	268	33	69
447	268	33	69
447	268	33	69
447	268	33	69
447	268	33	69
447	268	33	69
447	268	33	69
447	268	33	69
447	268	33	69
447	268	33	69
447	268	33	69
447	268	33	69
447	268	33	69
447	268	33	69
447	268	33	69
447	268	33	69
447	268	33	69
447	268	33	69
447	268	33	69
447	268	33	69
346	326	29	72
349	322	28	74
353	324	27	76
357	330	24	73
361	328	24	73
363	331	25	71
365	330	24	75
369	330	23	76
374	331	21	75
375	331	27	75
379	338	27	65
382	335	25	68
384	338	25	66
384	340	25	66
388	338	23	69
388	340	25	65
390	337	25	69
389	341	27	67
393	339	25	67
393	340	26	67
394	344	26	64
396	341	25	67
399	341	25	66
403	341	23	64
404	343	25	62
405	341	25	66
410	341	23	65
414	340	24	63
418	338	24	66
422	338	23	64
426	333	23	71
430	335	24	68
434	336	24	73
438	343	23	66
441	344	26	67
446	347	27	67
450	349	25	67
455	351	25	66
464	349	18	66
470	348	20	66
470	348	20	66
461	278	22	71
421	248	27	61
426	250	31	61
432	250	38	59
437	255	40	55
444	252	35	59
444	229	39	60
446	233	36	57
446	233	36	57
446	233	36	57
446	233	36	57
446	233	36	57
446	233	36	57
446	233	36	57
446	233	36	57
446	233	36	57
446	233	36	57
446	233	36	57
446	233	36	57
446	233	36	57
446	233	36	57
446	233	36	57
446	233	36	57
446	233	36	57
446	233	36	57
446	233	36	57
446	233	36	57
446	233	36	57
446	233	36	57
446	233	36	57
446	233	36	57
446	233	36	57
446	233	36	57
446	233	36	57
446	233	36	57
446	233	36	57
446	233	36	57
446	233	36	57
446	233	36	57
446	233	36	57
446	233	36	57
446	233	36	57
446	233	36	57
446	233	36	57
446	233	36	57
446	233	36	57
446	233	36	57
446	233	36	57
446	233	36	57
446	233	36	57
446	233	36	57
446	233	36	57
446	233	36	57
446	233	36	57
441	196	38	62
441	196	38	62
441	196	38	62
441	196	38	62
441	196	38	62
441	196	38	62
441	196	38	62
438	201	40	66
326	311	41	68
325	300	44	65
323	311	43	56
324	318	44	53
327	320	44	51
327	323	40	50
326	324	36	51
320	320	37	52
314	319	36	51
310	319	35	52
307	321	35	50
304	322	37	51
305	320	36	55
305	323	37	54
305	329	38	53
309	332	34	54
312	334	38	60
315	338	37	56
314	341	34	53
313	346	35	50
312	354	39	59
314	345	35	54
317	347	34	56
322	351	34	63
320	361	39	77
322	349	35	92
326	347	34	96
331	346	33	100
331	345	39	101
335	349	37	101
340	347	32	106
340	343	38	111
341	336	40	113
338	350	44	103
341	350	40	100
338	346	43	104
333	348	44	103
330	347	39	101
324	346	42	103
322	345	38	103
317	341	37	105
316	343	34	104
312	346	33	103
310	342	32	104
306	345	36	103
304	345	34	101
304	352	32	101
302	347	36	104
303	348	38	102
307	349	35	100
305	347	41	99
309	343	40	102
310	342	44	100
312	342	44	98
312	337	47	106
317	338	42	102
320	338	42	102
322	337	42	104
323	343	38	100
322	344	35	103
319	343	34	103
317	344	34	104
312	346	37	103
306	350	38	105
297	348	44	100
291	350	44	104
283	348	48	102
279	346	45	102
275	343	45	101
268	340	49	101
260	340	52	107
255	347	52	101
250	347	52	102
248	344	44	104
246	348	40	103
242	348	39	104
240	348	37	105
240	348	39	102
239	350	37	101
239	347	33	105
237	345	36	106
235	354	38	102
233	353	40	103
233	352	39	97
231	355	38	102
222	360	50	100
223	355	46	104
220	359	46	103
217	365	47	101
215	367	45	102
211	372	47	99
209	374	50	101
209	375	52	103
208	374	54	108
206	376	60	122
206	376	66	129
203	373	80	125
200	372	85	122
201	372	91	123
200	372	107	121
170	371	138	118
202	374	132	113
186	370	138	119
209	372	144	118
186	371	163	117
227	377	174	107
242	377	168	109
227	381	152	102
230	385	158	95
237	387	159	90
237	382	168	96
225	379	190	96
207	381	210	92
240	379	188	91
237	382	205	87
227	379	223	90
200	370	250	104
242	369	223	104
242	378	222	92
239	381	238	91
242	374	236	98
240	378	242	93
147	385	225	87
179	368	256	102
201	371	271	103
156	382	303	89
190	375	295	100
155	364	288	111
231	368	258	104
215	377	283	91
210	377	286	90
204	379	286	77
177	377	272	85
107	370	269	101
150	370	274	95
144	363	297	103
118	363	339	100
90	356	369	102
72	351	359	100
92	332	393	128
70	315	410	137
70	315	410	137
70	315	410	137
70	315	410	137
70	315	410	137
70	315	410	137
70	315	410	137
70	315	410	137
70	315	410	137
70	315	410	137
70	315	410	137
49	278	440	157
-6	257	410	191
-7	256	373	195
11	251	288	204
18	248	276	189
23	249	270	199
30	253	258	194
32	250	257	194
41	245	255	195
38	238	263	197
58	228	239	206
58	235	247	204
71	232	237	202
77	235	238	209
79	231	245	200
91	235	235	202
93	230	238	206
104	229	233	216
110	227	238	213
118	240	230	200
125	235	215	211
133	232	211	209
138	240	210	195
142	230	202	204
154	236	189	200
152	230	196	201
153	232	192	205
160	234	184	203
160	230	185	208
163	232	180	204
167	232	178	203
168	238	180	201
165	229	184	202
163	235	184	205
169	232	188	196
174	232	179	209
177	234	177	198
179	230	174	197
169	224	186	204
177	218	176	204
181	226	169	212
171	223	187	205
183	230	176	211
182	230	181	199
186	224	177	200
188	226	183	209
192	227	183	205
194	228	183	205
202	231	178	205
205	233	183	206
209	222	179	209
212	227	184	217
219	228	175	208
226	232	177	204
230	231	176	202
234	233	179	199
237	230	182	205
242	237	182	210
245	240	177	201
250	239	178	205
254	240	174	200
245	241	182	206
255	233	173	209
251	235	182	215
256	236	170	210
244	239	187	213
240	245	194	212
248	243	182	205
246	251	181	213
245	254	182	202
241	256	184	210
244	253	176	209
247	253	175	206
248	254	177	207
248	250	182	210
250	254	188	207
251	249	190	208
253	252	193	204
257	248	187	203
259	242	196	207
267	244	203	213
267	243	200	206
273	248	206	208
271	242	199	208
270	246	208	213
274	244	199	207
276	246	205	210
286	246	194	210
282	246	198	206
282	246	200	209
290	244	190	203
280	245	201	208
289	245	192	200
288	247	199	212
306	246	179	203
304	236	182	213
311	239	174	212
312	243	170	202
312	245	174	202
315	247	168	195
317	239	164	203
324	237	157	210
335	242	147	207
336	243	145	198
347	244	136	202
353	241	125	195
364	242	115	193
370	247	111	188
375	247	100	180
377	249	85	202
379	249	89	202
384	249	80	201
386	249	88	188
388	249	80	206
388	248	86	193
389	248	82	204
388	250	87	204
388	250	86	193
388	247	86	195
390	248	84	204
390	247	83	202
389	245	87	202
388	247	88	201
386	246	89	200
387	248	86	202
385	248	87	204
386	248	86	204
384	248	88	193
381	248	91	204
374	249	96	205
375	251	100	191
375	251	97	177
372	257	101	179
373	257	105	176
366	257	112	184
373	256	108	185
366	256	107	195
363	254	117	174
363	253	116	190
365	255	112	172
357	255	122	182
356	253	121	195
352	253	127	196
347	251	135	196
347	251	135	197
347	250	137	196
342	248	139	196
341	245	140	198
341	244	140	197
344	242	140	201
343	241	141	202
344	241	137	198
342	246	143	193
341	242	141	198
342	247	142	195
341	246	145	197
337	244	144	196
339	246	146	201
340	248	142	193
345	249	139	191
340	252	146	193
338	247	145	200
340	250	142	195
334	251	150	195
337	252	145	193
332	251	156	197
336	252	150	203
335	254	148	195
339	252	149	204
332	255	154	196
335	260	150	197
330	256	152	197
337	259	147	199
343	256	139	200
345	255	133	198
352	254	128	197
356	254	125	195
360	253	120	193
364	252	117	184
370	252	110	180
376	252	98	176
381	250	90	172
386	248	84	170
388	248	86	175
391	253	78	166
395	253	76	170
397	253	77	171
400	254	74	171
401	254	76	172
401	259	76	170
403	257	72	170
405	258	72	172
404	256	75	170
405	255	73	171
404	254	75	173
404	252	73	173
402	253	74	169
400	253	75	170
399	252	76	170
397	253	76	170
395	252	74	163
391	248	80	167
387	246	82	168
385	248	76	168
382	247	82	169
384	244	82	166
383	242	90	168
384	241	84	172
383	243	86	171
384	242	90	172
387	243	82	164
390	242	75	171
392	247	75	167
395	248	72	169
396	247	74	170
398	247	75	170
400	247	72	169
400	247	75	170
403	249	70	170
402	250	72	165
405	247	71	168
405	247	68	167
402	249	71	165
400	249	73	169
400	246	75	169
399	243	76	173
400	244	73	171
400	244	73	164
401	242	71	166
399	240	73	171
400	239	71	170
399	239	72	167
399	239	71	168
397	241	71	168
396	242	73	164
394	243	70	165
393	243	77	169
393	245	72	168
391	248	71	165
390	250	71	164
388	252	79	164
387	252	73	167
387	254	69	166
385	255	70	165
384	253	68	163
387	250	69	166
387	246	71	165
387	247	74	165
387	242	72	173
389	243	77	171
391	242	71	171
392	236	77	176
391	233	82	181
393	236	76	170
395	234	69	171
398	228	74	175
397	229	71	174
394	231	73	174
394	235	74	171
395	234	73	174
394	238	69	168
393	239	77	167
393	233	78	178
393	234	75	178
391	243	75	171
389	242	73	173
388	244	77	169
388	251	71	163
384	250	71	168
384	249	72	171
382	250	70	172
382	253	67	168
383	252	67	171
383	252	67	170
384	255	69	165
382	255	77	164
383	252	80	165
381	249	86	164
383	248	73	166
381	247	75	168
381	247	82	162
382	246	79	167
383	244	73	168
383	243	72	170
380	244	79	166
382	241	72	167
383	243	75	164
384	242	77	158
385	239	76	162
385	239	72	163
384	237	77	165
383	236	72	165
383	236	70	165
382	239	76	160
