122	51	51	61
123	54	49	58
122	54	51	60
123	55	50	58
123	55	50	63
123	57	50	60
124	57	50	61
123	57	51	65
122	58	50	64
123	60	51	60
124	59	49	61
124	59	50	62
123	60	49	60
124	60	48	61
124	60	48	61
123	61	50	61
123	61	50	61
124	60	48	63
123	61	49	62
124	61	48	60
123	62	49	59
122	63	50	59
122	62	49	60
122	62	48	61
121	63	51	61
123	63	48	61
122	62	48	62
120	63	50	63
121	63	51	61
121	63	49	60
121	62	48	59
120	62	48	59
118	61	49	59
115	62	50	55
114	60	50	56
113	57	50	60
111	59	50	55
109	58	50	56
109	57	49	56
108	57	51	58
107	58	53	59
108	58	51	56
109	56	50	55
110	56	51	55
111	56	51	53
111	56	52	54
113	54	51	55
114	55	50	52
115	54	52	57
114	55	53	56
115	55	52	53
116	56	50	55
116	58	50	54
116	60	52	56
117	62	50	57
117	64	49	58
118	66	46	60
117	68	50	59
115	69	51	62
113	72	55	66
114	72	53	70
111	72	56	81
112	76	54	77
111	79	57	73
111	80	58	72
112	82	59	70
113	81	54	70
116	82	56	71
119	82	55	71
119	83	57	71
116	85	63	69
121	86	58	65
120	84	60	70
125	84	55	68
125	83	56	70
124	81	57	73
123	79	59	74
123	77	57	73
123	76	56	70
124	72	54	79
124	70	52	74
122	71	55	60
122	69	54	61
124	69	51	59
124	68	52	61
123	67	51	61
123	67	51	61
123	66	53	61
122	65	53	61
122	65	53	61
122	64	51	62
121	62	53	64
121	61	51	62
118	60	53	61
117	58	52	57
115	59	51	52
114	57	51	54
112	58	51	54
110	56	52	56
109	56	51	54
108	57	51	52
106	56	51	56
106	57	52	55
105	55	52	58
105	56	50	54
104	55	50	55
105	54	50	57
104	54	49	56
105	54	49	56
106	55	50	54
106	55	49	55
108	55	48	55
109	56	48	55
109	56	49	58
110	57	50	57
110	58	50	58
111	59	50	58
112	59	50	60
111	61	52	59
114	64	49	56
113	63	50	62
113	66	50	58
112	65	52	61
111	65	53	63
112	65	52	65
111	65	54	65
113	66	52	66
114	67	52	63
113	68	52	62
112	66	53	63
113	65	52	64
112	65	53	64
111	64	54	67
113	66	52	64
111	65	54	63
114	66	52	62
112	64	53	67
113	65	51	64
112	66	51	61
113	66	51	64
111	66	53	61
110	66	52	65
109	65	51	64
108	65	53	64
106	65	54	64
106	66	50	57
104	66	54	60
104	64	54	62
105	66	53	62
104	64	53	67
103	65	55	62
104	65	54	63
105	66	54	65
106	65	52	63
106	65	53	64
106	66	52	64
107	65	52	67
106	66	52	66
106	66	53	67
105	66	52	65
105	67	54	66
104	66	53	68
106	66	54	67
106	66	51	65
106	65	53	67
106	67	55	64
106	67	51	62
106	65	51	67
105	64	53	72
105	65	53	67
105	65	53	65
104	67	54	63
105	65	52	64
105	66	52	61
106	65	51	66
104	65	51	62
106	65	51	61
106	65	48	59
105	64	49	60
104	64	51	64
104	64	51	60
104	63	49	64
104	64	50	62
105	65	48	57
105	64	48	60
105	66	47	54
106	66	46	53
106	65	46	53
106	67	46	51
106	65	45	52
107	65	44	51
107	66	45	51
106	66	46	51
107	67	44	49
108	66	44	53
108	67	45	51
108	67	45	54
108	67	46	57
107	67	47	63
107	69	47	56
109	69	47	59
108	70	47	56
108	70	48	58
108	71	48	61
109	71	48	58
109	72	47	56
110	71	47	59
109	72	47	56
109	74	47	55
110	73	46	55
109	74	47	56
108	74	48	56
109	75	46	55
108	74	47	58
108	74	46	56
108	73	48	63
108	74	46	56
108	74	46	56
108	74	46	57
107	74	46	57
107	73	47	58
106	73	47	59
106	73	47	59
106	72	44	60
106	73	45	60
105	72	44	56
105	71	44	64
104	71	45	62
105	71	44	60
104	71	44	57
105	72	42	52
105	72	40	50
105	72	41	49
106	72	41	49
106	72	41	50
106	73	42	48
106	73	43	50
106	73	44	55
105	74	44	58
104	74	46	58
103	74	46	56
103	73	46	54
104	74	45	54
105	73	45	59
104	73	46	56
104	73	46	56
105	72	47	61
104	74	46	51
105	73	47	55
105	73	46	55
105	73	46	55
104	73	47	55
104	71	46	52
104	70	47	54
103	69	47	57
103	67	47	50
104	66	46	50
104	64	46	50
104	63	46	50
104	60	47	51
103	59	47	51
103	57	46	51
102	55	48	54
102	53	47	55
102	51	48	54
102	49	47	53
101	47	48	56
101	45	48	55
101	44	47	57
101	43	49	59
102	42	47	60
102	41	49	60
101	41	48	59
102	43	49	56
103	44	50	58
105	46	49	57
106	47	49	54
107	48	48	53
108	49	48	55
109	51	49	55
110	52	48	55
112	52	48	55
112	53	48	56
113	54	48	55
114	54	46	57
114	55	46	56
114	55	47	57
116	54	44	58
115	56	46	55
114	57	48	55
114	58	49	56
116	60	48	54
117	59	47	59
117	61	48	58
116	63	50	58
116	63	50	63
115	64	51	63
115	66	52	64
114	68	53	61
114	70	52	58
115	71	51	59
116	73	50	58
110	74	57	59
111	76	54	59
110	76	55	66
110	75	56	72
109	75	56	76
109	75	54	78
109	75	55	73
109	76	56	75
110	75	52	77
109	76	55	71
109	76	56	76
110	75	51	75
109	75	53	72
108	75	54	74
108	74	52	73
108	73	51	73
107	73	50	67
106	72	52	79
104	71	54	80
101	72	57	71
102	70	49	66
100	70	48	63
100	70	49	64
100	68	44	64
95	68	49	62
96	68	46	62
97	68	44	61
89	68	52	61
90	67	49	62
89	66	50	64
89	65	49	67
88	65	49	66
87	65	47	65
85	66	50	64
84	64	49	67
83	65	49	67
81	64	48	65
79	65	50	63
78	65	50	63
77	65	50	64
75	65	50	61
73	65	52	62
72	64	52	63
69	65	53	62
68	64	52	62
67	65	52	61
66	64	51	61
64	66	51	59
61	66	54	60
60	66	53	60
60	66	52	61
56	65	56	61
57	66	54	61
56	65	53	62
54	64	55	62
54	64	53	63
55	66	50	60
52	64	52	62
55	64	51	61
53	64	53	62
52	62	53	63
54	62	53	62
56	60	53	62
57	59	53	64
58	58	53	64
59	58	53	64
61	56	53	64
61	56	52	64
62	54	54	65
63	52	55	65
64	50	54	66
64	47	55	69
66	46	52	65
68	46	52	65
71	45	50	65
71	43	50	66
73	42	50	65
75	40	50	66
76	38	50	67
78	40	51	64
80	38	50	65
81	38	50	65
84	38	51	64
85	38	51	61
88	38	50	62
89	40	52	61
91	40	52	62
92	41	52	61
93	43	52	59
96	44	53	60
96	45	52	59
97	47	52	58
99	48	52	60
101	50	50	58
102	51	51	60
102	54	52	60
102	56	52	59
103	58	52	58
104	60	50	59
103	61	52	65
103	65	52	64
104	65	52	67
104	67	51	68
105	70	52	69
105	73	52	66
105	74	52	73
105	75	51	72
105	79	52	67
105	82	52	66
106	83	51	66
106	86	51	67
106	90	51	63
106	92	49	61
106	94	51	62
106	97	53	62
105	98	53	64
105	100	54	63
104	102	53	64
105	103	53	66
104	103	49	73
103	103	53	81
104	103	51	82
102	103	53	81
103	104	53	81
102	105	54	79
103	109	54	76
102	104	56	82
103	112	52	74
103	118	55	68
104	126	51	63
106	124	51	67
100	134	54	59
100	142	54	53
99	141	55	55
101	143	52	56
100	145	53	54
100	146	52	54
97	148	54	54
97	149	54	54
97	149	53	56
96	151	55	56
93	152	58	54
93	153	57	56
90	155	59	55
89	155	60	54
93	157	55	54
88	155	59	56
88	156	60	54
88	155	58	57
87	157	56	54
85	156	60	55
87	157	56	55
84	157	58	54
85	157	56	54
84	153	55	57
83	151	56	56
82	148	56	57
82	144	56	59
85	141	52	61
83	137	55	62
80	133	61	64
80	129	64	64
77	122	73	67
81	119	66	67
80	111	67	74
83	108	64	76
86	103	60	79
86	102	61	81
86	101	62	83
86	99	63	85
87	97	63	87
86	96	64	84
88	95	63	81
89	94	63	89
89	92	62	90
92	91	60	92
93	88	62	96
97	88	55	96
97	87	59	96
100	86	53	98
101	85	53	99
102	88	59	95
105	90	57	94
105	87	54	95
107	87	59	95
105	87	67	93
107	86	65	95
107	87	72	93
108	86	74	94
110	85	72	96
110	83	75	95
111	83	72	96
115	83	69	97
118	84	68	89
125	83	57	84
127	84	59	80
129	84	57	95
131	82	55	98
134	83	54	96
134	82	56	92
133	84	62	96
132	84	70	94
137	84	69	89
143	84	52	93
145	87	59	81
146	87	60	88
147	87	55	79
149	90	55	78
149	92	56	74
152	94	55	69
153	95	51	68
154	95	48	68
157	96	45	70
158	96	44	73
160	98	42	74
161	98	42	69
164	101	41	70
165	100	40	68
165	100	43	70
167	102	43	64
165	100	48	63
165	101	48	62
165	98	52	64
166	96	55	66
165	92	61	71
166	89	61	73
167	86	59	76
168	82	59	79
167	81	62	79
168	78	59	82
168	74	56	87
170	70	46	93
167	69	59	91
165	66	61	94
167	64	59	95
166	60	60	99
170	58	54	100
168	53	55	99
173	51	50	79
171	51	51	75
170	51	54	70
175	49	47	65
181	49	37	58
179	49	39	60
176	50	41	59
174	50	41	59
171	51	43	60
171	53	41	59
170	54	40	57
165	56	44	57
161	57	44	60
158	59	47	59
156	61	46	59
154	63	47	60
153	63	47	61
152	66	45	57
150	65	44	58
147	65	44	59
143	66	49	57
142	65	50	59
140	65	49	61
137	66	52	60
135	66	50	61
130	67	54	63
128	69	55	68
124	70	57	75
122	72	55	80
123	73	54	78
125	71	53	79
126	70	55	81
127	69	58	79
131	68	58	85
133	67	55	77
135	68	52	82
139	67	48	84
140	68	49	73
137	69	55	69
138	68	55	78
146	66	46	72
145	66	47	77
138	66	53	88
135	65	55	90
132	65	56	89
132	66	54	85
130	69	55	85
132	71	50	79
130	73	53	81
128	76	56	76
126	78	54	74
124	78	50	75
118	80	61	71
113	82	65	72
108	83	69	69
107	85	71	71
108	88	69	67
107	89	73	66
107	93	68	65
108	95	70	62
109	96	62	64
107	98	64	63
106	99	65	68
108	101	61	75
108	99	64	84
107	100	62	82
122	91	74	85
106	95	79	86
107	93	94	91
105	94	105	88
106	93	105	91
103	93	110	92
102	92	110	93
102	93	109	91
102	92	110	92
100	91	111	94
101	90	110	94
100	92	108	89
100	91	104	91
97	93	112	91
97	92	107	90
94	92	115	92
92	92	116	92
95	92	112	93
93	94	113	89
95	92	112	91
95	92	106	87
95	91	107	90
93	90	109	92
95	88	106	91
93	87	104	93
94	86	99	94
92	84	106	94
96	83	84	97
96	80	91	94
95	79	89	86
97	80	90	71
96	77	88	77
96	73	88	81
96	71	85	81
96	69	71	77
98	68	57	68
100	66	53	67
100	65	54	67
97	64	56	66
98	62	54	69
96	60	54	67
93	59	56	70
90	58	57	66
90	57	56	68
89	56	54	68
87	56	54	66
85	56	54	67
84	54	53	68
82	53	54	68
81	53	53	68
81	52	54	67
80	52	52	67
81	52	54	66
81	54	52	62
81	55	52	63
79	56	53	68
77	57	56	70
77	59	54	68
75	59	54	67
75	60	55	68
74	60	55	70
73	62	58	67
72	64	63	66
71	66	58	64
71	68	52	62
70	70	51	57
70	72	54	61
69	73	54	61
69	75	53	59
69	77	54	61
70	79	52	55
71	82	51	54
71	84	53	54
71	84	54	50
72	85	53	50
74	81	55	54
76	77	53	57
78	74	56	57
81	72	58	62
83	70	58	59
83	67	59	61
85	65	59	62
88	64	58	63
90	62	59	62
94	59	57	67
96	57	57	68
97	55	60	71
100	54	58	67
99	52	59	73
99	52	59	70
100	51	57	67
100	51	58	66
100	50	56	68
101	49	54	69
101	48	54	63
100	48	54	61
99	46	54	63
100	45	52	64
99	44	53	62
98	43	53	62
99	41	52	61
99	41	50	61
97	40	50	61
96	42	52	58
94	39	49	60
94	39	48	61
91	39	50	61
91	40	49	60
90	39	48	61
89	38	47	61
86	37	50	61
86	38	48	59
84	35	48	61
83	33	49	62
83	31	48	62
81	28	48	64
80	25	49	64
80	22	46	66
78	21	49	66
78	22	48	65
76	21	47	63
74	22	50	61
74	20	50	65
75	23	48	62
75	21	47	64
74	24	48	61
74	22	49	65
74	23	50	66
75	21	49	71
76	28	49	65
76	29	51	67
77	34	51	63
78	39	50	61
81	39	48	65
81	42	49	64
82	45	50	61
82	46	50	62
84	48	49	59
85	50	49	57
88	51	48	58
89	50	50	58
91	50	49	57
93	49	51	58
95	47	51	58
97	46	51	57
100	46	50	56
102	44	51	56
104	42	51	58
105	41	51	55
109	40	48	55
111	38	50	56
112	36	52	58
115	36	48	56
117	34	50	58
120	34	48	58
122	32	49	58
124	32	49	58
125	30	50	61
127	31	48	60
130	30	49	62
132	30	49	63
135	32	48	60
137	31	48	61
140	30	45	61
141	30	46	61
144	31	45	62
146	31	45	61
149	30	44	62
150	29	46	64
151	31	47	63
153	31	47	65
154	32	48	62
155	32	48	64
158	34	48	64
159	36	48	60
159	37	49	62
161	38	46	60
163	39	45	59
164	42	45	57
166	42	45	59
165	46	47	57
165	46	49	59
166	49	48	58
166	50	50	58
167	52	49	56
167	55	48	55
166	56	50	56
167	57	52	56
168	57	49	57
169	57	46	57
164	59	51	57
163	59	50	59
162	60	48	59
162	60	48	58
159	60	50	60
159	58	46	61
159	58	47	60
156	58	52	62
157	56	47	62
158	56	47	64
149	57	56	66
154	55	46	66
155	56	39	61
152	57	37	61
149	57	37	60
144	58	40	61
139	59	42	61
134	60	45	61
131	61	48	61
129	60	51	63
121	62	56	61
119	63	55	63
116	66	53	58
113	65	54	63
109	65	55	64
108	65	54	66
107	65	53	66
103	66	56	65
103	67	54	68
101	68	52	67
100	71	53	67
93	71	58	69
94	73	54	68
91	73	53	65
90	73	54	64
89	75	52	62
89	74	51	64
88	75	54	65
89	77	54	62
89	80	55	65
89	81	55	66
89	86	57	63
90	91	55	61
90	95	57	62
92	100	55	61
94	102	52	66
96	102	51	80
95	103	52	82
94	103	56	83
94	102	56	83
93	102	56	83
95	103	55	84
94	103	56	83
93	120	56	69
94	127	54	62
95	128	54	59
93	127	56	59
95	120	55	66
94	113	57	72
92	105	58	79
92	103	56	80
90	97	56	85
89	91	55	78
88	87	58	70
87	83	58	65
89	79	56	66
88	75	55	65
91	73	53	62
90	70	53	64
91	68	54	65
91	67	55	65
95	66	53	63
95	65	55	62
97	64	57	63
99	65	57	63
101	63	57	65
104	65	57	63
107	66	57	64
113	65	54	66
119	65	48	61
123	66	46	61
126	66	46	62
125	67	48	61
129	66	45	63
128	66	48	61
128	65	48	64
130	64	44	63
128	65	44	63
123	65	51	63
122	65	51	61
122	65	48	63
116	65	52	63
111	66	55	61
108	67	56	62
104	67	58	61
103	66	56	66
102	66	54	65
101	68	54	64
98	68	55	63
99	70	51	66
95	71	53	61
94	71	51	61
92	72	51	65
90	73	53	70
87	75	54	65
87	76	52	63
86	77	51	63
85	79	53	64
85	82	55	71
84	84	56	66
85	88	55	62
85	93	55	60
86	96	52	66
86	99	53	63
87	103	52	54
87	106	53	54
88	107	51	59
88	105	57	74
89	104	55	79
90	105	57	78
90	103	57	80
92	103	57	79
93	103	57	80
94	103	61	82
96	101	55	83
100	101	51	84
102	102	53	81
106	101	53	83
107	102	55	81
107	98	60	85
106	96	66	85
106	91	72	90
106	89	69	88
106	86	72	93
107	84	65	91
108	82	57	79
107	80	55	72
107	79	56	73
105	77	54	70
103	76	58	73
102	74	55	65
100	74	58	63
98	73	57	63
96	73	57	62
94	70	58	64
92	70	58	62
92	67	57	64
91	65	57	67
91	63	56	67
92	61	57	72
92	59	57	72
93	60	58	70
94	59	58	72
96	59	58	72
97	59	57	69
99	60	56	69
100	60	57	69
101	59	56	69
103	58	55	74
102	59	56	69
105	58	56	71
106	58	57	72
105	57	55	73
109	58	55	69
110	57	57	70
111	56	56	69
114	56	53	69
116	57	52	67
117	57	52	65
121	57	45	65
123	57	43	66
125	59	41	63
127	58	41	62
129	59	40	60
129	59	43	60
130	58	41	60
130	58	41	61
132	58	39	62
131	58	42	63
132	58	42	60
132	57	42	62
133	57	39	62
133	58	41	60
134	59	41	58
135	59	40	58
136	59	40	59
136	59	40	59
137	61	40	58
138	61	37	60
137	63	37	61
136	66	38	65
136	69	36	63
136	73	37	70
135	77	38	68
136	79	37	68
136	82	36	66
136	83	37	66
136	86	37	65
135	87	37	64
134	91	37	62
133	94	40	60
131	96	38	59
132	98	37	59
131	100	38	59
130	99	40	61
131	99	37	59
131	96	36	61
131	94	35	60
131	92	34	60
131	89	34	62
129	85	36	65
130	81	35	67
129	78	36	73
128	74	38	78
127	72	38	73
127	69	39	80
126	66	40	79
124	63	43	72
124	63	42	60
122	62	46	60
120	59	44	62
117	59	45	59
115	59	43	56
114	59	44	55
111	58	45	55
108	57	45	55
106	55	45	56
103	54	44	57
99	53	45	57
95	52	46	57
92	51	45	56
89	52	44	56
86	52	45	56
83	52	45	56
79	53	46	57
78	53	44	57
75	54	44	57
72	53	45	58
70	53	45	57
70	54	45	60
69	55	43	57
69	55	43	58
67	55	45	57
65	54	45	58
65	54	45	58
65	54	45	61
67	55	44	59
68	55	45	59
71	56	44	59
75	56	44	59
79	58	43	59
82	59	43	58
86	61	43	58
90	63	44	56
92	63	44	60
96	64	46	57
100	66	45	56
106	67	42	59
108	68	43	60
113	68	40	61
117	68	40	60
122	68	40	58
126	68	39	58
130	68	39	58
134	69	40	58
137	69	43	57
141	68	47	58
144	68	45	58
147	68	46	56
150	70	45	55
154	70	42	55
157	71	44	56
162	75	41	54
164	78	40	54
165	80	41	55
166	85	43	54
167	87	44	54
168	90	43	55
168	91	44	58
168	95	44	58
168	96	44	60
168	100	45	59
166	108	47	54
166	106	47	60
166	102	42	68
167	113	44	65
166	107	41	73
166	105	41	81
163	100	47	88
156	102	53	86
153	114	58	88
147	113	59	84
147	113	59	84
147	113	59	84
147	113	59	84
147	113	59	84
133	112	69	79
134	109	79	80
120	100	83	88
112	100	92	86
117	100	86	85
106	97	98	90
112	98	93	88
107	96	94	88
114	102	92	79
111	99	90	82
109	98	92	83
108	99	101	85
105	95	104	92
113	95	97	92
111	95	94	90
110	92	97	94
109	90	94	95
110	88	90	94
110	87	87	94
110	85	85	95
108	81	85	101
110	78	82	105
109	75	83	107
109	77	82	104
109	76	81	106
108	76	82	105
108	76	80	105
109	78	77	104
107	77	80	105
107	78	77	104
105	78	77	104
105	81	67	101
101	83	76	98
101	86	67	96
100	88	58	95
95	92	64	91
94	93	62	90
93	91	62	92
91	92	63	92
90	91	63	85
89	91	59	65
90	92	50	57
91	92	48	58
90	92	48	58
90	93	51	58
91	93	47	59
90	92	49	61
91	92	50	65
90	92	50	62
91	93	48	63
89	93	52	63
88	91	51	64
88	93	50	64
86	91	55	71
87	91	51	70
86	90	54	66
86	90	54	67
85	89	55	65
84	89	58	65
83	89	58	70
83	87	54	74
82	86	53	72
82	86	56	70
80	85	57	68
80	84	54	65
79	82	61	63
78	83	69	62
76	83	72	58
76	83	64	53
75	82	73	56
76	83	68	50
77	84	72	48
77	82	69	48
79	80	61	48
82	77	59	47
85	74	58	50
88	70	63	55
90	69	61	58
93	67	58	60
94	64	58	62
97	61	57	68
99	60	56	68
101	58	56	70
102	56	55	70
104	52	55	74
103	49	53	75
103	49	57	73
105	48	56	69
105	45	56	68
105	45	55	67
106	44	55	70
106	44	58	66
110	43	56	69
109	42	56	68
110	44	56	63
113	41	53	69
114	41	50	70
115	42	51	67
116	42	53	65
118	43	50	64
118	42	52	66
119	42	52	68
120	41	52	66
124	41	47	68
124	43	49	65
124	44	53	69
127	45	49	66
128	46	50	67
129	47	50	68
133	48	48	66
137	48	43	66
135	48	44	70
132	49	45	66
132	49	42	67
130	50	41	66
128	51	40	68
127	48	37	75
124	51	41	73
120	52	48	66
117	52	49	59
114	54	53	59
111	54	55	60
107	53	56	65
105	54	54	70
101	55	57	74
98	57	55	72
96	60	56	70
95	61	55	70
92	63	57	68
92	64	54	68
88	65	58	67
87	67	57	64
86	68	56	64
82	70	60	63
84	70	56	62
82	73	58	61
83	74	56	61
82	75	57	60
79	77	59	61
81	80	57	58
82	81	56	58
81	83	59	64
82	85	59	59
84	86	58	56
84	84	57	57
85	86	60	58
87	84	57	61
89	86	55	58
89	85	57	58
89	85	57	57
91	86	56	55
92	86	55	55
94	84	54	58
94	84	53	58
95	84	54	58
96	83	54	59
98	82	53	60
98	80	53	61
97	78	55	61
98	76	55	62
100	74	53	62
102	72	52	65
101	71	54	66
102	70	54	63
104	69	54	64
106	68	55	65
107	68	56	69
109	70	57	65
110	71	57	65
111	72	58	63
114	72	57	68
116	72	56	77
119	72	53	75
120	72	52	74
119	73	54	73
119	73	56	79
119	72	54	81
120	72	52	79
121	72	56	82
122	72	53	79
123	72	59	82
125	75	58	76
127	78	60	75
131	81	59	72
137	84	56	71
145	86	59	75
148	89	59	71
151	90	62	78
157	92	65	71
162	95	64	65
167	97	63	62
170	98	64	61
174	98	62	61
175	101	68	59
178	101	68	59
182	103	67	57
188	101	63	58
197	100	54	55
202	100	49	56
205	99	44	57
197	101	49	56
201	100	47	57
200	101	47	57
194	101	52	57
196	101	50	55
196	98	46	58
195	100	47	57
195	101	46	56
191	102	49	55
192	102	48	56
192	101	46	58
192	102	49	56
190	103	50	56
189	103	52	55
187	103	56	55
192	104	53	54
194	103	48	56
197	103	45	57
197	103	45	57
196	104	46	56
197	103	43	57
196	103	44	58
196	103	45	57
194	103	45	57
195	104	45	57
194	103	45	57
194	103	46	57
193	105	46	55
194	103	47	57
192	103	47	57
195	104	46	56
194	104	47	57
194	105	48	56
194	105	46	55
195	104	47	56
195	105	48	55
193	105	49	56
195	105	47	56
194	106	48	54
196	104	45	57
195	106	45	55
195	105	47	56
195	105	45	55
195	105	47	56
195	105	45	56
195	105	46	56
195	105	45	56
195	106	47	55
193	105	48	55
194	106	48	54
194	106	47	55
194	105	49	56
193	105	47	56
