692	439	24	79
687	440	28	80
682	436	32	80
678	439	32	80
676	437	34	79
671	438	37	79
667	437	39	78
665	436	37	79
663	435	35	79
663	434	31	76
661	433	29	78
659	431	29	78
656	429	29	76
653	430	29	79
650	430	29	76
646	428	31	80
640	426	36	79
632	424	43	82
630	424	43	80
630	425	41	79
628	424	40	82
629	424	34	78
625	424	37	78
624	423	32	77
623	427	28	74
620	424	28	78
618	421	27	75
614	422	31	75
612	423	29	76
606	422	34	77
602	423	36	73
600	423	36	73
597	423	38	75
596	421	35	75
595	420	32	74
593	419	31	76
591	418	29	74
590	418	26	71
588	416	26	74
586	418	25	73
582	416	28	72
579	416	29	75
575	416	31	72
570	416	36	72
567	415	37	72
566	416	37	72
565	413	35	73
563	414	33	73
561	412	33	72
560	413	28	71
558	412	27	69
556	410	25	72
554	409	25	71
552	411	24	71
547	409	29	72
544	411	29	70
541	410	30	71
538	410	32	70
536	410	31	70
534	408	31	71
533	409	30	70
533	406	26	72
531	405	24	71
529	405	23	71
526	403	24	70
523	402	25	72
521	403	25	70
518	403	28	69
516	402	27	71
511	402	32	71
508	404	33	69
506	401	34	69
504	403	34	69
504	401	32	68
502	400	30	69
501	399	26	67
499	400	24	66
498	398	22	67
494	398	24	69
492	395	23	68
491	398	24	68
487	397	26	69
485	399	26	67
483	397	27	69
480	397	29	68
478	398	28	67
477	396	27	69
475	394	26	69
473	393	26	67
471	393	24	66
470	393	22	66
468	392	22	66
466	392	22	66
464	393	23	65
460	391	27	66
457	392	30	66
455	392	31	66
453	392	30	65
452	392	29	65
451	391	28	63
448	391	29	63
448	389	25	64
446	388	23	65
445	387	21	65
442	386	22	65
440	385	24	66
439	386	22	65
437	387	23	65
434	385	24	65
431	388	26	63
430	386	26	64
427	386	26	64
426	385	25	64
426	386	22	63
424	384	23	63
423	384	21	62
422	383	20	63
419	382	21	62
417	381	22	64
414	382	25	63
412	381	26	62
409	383	27	61
407	383	28	61
405	381	30	61
405	381	28	62
403	381	28	60
400	380	29	61
399	381	26	59
398	380	24	58
398	379	20	61
396	376	20	61
393	376	21	63
392	376	20	63
389	377	22	62
387	378	23	60
384	378	24	60
383	378	25	60
381	378	24	59
381	376	23	61
379	377	22	61
378	375	22	60
377	375	19	61
375	373	19	60
373	374	20	61
371	373	21	59
369	374	21	59
366	374	24	59
364	375	24	58
361	374	28	58
357	375	30	58
356	375	29	57
356	375	29	57
356	375	25	56
355	373	24	56
353	375	23	53
353	373	19	56
352	372	19	55
349	371	20	57
346	371	22	56
344	372	22	55
343	372	23	55
340	374	24	53
338	372	26	55
338	373	24	53
337	371	22	55
335	372	22	53
335	372	21	52
334	371	18	52
332	369	19	53
330	369	20	54
329	370	19	51
327	371	19	51
325	370	21	51
323	371	22	51
321	370	23	52
319	370	25	51
317	371	25	49
317	370	23	50
315	368	25	51
314	371	22	46
312	367	22	50
311	366	20	51
310	364	19	52
308	363	19	54
305	364	21	52
304	363	21	53
302	365	21	51
300	364	22	52
297	364	24	51
297	363	23	52
296	363	22	52
295	364	22	50
294	362	21	52
293	362	19	51
292	361	18	51
290	362	18	49
289	362	18	49
287	362	18	49
285	362	19	48
283	363	20	48
280	362	24	48
278	361	24	50
277	363	23	48
276	361	24	48
274	361	23	49
272	360	23	48
272	361	20	48
271	359	18	50
270	358	16	49
266	356	20	51
265	355	19	52
264	356	18	51
263	357	18	50
261	355	19	52
259	355	21	52
257	355	22	51
255	356	22	51
254	355	22	53
251	355	22	51
251	355	19	52
250	354	18	51
248	353	18	43
248	354	17	40
246	356	18	42
243	355	20	46
241	354	21	47
238	354	22	45
236	355	24	44
234	355	23	44
234	354	23	44
233	354	21	44
232	353	20	47
231	353	21	47
229	352	19	47
228	352	18	47
225	351	18	48
225	349	17	49
223	350	16	50
221	350	19	49
218	349	20	49
217	349	21	50
215	348	22	50
214	348	21	50
213	349	20	49
213	348	18	50
212	347	18	50
211	347	16	50
209	347	17	48
207	349	17	46
207	349	16	46
205	350	17	45
202	349	20	47
200	350	22	47
199	350	22	47
197	348	22	48
197	349	22	47
195	350	21	46
195	349	20	47
193	349	21	47
193	348	17	48
191	347	15	50
190	345	16	53
188	344	18	53
186	344	20	53
184	345	20	53
183	345	20	51
182	346	20	47
180	346	19	43
178	344	21	45
177	345	20	43
177	345	19	42
176	344	16	46
174	343	17	45
173	342	17	47
172	342	17	45
171	342	17	45
169	342	18	45
166	342	21	44
164	342	23	45
162	342	24	45
162	342	23	45
161	341	23	46
159	340	23	47
159	341	21	44
158	343	18	43
156	341	18	44
155	340	17	45
152	339	18	45
151	337	18	47
151	339	17	45
150	341	16	44
148	340	19	45
145	339	20	45
144	340	20	44
144	341	19	43
143	341	19	43
142	340	18	43
141	338	17	45
140	339	16	43
139	337	15	45
137	338	17	45
136	337	16	43
135	335	16	47
133	337	17	44
131	335	19	46
129	335	20	47
129	337	20	44
128	337	20	44
126	337	21	45
126	337	20	44
125	336	18	44
124	335	17	44
123	337	16	42
122	335	15	43
121	335	15	43
119	334	15	44
119	335	15	44
118	336	15	42
117	336	15	43
115	337	17	41
114	336	17	43
114	336	16	41
112	335	16	43
112	334	15	43
111	333	15	43
110	331	14	44
109	332	14	43
108	332	14	43
107	331	14	44
106	331	15	44
104	328	17	47
103	329	18	45
101	332	19	42
100	331	20	43
99	332	20	42
98	331	19	43
98	330	19	43
96	330	18	44
95	329	18	43
94	327	17	44
94	328	16	43
92	328	16	43
92	327	15	44
90	328	16	43
90	329	16	42
90	329	15	43
89	329	15	42
88	330	15	42
87	329	16	42
87	327	15	44
86	327	14	42
84	329	14	41
83	327	14	41
82	327	14	42
81	326	14	42
81	328	14	41
79	327	15	40
78	327	16	40
77	328	16	40
76	328	17	40
75	328	17	40
74	329	17	39
73	327	18	40
72	327	18	40
72	327	16	40
71	326	15	41
70	326	14	39
69	326	14	40
69	325	13	39
67	325	15	41
66	324	15	40
66	324	14	41
64	325	16	40
64	325	15	40
63	325	16	40
63	325	14	40
62	325	15	40
61	326	14	39
60	324	13	39
58	324	15	39
58	323	14	39
57	322	15	40
56	322	15	40
55	321	15	40
54	323	16	40
52	323	17	39
51	323	18	39
51	323	18	39
49	322	19	40
48	323	18	38
48	322	17	38
47	321	16	39
47	320	15	41
47	321	13	39
45	321	15	39
43	320	15	39
43	319	15	40
43	321	13	38
43	322	13	38
42	321	14	38
41	321	14	38
40	321	14	39
39	320	15	39
38	320	14	38
37	319	14	39
37	319	13	38
35	319	14	38
35	318	14	37
35	318	14	37
34	318	14	39
32	317	15	40
32	318	16	39
