73.0,126.0,29,23
72.05949306488037,126.41914558410645,31.921747,19.6096
73.97080707550049,126.66664505004883,29.955809,20.193962
73.93179321289062,126.34705448150635,31.369247,19.228735
74.63713073730469,126.0878038406372,30.588806,20.613409
75.43258953094482,126.06581115722656,30.762941,20.40934
75.7244758605957,125.80984401702881,31.183556,20.233522
77.33480644226074,125.81023502349854,30.908077,20.073019
78.16880989074707,125.9236307144165,31.289104,19.224943
78.09282493591309,125.04695892333984,31.264606,19.268463
77.99555015563965,125.30621910095215,31.363476,19.01775
78.80199909210205,125.3869514465332,30.12383,18.506844
79.98098468780518,125.33973026275635,30.508879,19.205702
79.27803802490234,124.95182132720947,32.31131,20.042974
80.18547630310059,123.97291469573975,32.522396,19.87906
82.09021854400635,122.69715404510498,30.27188,20.361414
81.59521007537842,123.20530414581299,30.692293,20.436972
82.7443494796753,123.21633052825928,30.38843,19.643496
84.50978660583496,121.81166553497314,28.66602,20.928625
83.47568321228027,122.49324893951416,31.004292,20.122442
84.09517765045166,121.7854118347168,30.431135,21.639946
85.02587795257568,122.00567817687988,30.395197,20.218006
85.7620038986206,121.68439197540283,29.491106,20.22592
85.06728744506836,123.20262813568115,30.722527,19.75545
86.16330432891846,122.88088512420654,30.375135,19.966486
87.4833402633667,122.865403175354,29.914728,19.975096
89.06016063690186,123.25777339935303,27.145975,20.68239
89.93585395812988,123.41164302825928,27.261578,19.39219
90.859619140625,123.00835704803467,26.7939,20.151796
90.34078788757324,123.4401273727417,27.710178,19.866335
89.99089813232422,123.43650531768799,29.088654,20.090216
90.08734798431396,123.5244369506836,28.070353,20.116753
90.67062282562256,123.00053310394287,29.217539,18.741762
90.33013153076172,123.73246669769287,29.170372,19.72629
91.91578006744385,123.41447830200195,28.92053,19.646477
91.84030055999756,123.06766986846924,28.38563,21.785345
92.45793056488037,123.87861251831055,29.56077,18.357536
92.7073163986206,123.71175765991211,27.608866,19.60534
91.04134559631348,124.11581325531006,29.799328,19.639559
91.94612503051758,124.48294448852539,30.048294,20.660683
93.49492645263672,124.8006649017334,29.77488,21.449268
92.14479637145996,125.75157928466797,30.204243,18.968658
93.58876323699951,125.5644359588623,29.022966,22.075932
93.5753173828125,125.7288646697998,29.790916,22.088467
92.50071334838867,126.99539756774902,31.67894,20.82162
94.22874546051025,127.26184272766113,30.050428,20.576061
93.05335712432861,127.81478977203369,31.275679,20.439192
93.16988945007324,127.73032283782959,32.164486,20.364618
94.9126148223877,128.00603008270264,30.342716,19.725061
93.49386596679688,129.24497985839844,30.927727,20.140778
94.25216293334961,128.83408546447754,31.697823,20.328472
93.5672779083252,129.43884944915771,32.478733,19.446001
95.00790786743164,128.08810138702393,31.519424,21.548903
95.59436225891113,127.95806980133057,31.214878,21.291166
95.3958969116211,127.58130836486816,31.74453,21.773235
95.45847511291504,127.2861499786377,31.705997,22.991077
95.6359691619873,128.11739826202393,31.414951,21.465063
97.40085315704346,127.75711250305176,29.985395,20.602482
97.60146903991699,126.97800922393799,30.262997,20.130964
97.24008464813232,127.5023136138916,30.678576,20.142925
97.2214708328247,127.62081813812256,31.272154,19.834017
98.18887233734131,127.38714027404785,30.30295,19.677593
98.07020092010498,126.96654415130615,30.010027,20.104662
98.89069843292236,126.90517330169678,30.031569,20.82541
98.84435176849365,126.61548042297363,30.482874,20.934261
97.72798442840576,126.09949684143066,31.696047,21.078533
98.8105697631836,126.05176162719727,30.60173,20.882996
98.86589527130127,126.91790390014648,30.561079,20.436653
97.83677673339844,125.86931419372559,32.02318,21.067753
98.55662250518799,126.6580457687378,31.847776,20.55839
99.28414916992188,126.1662015914917,32.43638,20.338556
98.6330509185791,125.95682907104492,33.08604,20.215446
99.43674087524414,125.82136058807373,31.845222,21.092012
98.89481163024902,126.09292984008789,32.22044,20.146881
99.39113998413086,126.19513130187988,32.61563,21.368061
99.89106369018555,126.33787059783936,32.296234,19.939837
99.24162864685059,126.28642082214355,33.913464,20.591167
99.87858390808105,126.03141498565674,32.817738,20.71311
101.25578594207764,125.7543592453003,31.444056,22.239809
100.63704109191895,125.8396406173706,33.03954,20.607294
100.13729286193848,125.08047485351562,33.10953,20.894463
101.13632583618164,125.27490043640137,31.727386,21.317036
100.22791576385498,125.87936019897461,31.71818,21.430748
101.57777214050293,125.1039228439331,30.833675,22.316683
100.45977401733398,126.12735652923584,33.082375,22.19024
101.37378120422363,125.7779016494751,31.760891,22.021025
101.29351234436035,126.0392894744873,32.189816,21.86726
100.82661819458008,126.42635154724121,32.85209,21.921497
100.70001602172852,125.91420555114746,32.686333,21.609844
101.25944709777832,125.52919578552246,32.93781,21.899837
102.44652938842773,125.11200523376465,31.461205,22.522297
101.6757459640503,126.24936771392822,31.708757,21.43447
100.76573944091797,125.39720344543457,32.481743,21.940258
102.42856216430664,126.2256088256836,31.350792,21.736221
102.23677253723145,125.06421184539795,31.983883,22.75139
101.81017684936523,125.54813766479492,32.247467,22.18657
102.06916046142578,125.15999126434326,32.15953,21.775087
101.3890380859375,125.59759140014648,32.66076,19.441269
101.58931541442871,125.02922821044922,33.909954,21.363182
101.3115463256836,124.80525588989258,32.69216,21.677452
100.94977951049805,125.30486011505127,33.477417,20.334501
102.92786121368408,125.64067840576172,31.595343,19.667915
102.39322280883789,125.62669467926025,31.924202,21.010695
101.75343894958496,125.37623023986816,32.957127,20.132397
102.56884765625,125.13295078277588,32.102943,20.672178
103.15955066680908,124.98809337615967,31.94647,21.094484
102.84975910186768,125.44820880889893,31.48287,21.20371
102.02000045776367,125.69703006744385,33.513474,19.031492
102.7684383392334,125.79083633422852,32.150745,21.139603
103.08044338226318,125.56670570373535,31.898233,22.017902
102.54367733001709,126.10131072998047,31.809656,20.30275
103.82165718078613,125.95815467834473,31.341755,20.490986
102.96396827697754,125.17057609558105,31.66557,20.678074
104.02788639068604,124.7645206451416,30.61556,20.087696
103.79192733764648,126.00662231445312,31.265045,20.169495
103.79186630249023,125.58183479309082,32.336998,19.261227
103.35301971435547,124.96125411987305,32.31527,19.746582
103.64792251586914,125.46500778198242,31.552673,19.3377
102.73040008544922,123.79961395263672,32.664062,20.132622
102.5704574584961,124.96821212768555,32.821487,20.71759
103.73515033721924,124.07638645172119,31.101965,20.75257
103.21162796020508,123.76215076446533,32.190033,19.678259
102.00674057006836,122.98063278198242,33.77278,21.831505
103.92048263549805,123.29536056518555,31.589767,20.342087
103.75856971740723,123.4585371017456,31.396976,21.130938
104.86462879180908,123.83098220825195,31.014418,19.301285
104.39053726196289,123.65922451019287,31.086304,19.154284
103.88357734680176,123.7856388092041,30.97256,20.51427
105.11153030395508,123.2979507446289,29.90638,20.304604
104.0258378982544,123.58285903930664,31.525175,20.48307
104.42188930511475,124.10278415679932,31.649256,19.137434
104.13140678405762,123.87398433685303,30.937328,20.349962
103.7979850769043,124.13150691986084,30.729462,19.07876
103.6802339553833,123.94275283813477,30.999166,21.53225
105.18606185913086,123.07773303985596,30.079773,21.271223
104.79313564300537,123.84911155700684,30.566805,21.128529
104.22516250610352,123.91843891143799,31.347801,19.500463
105.69978046417236,124.53452777862549,29.068182,20.663992
104.93589782714844,124.54051780700684,30.428902,19.884373
105.34403610229492,124.69753551483154,29.800308,20.750078
105.31503582000732,124.285964012146,29.95827,19.483637
105.43445777893066,123.80242156982422,29.932041,20.047592
104.81332874298096,124.53069591522217,30.004156,18.187487
104.66940784454346,122.81231117248535,30.137053,18.904629
105.32101440429688,122.62439060211182,29.248894,21.021925
104.51993179321289,123.72910022735596,29.669693,20.444075
105.02261066436768,123.47947120666504,30.571539,19.319454
104.19415378570557,122.90288162231445,30.187712,20.563103
104.60554218292236,123.10592269897461,29.960173,20.271042
103.94184398651123,122.27700805664062,29.617052,20.497787
103.93175315856934,123.01137065887451,30.42117,18.80939
105.23757934570312,123.13684844970703,29.089722,20.573425
104.81632804870605,123.35540008544922,29.74033,19.402603
104.10083103179932,123.44515609741211,30.580114,20.888275
104.95446681976318,123.65263557434082,30.822245,18.520458
104.80289840698242,122.67075538635254,29.212753,20.162159
104.98442363739014,122.24255657196045,29.24238,21.550058
104.02656841278076,123.3689022064209,31.070711,18.415318
103.77608108520508,123.38586521148682,31.196732,19.77735
103.71638298034668,122.6114730834961,30.739819,20.387863
104.69824981689453,122.45876026153564,29.135452,22.296476
105.33145713806152,122.83773994445801,29.204906,19.459156
105.14724063873291,123.87839126586914,28.911558,20.276428
104.35270977020264,123.05412769317627,29.684587,20.708418
104.76742744445801,124.61713314056396,29.881535,19.971964
105.20672702789307,123.84913539886475,29.79836,19.599588
104.90299415588379,122.97610473632812,29.880589,22.208687
104.31528759002686,123.68156242370605,30.437098,21.375904
105.04403686523438,122.96039962768555,30.265015,21.636833
104.8931303024292,124.01767921447754,29.301615,21.909908
104.42155838012695,123.59115219116211,30.953217,21.393944
105.3478946685791,124.01661014556885,29.725025,20.498785
105.43877696990967,123.64520072937012,29.711031,20.62791
105.7026948928833,122.6108865737915,28.345182,21.993353
105.0681962966919,123.06584739685059,30.590277,20.785679
106.30640506744385,122.15151119232178,27.286932,22.633577
105.8334493637085,124.08946704864502,29.841501,18.7283
105.21940803527832,124.09667587280273,27.872822,19.529716
105.33682060241699,124.41949844360352,29.914753,18.342491
105.92902088165283,124.30150032043457,31.256575,18.696026
105.40700435638428,123.55265617370605,31.064966,21.496647
106.28699111938477,123.61769771575928,30.5037,21.091455
105.5365686416626,123.60033130645752,31.236563,19.322424
105.86145782470703,123.01926612854004,30.540367,22.758274
105.54122161865234,125.48438262939453,31.159622,18.967545
106.18636703491211,125.55209064483643,30.200836,19.448294
106.57750511169434,123.91908073425293,28.61755,20.756077
106.05453968048096,125.0962495803833,30.326109,20.006292
107.02493381500244,124.43721961975098,29.359068,19.617107
106.6221694946289,125.53229999542236,30.687042,19.968267
106.67447280883789,125.85216045379639,31.499397,19.891245
106.61818313598633,125.9461441040039,32.217422,20.55767
106.23963737487793,125.8326301574707,32.670277,19.446404
105.76810264587402,124.78304481506348,31.574139,19.481411
106.40657806396484,126.08332061767578,32.4786,18.271416
106.8875904083252,125.964035987854,32.028164,16.719007
107.92270278930664,124.91122627258301,30.97976,20.705349
106.55700302124023,124.58105278015137,32.188995,20.246426
107.73109817504883,124.93155574798584,31.25029,20.053644
107.38977813720703,125.28960514068604,32.331505,18.910673
108.25935363769531,124.23262977600098,30.393066,20.533512
108.76617050170898,124.91619205474854,31.302605,20.126661
109.51935386657715,124.77635097503662,31.146656,20.455553
108.93069458007812,123.82398223876953,30.06971,19.838425
108.8877534866333,124.25978374481201,31.443205,19.159296
109.15007877349854,124.91060256958008,31.586187,18.799255
109.23402214050293,124.24106693267822,30.443638,20.783644
110.10948753356934,123.76493740081787,30.062893,20.452578
109.83207416534424,123.3590784072876,30.707335,21.05921
109.78050327301025,124.87329769134521,30.370817,20.091005
109.7842264175415,123.82049942016602,30.130919,21.117043
110.57026195526123,124.37773704528809,30.230326,21.68089
111.21785736083984,123.6532211303711,29.416779,21.772362
111.14183139801025,123.52223682403564,30.246794,21.897047
111.36324405670166,124.82103252410889,30.836683,21.935656
111.75809955596924,124.23724269866943,31.165327,22.071795
111.78121185302734,124.93306255340576,29.945488,21.361193
111.30728912353516,123.78444290161133,30.560822,22.31607
111.90679836273193,126.4733247756958,30.3454,21.490553
110.850341796875,123.80555725097656,29.035484,22.417519
112.05932331085205,124.57466125488281,30.937803,22.1596
112.29787921905518,124.88732624053955,30.154501,21.894033
112.72406482696533,124.79672050476074,30.344969,21.893734
111.66502380371094,124.49555683135986,31.350609,22.34789
113.06484985351562,124.1959400177002,30.08432,22.867
112.4326753616333,124.83624839782715,28.694548,22.027119
112.27843952178955,124.6367359161377,31.16583,22.096386
112.71168231964111,125.54135799407959,31.684874,21.22822
113.60056495666504,126.16962051391602,31.80257,19.82956
114.21602249145508,125.74474811553955,30.667328,19.079496
114.68012237548828,124.64657783508301,29.296715,20.000675
114.93478012084961,124.04919624328613,29.519493,20.689747
116.20065402984619,123.91717338562012,27.594534,21.174648
114.8997163772583,125.63362979888916,31.66609,18.661993
115.49242973327637,124.88920307159424,29.879864,20.070219
114.75918483734131,125.83651065826416,31.573565,19.070173
115.6423225402832,126.04829120635986,32.21472,17.96073
116.12285232543945,127.08381366729736,31.8722,17.792158
115.77340126037598,127.39416694641113,32.431774,17.846882
115.60746574401855,126.44146728515625,34.910183,17.983192
116.52494049072266,125.82857322692871,32.827385,18.699673
118.26345634460449,126.92173385620117,31.356915,18.47377
118.53508758544922,125.74308109283447,33.252266,18.727827
117.06560897827148,127.32606220245361,35.000328,18.247694
117.86751174926758,129.0980520248413,32.272446,17.633707
117.70473861694336,128.15355682373047,32.190155,18.415848
118.53630065917969,127.78126811981201,31.457603,17.872705
119.62191772460938,127.41027545928955,31.609268,18.544333
120.49380493164062,125.92746162414551,32.851967,19.595028
121.01528644561768,126.74166107177734,30.734976,18.755074
121.07421684265137,128.61515140533447,32.972454,16.141424
120.21427917480469,127.30070781707764,33.942368,17.096842
122.28497505187988,126.7357177734375,31.850666,18.626
122.78461074829102,126.07533168792725,33.632812,17.209352
123.39995956420898,126.33657646179199,33.76597,17.488873
122.5820255279541,127.13326072692871,35.943493,17.07558
123.87614250183105,126.407151222229,35.172466,17.324278
125.53632736206055,128.0118227005005,52.4283,20.132597
117.75776290893555,126.9505386352539,44.103455,19.26966
124.98713302612305,125.74635982513428,34.99263,16.438768
127.0724925994873,127.3136978149414,36.43314,16.106339
127.85555648803711,127.08453845977783,32.956406,17.103453
127.2190933227539,125.04112339019775,36.265533,17.463026
125.71975517272949,126.24630784988403,36.716297,15.610099
129.36130714416504,124.73095512390137,33.33903,19.39545
128.3727798461914,125.84653663635254,34.93776,16.681705
132.25220680236816,126.18058013916016,34.338337,16.64415
130.57518768310547,125.76084327697754,36.590225,17.710331
130.50329780578613,125.32771682739258,37.273678,18.208923
151.03300094604492,128.29620456695557,32.723595,18.803892
150.57051277160645,125.6921558380127,26.44717,19.033207
139.03765773773193,126.60070562362671,29.226442,15.012242
140.44456100463867,125.4691858291626,26.64853,15.5787945
141.330304145813,124.46467351913452,26.16413,14.945706
139.6859827041626,123.80419921875,30.80834,15.896362
139.84566020965576,123.46189498901367,30.425776,16.064392
142.49037265777588,121.21143627166748,29.621336,18.493876
140.11219215393066,121.49150371551514,32.836506,17.79043
137.84846687316895,120.8839979171753,35.264698,20.178514
138.65834426879883,119.00328350067139,35.484993,20.262781
139.46266174316406,118.39042282104492,33.5458,20.257507
139.71940803527832,120.5079116821289,33.556355,20.472855
139.94314002990723,120.05648040771484,34.310207,19.057655
140.18175888061523,118.73419094085693,34.01365,20.276155
139.82027626037598,119.5235366821289,35.38741,18.982353
139.51274299621582,121.72402763366699,35.202892,19.000294
139.47088813781738,120.7564468383789,35.38798,20.502388
141.04564666748047,119.46018505096436,34.385574,22.562593
141.8517723083496,120.88679695129395,33.46926,19.375286
142.5081901550293,123.4040880203247,32.84073,20.838118
143.76778411865234,121.23066997528076,32.778297,22.17306
143.90020751953125,119.41835021972656,33.210304,23.27977
143.5237102508545,118.62038516998291,34.162594,19.94998
149.87872505187988,117.33554077148438,32.532528,21.676376
148.75657558441162,119.64201164245605,29.68059,19.52332
148.5473690032959,120.04673099517822,29.49271,17.959791
147.50699710845947,120.31502914428711,29.818296,19.594269
146.1909236907959,118.75071811676025,33.189007,22.58785
169.43557834625244,114.38336944580078,28.768652,24.517853
148.1534481048584,117.3328800201416,33.629673,23.781643
148.12358379364014,119.58893585205078,29.43117,20.884407
146.9033966064453,118.6464376449585,32.435432,22.86004
148.1378002166748,119.23602104187012,31.841618,20.389263
148.9856595993042,118.94476127624512,31.744226,22.719852
147.360990524292,118.78938961029053,33.25471,21.631021
148.8659610748291,119.08728218078613,33.408054,20.452946
152.79600524902344,117.85622501373291,29.469055,23.359762
149.05710792541504,120.7535924911499,32.55656,23.432978
149.25996208190918,119.83883094787598,31.480366,24.689068
150.07282543182373,120.89551162719727,30.939661,22.400002
148.84768772125244,122.56010341644287,30.236235,22.311144
148.21372032165527,121.9788932800293,33.573406,23.80017
148.17528533935547,124.02376747131348,32.220863,23.318401
148.20194625854492,124.84309387207031,30.319855,21.176514
149.6275863647461,128.5604591369629,30.954407,21.69313
152.0321502685547,121.82132625579834,33.001205,24.704576
151.8406047821045,121.72862529754639,32.66556,26.101007
148.5616054534912,123.81745338439941,34.782673,26.551746
147.19717407226562,124.22454833984375,34.251892,24.397697
146.67162704467773,124.0654706954956,34.640373,24.43278
147.40227127075195,124.02250480651855,33.193695,25.107143
146.80045890808105,123.69768619537354,33.660847,24.777151
147.24001693725586,120.75662136077881,34.026672,27.187685
146.70012283325195,120.18340301513672,33.86342,26.599266
146.10150146484375,120.30824947357178,34.277527,24.976603
146.9349250793457,112.94423770904541,39.840218,27.58093
145.07179641723633,115.06206035614014,38.29377,28.63331
144.0274143218994,113.60589218139648,38.63615,28.168053
143.02236938476562,114.68701839447021,38.720627,28.537264
143.50716590881348,113.496413230896,38.014126,26.542864
141.47510719299316,112.35497856140137,39.127804,31.580097
141.9206657409668,113.14265727996826,36.24816,29.35972
140.31219482421875,116.15707206726074,36.015015,28.708866
139.6439151763916,112.78958892822266,38.011333,27.22422
137.8737392425537,114.26467895507812,37.138638,27.028084
138.99623489379883,114.11005115509033,37.429245,28.620985
136.40767860412598,117.31271839141846,37.205982,27.190336
134.0715274810791,114.8338623046875,39.43958,31.647652
135.23478317260742,115.48984718322754,37.20096,30.124332
124.3955249786377,126.08552551269531,34.776005,23.333351
134.3797721862793,115.98794078826904,34.92215,29.878633
123.5038890838623,126.33607959747314,36.007114,25.115294
134.0875473022461,115.05892562866211,33.504593,29.82093
130.69912338256836,116.70376777648926,36.79982,32.954296
113.4548282623291,126.32022285461426,36.352314,24.783382
129.30369758605957,116.75748062133789,35.53789,31.228477
129.3986587524414,117.76852226257324,34.28298,29.560337
127.65456008911133,116.68431282043457,35.841682,31.51704
125.38090133666992,120.58162879943848,35.21305,32.063686
124.34321403503418,118.10814571380615,38.90601,31.085558
124.78428077697754,119.52471160888672,36.46269,30.16072
119.13570213317871,119.43109035491943,38.682697,31.239122
120.78789520263672,118.18219375610352,37.631042,33.351097
121.78322219848633,118.84525299072266,35.132454,33.02368
119.96674919128418,117.74945163726807,35.87389,31.737684
118.62297058105469,121.89844799041748,36.75467,31.884119
116.86367225646973,122.92023181915283,36.28535,30.597479
117.38178825378418,117.6224594116211,34.51961,32.716118
115.0754566192627,117.56567764282227,35.971508,35.122345
114.28304290771484,117.78312110900879,36.998917,36.618717
112.36961364746094,121.40499305725098,37.98575,31.542576
110.48995780944824,116.39783096313477,38.14719,37.341385
109.55483055114746,121.1608247756958,39.675022,30.670973
109.00488662719727,118.77325057983398,38.878807,34.718857
106.53479385375977,114.56765174865723,41.266838,36.794758
106.97647285461426,115.17715835571289,38.183697,35.155014
104.8738899230957,116.28882598876953,39.78356,35.879295
102.53424835205078,117.2566909790039,40.719788,34.968834
103.15542030334473,115.95867347717285,38.603436,35.553654
101.7142162322998,123.28704357147217,37.188175,28.798845
101.37321090698242,114.69629859924316,37.219,34.764492
98.74468231201172,120.73419761657715,37.737656,29.383472
75.78719329833984,127.44352912902832,40.314354,31.888699
68.18436622619629,130.99500942230225,37.547176,29.773241
68.56053733825684,133.63510131835938,35.097797,22.261581
68.83580017089844,126.3802843093872,36.22957,26.152716
67.92591094970703,126.87910175323486,38.315674,23.90602
66.27247047424316,128.60766506195068,35.39713,25.215479
66.26455688476562,123.67560005187988,39.481583,26.298069
85.7893180847168,122.1124382019043,41.699593,30.8553
85.59981727600098,121.72150325775146,40.381542,31.26095
83.95159530639648,115.30631637573242,41.5241,39.876358
76.70172500610352,117.06696128845215,46.89338,38.456112
79.02180671691895,120.83719635009766,43.998135,35.74259
77.2606315612793,120.23473739624023,43.224846,34.30844
78.58395385742188,120.17291069030762,43.28917,33.45384
77.25768089294434,122.37871932983398,41.534184,33.59648
75.60310363769531,121.67386245727539,43.393982,32.469727
74.40388107299805,121.29849815368652,42.956184,37.426403
74.53397750854492,120.73481559753418,41.365944,38.726772
73.16461753845215,118.34216690063477,43.63579,40.8517
72.62565994262695,122.36251068115234,42.400383,34.640022
69.31097984313965,123.1438102722168,45.26665,34.872696
