6.0,166.0,42,26
7.014499664306641,166.50438022613525,43.353737,24.365248
9.695976257324219,167.55746173858643,43.433334,24.237768
10.952226638793945,167.29029273986816,44.087017,24.739223
12.96690559387207,167.47247314453125,43.954144,24.90767
14.447593688964844,167.88051891326904,43.847153,24.91012
15.015283584594727,167.39435005187988,44.293148,25.01756
17.21743392944336,167.8114137649536,44.204018,24.993628
18.532682418823242,168.3296661376953,44.41654,25.38832
19.575115203857422,167.66066360473633,44.24282,24.98861
20.59994125366211,168.93913555145264,44.213997,25.080729
21.6009521484375,169.36578845977783,44.44899,25.078161
22.987369537353516,168.59983730316162,44.72619,25.391603
24.16828727722168,168.86530780792236,45.13297,25.131567
25.30757713317871,169.6650905609131,45.149998,25.098728
26.807310104370117,169.18087196350098,45.25449,25.400417
28.670330047607422,169.37810897827148,45.273155,24.952751
29.815465927124023,169.18945407867432,45.551212,25.385801
31.108070373535156,169.64441776275635,45.34813,26.060698
32.30621528625488,169.19076347351074,45.603497,25.867588
34.10778045654297,170.1275110244751,45.888245,26.187849
35.485158920288086,169.9547758102417,45.619663,25.77308
37.9637565612793,170.5077085494995,46.093193,25.734522
38.90549087524414,170.9422788619995,45.862206,25.567163
40.91267967224121,170.87806797027588,45.844532,25.767591
42.26234817504883,171.1690673828125,45.734947,25.639801
43.77150535583496,171.6326208114624,45.842182,25.543459
44.407487869262695,172.44034385681152,46.07896,25.39655
45.84000015258789,172.4903335571289,46.550636,25.14978
46.091360092163086,172.04428100585938,46.46993,25.192978
47.64425086975098,172.02459526062012,46.83047,25.326298
48.165122985839844,172.49298858642578,46.28601,25.534393
49.17845153808594,171.79473400115967,46.48854,25.808802
50.65987777709961,171.51198387145996,46.664513,25.95174
51.047786712646484,172.25758457183838,46.681587,26.532072
52.26223182678223,171.8311939239502,46.908855,26.067486
53.179237365722656,172.44056606292725,46.91075,26.602266
53.43277549743652,172.05391693115234,47.27489,26.200485
54.933677673339844,172.5374050140381,47.14926,26.22115
55.604562759399414,172.27147483825684,46.862057,25.95911
56.728960037231445,172.00491428375244,47.44076,26.320158
58.31493377685547,172.09547901153564,47.520645,26.268698
59.05807685852051,171.75999641418457,47.775936,25.887737
60.471656799316406,171.38155364990234,47.87416,26.217834
61.587778091430664,172.21313571929932,48.146862,26.044386
62.944204330444336,171.98607730865479,48.341587,25.858763
64.12109565734863,172.40032863616943,47.81953,25.909914
64.85518836975098,172.00097465515137,48.543896,25.596775
66.21041107177734,172.27038955688477,49.14052,26.38424
68.22844886779785,172.2193374633789,48.36703,26.21965
69.75053405761719,172.12661266326904,49.11734,26.565943
70.72667503356934,172.0487461090088,48.780445,26.449856
71.73703193664551,171.68331813812256,48.879177,26.880236
71.93513488769531,170.97494792938232,49.29738,26.708094
73.3438949584961,170.89639854431152,49.574493,26.918858
74.26315498352051,171.66955375671387,49.575375,27.273762
75.02166175842285,171.2397222518921,49.83859,26.888063
77.10233306884766,171.6589641571045,50.198334,26.662647
77.4416561126709,171.6147575378418,50.197437,27.162727
78.14980506896973,171.65536403656006,49.805035,27.047152
78.7254695892334,171.2159366607666,51.140385,26.949535
79.82834243774414,171.8488368988037,50.863853,27.1646
80.17959594726562,171.35976123809814,51.410248,27.473272
81.2777156829834,170.98670291900635,51.6061,27.544874
80.07243347167969,171.75222873687744,52.362213,27.484953
80.69490814208984,171.65147399902344,52.411514,27.211044
80.71296501159668,171.91610145568848,52.446903,27.663616
81.38607215881348,172.14269065856934,52.78648,27.47591
80.53026962280273,172.01036071777344,53.26861,26.964142
80.4827766418457,172.0734806060791,53.359642,27.204235
81.20576095581055,172.02383422851562,53.336174,27.609558
81.21861267089844,172.66713047027588,53.80345,28.043867
80.3353042602539,172.82055187225342,54.19229,27.74209
81.02699279785156,173.20248985290527,54.646194,27.585804
80.76461791992188,173.51362228393555,54.538956,27.107903
81.13844108581543,173.21298217773438,54.84824,28.52916
80.77534675598145,173.58448886871338,54.888363,28.791243
81.9379711151123,173.21216583251953,54.991367,28.775726
81.16379165649414,173.49087238311768,55.59098,27.525244
81.61609840393066,173.36552906036377,55.463207,27.48754
80.80217933654785,173.28048992156982,55.982998,29.04246
81.4860897064209,174.28635025024414,56.328876,29.409386
80.78388595581055,174.1672077178955,56.768944,28.899593
81.2973575592041,173.74638271331787,56.883144,28.870623
80.53223609924316,174.54578304290771,57.539303,28.462694
80.76704025268555,174.84937572479248,57.242775,28.884363
81.0006103515625,174.3255271911621,57.03575,29.48832
80.18523788452148,174.6328535079956,57.734352,29.663858
80.4039134979248,174.7032651901245,58.109913,30.590189
80.49618148803711,174.35682582855225,58.349586,30.728777
80.23802947998047,174.72557640075684,58.518143,30.493488
79.93765640258789,174.97919845581055,58.75721,30.66256
80.23266410827637,174.79545402526855,58.976856,30.771732
79.35425567626953,174.70902729034424,59.166885,30.908148
80.15526962280273,174.44113540649414,59.423073,31.274605
79.25749969482422,174.72349166870117,59.730835,31.826195
79.76066970825195,174.5223627090454,59.88346,30.95416
79.95835494995117,175.09956645965576,60.14524,31.131357
79.63508033752441,174.90568351745605,60.031445,31.376423
79.43289756774902,174.30109119415283,60.659,31.861425
79.67551803588867,174.7205629348755,60.968773,31.548788
79.80903625488281,174.86412620544434,61.348633,31.515415
80.18893432617188,174.59024238586426,61.663116,32.004498
80.44309616088867,174.08923816680908,61.734184,31.660131
80.67264366149902,174.20951652526855,61.85848,32.449604
80.09272575378418,174.8701515197754,62.26267,32.51026
80.7918872833252,174.51361656188965,62.765774,32.82677
80.58979034423828,173.9714641571045,63.453903,33.462727
81.15493774414062,174.19598579406738,63.159027,33.90124
82.28204154968262,173.34363555908203,62.937748,34.962616
82.66381454467773,173.8807201385498,63.51188,34.734455
81.9489631652832,173.37987899780273,65.13409,35.15049
82.70148468017578,173.28276443481445,64.6794,35.153587
83.59182357788086,173.2112216949463,64.47147,34.941586
84.27225494384766,172.55561065673828,64.93828,33.75299
84.2060775756836,173.223388671875,65.53024,34.438416
84.98885726928711,172.48047256469727,66.354256,36.19442
84.79513168334961,171.6107006072998,66.4031,36.55205
85.14018630981445,172.35797309875488,66.92388,36.239803
84.98684310913086,171.89410400390625,67.40482,35.806595
85.9289779663086,172.03842163085938,67.24643,36.556976
86.45699691772461,171.71373558044434,67.4961,36.43059
86.30097961425781,171.91644287109375,68.14322,37.182663
87.91038131713867,170.90473556518555,68.70788,38.162727
87.86662673950195,171.27128219604492,68.929344,38.726402
89.89841079711914,170.6395092010498,68.804955,37.96027
89.9311637878418,169.98968887329102,70.37075,38.526344
90.96484375,169.72869110107422,69.566284,39.52484
92.12607192993164,169.60925102233887,70.4486,40.261646
92.63530731201172,169.4408473968506,71.61778,40.372196
92.98072814941406,169.37544059753418,71.93179,41.33803
94.61563491821289,169.03901481628418,71.73652,41.530216
95.88354873657227,168.54738426208496,72.79896,41.671574
96.16969680786133,168.94540405273438,73.94463,42.320953
96.4203987121582,168.31748580932617,73.93731,42.276024
96.89109802246094,168.24424934387207,75.33275,42.91258
98.21213150024414,168.1249828338623,76.108376,43.11716
97.90893936157227,167.90666389465332,76.57531,43.500362
99.18521499633789,167.6986255645752,76.903175,43.731075
99.4252700805664,166.8024444580078,77.88019,44.26184
99.98237991333008,167.1719913482666,79.719795,44.043087
101.0907211303711,167.0385570526123,80.320526,44.387867
103.16659164428711,166.6337432861328,80.65928,44.584564
103.51898193359375,166.51244354248047,81.826416,45.119553
104.6809310913086,165.78676795959473,82.597855,44.978954
105.82092666625977,165.8660068511963,83.56768,46.592297
107.07231903076172,164.97617721557617,84.50984,47.55964
107.78834915161133,165.50696182250977,85.02096,48.162346
109.38853454589844,165.26952362060547,86.026306,48.09224
110.02358627319336,165.1711769104004,87.59809,47.26229
110.80141830444336,164.7589225769043,89.59632,47.847572
112.19379043579102,164.57028770446777,90.11144,48.279804
112.86442184448242,163.97223091125488,91.027626,49.469875
114.76313781738281,163.5945110321045,91.58191,46.081425
115.04903030395508,163.1506576538086,90.232506,48.2903
116.50990295410156,163.27585411071777,90.59021,48.641834
116.89620971679688,163.08101844787598,93.4541,50.199413
118.22188949584961,162.99461555480957,95.2447,50.14828
119.76736831665039,162.1939754486084,97.394615,51.815235
120.45172500610352,161.25794410705566,94.62667,52.83552
121.78532409667969,161.80126190185547,99.4888,50.686325
121.87607955932617,160.9319362640381,102.01969,54.36983
122.84524917602539,160.91046524047852,103.78533,55.086754
121.30829238891602,162.40755653381348,106.89837,49.837505
127.3482780456543,160.9823055267334,101.834724,53.16271
121.88030242919922,161.21986961364746,108.85402,53.55852
120.95816040039062,161.50753784179688,108.68445,51.318634
130.34392547607422,162.54821586608887,100.84572,48.171513
123.01334762573242,160.22548294067383,110.75355,55.22393
125.38959884643555,159.86660766601562,112.161476,55.526825
123.26080322265625,159.98550987243652,116.17062,54.501514
123.79079818725586,160.13190269470215,117.79566,54.72188
123.69575119018555,160.3963794708252,122.27003,55.482845
124.16005325317383,158.8148365020752,123.960014,58.900234
129.45979690551758,158.72791290283203,120.3854,58.03633
126.67845153808594,158.3001766204834,124.53543,60.016132
122.6532211303711,156.79926681518555,130.5352,60.582314
121.58169555664062,156.59672737121582,131.75635,62.541836
120.12785339355469,156.3925266265869,134.555,63.415356
118.6836166381836,155.48732376098633,138.26012,64.70904
117.10111236572266,154.17339324951172,140.62227,66.264694
115.88320922851562,154.7839813232422,143.33456,66.51486
115.23480224609375,153.38372039794922,146.22247,67.75877
116.66560363769531,153.65938186645508,147.74857,68.66616
115.09886169433594,153.23462677001953,149.56134,69.48149
113.86967468261719,151.9518051147461,153.79953,70.20723
114.0814437866211,151.5995750427246,157.50111,71.96815
116.54901123046875,150.63886642456055,161.20435,72.298256
119.80299377441406,149.68279647827148,164.22186,74.064766
122.04232025146484,149.36968231201172,167.65694,73.57268
125.21981811523438,149.10521697998047,171.56226,74.57677
127.4721450805664,147.54900741577148,174.21944,75.358894
130.48888397216797,147.10474014282227,176.76268,76.110466
132.68812561035156,145.54873657226562,180.64319,76.35593
131.66502380371094,144.6037940979004,184.33899,78.9277
130.41030883789062,143.21389770507812,187.9739,79.069
129.50878143310547,142.75514221191406,190.75859,80.75659
127.13885498046875,141.6874122619629,194.86984,81.48977
123.53822326660156,140.35992431640625,197.97455,82.938385
116.72612762451172,138.51154708862305,203.40837,84.48249
113.7822494506836,137.62946319580078,206.6585,84.9637
108.78936004638672,137.74583053588867,210.6563,83.99439
100.16781616210938,138.11079025268555,215.7316,83.82465
93.2306137084961,135.39252853393555,219.41118,86.78095
84.09587860107422,133.18003845214844,224.16692,87.929565
75.51079559326172,132.62024688720703,228.7448,86.60976
67.15972900390625,131.28888702392578,234.37558,86.75496
62.80671691894531,130.08566284179688,236.1795,84.61966
56.83953857421875,128.62471389770508,241.45865,78.749016
52.634849548339844,126.25350570678711,248.53477,86.133705
55.76453399658203,123.29080963134766,248.30696,93.7242
58.16172790527344,122.74007797241211,251.34796,82.155556
59.74908447265625,125.43604278564453,255.74228,72.81123
61.33331298828125,123.89324569702148,262.55386,68.53666
65.82420349121094,121.68295288085938,268.09088,82.45627
70.30303955078125,120.2900276184082,268.20493,93.24737
75.81893920898438,118.77435684204102,270.97275,89.03054
77.1868896484375,118.8477668762207,275.83725,98.705315
81.04286193847656,117.37158584594727,276.51898,101.48861
84.96528625488281,119.10880279541016,280.9521,101.15303
89.35861206054688,116.70252990722656,284.1077,104.74158
94.27210998535156,117.17805480957031,284.97284,104.52649
99.16612243652344,115.57795333862305,286.72632,107.20649
102.78453063964844,115.5309829711914,287.59515,107.60445
106.90843200683594,113.63736343383789,290.73407,107.77145
111.82881164550781,112.65824508666992,291.786,107.513985
115.22189331054688,110.8024787902832,293.35263,109.09649
120.04728698730469,109.03152084350586,293.83484,108.161476
123.53573608398438,105.89897918701172,293.0046,110.31273
126.18836975097656,104.73785018920898,293.7353,109.692116
131.5211181640625,106.54101943969727,294.525,107.63296
133.8030548095703,105.223876953125,295.77972,109.87045
139.01779174804688,103.61328887939453,293.34903,109.8022
142.4947052001953,104.74074172973633,294.14136,109.61858
146.32106018066406,103.91171264648438,293.7708,108.57883
149.17108154296875,104.08584594726562,296.36728,107.62619
155.1207275390625,99.30814361572266,294.4382,112.850845
159.6035919189453,97.8016128540039,291.45135,114.24861
163.79568481445312,100.86790084838867,291.64932,110.71119
169.9018096923828,101.6383285522461,290.8305,107.1953
173.3502655029297,99.0059928894043,290.63678,109.74085
176.6505584716797,95.97383499145508,289.07904,112.43908
185.12901306152344,100.39921188354492,284.85718,106.67359
192.01608276367188,102.41569900512695,288.22977,102.74322
201.1901397705078,101.80068588256836,281.55127,102.30564
211.7787322998047,103.38528823852539,281.50134,100.900536
227.25303649902344,104.01546859741211,275.56787,102.52421
240.66021728515625,102.42085647583008,274.08353,102.91015
263.7210693359375,102.6679916381836,270.86618,101.8513
282.30894470214844,103.54251480102539,268.5739,100.09786
303.3587188720703,103.25959014892578,268.7658,99.63179
325.5680694580078,104.25965118408203,268.1181,98.32539
