298.0,160.0,48,80
295.8841133117676,162.4719009399414,48.6979,78.29228
296.2175636291504,165.7365951538086,48.268715,77.28627
297.7522163391113,168.70384979248047,48.766182,78.41673
298.59267807006836,172.2783660888672,48.71389,78.03427
301.016565322876,174.90923309326172,49.26132,79.338455
302.11519622802734,177.62177276611328,50.53247,79.479294
303.5153980255127,180.48479843139648,52.782207,79.72657
303.62747955322266,181.75373077392578,55.152313,80.2224
305.0249881744385,181.39674758911133,57.190365,80.83016
305.90186882019043,182.47281646728516,57.055042,80.3098
307.19857597351074,181.82059478759766,57.23888,79.84828
306.5069942474365,180.59931564331055,56.80585,83.168495
305.7063751220703,179.65196990966797,58.260788,84.2227
303.00445556640625,180.33221435546875,58.48442,85.74417
301.17609214782715,181.2940444946289,58.08933,85.94548
298.29686737060547,181.72369766235352,57.121765,84.92599
295.81367111206055,181.32305145263672,59.732353,87.726974
293.62596321105957,181.7713623046875,59.1826,88.31195
292.8803081512451,181.67250061035156,58.341114,88.84897
288.9401092529297,180.21558380126953,59.55049,88.84996
285.5785446166992,179.62327194213867,60.37259,89.27122
281.5385284423828,179.5988883972168,62.71321,90.69929
278.03614616394043,180.1898078918457,61.52306,88.966576
274.3247985839844,181.01932525634766,62.895065,88.60225
272.17105865478516,185.9178581237793,64.740265,86.29017
273.7274589538574,185.90071487426758,64.28521,87.730095
278.42263412475586,186.76455688476562,67.10107,90.07202
285.97900772094727,189.45602798461914,64.91297,88.521904
295.3704204559326,191.55560302734375,63.894733,88.51181
306.338903427124,197.5673370361328,63.527744,85.61154
316.49340057373047,202.4885711669922,60.185425,88.19174
325.2720642089844,205.65093994140625,58.46022,90.763336
330.248083114624,211.4329719543457,61.25501,94.787895
335.3661804199219,217.77167129516602,58.14821,94.51806
330.79883003234863,223.2199478149414,58.31645,94.478775
327.0950927734375,228.4061279296875,53.737717,88.13049
307.83399200439453,233.50496292114258,62.121002,82.4569
295.71811866760254,232.22937202453613,61.383663,54.42834
284.54436111450195,229.48633003234863,55.35874,57.00906
270.91649055480957,227.11396408081055,56.741985,79.29029
258.192834854126,222.74065780639648,62.796764,84.77512
246.89490699768066,216.29944229125977,63.38435,85.03689
237.16448402404785,207.3596305847168,62.82014,88.88868
230.25951957702637,200.7583770751953,62.189396,94.58392
227.28217887878418,190.8673324584961,62.595493,95.12395
226.70715522766113,183.33648300170898,63.307247,92.43485
232.10407257080078,176.17218017578125,64.048386,89.447235
242.28434944152832,171.85515594482422,61.52139,90.586075
252.85701370239258,169.87397384643555,61.01876,90.92393
263.11656188964844,171.02533721923828,71.873474,89.550735
277.59009170532227,170.21183013916016,67.8854,93.3513
289.6123046875,171.094482421875,64.854614,92.6012
304.4891242980957,172.15629196166992,60.823784,90.02778
313.94667053222656,170.30830001831055,61.94641,90.81458
328.04150009155273,170.09170532226562,59.664253,90.50183
341.58941650390625,164.72795486450195,61.79492,94.92803
354.33057594299316,165.99811935424805,61.4546,95.225655
367.33370208740234,168.35575485229492,62.744217,95.78684
380.74383544921875,170.77647399902344,65.76495,98.766205
395.12829208374023,173.0521583557129,67.21046,101.19494
406.8181953430176,176.92059707641602,68.13912,105.59011
417.2669620513916,186.26353073120117,61.632732,101.80338
422.8488826751709,195.38140869140625,60.269886,97.79831
418.72490882873535,198.36658477783203,63.687176,101.35045
407.2281723022461,201.43831253051758,68.57643,103.75408
393.25407791137695,201.84954071044922,70.8366,104.356094
379.5242500305176,205.75494766235352,65.216545,98.3847
362.05720138549805,208.39837646484375,63.57203,96.907776
345.09659576416016,208.5541000366211,67.00572,93.583084
333.953519821167,209.6034393310547,61.17139,93.2984
324.00953674316406,210.0837173461914,58.394318,88.50084
311.93334197998047,205.78210067749023,60.824203,86.027626
303.9071235656738,204.92253494262695,59.197807,78.3886
296.45767402648926,198.7496223449707,56.5184,90.89156
288.41736793518066,197.07260131835938,56.97462,87.89328
282.62986755371094,191.74322128295898,57.806793,90.628395
274.8109378814697,189.16900253295898,58.89622,87.80305
272.5553512573242,185.78237533569336,55.988785,88.64521
270.0343475341797,184.63487243652344,53.65619,88.693054
268.73038482666016,183.59472274780273,50.98915,88.08839
266.3972568511963,182.11071395874023,51.249645,88.874794
263.24037742614746,183.14136505126953,52.059223,86.66069
262.90589904785156,183.17961502075195,51.54489,87.43209
260.2645664215088,182.81281661987305,53.093975,87.69749
258.2622718811035,184.42351150512695,53.454796,85.505455
258.15019035339355,182.28228759765625,50.441807,86.08243
256.58753967285156,181.95223236083984,51.948547,86.988754
255.93213844299316,180.70351028442383,53.236828,86.32021
253.73008346557617,179.57492446899414,54.958015,87.66982
250.27644538879395,177.50194549560547,57.93121,87.84697
245.5392189025879,175.71894454956055,60.788933,87.90406
244.83802795410156,174.49092483520508,60.465973,87.32134
241.81902313232422,172.2809600830078,59.934525,88.62988
241.22244453430176,169.61599349975586,60.64224,88.99232
239.69108772277832,169.85544204711914,60.571712,88.69439
239.51004219055176,169.23308944702148,61.058193,89.711586
239.11810874938965,168.60393905639648,62.196613,89.24354
239.60764503479004,167.6751365661621,62.11308,91.1497
239.14794731140137,168.27302169799805,62.219517,90.71232
238.55584335327148,169.97073364257812,63.523964,88.437256
238.4385223388672,163.92078018188477,63.908173,95.191246
238.01078033447266,174.1720314025879,71.53819,84.70315
237.1588249206543,174.78659439086914,67.69962,83.642784
237.07318496704102,172.25245666503906,67.97933,86.32971
236.26355361938477,167.5387840270996,73.097404,92.71668
237.05510902404785,170.1780891418457,63.890606,89.755424
239.24847984313965,167.74212265014648,62.637318,92.9766
242.30522918701172,168.58017349243164,58.758224,91.73934
244.24292755126953,171.52936935424805,57.8795,90.40119
247.68295860290527,171.22730255126953,55.76653,89.97331
250.95257377624512,173.5043487548828,53.915867,88.82501
254.96691703796387,174.8755645751953,53.528873,88.83377
256.43954277038574,173.59606170654297,54.26685,90.192245
258.0206718444824,173.23221969604492,54.16105,89.542885
260.23029708862305,170.80754470825195,54.655922,91.18441
260.83958625793457,165.35154342651367,56.721676,96.28629
260.2063236236572,170.59078979492188,60.320995,89.42343
263.30309677124023,162.19677734375,59.93711,97.37753
265.77184867858887,161.8516616821289,60.339787,97.81944
267.02780532836914,159.3656997680664,60.745476,99.696365
268.76507568359375,157.7634735107422,60.818542,100.59146
268.50311851501465,154.74091720581055,61.495655,100.8343
267.62441062927246,153.13233184814453,62.22936,99.80565
267.57052421569824,149.8086929321289,63.230625,100.48418
266.3459415435791,150.66239166259766,63.884014,99.596054
268.5926208496094,148.6924705505371,60.023315,99.621254
268.54052543640137,145.89266967773438,58.244663,99.799866
268.3327102661133,144.33831405639648,57.502365,99.35621
267.3995113372803,139.10063552856445,56.893696,100.10006
266.63809394836426,134.2172508239746,57.063473,99.747505
265.7092094421387,132.4288215637207,57.83149,97.68514
265.06080055236816,131.1433334350586,58.42497,96.78435
265.73351669311523,126.46189498901367,58.693123,100.217995
266.57375144958496,125.98891830444336,58.379322,99.503
268.17981719970703,125.96120834350586,58.327835,98.54011
269.226619720459,127.93941879272461,58.028633,95.4755
271.5952320098877,125.23295211791992,57.893887,97.78748
273.87013816833496,123.60356903076172,57.05901,99.40227
276.14467430114746,124.55901336669922,57.825153,99.24388
277.7233772277832,123.82952117919922,56.48739,99.660355
278.764066696167,126.87184143066406,56.97199,96.98651
277.42509841918945,126.29924392700195,57.444664,96.87768
276.8828239440918,132.7562484741211,58.78208,88.99556
274.27868270874023,136.24390029907227,59.502083,86.11089
271.7533836364746,135.06841278076172,59.088478,88.74611
268.1115474700928,131.4316062927246,59.9023,92.3946
264.8927516937256,130.80126190185547,61.114246,94.83659
262.2776565551758,129.52745056152344,61.617813,97.065735
261.3645496368408,129.3407859802246,60.077816,99.38563
260.6011962890625,130.76439666748047,59.38324,99.91783
259.7711944580078,132.17962265014648,58.21344,102.28309
257.93931770324707,136.62643432617188,57.805264,101.7207
256.09043884277344,143.7684097290039,57.864532,96.79219
256.2278938293457,142.7372703552246,57.169426,100.50187
255.97506523132324,146.80801391601562,57.610905,99.83017
258.32041358947754,150.4726448059082,57.106487,98.25909
260.9171447753906,149.92621994018555,58.580536,101.409035
264.7982864379883,154.55425262451172,59.97612,102.055954
270.95824241638184,160.37884140014648,61.05495,102.49955
277.58830642700195,162.50142288208008,61.36419,103.91436
284.4866199493408,169.47540283203125,62.398678,101.91675
292.8958969116211,173.64466857910156,62.56172,103.00055
303.97679138183594,181.02650833129883,61.4364,98.25387
314.7586269378662,198.0978660583496,60.43172,82.64539
327.052038192749,191.55691146850586,57.740437,97.613075
337.4274711608887,204.0198097229004,58.47312,85.83474
346.19347190856934,181.67535400390625,58.750416,103.49597
351.8113498687744,171.60783004760742,59.34062,107.27882
352.98425483703613,167.16551971435547,59.401485,103.050125
351.8747978210449,162.5860939025879,59.53666,95.81191
346.019962310791,152.23101425170898,61.76272,95.89213
337.96289253234863,143.97117614746094,62.208065,94.31537
325.1666488647461,136.12156677246094,64.0515,94.150635
307.47620391845703,131.79641723632812,66.422104,95.203064
289.65826416015625,131.34968185424805,65.5249,96.15272
273.6556587219238,139.20037078857422,68.25512,92.71568
261.49497985839844,138.9040985107422,67.51227,102.88373
251.76076126098633,156.10546493530273,66.86486,96.16953
244.43445205688477,164.82293701171875,67.212364,100.59808
241.68932342529297,178.51823043823242,68.449234,99.43507
242.60980224609375,190.69085693359375,68.115295,110.458405
248.4401741027832,188.2791290283203,64.39889,111.43109
252.79220962524414,202.57205963134766,67.25594,101.69115
261.7040557861328,225.51766204833984,66.67038,82.78395
269.7400779724121,233.59577178955078,60.649788,70.70567
279.06828689575195,234.20007705688477,61.455284,68.7839
293.74162673950195,239.93241119384766,58.310753,65.45943
305.8869743347168,242.61531829833984,60.62327,40.235733
327.9257926940918,242.1810531616211,50.71528,84.11243
342.2435131072998,237.4787368774414,48.832493,86.40091
347.5315647125244,224.09304809570312,57.89021,96.34941
352.6258354187012,221.07452774047852,61.27256,90.761086
355.01505279541016,203.20326614379883,58.562515,102.051765
352.97919273376465,195.05356216430664,60.631702,100.19181
345.54845809936523,187.2693977355957,60.54789,101.86698
336.7055263519287,181.68083572387695,54.98238,101.45609
324.8470096588135,177.12858200073242,53.875896,100.503624
312.12835693359375,170.5472526550293,54.851013,100.055046
297.78024673461914,168.08777236938477,55.734764,98.25016
284.5871124267578,163.9052276611328,55.8544,102.67479
270.4008388519287,165.33147430419922,56.86867,97.87698
258.47538566589355,166.36467361450195,55.512302,95.48225
247.042724609375,164.13016510009766,54.036865,97.66177
236.5115566253662,169.0099105834961,57.364094,92.52594
228.80108070373535,171.6443328857422,55.282085,90.81117
222.38341903686523,174.0811767578125,54.62455,89.01213
215.1601276397705,176.31132125854492,55.0043,86.94817
211.79151153564453,175.09714889526367,54.32701,89.75094
207.39519500732422,178.61109924316406,54.33345,87.40456
202.36881256103516,179.51055526733398,56.53557,87.790886
203.48209381103516,180.68570709228516,55.50148,88.654205
208.51848220825195,185.75275039672852,54.709526,85.59199
215.96833992004395,185.65578079223633,52.58917,91.75953
225.6383876800537,190.27538681030273,54.28722,99.364006
236.07516288757324,186.29784774780273,58.560307,105.820244
251.5950527191162,191.6489143371582,59.52373,106.45042
261.2739067077637,197.6436996459961,65.28248,100.05234
270.5437316894531,209.67757415771484,69.0173,88.79944
288.9490489959717,208.75726318359375,62.181736,91.4037
299.35197257995605,203.69055938720703,61.1955,85.60919
308.5359363555908,187.64489364624023,56.476345,92.656425
309.3115940093994,180.37052536010742,56.299206,96.71667
302.8876647949219,176.38308715820312,61.109222,97.79237
296.2098579406738,173.46826553344727,61.930717,95.86768
287.80768966674805,170.87944412231445,64.550545,95.26069
280.1132507324219,171.7137222290039,67.23624,91.70633
275.01654052734375,169.8243179321289,69.45337,93.45911
269.9649963378906,171.0687370300293,66.43945,92.36767
266.0997886657715,170.78283309936523,68.2288,93.579216
264.4278373718262,170.50785064697266,66.44196,93.95007
266.0575180053711,171.39400482177734,66.679855,94.10507
271.0826835632324,170.48339080810547,66.24329,94.84488
277.0767250061035,173.03064727783203,65.3352,91.04135
283.04704666137695,169.5899429321289,68.83614,96.0791
289.08961486816406,170.52135848999023,67.57083,95.963036
293.38770294189453,162.7632293701172,68.8329,101.40706
298.03349685668945,164.07643508911133,67.417656,96.5962
302.43470764160156,149.18384552001953,69.72681,106.996735
303.9690361022949,152.69022750854492,67.31904,98.1903
305.2469596862793,144.53712463378906,65.07575,101.508316
304.78186798095703,136.05212783813477,65.91307,104.96577
306.6366539001465,130.2009048461914,64.81959,105.62686
305.2730827331543,132.70594787597656,67.25892,99.05205
308.4481735229492,134.1175079345703,64.222824,96.897934
309.3999900817871,134.89788818359375,62.17518,99.714066
312.42387771606445,139.68180084228516,59.17095,100.29959
313.6512813568115,144.88847732543945,59.320576,102.27296
312.1730613708496,156.5772933959961,59.94181,99.6051
309.6155204772949,165.89996719360352,59.157967,101.14558
306.5180892944336,179.58795928955078,56.794632,97.9064
303.08376693725586,199.2993049621582,57.50782,88.1348
302.4465637207031,215.74410247802734,55.430878,77.27948
302.4680233001709,231.8227081298828,51.86864,58.584488
301.49875831604004,239.37015533447266,51.963863,49.107086
300.1894779205322,249.6384792327881,49.776913,46.786488
296.21387672424316,254.47612380981445,43.40257,52.301857
267.3967742919922,266.9024829864502,50.469543,42.44395
262.6152153015137,268.69419860839844,48.17861,41.037018
270.9147472381592,271.710298538208,41.38402,40.724102
270.2567253112793,273.8446273803711,40.14715,37.210632
259.9825382232666,278.06835746765137,45.079586,32.357426
270.5759220123291,274.77185440063477,40.770794,36.18879
282.33022117614746,274.06591987609863,33.269276,33.53123
288.37185764312744,271.33477210998535,28.710798,35.314373
282.76087951660156,262.7369728088379,34.905823,50.03878
272.0984001159668,250.46658897399902,52.130928,62.94994
270.9522247314453,235.1900177001953,57.10019,76.13124
268.5804958343506,229.10564041137695,59.82726,79.92933
271.7527770996094,218.81080627441406,66.31302,86.50621
275.5721893310547,214.3476448059082,71.44791,89.10264
290.7308044433594,207.47174072265625,65.65839,92.88512
302.20301818847656,202.97591018676758,63.6456,90.212746
321.7500114440918,198.31846618652344,59.854164,91.13884
337.02178382873535,194.1323699951172,61.017193,96.97951
350.01254081726074,188.96994400024414,62.744236,100.133705
365.8196430206299,182.76149368286133,60.53909,104.49891
378.57761001586914,178.35628128051758,59.129112,106.24238
385.2410125732422,175.02665328979492,59.21454,105.7344
385.2362403869629,171.05888748168945,60.10961,103.66749
377.23098373413086,163.2638053894043,59.80509,102.48293
365.4393672943115,153.37531661987305,62.513325,102.13381
351.7169532775879,146.31922149658203,64.817406,100.64572
338.81198501586914,139.0828094482422,68.08141,97.72737
324.9242000579834,129.16620254516602,63.197407,100.76182
308.8400993347168,120.26453018188477,65.87464,104.16251
293.6458053588867,118.21518325805664,65.01909,101.58613
278.22686767578125,117.16752624511719,64.9335,100.665146
260.5136604309082,114.43409729003906,68.79836,103.076584
247.57363510131836,116.85729598999023,66.68934,102.07952
235.685546875,123.82498550415039,66.54187,98.12321
