163.0,44.0,47,164
161.88189888000488,42.56568908691406,59.1878,157.31094
162.34967041015625,38.32787322998047,63.427063,162.19652
161.26155471801758,34.91444396972656,64.130516,166.97052
159.94318389892578,33.884300231933594,65.17378,167.37526
149.82712173461914,31.416404724121094,71.04278,171.72884
151.9290008544922,30.872222900390625,64.06058,175.94116
156.67260360717773,-0.9107131958007812,63.286568,209.85423
160.32061767578125,-0.5713043212890625,52.907593,210.32434
162.52899742126465,0.06920623779296875,46.114918,210.79918
161.4558277130127,0.7985763549804688,46.272762,212.08305
158.00415229797363,-0.9401779174804688,62.393826,216.29234
152.07629013061523,0.31404876708984375,73.71018,217.779
150.88630294799805,2.88983154296875,77.53846,216.27197
157.16068649291992,6.744865417480469,76.44886,213.57106
158.2443084716797,12.2247314453125,78.692566,209.7486
156.65817642211914,19.983657836914062,82.08712,203.2468
155.3137664794922,32.17578887939453,84.247986,190.95872
157.46934127807617,31.82904052734375,81.529,191.60608
155.32692337036133,45.76435852050781,82.16015,178.8273
155.8044548034668,60.037498474121094,80.99677,165.85744
155.8759994506836,62.32362365722656,80.969864,165.14355
156.63809967041016,63.09568786621094,79.98451,160.59174
157.31797790527344,63.38780212402344,78.97449,160.48425
155.49143981933594,64.77472686767578,81.844666,157.93434
155.15322494506836,65.01346588134766,82.15531,157.09853
155.16933822631836,66.41251373291016,80.719185,156.704
152.8548927307129,68.5478286743164,82.04882,152.338
146.0241928100586,69.32072448730469,85.41875,149.8793
135.65457153320312,68.37629699707031,89.06235,148.65338
119.02399826049805,66.93781280517578,100.79148,148.70705
102.88534927368164,66.38870239257812,105.63378,145.0503
83.97683334350586,64.7494125366211,127.54252,146.58943
76.60115051269531,65.05158233642578,138.00568,144.84227
81.06657409667969,55.35698699951172,138.72424,150.2342
86.98237609863281,40.182403564453125,132.08429,162.0929
86.13996124267578,37.511260986328125,132.08241,164.29199
100.76795196533203,35.10541534423828,119.840225,165.31798
107.4268913269043,34.421119689941406,114.91688,168.0222
115.49610900878906,38.767173767089844,106.02344,163.01009
119.54228591918945,45.59961700439453,97.49712,154.63799
119.68064498901367,58.149009704589844,83.956795,140.30482
120.61428833007812,57.30781555175781,82.46585,139.72067
126.66218566894531,59.49333953857422,69.12613,138.73454
131.84129905700684,61.86762237548828,62.459034,133.38893
137.7114772796631,63.64347839355469,55.73055,135.66776
142.38912773132324,64.5250015258789,51.03684,137.81563
137.1604518890381,65.47773742675781,57.2665,154.20105
136.5384349822998,66.1265869140625,59.92191,155.19528
133.12646484375,67.81861114501953,66.01883,156.33653
130.8015251159668,69.35623168945312,70.68223,156.70291
128.7833709716797,71.91388702392578,73.79285,153.1794
128.30842971801758,74.0706787109375,73.81573,153.1062
127.62774276733398,76.16258239746094,74.11039,153.05121
126.9366569519043,76.29161071777344,74.09254,153.24994
124.83024978637695,77.57794189453125,74.21789,154.23071
121.65345764160156,79.11368560791016,75.28897,156.10707
116.6659927368164,77.16304779052734,77.72319,160.43877
112.37419128417969,77.59196472167969,78.799866,163.06952
109.40241622924805,73.42090606689453,78.36674,168.8203
104.5467414855957,70.97803497314453,77.78707,172.29344
100.00459289550781,65.734375,77.51041,174.70294
94.78572845458984,65.24378204345703,77.0493,146.11394
89.91595458984375,63.961639404296875,80.903595,150.88269
86.53789901733398,62.737823486328125,81.83259,156.44778
83.1096420288086,64.15483093261719,83.46892,170.20374
82.67927551269531,66.01780700683594,83.84543,168.96677
82.97275161743164,70.38422393798828,82.34881,162.54597
83.01781845092773,70.34810638427734,82.542274,162.82893
83.89828109741211,74.21454620361328,80.37641,158.89708
86.16667556762695,76.38322448730469,78.42205,156.05426
92.43562316894531,79.15522766113281,75.61487,142.70193
98.42623901367188,79.03622436523438,72.563446,139.12796
106.34558486938477,77.27781677246094,65.79601,136.19763
107.02291870117188,78.26273345947266,65.54083,135.5974
109.25613784790039,74.42815399169922,64.578636,136.8091
112.74364471435547,71.53990173339844,61.535477,136.31589
116.52115249633789,67.81605529785156,59.01351,135.17154
118.59634590148926,67.15682983398438,57.23321,136.14844
117.89068984985352,67.52207946777344,58.032402,133.90485
117.83286666870117,68.22677612304688,57.47962,133.92438
116.00309181213379,69.94258880615234,58.299206,134.04628
107.37013626098633,70.25569152832031,66.663414,129.34793
113.55766105651855,71.55443954467773,59.263523,123.56565
117.81208038330078,72.39540100097656,55.370865,128.7034
120.40443801879883,71.94686889648438,53.624626,129.61758
119.91306114196777,71.81528091430664,53.97365,127.9165
121.85035705566406,72.48912811279297,53.29477,128.24174
123.81150436401367,72.39815521240234,53.101967,124.61238
125.90158462524414,72.90667724609375,52.3825,121.58655
128.22425651550293,73.74800491333008,51.48438,122.135155
130.33070945739746,78.65718841552734,50.71471,120.38725
129.3573226928711,77.852294921875,51.76085,121.598236
130.23805236816406,81.6647720336914,50.666443,120.03551
129.86666297912598,85.45535659790039,50.72166,120.07842
127.60403442382812,92.83064651489258,53.509277,113.19778
124.97803115844727,95.85051345825195,58.535057,115.54861
122.95979690551758,98.34738540649414,65.87969,114.90905
120.05952453613281,100.50166320800781,74.78952,115.34772
119.19551086425781,100.87396621704102,82.509094,115.0259
118.76152420043945,100.27036666870117,89.48669,118.78187
121.61476135253906,99.09001541137695,91.352234,120.43334
121.64786148071289,99.10284423828125,92.47277,120.46188
129.24451446533203,97.32852172851562,90.22221,122.08978
137.2648048400879,95.83171844482422,85.55981,124.45882
144.99437713623047,91.04299545288086,76.658646,127.22474
154.21903610229492,87.79259490966797,64.0615,129.07487
162.61383247375488,86.64058685302734,50.515957,130.80211
163.6386947631836,85.30382537841797,44.752518,129.65034
162.52523040771484,86.37351989746094,44.395035,128.62775
161.72932815551758,86.79239654541016,41.892876,128.65218
159.40919876098633,87.9709701538086,39.037804,125.03041
148.52133178710938,90.41779708862305,54.77762,122.53855
137.37855911254883,91.5152473449707,69.9678,121.81487
126.78782272338867,93.53086853027344,82.86686,120.23285
115.25042343139648,93.60417938232422,95.1056,120.27925
120.6077766418457,91.21732330322266,89.17928,121.942154
133.99007415771484,89.506103515625,72.5508,121.74963
134.02954864501953,89.36781311035156,72.63835,122.303314
144.43036270141602,87.2381477355957,60.707176,122.89889
144.37854385375977,83.93266677856445,59.4168,123.35763
143.88453674316406,79.54662322998047,55.03418,128.69817
144.53245735168457,76.94242095947266,48.10101,132.11147
143.32884216308594,74.64275360107422,44.24121,135.65578
143.8073959350586,73.79804229736328,39.980423,136.99605
142.5860710144043,73.93793487548828,43.06501,136.87065
137.62871170043945,74.80823516845703,50.424004,139.33415
130.32661819458008,78.95153045654297,55.62838,137.67955
131.77993202209473,79.12046813964844,54.80711,139.24121
132.18271446228027,80.01875305175781,55.913868,139.57318
130.276517868042,79.66181182861328,59.27225,140.65785
131.6270866394043,79.53007507324219,56.47251,140.72736
138.34578132629395,78.93180084228516,49.68939,139.89049
143.78156661987305,79.875,46.701576,138.46347
142.6183376312256,80.5347900390625,54.71828,134.8671
141.806396484375,81.20413970947266,64.61447,133.54185
141.7430191040039,81.48568725585938,64.477066,132.0599
141.22346115112305,82.11790466308594,71.035805,130.10239
138.62215423583984,80.97332763671875,77.818924,129.98108
132.9544448852539,80.77588653564453,87.1537,129.62202
128.4903335571289,79.77240753173828,92.985,130.0059
124.0130844116211,80.28106689453125,94.1859,129.32248
117.93417739868164,78.55437469482422,90.55514,130.0031
112.74322891235352,75.25672149658203,85.698784,133.03227
107.02471542358398,73.69341278076172,78.418465,134.96605
103.48627090454102,69.5726089477539,70.16018,139.23216
102.0632266998291,67.47537994384766,61.522015,141.35759
101.08968925476074,69.84947967529297,56.11832,140.82613
99.43204879760742,67.48548126220703,54.432777,145.2213
99.10123443603516,69.35787200927734,54.01091,146.96947
99.63518333435059,71.05760192871094,53.505207,148.82733
100.59820556640625,73.84813690185547,52.11148,148.85683
101.37946128845215,75.9949951171875,51.864338,150.07654
102.26842880249023,79.85031127929688,53.026955,149.10745
102.84648513793945,83.24269104003906,56.380547,148.74185
102.67425918579102,87.6656265258789,57.71453,146.41112
103.06685638427734,90.22267150878906,64.245804,144.62347
103.14898681640625,91.69596862792969,69.3725,142.49088
104.21060180664062,92.28255462646484,68.02576,138.70903
115.81946754455566,91.56175994873047,62.632366,136.64421
119.7664852142334,90.22454071044922,60.354084,134.86284
130.44704246520996,88.32999420166016,58.72463,131.55043
131.5046215057373,85.5282974243164,57.568607,132.61314
131.5796127319336,82.37609100341797,58.816605,134.45497
127.85172080993652,80.09455871582031,61.276142,134.07376
118.06645965576172,79.44519805908203,67.42912,132.82048
107.74386215209961,80.20584106445312,77.304085,131.25562
109.41792678833008,79.9610595703125,69.958275,130.95264
110.25419235229492,80.35719299316406,68.78135,130.24167
108.23506546020508,81.11523056030273,66.25201,126.992165
103.54297637939453,82.84686279296875,64.53432,124.84323
100.01250076293945,84.65531158447266,65.507774,122.15599
110.24354362487793,86.82276916503906,53.214848,116.78775
103.53934669494629,91.5244369506836,53.400036,117.37004
105.93839073181152,91.03543472290039,53.099995,117.53002
98.43548011779785,92.5970458984375,58.397808,117.60443
92.78736114501953,93.8863525390625,64.30476,117.412476
91.45708847045898,94.35888671875,65.25794,116.0618
95.79874992370605,93.59033584594727,63.034092,118.5548
106.1668758392334,90.25888061523438,55.56209,123.13052
101.39201354980469,90.67795944213867,59.296783,124.01545
93.33636093139648,88.73684692382812,64.198586,125.21008
91.7865104675293,85.00747680664062,64.90101,127.799286
94.57598876953125,71.23819732666016,64.74194,143.03658
98.19437026977539,64.68224334716797,66.80215,148.36687
95.7871208190918,63.709693908691406,64.21726,149.07954
93.97784423828125,64.01020050048828,66.92911,149.07545
94.35894012451172,61.07041931152344,64.76198,144.02301
91.1071605682373,60.01908874511719,61.152378,146.43982
84.38615417480469,59.40061950683594,66.97012,149.53113
77.54989242553711,58.04827117919922,85.24677,148.39177
69.24138259887695,57.055816650390625,77.78457,149.09863
59.77621841430664,57.558990478515625,74.19164,147.37952
61.812564849853516,67.32550048828125,72.02828,136.19067
50.387638092041016,71.3294448852539,81.13845,131.29482
47.15689468383789,71.9381103515625,75.90084,130.58368
46.66123962402344,75.35174179077148,72.164276,125.90534
64.85173034667969,74.89378356933594,63.15045,122.93332
70.5291805267334,76.56908416748047,60.426014,121.39296
63.36293411254883,78.30982971191406,70.03335,118.92688
58.29098129272461,80.36198425292969,77.34901,116.97104
59.592071533203125,80.52969741821289,76.20993,116.56844
50.645694732666016,82.51650619506836,85.48858,115.04511
53.85017013549805,81.93285751342773,85.561134,114.52607
53.969886779785156,80.13018798828125,85.64925,116.77246
56.519901275634766,79.6812973022461,81.68728,115.3593
60.042205810546875,76.137451171875,79.423676,119.18939
64.49907302856445,81.96318817138672,84.77563,113.645676
65.43981170654297,81.01466369628906,80.39522,115.33789
70.50406646728516,76.59314727783203,89.68474,120.27446
74.89243698120117,70.38423156738281,89.77412,126.3519
83.90996170043945,67.59131622314453,86.778404,129.00414
86.1662483215332,66.79885864257812,92.86184,130.33618
82.91747665405273,66.26566314697266,100.813576,133.34114
83.52142333984375,59.763511657714844,100.57855,141.95918
80.07128143310547,59.02056884765625,106.970566,144.46332
79.31332778930664,60.81573486328125,112.289085,144.61014
76.36796569824219,44.924285888671875,114.99536,160.90588
77.71632766723633,56.95170593261719,113.194695,149.67984
68.67527389526367,61.78107452392578,126.25532,147.5695
70.2066650390625,64.61962890625,130.21146,142.94952
61.40699005126953,65.37811279296875,132.48976,143.182
57.794334411621094,60.806968688964844,141.17986,152.38765
52.15123748779297,47.33854675292969,144.20354,165.65842
52.193824768066406,64.6698989868164,143.6656,150.34001
47.076087951660156,65.51874542236328,149.59926,150.20744
44.413360595703125,64.75091552734375,154.0792,150.3316
46.72113800048828,68.4107666015625,159.80074,147.38013
46.73081970214844,73.8382568359375,162.3623,141.99615
54.38545227050781,68.63306427001953,160.97272,146.2559
54.99182891845703,70.61148071289062,160.27065,143.90942
57.80870056152344,73.00530242919922,162.95123,141.07307
58.467193603515625,75.0368881225586,171.7786,137.99672
62.658538818359375,74.96463775634766,163.66531,137.80956
65.5580825805664,75.38591003417969,162.68031,136.60306
64.61430358886719,75.94779968261719,163.3938,136.74039
64.44947814941406,76.88164520263672,164.19574,136.39973
65.2217788696289,75.27373504638672,162.28047,139.6249
63.72288513183594,73.59581756591797,162.67029,141.94887
63.385765075683594,78.87411499023438,161.03362,137.67987
64.93280792236328,78.25003814697266,146.19093,139.96086
67.04883575439453,74.37593841552734,139.50417,144.06044
69.40019989013672,61.70043182373047,146.31071,157.16896
70.99382781982422,55.53502655029297,145.63432,162.47426
113.54383087158203,20.689430236816406,101.123856,198.35362
75.29210662841797,54.990394592285156,131.60564,162.96184
115.85686492919922,56.97608184814453,89.55058,161.76854
110.88211059570312,56.84584045410156,93.52374,163.499
124.5174789428711,60.75376892089844,95.71919,158.98398
111.92819213867188,63.58079528808594,104.85547,157.41403
86.01634979248047,64.17973327636719,128.20195,156.51016
85.97826766967773,64.732421875,116.852516,155.96729
86.55339050292969,64.64458465576172,116.48035,158.3481
79.46625518798828,64.8968276977539,123.36336,157.07646
80.69196319580078,65.68443298339844,119.23103,153.25577
80.27614974975586,66.36890411376953,119.23881,149.65422
107.4564323425293,66.02577209472656,91.92158,146.56943
106.94438934326172,64.71595001220703,88.83601,145.66707
109.0614013671875,66.5372543334961,87.90097,139.8694
121.9992561340332,68.098388671875,83.022026,135.7475
127.1956558227539,68.26356506347656,85.21541,132.43097
130.9748420715332,69.85771942138672,87.978264,129.88158
134.1740608215332,68.85223388671875,93.27877,130.56699
134.91646575927734,68.2492904663086,98.15877,131.05284
135.2786979675293,65.66587829589844,93.49302,132.34927
131.07327270507812,63.39680480957031,105.043396,137.04001
124.40035629272461,60.767127990722656,102.518196,139.201
122.10866928100586,60.704193115234375,107.72349,140.04831
123.9853515625,60.09175109863281,101.55698,139.44077
116.24185180664062,59.07765197753906,106.70297,141.72955
105.69744110107422,55.59211730957031,109.45827,143.91177
95.07761764526367,52.38513946533203,109.59446,147.9052
84.81058502197266,54.460304260253906,93.663345,148.79869
75.2402229309082,54.97187042236328,86.30837,150.66615
77.44411849975586,54.71953582763672,84.76325,151.32762
76.30036544799805,54.098060607910156,78.82343,153.08598
70.08828353881836,55.66096496582031,80.962105,154.35117
75.88196563720703,57.44878387451172,75.097916,158.34389
73.11268997192383,58.20631408691406,81.39745,159.90283
74.13607025146484,58.149993896484375,85.51872,158.8092
79.70956039428711,54.55101013183594,82.64976,165.9245
86.92339324951172,47.63459777832031,83.077194,176.81866
89.21256256103516,51.78459930419922,92.07814,177.00896
104.60765838623047,53.77436065673828,91.09825,179.28401
114.83762741088867,51.00672149658203,94.85938,181.86409
113.05140686035156,47.452232360839844,100.952576,187.66582
104.3050308227539,44.758811950683594,109.23518,189.476
107.47534942626953,46.577369689941406,111.952225,185.02486
105.05384063720703,44.650299072265625,122.39699,188.19266
95.0664291381836,39.771873474121094,143.73332,191.96666
80.7024154663086,32.269073486328125,162.8845,198.30423
75.68118286132812,29.473793029785156,168.05093,199.55635
78.70999145507812,27.21527099609375,164.00491,199.9578
74.1869888305664,25.49486541748047,172.27821,202.7407
75.57621002197266,28.99566650390625,170.47322,198.46103
85.98767852783203,44.31572723388672,154.55623,183.82121
94.0116958618164,48.127532958984375,143.22334,179.60977
98.73579406738281,51.493858337402344,133.74927,179.93755
103.22642135620117,52.326026916503906,121.66572,179.2972
106.1673812866211,53.562767028808594,111.114426,179.30235
107.22483825683594,53.625282287597656,102.48773,179.68788
118.34469604492188,55.39759826660156,83.05881,179.3783
105.08123397827148,58.45586395263672,86.6175,180.01854
127.02853775024414,59.0838623046875,70.02166,179.25772
126.96075820922852,59.532257080078125,70.94161,179.91693
128.8461208343506,60.19031524658203,55.674915,178.64632
108.61362075805664,58.59025573730469,73.61376,179.6388
126.29969215393066,57.51567840576172,56.684185,178.49983
119.34611701965332,55.50603485107422,62.975887,179.66103
118.60353469848633,50.7242431640625,78.10577,182.67813
116.40654754638672,49.84358215332031,80.74046,184.22485
119.9290542602539,47.5819091796875,82.04445,185.00656
122.46052932739258,46.73838806152344,88.31408,184.39716
123.8138656616211,47.414344787597656,79.688095,184.33852
124.83975982666016,47.091453552246094,79.186966,185.19127
123.82723999023438,47.56996154785156,78.97476,185.05908
119.72711944580078,47.156402587890625,77.55391,185.64395
119.5344467163086,48.58031463623047,72.0457,184.7556
119.60400390625,48.22607421875,70.76172,184.01547
120.46216583251953,48.774017333984375,66.69081,185.82791
120.62489700317383,50.062156677246094,62.65905,184.8763
122.30878448486328,50.22400665283203,58.444473,186.26357
124.20035552978516,52.829246520996094,55.872818,188.07646
125.14973449707031,54.71106719970703,55.236816,188.1746
125.56281089782715,54.02142333984375,55.219593,187.49792
126.50877571105957,57.19867706298828,59.59918,187.41725
129.0572052001953,61.139259338378906,59.84906,184.52766
133.3076992034912,64.29742431640625,60.960133,182.44263
134.00892639160156,64.22071075439453,61.903595,183.78172
134.64525413513184,65.91996002197266,60.710682,182.05626
133.19701385498047,66.08980560302734,56.963303,182.03517
133.21999740600586,64.52896118164062,54.83683,180.4379
130.3368854522705,61.736656188964844,52.020535,181.71736
124.5030574798584,58.78163146972656,51.843983,183.23788
118.69233322143555,55.703956604003906,51.72294,183.15282
112.26416015625,51.52497863769531,52.77231,183.5889
112.83036994934082,52.70647430419922,51.819363,182.12251
109.35695457458496,49.210845947265625,50.01711,181.90958
106.25117874145508,45.848388671875,48.496544,180.89157
102.71222686767578,44.21759033203125,50.592697,179.02008
97.65853309631348,42.24165344238281,53.014812,178.61456
91.20857810974121,41.684783935546875,62.839893,178.54846
84.57393264770508,42.891258239746094,73.41134,176.1219
80.77225494384766,43.014686584472656,81.59029,175.53212
77.3367691040039,43.31269073486328,87.547745,173.81636
75.6349105834961,43.673744201660156,92.73802,170.05818
75.28775405883789,43.88661193847656,95.62582,169.07263
72.4351806640625,44.37970733642578,99.11685,168.24019
71.55597305297852,46.489158630371094,100.422935,165.20604
68.79386520385742,46.989723205566406,101.32807,164.25777
67.51197052001953,46.828208923339844,102.910355,163.54308
66.2166862487793,45.94841003417969,102.254036,164.03455
66.0221061706543,49.803077697753906,101.320625,160.2643
66.2354507446289,47.08885192871094,101.80379,162.52051
67.72136688232422,52.45307922363281,100.10887,157.28125
71.29509735107422,54.12507629394531,98.68083,155.01703
74.6910285949707,57.906402587890625,96.37066,152.68002
79.5415267944336,59.12361145019531,93.54765,151.776
83.80854415893555,57.38658142089844,90.77262,153.82812
93.03142166137695,58.98712158203125,85.29778,153.02518
96.67730331420898,63.52978515625,82.85499,148.82333
100.11266708374023,63.70606231689453,81.84144,148.998
103.48588943481445,62.34516906738281,81.64916,151.56015
105.07978439331055,66.42723083496094,81.66749,147.44052
107.42724609375,64.34305572509766,82.21112,149.40993
108.24077606201172,66.69002532958984,83.67491,148.45244
108.82912826538086,67.61861419677734,86.21659,147.93495
108.55905151367188,69.63758850097656,90.23419,145.44846
107.5590705871582,69.7292251586914,90.549706,146.5897
107.44681167602539,67.7463150024414,94.426384,147.8604
105.71427536010742,67.96761322021484,98.980965,148.93675
104.25657272338867,67.96630096435547,103.64359,149.2473
103.01324081420898,64.84056854248047,108.5214,152.04933
145.59655380249023,98.803466796875,39.51786,125.789795
138.77043533325195,99.11376190185547,43.069603,127.76622
134.84249877929688,98.91093444824219,40.303894,127.56207
124.53091812133789,98.61590194702148,42.510063,127.09858
121.98081398010254,97.81832885742188,43.858593,128.45322
119.40758514404297,99.08565521240234,48.764145,128.70415
121.08586502075195,104.90570831298828,51.390984,122.81401
118.78326797485352,107.68624496459961,56.97219,119.8126
115.96501541137695,109.93213653564453,65.397575,116.96147
113.39243698120117,112.50204849243164,72.38682,114.33016
109.80290222167969,114.08937454223633,80.247925,114.92513
108.87216186523438,115.97640991210938,85.54227,113.43771
108.11777877807617,115.9669303894043,85.37418,114.75294
109.91047668457031,115.6069450378418,86.145935,114.17545
109.58365249633789,115.34257888793945,88.82952,115.76464
107.39877319335938,114.49182510375977,96.21692,116.20202
101.52122497558594,113.1219596862793,106.10086,117.21375
102.40718841552734,111.41377639770508,109.34602,118.11794
106.50662612915039,112.68169784545898,104.299095,116.85447
130.90545654296875,104.58632278442383,85.23065,124.23153
123.07487487792969,102.1503677368164,97.18054,127.79201
121.69915008544922,100.64427947998047,110.3206,129.42387
149.00732040405273,95.22716522216797,85.45823,133.82933
140.59938049316406,91.16756439208984,91.449005,137.77983
152.0270652770996,91.83032989501953,79.04163,134.49416
167.8648796081543,89.81607818603516,64.00623,105.228806
186.41812705993652,90.81105041503906,44.54775,107.86325
188.41921043395996,95.74724197387695,42.617054,114.298485
187.57557106018066,97.08834838867188,56.365826,119.81799
188.16473960876465,99.01195526123047,62.653217,128.8326
187.9902458190918,97.19147491455078,62.995003,129.52351
189.415283203125,102.06472778320312,63.40152,128.66727
191.59544372558594,105.626953125,59.34549,124.4982
194.01387786865234,108.69844436645508,64.01271,121.374535
183.79608917236328,112.41096496582031,82.99107,116.614685
164.56850051879883,114.29721069335938,116.461266,114.262665
177.82061767578125,114.7301139831543,98.40097,114.05253
173.90755081176758,115.37771987915039,114.593285,108.45733
188.99755477905273,113.9197769165039,105.03324,110.57393
208.23566055297852,110.50030517578125,84.14117,116.315155
190.03052139282227,107.03038787841797,91.88332,119.15019
190.32259368896484,101.77041244506836,80.8105,123.96824
204.26036071777344,91.20438385009766,60.178925,129.49391
211.71091079711914,78.3494644165039,43.250633,141.6155
212.26321983337402,82.427001953125,43.89107,136.80762
202.35998916625977,74.51194763183594,52.923576,130.60532
192.76194763183594,65.92350769042969,57.88794,135.58969
188.1853542327881,62.413780212402344,63.841206,133.12389
187.58325576782227,55.4150505065918,51.80404,125.21613
198.2370491027832,52.19652557373047,40.89147,128.76115
196.95417404174805,53.60852813720703,42.75727,127.03999
195.25841903686523,44.1016845703125,46.09986,135.26974
182.22371292114258,48.846275329589844,57.73754,133.31929
194.07621383666992,49.40953063964844,46.977333,129.37051
190.6949863433838,29.553924560546875,52.86247,153.46634
187.9512825012207,53.296226501464844,49.853172,128.87468
175.40134048461914,57.050750732421875,61.39147,130.59796
181.32625198364258,62.78056335449219,53.990532,130.11569
174.44244766235352,68.0550308227539,58.454124,127.19847
175.2314853668213,77.97211837768555,55.878643,125.75031
159.56896591186523,87.28299331665039,65.194496,122.215935
164.68353652954102,95.25059127807617,64.07281,114.2252
